150 300
1.0 1.0 1.0 1.0 1.0 1.0 1.0 1.0 1.0 1.0 1.0 1.0 1.0 1.0 1.0 1.0 1.0 1.0 1.0 1.0 1.0 1.0 1.0 1.0 1.0 1.0 1.0 1.0 1.0 1.0 1.0 1.0 1.0 1.0 1.0 1.0 1.0 1.0 1.0 1.0 1.0 1.0 1.0 1.0 1.0 1.0 1.0 1.0 1.0 1.0 1.0 1.0 1.0 1.0 1.0 1.0 1.0 1.0 1.0 1.0 1.0 1.0 1.0 1.0 1.0 1.0 1.0 1.0 1.0 1.0 1.0 1.0 1.0 1.0 1.0 1.0 1.0 1.0 1.0 1.0 1.0 1.0 1.0 1.0 1.0 1.0 1.0 1.0 1.0 1.0 1.0 1.0 1.0 1.0 1.0 1.0 1.0 1.0 1.0 1.0 1.0 1.0 1.0 1.0 1.0 1.0 1.0 1.0 1.0 1.0 1.0 1.0 1.0 1.0 1.0 1.0 1.0 1.0 1.0 1.0 1.0 1.0 1.0 1.0 1.0 1.0 1.0 1.0 1.0 1.0 1.0 1.0 1.0 1.0 1.0 1.0 1.0 1.0 1.0 1.0 1.0 1.0 1.0 1.0 1.0 1.0 1.0 1.0 1.0 1.0 1.0 1.0 1.0 1.0 1.0 1.0 1.0 1.0 1.0 1.0 1.0 1.0 1.0 1.0 1.0 1.0 1.0 1.0 1.0 1.0 1.0 1.0 1.0 1.0 1.0 1.0 1.0 1.0 1.0 1.0 1.0 1.0 1.0 1.0 1.0 1.0 1.0 1.0 1.0 1.0 1.0 1.0 1.0 1.0 1.0 1.0 1.0 1.0 1.0 1.0 1.0 1.0 1.0 1.0 1.0 1.0 1.0 1.0 1.0 1.0 1.0 1.0 1.0 1.0 1.0 1.0 1.0 1.0 1.0 1.0 1.0 1.0 1.0 1.0 1.0 1.0 1.0 1.0 1.0 1.0 1.0 1.0 1.0 1.0 1.0 1.0 1.0 1.0 1.0 1.0 1.0 1.0 1.0 1.0 1.0 1.0 1.0 1.0 1.0 1.0 1.0 1.0 1.0 1.0 1.0 1.0 1.0 1.0 1.0 1.0 1.0 1.0 1.0 1.0 1.0 1.0 1.0 1.0 1.0 1.0 1.0 1.0 1.0 1.0 1.0 1.0 1.0 1.0 1.0 1.0 1.0 1.0 1.0 1.0 1.0 1.0 1.0 1.0 1.0 1.0 1.0 1.0 1.0 1.0 1.0 1.0 1.0 1.0 1.0 1.0
12
2 50 67 103 120 167 168 202 220 246 279 284
14
52 55 89 110 152 162 165 199 206 223 285 286 290 297
20
22 58 65 89 95 104 111 119 136 141 146 180 184 185 204 227 231 241 273 296
18
7 21 31 32 58 62 74 94 102 132 147 160 184 204 212 259 261 273
18
4 6 52 53 140 152 174 219 228 235 237 244 246 255 258 269 283 284
19
15 28 48 72 109 110 114 120 135 136 139 148 186 220 223 247 248 252 283
14
31 42 44 57 103 120 130 138 188 224 232 248 280 289
14
18 26 68 97 116 187 188 194 213 242 261 269 284 293
15
7 12 15 16 43 46 55 128 133 140 161 174 217 236 298
22
8 39 42 56 81 93 94 99 101 130 134 183 198 214 224 228 233 238 239 260 298 300
11
60 81 131 148 149 176 204 268 278 281 300
18
4 28 41 44 63 67 77 78 91 101 120 133 142 217 261 265 285 291
16
17 18 28 46 101 113 179 187 191 198 199 235 246 247 256 298
12
63 75 97 126 136 142 150 224 238 253 264 287
10
19 41 44 53 74 86 103 116 142 191
18
31 60 64 79 100 104 108 127 140 142 144 171 177 186 190 195 249 285
12
26 43 62 85 145 150 183 187 209 243 259 281
21
64 122 132 140 153 156 166 173 180 193 200 203 207 226 250 252 260 261 266 274 299
12
1 34 125 162 177 191 216 233 240 252 255 259
9
18 65 75 130 176 237 256 270 283
17
16 28 126 131 140 142 155 167 176 178 184 187 201 281 290 296 300
17
3 56 75 86 87 115 126 130 135 136 150 192 205 208 227 267 295
18
30 40 49 53 69 70 81 94 169 175 195 215 247 265 271 287 289 292
18
25 34 35 62 82 90 96 99 105 133 154 184 205 211 218 240 253 264
18
4 19 24 56 76 81 88 93 126 145 150 170 218 222 234 246 272 284
15
13 18 20 25 26 35 64 119 176 208 209 274 280 281 290
12
6 18 77 92 110 139 157 179 182 190 207 269
14
18 29 34 48 57 81 83 94 114 153 156 164 242 272
9
22 26 27 120 197 232 259 275 295
17
21 41 65 75 92 99 113 120 133 145 155 176 202 246 259 282 285
20
2 7 55 66 73 95 111 112 126 129 147 164 171 223 224 241 256 258 291 299
15
18 25 45 52 63 133 136 153 154 170 227 245 279 280 300
17
25 30 42 44 54 58 73 90 158 181 183 196 206 224 230 248 286
15
60 61 64 77 80 86 99 112 129 164 169 203 225 259 272
11
2 20 31 124 192 213 256 275 284 290 298
16
3 19 40 65 89 102 138 169 177 182 212 238 239 244 264 282
24
1 7 21 54 99 104 112 114 145 147 168 179 183 194 209 216 241 245 258 265 266 275 284 294
15
6 10 47 82 103 133 136 139 142 151 196 209 244 283 297
15
9 36 58 72 95 103 108 124 143 171 182 196 197 244 246
17
37 64 70 98 120 133 143 144 178 194 195 203 235 259 272 297 298
11
27 67 71 92 93 149 177 180 234 261 293
17
1 7 16 29 33 69 71 81 86 115 129 148 159 181 243 254 268
15
23 25 52 58 73 106 110 131 140 149 166 187 237 279 289
15
58 65 66 93 111 138 144 159 164 179 189 225 233 234 275
8
6 40 194 220 246 251 263 268
18
10 18 49 51 59 89 94 110 130 139 155 157 169 241 256 266 286 296
14
6 19 44 72 92 102 133 134 177 201 202 213 220 297
13
19 20 37 40 62 68 87 128 176 190 220 266 271
13
8 9 11 55 87 99 136 178 179 180 202 222 294
17
4 10 15 55 102 113 135 144 176 177 193 206 219 236 279 283 299
14
9 12 15 37 58 61 106 117 121 144 156 213 257 291
15
7 41 65 84 93 103 133 167 185 192 200 215 244 295 297
12
1 8 32 52 62 111 112 147 170 176 212 265
14
11 28 49 71 78 115 141 161 171 185 203 255 263 280
14
3 4 22 25 91 103 121 165 183 208 226 234 255 289
15
32 54 76 82 102 113 126 170 179 185 192 202 209 212 278
15
17 66 70 89 115 118 155 192 194 201 215 229 259 267 289
11
4 38 105 112 114 164 184 232 258 281 290
22
2 7 42 51 60 72 75 86 167 169 172 174 208 214 219 227 235 242 257 263 266 273
14
90 99 102 120 151 165 169 195 197 217 227 270 281 282
17
8 34 44 51 54 84 88 145 165 188 194 201 234 235 237 255 276
13
3 48 67 90 92 187 188 231 264 266 278 294 300
15
17 20 29 34 53 56 61 74 79 81 142 148 187 282 291
16
10 14 38 66 82 84 107 147 156 157 162 193 215 242 278 289
14
27 66 78 82 93 94 109 140 170 192 198 243 291 294
13
8 9 25 69 90 118 128 163 168 266 274 281 300
9
2 27 51 64 65 151 227 246 290
12
38 49 56 70 144 171 195 213 268 283 297 298
15
3 19 27 32 70 139 144 162 173 174 217 223 229 255 270
18
5 28 71 114 140 149 166 192 200 215 216 229 232 245 274 277 282 283
19
32 64 84 90 95 106 123 139 146 189 219 228 231 241 242 268 275 277 281
13
36 48 60 64 104 116 139 144 145 156 178 204 250
14
39 67 80 106 119 123 157 163 182 198 201 248 263 282
17
13 82 83 104 108 161 171 183 184 189 198 203 229 248 274 282 288
17
3 25 43 47 60 65 108 193 214 217 231 238 255 273 277 288 291
13
2 6 45 84 110 120 127 158 180 182 195 216 287
12
16 40 41 50 82 126 137 186 196 206 285 290
15
7 18 20 34 56 86 110 120 173 199 201 226 230 249 259
13
8 17 36 59 77 104 125 161 183 187 284 291 292
20
3 14 24 50 58 62 69 73 112 160 174 177 186 222 260 271 274 290 291 299
17
16 25 34 76 122 149 156 169 193 195 213 223 225 250 254 269 299
12
10 22 43 50 74 124 165 181 198 251 252 291
14
1 48 84 128 134 154 175 176 224 229 255 256 280 291
16
36 79 81 103 124 156 168 186 191 193 206 236 242 278 287 298
10
4 5 18 34 92 171 175 176 189 196
17
3 26 78 93 100 123 153 156 160 181 192 196 232 240 251 263 266
11
15 60 95 97 109 157 194 240 247 249 282
17
38 46 61 66 71 88 90 95 108 138 141 154 223 251 255 273 274
20
18 29 35 45 46 87 95 156 160 168 171 189 234 244 252 261 265 270 281 299
11
6 27 86 109 139 182 248 250 273 278 280
15
13 15 36 84 101 104 164 193 195 221 249 250 253 262 279
10
17 27 32 55 152 158 201 247 269 270
11
30 34 45 63 151 163 177 204 205 207 212
13
78 80 119 135 140 146 175 201 209 218 233 263 271
17
5 16 18 34 87 122 149 165 202 212 226 256 259 269 271 279 285
12
17 50 89 105 180 203 204 206 233 236 258 291
18
27 35 44 68 82 88 137 149 153 175 197 198 204 275 280 287 298 299
10
31 38 85 122 151 161 202 229 232 254
17
2 25 26 32 56 90 131 135 145 163 184 223 245 259 266 268 271
13
16 32 40 50 57 94 128 167 180 193 269 271 273
14
31 32 33 55 103 106 126 140 155 159 164 172 198 226
21
1 4 7 11 38 40 49 63 70 103 125 137 176 177 184 215 227 265 266 284 297
14
17 48 60 67 72 82 98 130 175 206 235 236 254 277
12
19 41 60 110 127 143 147 248 257 276 282 297
17
10 18 37 39 75 80 104 115 116 161 165 199 204 216 236 244 262
15
15 39 72 75 78 93 100 131 216 240 255 258 262 285 299
12
7 12 38 58 67 79 130 163 178 227 259 270
15
54 56 100 105 118 125 133 151 158 166 202 222 228 256 273
14
7 50 79 170 202 238 257 264 271 272 277 285 286 295
15
9 14 35 40 51 63 65 67 76 92 130 146 195 202 220
18
29 45 46 66 77 89 97 112 159 215 238 241 246 264 270 277 278 282
15
7 52 67 98 106 154 188 190 219 234 244 266 277 284 297
21
24 34 43 96 102 113 137 143 151 169 173 175 184 191 212 224 225 226 229 250 254
22
1 12 19 33 37 39 84 115 118 122 131 146 176 186 220 227 244 258 260 265 273 290
16
1 53 67 75 110 157 185 188 203 206 222 231 272 280 284 300
14
8 39 121 132 145 199 214 217 221 237 241 251 270 278
20
21 24 69 100 106 113 115 120 129 135 170 177 186 215 219 239 246 267 279 297
13
9 23 40 47 54 114 155 157 161 204 210 252 272
7
22 84 95 100 108 216 249
11
1 10 75 100 106 143 144 156 158 188 242
12
23 72 84 95 116 129 133 140 244 261 278 286
12
85 91 102 146 159 164 171 221 249 269 275 278
15
10 25 40 90 105 110 171 212 219 228 236 242 282 294 299
10
6 52 87 98 121 210 215 257 261 298
13
3 67 102 113 120 169 200 209 217 233 237 256 300
14
1 89 90 93 126 135 176 186 203 234 241 250 274 292
15
15 22 29 30 31 32 88 156 171 177 184 209 211 250 270
14
9 40 49 58 112 115 117 168 204 229 231 240 252 283
15
118 142 150 158 159 178 181 184 216 250 254 256 261 270 285
24
4 9 28 38 47 58 60 89 95 97 108 109 125 127 128 141 142 161 199 204 213 232 245 291
20
1 4 24 32 35 42 92 93 105 106 110 113 119 124 154 156 184 193 227 290
13
24 53 83 97 101 115 142 167 199 203 229 266 297
17
42 44 58 68 75 107 115 128 166 183 199 212 222 226 234 255 280
19
13 23 25 26 34 40 66 117 123 139 162 167 196 240 252 254 279 284 288
14
10 21 23 32 96 110 138 160 164 187 234 237 275 282
5
1 22 244 252 257
15
24 25 30 32 57 73 79 124 126 189 195 214 234 266 295
17
1 3 46 77 91 118 135 158 165 185 191 192 227 236 274 278 296
13
2 24 56 70 102 137 174 185 220 222 226 235 259
18
12 30 40 46 47 51 62 74 85 106 111 126 135 182 195 199 206 245
8
10 57 60 77 81 139 202 216
15
2 31 38 45 61 93 131 147 151 222 226 247 264 265 267
18
21 36 39 45 76 90 95 116 125 160 185 207 220 227 244 262 268 269
9
12 114 127 151 153 248 254 272 276
19
15 56 64 75 105 106 126 146 148 163 165 167 258 263 268 271 278 296 298
9
9 14 126 129 138 156 197 253 255
17
12 41 61 87 96 99 101 171 191 228 241 254 268 276 283 295 300
9
1 3 26 35 56 99 142 284 289
18
5 37 40 76 93 101 141 160 166 172 185 201 213 236 246 258 264 288
12
3 19 163 196 201 207 249 255 256 290 294 298
