50 100
1.0 1.0 1.0 1.0 1.0 1.0 1.0 1.0 1.0 1.0 1.0 1.0 1.0 1.0 1.0 1.0 1.0 1.0 1.0 1.0 1.0 1.0 1.0 1.0 1.0 1.0 1.0 1.0 1.0 1.0 1.0 1.0 1.0 1.0 1.0 1.0 1.0 1.0 1.0 1.0 1.0 1.0 1.0 1.0 1.0 1.0 1.0 1.0 1.0 1.0 1.0 1.0 1.0 1.0 1.0 1.0 1.0 1.0 1.0 1.0 1.0 1.0 1.0 1.0 1.0 1.0 1.0 1.0 1.0 1.0 1.0 1.0 1.0 1.0 1.0 1.0 1.0 1.0 1.0 1.0 1.0 1.0 1.0 1.0 1.0 1.0 1.0 1.0 1.0 1.0 1.0 1.0 1.0 1.0 1.0 1.0 1.0 1.0 1.0 1.0
7
25 46 63 65 69 74 77
9
7 10 15 23 47 48 53 60 93
11
11 12 16 28 32 34 37 73 87 95 99
15
3 9 18 21 23 28 36 37 45 51 62 71 72 79 96
8
1 8 19 28 46 73 76 84
12
3 23 42 50 55 57 63 74 80 86 94 96
18
13 14 16 18 24 28 36 45 48 55 56 58 69 76 81 84 95 97
10
2 22 31 34 37 61 68 69 73 85
11
13 15 22 28 30 42 44 61 63 76 82
12
1 11 14 15 20 53 62 63 66 76 91 92
13
14 33 49 52 53 55 70 73 74 86 89 95 100
8
1 4 7 17 27 32 77 78
5
41 55 64 83 100
9
9 22 45 52 59 60 74 77 90
15
2 7 22 30 37 40 41 42 45 51 54 61 81 87 89
11
25 28 29 41 47 52 53 75 78 86 91
5
6 31 32 64 89
8
38 46 58 63 75 78 85 98
16
2 31 48 56 68 69 70 73 74 76 78 79 82 87 94 97
12
12 16 18 27 33 47 51 52 61 64 69 77
9
6 7 11 22 37 50 69 77 95
10
51 62 64 66 70 85 88 93 94 100
17
1 16 19 20 33 35 36 40 52 59 62 73 79 83 85 87 91
7
7 15 34 58 70 78 90
8
10 17 22 33 67 76 96 100
10
3 14 20 40 47 48 52 62 65 86
9
3 10 14 29 58 67 75 93 94
9
6 7 19 25 35 45 76 77 93
11
1 12 30 41 50 59 75 86 91 96 98
4
17 31 35 79
7
2 8 21 25 67 71 99
9
5 20 24 35 39 47 63 88 91
5
9 37 38 54 97
6
18 27 30 43 69 91
8
1 27 28 45 48 73 82 96
13
3 7 12 15 17 22 34 36 43 74 81 82 97
12
7 20 26 32 35 50 63 69 80 81 84 98
8
3 10 14 15 49 74 96 100
12
6 12 20 33 39 43 62 73 82 84 87 95
7
2 12 15 22 43 44 97
10
4 18 39 43 45 53 54 58 64 81
14
3 7 11 32 37 44 53 54 58 65 69 71 94 96
11
3 8 18 24 29 44 49 66 72 73 79
6
4 10 34 49 50 74
7
1 18 55 66 84 89 96
9
1 16 31 34 41 75 79 82 86
8
26 29 43 60 66 80 81 99
8
5 12 58 64 71 82 85 100
6
13 30 43 66 80 81
6
8 40 51 56 64 98
