50 100
1.0 1.0 1.0 1.0 1.0 1.0 1.0 1.0 1.0 1.0 1.0 1.0 1.0 1.0 1.0 1.0 1.0 1.0 1.0 1.0 1.0 1.0 1.0 1.0 1.0 1.0 1.0 1.0 1.0 1.0 1.0 1.0 1.0 1.0 1.0 1.0 1.0 1.0 1.0 1.0 1.0 1.0 1.0 1.0 1.0 1.0 1.0 1.0 1.0 1.0 1.0 1.0 1.0 1.0 1.0 1.0 1.0 1.0 1.0 1.0 1.0 1.0 1.0 1.0 1.0 1.0 1.0 1.0 1.0 1.0 1.0 1.0 1.0 1.0 1.0 1.0 1.0 1.0 1.0 1.0 1.0 1.0 1.0 1.0 1.0 1.0 1.0 1.0 1.0 1.0 1.0 1.0 1.0 1.0 1.0 1.0 1.0 1.0 1.0 1.0
6
31 57 61 75 88 99
4
1 64 80 93
5
6 8 60 68 89
1
81
4
26 59 76 79
2
44 88
3
16 43 97
1
92
8
17 19 47 70 90 93 95 100
8
1 6 18 27 30 43 65 78
3
45 52 59
3
66 68 77
2
34 73
8
1 12 22 47 54 57 82 83
5
2 12 16 30 95
4
11 53 66 89
5
7 27 40 51 95
5
18 35 73 74 97
3
25 55 95
3
17 58 69
4
7 74 78 99
7
6 11 17 19 23 31 99
4
3 52 61 96
3
45 69 71
7
4 32 51 68 76 89 90
3
7 14 66
4
32 80 82 92
4
12 27 29 96
5
26 34 49 73 80
6
16 22 32 44 61 92
7
23 39 51 55 56 81 88
4
11 17 68 72
6
8 15 29 41 70 83
6
13 24 66 69 94 100
5
22 32 46 60 73
3
4 50 53
3
30 77 98
3
31 33 89
5
47 72 80 89 98
7
3 8 12 23 41 70 92
8
23 32 48 54 57 65 70 84
7
11 12 26 53 59 82 95
11
18 20 27 45 51 54 58 71 85 98 99
6
3 18 25 76 90 91
6
6 7 11 50 82 84
3
18 32 87
3
24 64 82
8
21 22 40 47 61 75 79 95
2
15 42
5
10 36 51 88 92
