100 200
1.0 1.0 1.0 1.0 1.0 1.0 1.0 1.0 1.0 1.0 1.0 1.0 1.0 1.0 1.0 1.0 1.0 1.0 1.0 1.0 1.0 1.0 1.0 1.0 1.0 1.0 1.0 1.0 1.0 1.0 1.0 1.0 1.0 1.0 1.0 1.0 1.0 1.0 1.0 1.0 1.0 1.0 1.0 1.0 1.0 1.0 1.0 1.0 1.0 1.0 1.0 1.0 1.0 1.0 1.0 1.0 1.0 1.0 1.0 1.0 1.0 1.0 1.0 1.0 1.0 1.0 1.0 1.0 1.0 1.0 1.0 1.0 1.0 1.0 1.0 1.0 1.0 1.0 1.0 1.0 1.0 1.0 1.0 1.0 1.0 1.0 1.0 1.0 1.0 1.0 1.0 1.0 1.0 1.0 1.0 1.0 1.0 1.0 1.0 1.0 1.0 1.0 1.0 1.0 1.0 1.0 1.0 1.0 1.0 1.0 1.0 1.0 1.0 1.0 1.0 1.0 1.0 1.0 1.0 1.0 1.0 1.0 1.0 1.0 1.0 1.0 1.0 1.0 1.0 1.0 1.0 1.0 1.0 1.0 1.0 1.0 1.0 1.0 1.0 1.0 1.0 1.0 1.0 1.0 1.0 1.0 1.0 1.0 1.0 1.0 1.0 1.0 1.0 1.0 1.0 1.0 1.0 1.0 1.0 1.0 1.0 1.0 1.0 1.0 1.0 1.0 1.0 1.0 1.0 1.0 1.0 1.0 1.0 1.0 1.0 1.0 1.0 1.0 1.0 1.0 1.0 1.0 1.0 1.0 1.0 1.0 1.0 1.0 1.0 1.0 1.0 1.0 1.0 1.0 1.0 1.0 1.0 1.0 1.0 1.0
41
11 23 27 37 40 42 55 56 59 64 65 71 73 79 81 85 88 89 90 99 101 105 106 118 127 129 135 140 143 144 145 148 151 158 160 173 174 185 186 193 198
52
1 3 11 12 15 18 19 20 26 27 29 38 43 44 47 48 52 59 60 61 65 70 72 76 77 83 84 101 103 105 109 113 115 130 132 143 144 146 151 152 155 158 159 165 166 170 173 180 182 183 188 191
28
2 5 12 23 31 32 46 52 61 66 81 83 99 100 101 106 110 117 120 123 131 133 142 144 145 159 170 182
44
1 4 9 10 13 15 21 22 23 24 25 27 31 37 38 40 46 50 51 52 59 66 83 100 106 108 120 125 137 139 140 143 144 148 152 153 156 164 170 172 180 190 196 197
32
2 3 7 28 29 55 56 81 82 89 98 99 104 105 114 116 125 131 134 137 139 142 148 155 162 170 175 176 181 182 191 199
31
9 10 14 27 32 38 54 56 60 66 68 78 81 90 94 97 101 103 108 123 132 153 162 167 168 182 187 191 192 198 199
35
4 5 8 9 19 20 30 31 32 38 47 49 55 58 65 72 75 76 86 89 95 96 108 117 127 135 137 144 150 151 159 163 180 197 198
43
1 8 15 30 39 41 44 46 48 53 58 62 69 74 77 82 85 99 101 105 108 112 113 115 121 122 125 141 142 144 148 154 165 167 171 175 180 182 187 192 194 198 199
35
14 15 22 26 32 33 46 49 52 72 79 81 88 93 95 98 100 105 113 114 136 147 148 152 156 157 164 167 172 182 185 187 190 195 200
41
2 5 14 26 28 47 48 51 64 68 72 73 76 82 86 89 96 98 103 105 107 110 114 115 119 122 128 133 134 139 145 149 152 157 166 173 174 178 192 194 197
38
9 12 27 30 34 37 38 48 56 64 68 70 71 73 79 80 86 92 94 108 111 132 134 137 138 149 156 161 163 167 175 183 186 189 194 197 199 200
41
6 9 13 28 31 35 41 42 43 50 51 52 60 61 67 71 82 87 88 96 104 105 106 107 117 123 127 128 131 143 148 154 166 167 174 175 176 181 192 194 195
48
10 13 14 21 24 25 26 30 35 38 39 44 47 67 74 79 81 90 92 94 95 96 101 108 110 116 118 119 120 129 132 136 137 138 139 142 155 158 159 165 169 176 180 182 183 193 194 196
43
6 8 12 17 18 20 25 35 42 43 45 49 50 54 60 64 66 73 76 87 88 91 96 103 104 105 107 111 127 129 137 148 152 156 158 160 164 165 168 172 180 184 186
41
2 4 12 13 17 21 32 34 35 43 49 52 59 60 70 83 85 93 94 97 102 104 117 119 120 129 135 136 140 155 156 164 165 166 172 173 178 185 186 189 190
52
3 8 15 20 27 31 33 34 39 41 46 52 58 59 70 75 76 79 80 85 87 91 96 97 100 101 102 106 108 113 119 121 124 134 143 146 150 152 155 156 157 158 160 161 178 181 185 187 190 191 195 197
32
3 25 27 45 47 55 77 81 90 93 97 100 105 113 125 134 141 144 147 153 157 158 160 163 168 172 173 175 177 183 196 200
49
1 2 4 9 11 13 14 16 21 26 31 37 42 44 46 49 52 54 56 72 80 84 85 86 88 95 96 104 113 119 123 125 129 135 136 140 141 142 145 147 158 170 171 172 176 177 179 189 198
41
1 3 6 9 21 22 24 32 35 46 47 53 61 65 69 70 75 88 89 92 96 99 105 112 116 122 127 134 142 143 153 166 171 179 180 182 189 193 194 195 199
46
1 2 5 8 11 12 13 16 22 26 27 28 31 35 41 42 44 53 54 57 59 60 69 70 94 95 100 101 109 113 114 116 120 122 140 146 153 154 164 178 185 187 188 190 196 200
32
3 6 11 13 22 23 24 26 46 54 67 72 75 79 81 85 89 104 107 111 119 120 121 122 136 140 143 173 174 191 197 198
38
1 5 19 20 21 28 29 34 38 51 59 61 66 68 69 75 76 77 81 89 99 104 114 122 137 138 139 142 143 150 157 166 173 175 176 183 190 192
35
3 5 11 29 30 39 45 46 48 59 67 71 72 76 91 92 103 105 122 134 137 147 148 149 150 158 161 162 164 177 183 184 190 196 198
38
6 7 32 33 35 39 41 49 51 61 64 66 79 80 81 96 98 101 103 105 110 112 119 126 130 136 137 144 155 156 157 159 161 165 168 174 176 184
36
13 16 18 19 29 35 37 40 46 52 63 68 95 96 102 109 111 112 131 134 145 152 153 155 157 160 164 165 169 173 175 181 182 186 189 195
39
1 8 12 17 18 20 22 23 24 30 34 38 66 72 81 89 91 93 102 107 114 118 126 129 131 135 137 147 148 150 159 160 163 175 183 184 193 196 200
30
4 12 13 25 33 34 38 46 55 69 70 72 73 76 94 95 99 109 124 125 127 129 151 152 153 162 174 185 190 191
50
18 27 29 41 43 54 58 62 65 73 74 75 76 77 79 86 89 95 99 101 103 104 106 109 110 117 118 119 121 122 123 135 137 141 149 151 152 158 163 166 171 172 173 174 176 179 181 182 184 200
41
5 6 9 10 13 15 21 24 27 33 34 37 40 42 45 47 63 65 67 76 77 81 89 94 113 114 116 117 119 120 125 130 133 138 143 146 153 154 168 176 191
41
3 7 10 12 19 21 22 26 28 50 51 61 67 68 72 76 85 90 96 100 109 117 119 122 126 136 140 148 149 150 154 157 162 166 173 177 186 188 195 198 200
41
5 8 10 16 20 25 39 46 49 53 54 60 61 64 73 80 81 85 96 105 112 122 124 127 140 152 156 157 158 164 168 170 171 175 178 182 188 191 197 198 199
44
4 5 13 17 19 20 21 22 24 29 34 36 39 42 47 48 63 65 68 72 79 86 88 99 105 111 114 116 125 127 132 135 138 143 150 158 162 166 176 183 186 191 195 197
45
2 16 20 22 23 24 28 30 37 38 42 47 49 53 56 58 61 65 70 71 76 79 81 84 91 95 96 98 100 108 113 114 115 118 140 141 142 149 152 154 156 170 178 181 198
38
5 18 19 20 23 44 51 52 59 69 74 75 76 81 87 93 95 110 118 121 122 125 128 129 143 155 157 162 164 165 169 177 180 181 184 190 194 195
45
2 7 11 15 21 24 25 30 31 32 43 54 55 60 72 75 77 79 80 85 97 99 104 105 111 112 113 118 121 133 135 136 143 147 150 152 155 159 164 167 170 180 183 185 195
47
6 11 13 17 18 19 21 36 40 45 48 61 64 67 68 72 75 79 84 88 98 105 108 110 115 117 122 128 130 150 158 159 160 161 169 174 177 179 182 183 184 187 189 192 197 199 200
38
2 4 7 9 11 13 14 20 23 24 40 42 54 55 59 61 63 67 79 82 85 93 96 97 101 109 117 119 120 135 136 146 149 168 176 183 194 199
43
3 5 9 10 17 25 30 40 41 59 63 64 67 70 76 87 92 97 98 105 107 108 116 124 132 134 135 139 141 144 145 147 149 151 162 164 165 171 179 184 186 191 196
37
1 7 23 26 35 51 53 54 56 58 63 65 79 81 82 83 86 89 90 95 97 103 119 138 139 148 152 155 160 163 165 168 175 181 187 192 196
35
3 13 15 20 21 51 52 55 58 59 62 66 75 78 80 81 92 94 100 101 108 115 128 130 131 145 147 154 158 165 178 187 188 195 200
42
11 16 23 30 31 33 42 43 51 62 63 64 65 66 79 85 88 93 98 99 105 110 113 114 120 122 123 133 134 137 139 145 148 149 161 165 169 175 176 183 198 199
39
12 24 33 34 40 42 48 50 51 53 54 68 73 77 80 81 84 87 90 96 97 105 107 111 121 126 127 137 153 156 173 175 183 188 192 193 198 199 200
51
5 18 19 20 21 22 27 36 37 39 41 43 47 52 53 57 58 59 61 70 72 73 80 83 87 91 92 97 101 104 105 109 110 113 115 116 125 135 138 141 145 147 152 165 167 172 177 180 181 189 195
37
5 6 15 18 32 33 35 46 47 57 59 60 64 67 72 76 86 88 106 112 116 119 121 123 125 128 148 153 155 156 166 169 174 175 178 179 196
47
3 9 13 14 15 17 19 26 28 42 48 50 51 52 58 59 60 68 72 75 79 88 89 90 91 97 100 106 107 108 112 114 120 122 126 132 133 136 139 143 152 153 154 155 179 186 189
37
5 10 13 14 26 30 49 52 67 70 78 90 98 108 110 112 113 115 117 118 128 136 146 150 156 158 163 170 172 174 175 179 180 181 182 184 192
35
3 4 7 8 16 17 24 38 40 48 54 60 61 71 75 77 83 86 91 100 105 106 113 116 125 131 136 138 140 162 168 180 184 187 190
48
10 11 12 18 24 38 42 43 45 49 51 64 65 82 87 91 92 94 95 99 100 101 106 109 111 113 114 115 122 124 132 134 137 142 143 147 159 160 162 166 168 169 171 176 177 179 194 196
44
3 13 17 24 26 28 30 31 34 40 53 58 59 62 66 68 73 77 80 92 95 98 99 102 103 110 112 119 123 128 133 137 143 149 151 165 172 175 176 179 186 191 192 193
38
11 14 16 20 24 26 32 39 44 59 64 71 78 96 97 98 104 108 118 121 126 129 136 137 140 141 142 150 155 156 166 170 172 175 183 187 191 193
42
2 18 19 23 28 30 34 45 47 62 63 89 90 93 94 95 101 103 109 112 113 116 133 134 135 136 139 145 147 152 153 156 161 165 166 175 176 185 187 192 194 198
35
3 14 16 18 22 25 26 27 28 43 44 50 56 58 81 95 103 116 118 124 131 133 146 153 158 160 162 166 167 175 179 182 184 191 193
40
3 7 21 25 34 36 43 46 47 48 58 61 63 67 69 72 73 78 80 83 86 93 96 100 105 106 112 114 128 133 149 161 166 167 169 171 179 187 189 196
36
5 10 14 17 25 41 46 47 48 49 56 62 70 72 81 84 86 91 93 99 106 108 113 119 124 137 140 146 151 161 163 168 178 183 194 199
37
9 11 14 50 51 56 63 66 67 68 74 76 78 85 87 92 93 94 111 112 113 121 123 129 132 133 136 139 153 156 157 160 171 175 176 178 194
53
2 17 24 33 35 38 39 40 46 49 59 63 68 83 84 88 94 103 105 109 111 120 122 125 126 127 131 132 136 138 140 146 147 154 156 163 164 165 167 168 173 174 175 177 178 179 184 185 186 189 190 199 200
37
2 3 7 8 9 12 15 23 25 27 35 38 51 75 76 78 79 88 90 92 94 104 108 118 125 139 140 145 149 151 154 156 175 185 190 197 199
39
1 9 10 17 32 39 41 42 49 53 55 64 66 69 80 88 89 91 96 103 107 108 110 112 116 125 128 131 134 139 144 149 161 171 177 179 181 193 196
41
2 4 7 8 9 11 13 16 18 19 24 27 28 40 43 58 64 80 81 100 105 111 122 125 128 130 131 138 141 159 161 166 171 178 185 191 193 194 197 199 200
33
11 13 14 19 25 39 41 44 59 63 64 70 79 90 91 93 108 110 115 131 140 147 152 153 160 165 169 175 189 193 194 197 199
46
3 4 5 11 12 13 21 28 37 39 52 54 57 63 64 66 74 78 79 83 85 89 90 91 96 97 100 109 112 115 116 119 127 140 141 143 145 156 162 164 165 170 173 193 198 199
43
6 7 15 16 21 23 30 31 41 43 48 51 53 61 62 63 64 69 72 74 89 93 100 109 111 115 135 139 142 145 152 155 157 163 168 169 171 173 176 182 183 196 199
28
11 15 19 22 25 36 37 43 70 83 87 89 90 109 113 116 120 130 131 140 142 146 148 151 160 161 176 194
34
6 7 18 19 38 39 46 51 52 56 60 65 67 81 91 98 100 101 104 107 109 115 117 122 127 141 150 170 173 178 181 188 197 200
40
13 16 21 30 31 34 36 43 47 48 51 65 79 80 86 93 95 103 105 110 123 133 135 136 140 145 149 150 167 171 174 175 177 184 186 187 189 190 193 195
36
3 8 9 20 21 27 31 37 44 55 60 64 66 67 70 71 74 75 85 89 92 96 98 99 110 111 112 114 116 126 127 140 141 173 176 194
43
2 4 9 10 12 13 25 33 40 42 45 47 49 52 53 62 63 70 75 79 95 98 101 103 104 108 111 120 122 124 128 131 140 141 142 146 164 168 171 176 177 179 195
31
3 5 8 14 16 28 36 38 40 46 50 53 63 64 94 106 110 117 118 121 138 141 144 148 164 169 184 191 195 199 200
45
5 18 23 32 37 43 46 49 56 57 64 67 71 73 74 80 88 94 97 101 102 105 112 116 123 127 128 129 132 135 137 146 157 160 163 168 172 174 177 179 191 193 196 197 198
47
3 7 8 11 12 16 31 32 35 38 40 41 42 55 61 63 64 76 81 85 87 92 95 100 102 111 114 115 118 121 124 129 132 136 137 138 144 147 148 159 164 168 176 178 179 186 193
41
5 7 8 10 16 22 23 28 31 43 44 47 57 69 83 86 88 89 94 100 105 107 108 113 119 121 124 133 136 139 144 146 151 156 161 164 165 178 181 192 194
39
3 4 7 26 31 35 37 48 54 55 65 78 80 86 90 92 93 94 97 101 104 108 111 113 118 124 127 133 134 137 140 144 161 163 181 186 191 193 195
39
3 6 8 11 15 17 23 25 40 50 54 55 66 67 70 71 72 77 78 86 88 90 94 95 105 110 116 119 127 131 138 139 148 158 163 183 185 196 200
44
5 7 24 31 32 34 36 51 60 65 66 72 79 91 94 95 97 103 108 110 112 120 121 135 144 147 148 149 150 151 157 159 160 163 167 168 169 171 172 176 181 182 184 191
46
4 9 14 18 19 20 22 26 31 33 44 49 50 53 54 58 63 69 73 75 80 92 95 97 107 108 114 115 116 122 128 129 146 147 151 152 157 160 170 176 185 187 194 195 196 199
35
3 6 7 26 42 57 58 66 73 75 83 96 99 101 102 107 109 110 111 124 130 133 137 138 143 148 155 167 168 172 177 179 180 185 186
48
1 6 7 11 19 25 33 34 38 41 47 48 50 58 78 79 81 83 89 90 91 99 107 108 110 111 113 122 123 127 129 131 135 145 151 155 160 162 163 168 171 174 181 188 189 193 197 199
42
1 3 9 11 12 25 26 33 35 37 38 44 45 49 55 56 63 74 98 103 105 110 111 123 137 147 152 154 159 161 164 166 170 178 184 186 192 193 194 195 197 200
37
12 13 17 25 27 36 40 43 50 62 63 66 67 77 84 85 87 94 97 101 105 113 117 131 132 134 138 142 152 153 160 166 168 181 191 193 196
48
4 6 10 11 26 30 33 37 39 42 43 44 46 48 52 53 60 66 68 75 79 83 86 93 99 100 103 109 114 120 123 126 134 135 140 142 148 149 153 155 160 166 172 173 174 185 188 193
36
4 5 11 14 15 19 21 22 29 30 31 33 35 47 52 54 56 68 76 79 100 104 106 114 122 141 142 143 151 154 155 157 172 179 181 182
39
1 3 5 15 21 23 26 27 38 40 45 50 54 57 58 61 75 85 89 93 109 113 115 117 121 133 135 136 143 162 165 172 173 176 179 183 189 193 200
37
3 8 13 15 25 28 29 32 34 44 55 58 64 66 71 76 80 94 96 99 112 113 116 130 131 133 134 145 160 170 175 182 186 187 188 189 198
51
1 10 13 14 18 22 36 51 52 56 65 69 72 73 77 78 79 80 83 91 94 95 96 97 102 103 105 108 115 119 120 133 135 138 141 147 153 154 156 166 171 173 174 176 177 180 182 184 185 188 189
31
14 17 27 28 30 38 52 56 57 63 65 67 80 83 88 94 99 101 114 116 126 136 140 141 149 163 167 177 187 189 194
50
6 10 11 15 20 28 32 37 41 42 45 48 50 59 63 67 69 74 79 88 99 108 117 122 124 125 126 133 135 136 142 143 146 147 154 165 166 167 171 172 174 181 182 183 184 186 193 195 197 199
32
8 9 19 24 26 33 36 38 39 42 53 61 63 65 68 77 88 92 94 111 118 134 139 145 147 148 151 154 170 176 179 188
40
3 8 9 14 16 21 22 31 33 34 40 47 49 52 54 57 64 66 67 68 83 91 93 94 111 117 121 122 124 132 133 150 163 168 172 173 181 184 192 199
35
18 19 20 29 34 57 60 66 68 71 78 90 91 92 93 99 105 109 114 115 120 122 124 131 133 136 140 147 150 164 172 175 180 190 199
47
1 9 14 15 19 23 26 42 49 51 52 53 57 58 61 63 72 73 81 90 91 93 94 99 100 101 103 105 106 113 116 118 123 128 141 148 154 156 157 162 169 170 178 181 185 187 188
43
3 7 14 17 18 21 24 27 32 33 34 35 42 45 49 57 58 59 60 65 71 81 82 85 91 101 102 111 113 123 127 128 131 136 137 140 142 150 156 186 188 195 196
36
10 18 22 27 30 33 34 35 36 37 39 44 47 51 59 60 68 74 76 79 84 87 103 105 117 120 122 133 137 142 148 156 165 188 190 193
30
3 9 22 23 37 42 43 48 51 53 61 74 82 92 97 100 104 112 115 127 135 142 144 153 160 166 184 185 186 192
39
7 9 22 23 24 25 29 32 35 37 45 52 57 62 66 74 85 88 91 94 102 111 123 125 127 131 132 135 139 151 156 160 169 173 175 177 190 191 197
35
3 6 17 33 46 59 65 69 72 79 82 83 84 87 91 93 100 102 108 110 115 125 136 144 155 158 170 172 173 175 185 188 189 198 200
42
3 7 8 14 16 19 22 26 29 33 43 46 47 54 58 59 86 91 93 97 102 105 110 113 115 120 121 127 128 142 144 147 149 151 153 160 183 184 187 191 192 193
37
15 16 19 20 21 22 23 24 25 27 43 44 51 64 71 82 98 107 109 115 124 129 132 136 139 142 145 148 150 164 168 177 178 185 188 190 198
44
2 6 7 8 13 14 24 30 31 34 41 47 49 54 62 63 65 68 81 88 92 98 99 107 116 118 119 120 125 127 130 140 149 154 155 167 168 172 175 178 180 183 188 195
34
5 17 19 29 34 41 52 78 79 80 92 98 99 102 103 115 116 119 138 144 148 151 154 155 156 163 167 178 182 185 186 187 195 199
36
8 19 20 21 34 35 37 40 41 44 45 46 48 61 69 70 73 78 82 86 98 103 104 106 109 110 113 125 127 149 155 169 173 179 197 200
