150 300
1.0 1.0 1.0 1.0 1.0 1.0 1.0 1.0 1.0 1.0 1.0 1.0 1.0 1.0 1.0 1.0 1.0 1.0 1.0 1.0 1.0 1.0 1.0 1.0 1.0 1.0 1.0 1.0 1.0 1.0 1.0 1.0 1.0 1.0 1.0 1.0 1.0 1.0 1.0 1.0 1.0 1.0 1.0 1.0 1.0 1.0 1.0 1.0 1.0 1.0 1.0 1.0 1.0 1.0 1.0 1.0 1.0 1.0 1.0 1.0 1.0 1.0 1.0 1.0 1.0 1.0 1.0 1.0 1.0 1.0 1.0 1.0 1.0 1.0 1.0 1.0 1.0 1.0 1.0 1.0 1.0 1.0 1.0 1.0 1.0 1.0 1.0 1.0 1.0 1.0 1.0 1.0 1.0 1.0 1.0 1.0 1.0 1.0 1.0 1.0 1.0 1.0 1.0 1.0 1.0 1.0 1.0 1.0 1.0 1.0 1.0 1.0 1.0 1.0 1.0 1.0 1.0 1.0 1.0 1.0 1.0 1.0 1.0 1.0 1.0 1.0 1.0 1.0 1.0 1.0 1.0 1.0 1.0 1.0 1.0 1.0 1.0 1.0 1.0 1.0 1.0 1.0 1.0 1.0 1.0 1.0 1.0 1.0 1.0 1.0 1.0 1.0 1.0 1.0 1.0 1.0 1.0 1.0 1.0 1.0 1.0 1.0 1.0 1.0 1.0 1.0 1.0 1.0 1.0 1.0 1.0 1.0 1.0 1.0 1.0 1.0 1.0 1.0 1.0 1.0 1.0 1.0 1.0 1.0 1.0 1.0 1.0 1.0 1.0 1.0 1.0 1.0 1.0 1.0 1.0 1.0 1.0 1.0 1.0 1.0 1.0 1.0 1.0 1.0 1.0 1.0 1.0 1.0 1.0 1.0 1.0 1.0 1.0 1.0 1.0 1.0 1.0 1.0 1.0 1.0 1.0 1.0 1.0 1.0 1.0 1.0 1.0 1.0 1.0 1.0 1.0 1.0 1.0 1.0 1.0 1.0 1.0 1.0 1.0 1.0 1.0 1.0 1.0 1.0 1.0 1.0 1.0 1.0 1.0 1.0 1.0 1.0 1.0 1.0 1.0 1.0 1.0 1.0 1.0 1.0 1.0 1.0 1.0 1.0 1.0 1.0 1.0 1.0 1.0 1.0 1.0 1.0 1.0 1.0 1.0 1.0 1.0 1.0 1.0 1.0 1.0 1.0 1.0 1.0 1.0 1.0 1.0 1.0 1.0 1.0 1.0 1.0 1.0 1.0 1.0 1.0 1.0 1.0 1.0 1.0
59
4 5 6 13 16 20 22 23 27 37 43 47 53 68 71 80 86 89 94 95 101 114 118 121 126 129 132 138 141 154 159 166 168 174 175 179 182 189 198 200 202 204 205 208 211 218 238 239 242 256 260 262 276 277 279 283 292 295 298
58
6 9 10 20 21 22 27 37 38 42 44 45 49 58 60 61 71 75 84 87 97 107 109 117 119 120 133 134 144 151 154 160 174 177 179 180 182 186 187 191 194 216 217 222 226 230 231 243 259 260 266 269 270 271 275 281 288 292
59
2 4 10 14 18 30 36 38 47 59 61 65 66 70 75 89 92 93 99 104 105 111 113 114 119 121 125 130 136 137 139 140 141 148 152 176 183 188 192 196 197 201 202 211 212 217 228 245 246 247 250 255 258 265 266 274 284 290 292
62
4 5 17 20 21 23 24 25 30 31 32 33 39 40 69 73 87 88 91 93 100 101 111 122 124 125 128 132 144 145 156 157 169 183 185 186 195 207 211 213 216 222 229 231 238 240 243 249 259 261 262 263 271 278 280 289 292 293 295 296 298 299
57
9 16 23 25 34 38 40 49 50 54 57 64 76 77 80 87 94 95 98 117 119 137 144 151 156 158 175 185 188 189 192 195 197 198 200 201 203 214 215 216 219 225 226 231 242 249 251 258 263 266 272 275 286 287 293 297 299
55
2 10 22 24 27 29 30 34 35 36 45 60 80 90 91 95 103 114 117 127 133 134 136 137 139 150 152 156 166 174 175 182 186 187 189 190 191 192 195 205 213 215 217 228 229 234 255 257 259 260 262 264 280 288 300
65
2 3 6 7 14 19 21 31 38 45 52 61 68 73 87 88 90 94 96 97 110 115 118 119 127 129 132 135 138 141 142 144 146 148 149 152 161 164 166 172 173 175 182 191 193 194 213 214 220 222 224 226 228 239 242 245 252 258 259 262 285 287 288 296 299
61
1 24 27 28 30 33 41 44 50 54 56 59 63 66 68 69 73 79 97 103 107 117 119 120 125 137 152 156 157 160 161 169 174 177 187 193 196 200 201 204 216 217 224 225 226 228 229 230 232 233 234 240 241 247 252 254 272 283 289 297 299
59
3 4 5 20 21 23 25 29 32 36 39 46 53 66 68 69 77 81 90 95 117 118 122 126 132 134 140 141 143 154 156 158 160 161 176 177 181 184 185 196 197 204 210 212 221 239 241 244 253 254 264 265 266 268 276 280 282 284 294
56
2 6 7 10 14 15 24 36 59 61 74 75 78 79 80 85 89 91 102 108 112 121 124 126 129 134 136 140 143 145 147 151 165 184 186 197 200 201 202 207 209 210 222 225 230 241 254 256 262 272 274 276 281 283 290 297
50
20 22 23 35 36 56 57 69 71 72 74 80 95 101 106 107 108 112 115 125 126 132 135 138 143 155 158 164 165 170 177 178 183 188 190 202 216 218 219 221 222 234 235 241 243 246 261 282 290 292
54
1 9 14 17 28 29 32 35 41 48 54 68 70 72 82 85 87 88 92 93 115 119 126 127 128 131 132 135 140 144 151 154 170 174 192 203 205 208 211 218 220 229 231 233 236 238 250 252 265 267 278 286 290 298
68
6 8 10 12 17 18 20 32 35 38 41 45 49 50 51 52 53 54 64 71 74 79 83 86 87 88 94 95 99 103 108 117 119 126 137 143 144 149 150 151 152 159 175 176 182 184 189 191 198 201 207 215 218 219 224 226 230 236 237 240 243 244 263 269 279 280 284 287
53
3 4 8 11 14 17 23 27 43 46 50 51 56 60 63 76 77 84 85 87 88 93 108 110 114 122 128 133 137 146 151 154 159 160 173 179 194 195 197 198 208 214 229 230 231 239 251 261 272 279 281 289 293
57
11 16 22 23 32 35 37 39 44 48 50 53 56 57 60 62 63 64 75 80 81 84 93 96 108 121 127 131 136 147 154 161 168 169 173 176 185 187 189 191 196 198 201 207 220 222 231 251 254 256 257 260 264 269 275 292 299
63
2 4 10 12 17 18 23 34 45 56 57 72 73 81 85 87 89 95 98 103 104 105 110 119 122 125 130 138 140 147 150 151 156 163 168 177 179 183 184 185 196 201 205 213 215 216 221 224 226 232 238 239 241 249 256 266 271 273 276 283 289 298 299
53
2 10 14 18 24 27 29 32 43 44 51 61 63 64 66 68 73 76 77 98 99 102 108 109 113 118 121 123 129 130 132 133 142 149 153 155 160 162 165 172 184 192 211 219 241 247 249 254 262 265 273 289 300
54
6 8 16 18 19 21 32 36 39 54 59 61 72 76 78 83 85 106 109 119 122 123 128 131 142 143 144 145 147 149 152 154 158 161 166 170 175 185 188 191 205 210 216 219 220 238 239 241 261 269 271 277 291 298
65
4 5 11 12 15 18 24 25 26 33 34 37 38 40 41 49 64 65 66 69 70 71 75 78 80 86 90 102 104 106 109 111 113 138 140 143 149 154 157 160 161 169 171 177 178 181 192 210 213 216 219 220 226 230 232 242 262 269 275 282 287 289 295 298 300
55
1 2 5 20 31 34 43 44 46 51 56 58 65 66 68 69 71 73 80 90 92 95 100 102 112 118 121 132 143 145 147 148 168 177 179 180 185 189 195 196 203 205 213 214 215 217 228 250 254 260 261 274 278 292 300
51
13 17 18 20 29 32 41 43 48 67 69 77 84 102 103 107 113 127 128 134 138 143 156 157 158 159 165 166 171 188 195 200 205 206 211 213 222 226 228 234 240 241 242 249 258 259 261 270 282 286 297
63
1 2 5 7 10 15 20 23 26 29 37 41 43 44 45 50 52 54 58 61 63 74 78 81 87 89 99 115 121 122 123 138 140 159 163 168 169 172 174 187 192 197 199 200 203 204 210 216 219 227 230 239 249 252 255 257 271 279 285 290 291 294 300
57
3 6 19 20 30 32 36 37 38 45 55 59 63 64 66 77 78 98 100 107 110 119 126 130 132 134 140 149 153 158 166 168 171 182 191 195 213 216 218 226 227 240 242 246 249 252 253 258 259 261 267 275 284 290 294 297 299
66
1 5 6 8 17 21 22 30 33 38 41 62 64 66 68 79 82 83 86 91 92 95 98 99 103 105 110 112 119 129 130 135 141 148 150 156 157 158 160 164 166 168 171 174 179 183 187 199 203 204 212 219 220 222 227 229 237 250 262 264 265 268 274 284 291 292
68
2 4 9 13 18 20 22 25 28 31 35 47 49 50 51 52 53 68 70 73 78 79 81 85 89 93 95 96 99 106 108 112 113 115 134 141 142 146 151 154 158 166 168 176 181 184 194 197 200 213 216 217 230 238 244 247 267 271 273 275 281 282 285 287 290 293 297 299
72
5 10 17 21 26 28 32 34 36 37 38 44 45 56 57 60 63 72 76 78 83 84 85 93 95 102 110 112 113 114 118 130 131 140 143 144 146 154 155 160 182 184 187 189 191 193 196 199 203 208 215 223 225 229 230 232 233 243 247 250 253 256 257 258 260 264 268 273 283 290 291 300
54
1 11 36 42 44 46 47 50 56 63 72 82 83 85 86 95 101 104 115 118 121 125 126 134 137 145 148 150 163 172 178 179 181 184 194 195 198 213 215 220 222 223 227 234 241 244 253 257 259 265 277 288 295 297
59
6 7 13 14 19 20 30 40 41 66 70 85 88 90 91 95 109 118 121 126 128 130 145 149 151 159 167 168 177 178 182 183 184 185 195 198 201 202 209 210 212 214 218 225 228 230 252 253 266 267 276 279 280 282 289 290 291 293 298
58
5 16 20 24 26 28 35 36 40 41 43 45 46 49 72 77 87 94 95 96 102 109 115 117 121 133 136 138 139 142 150 157 161 165 176 186 191 194 200 207 211 213 219 228 230 232 238 253 254 259 267 281 282 293 294 296 298 299
62
6 8 10 14 16 21 30 38 50 58 70 75 80 84 95 99 101 102 106 109 111 112 117 118 140 143 145 148 152 156 157 158 160 163 166 173 176 179 184 185 208 210 211 220 221 223 230 234 236 239 244 245 248 255 257 258 268 275 278 279 292 293
63
2 7 19 24 27 28 36 38 42 43 51 53 55 61 64 65 66 69 77 79 82 89 91 92 94 95 96 98 106 118 121 128 129 135 137 145 152 158 161 163 166 168 181 187 189 211 216 221 230 231 235 242 249 256 258 265 271 274 275 286 288 293 296
58
6 9 16 20 40 44 46 49 53 54 59 60 62 66 71 76 77 78 82 86 90 91 92 98 105 123 126 136 142 148 150 153 158 160 169 170 171 178 179 190 192 203 204 208 210 217 220 226 230 238 247 252 255 256 257 271 285 291
77
3 5 14 22 24 26 27 29 39 43 52 56 61 62 68 71 75 77 79 80 83 87 94 95 98 99 102 113 116 117 121 122 127 128 130 142 143 144 150 153 155 156 162 163 165 169 170 185 186 187 194 196 201 211 212 223 226 230 233 237 240 242 243 252 254 255 257 262 275 277 278 283 284 288 290 293 294
65
7 11 18 24 25 26 33 34 41 44 46 53 56 57 62 69 70 71 72 73 75 87 94 98 99 103 105 107 111 112 117 118 119 120 134 141 142 144 146 148 150 153 164 167 169 175 185 187 193 194 205 242 244 245 246 256 260 264 265 266 267 271 286 287 298
68
5 6 8 9 11 18 24 25 41 42 48 49 52 56 59 60 63 67 69 84 86 98 102 103 108 114 116 118 119 120 121 123 138 149 150 151 152 161 165 168 169 172 177 186 188 191 196 197 202 204 207 210 214 223 236 238 240 246 247 253 258 270 275 277 278 288 289 292
57
7 8 13 19 20 38 43 44 46 49 55 59 61 63 66 70 71 76 94 95 98 101 109 119 122 130 131 139 155 165 166 173 176 177 178 194 198 200 209 216 225 233 239 243 249 251 256 258 259 263 268 272 276 282 285 290 294
58
1 2 14 19 25 26 27 29 31 39 40 41 48 58 60 62 63 64 66 80 81 88 90 96 106 115 120 124 128 131 132 134 135 137 149 151 154 156 157 167 168 170 185 204 211 220 221 227 228 230 231 245 246 250 258 266 267 295
48
4 25 27 31 39 40 43 51 57 60 63 75 98 105 106 109 113 114 117 121 124 133 147 153 184 189 190 197 198 204 212 227 230 231 232 242 243 244 254 258 269 270 272 274 279 289 294 295
44
3 10 11 19 31 41 61 65 77 83 90 97 100 107 108 109 115 117 123 125 130 141 142 146 147 164 170 172 181 188 201 215 217 218 238 239 243 260 266 270 272 273 294 298
67
6 8 9 12 14 22 31 36 38 41 43 45 47 51 56 61 66 70 73 76 80 84 89 91 93 100 108 112 118 123 129 132 144 146 147 149 154 160 173 174 182 185 187 188 205 215 236 237 240 241 244 257 258 261 263 266 276 277 279 283 284 289 291 294 295 298 300
58
4 19 31 34 35 55 58 59 63 66 72 75 77 78 79 82 87 96 97 99 100 102 113 129 135 151 153 164 167 168 170 182 189 190 196 199 201 203 213 214 216 218 223 228 229 239 242 243 249 253 256 266 268 282 287 288 292 297
52
2 4 6 9 19 27 29 31 32 36 41 42 48 49 51 74 75 87 89 120 122 123 144 145 149 153 156 162 176 179 182 188 190 197 200 202 203 214 218 230 244 245 246 251 268 271 281 282 283 288 290 299
70
3 5 11 13 15 17 26 38 39 40 45 46 48 49 50 53 54 57 61 71 73 76 80 83 87 88 90 91 93 101 109 111 121 130 133 137 143 144 145 156 157 158 159 165 172 184 190 195 200 203 208 210 211 214 216 220 225 227 229 235 237 238 243 246 252 253 256 259 262 290
57
5 28 40 42 46 49 67 68 70 71 74 76 77 85 86 94 97 101 102 109 112 118 119 120 122 123 125 126 129 130 135 150 157 160 167 181 191 192 195 196 197 199 203 206 219 223 227 242 256 257 265 267 271 281 285 289 297
61
1 5 13 14 19 25 29 31 41 47 52 53 55 66 69 74 84 87 89 100 102 108 115 117 123 129 133 134 141 148 150 164 167 168 172 176 178 190 197 198 199 202 203 211 212 219 232 241 245 246 251 252 254 257 258 259 260 269 277 279 291
66
2 3 7 10 11 13 27 28 30 33 35 45 47 66 67 68 69 73 81 85 88 93 94 98 103 112 119 122 124 128 134 135 151 153 156 165 167 168 169 173 176 177 185 191 195 197 198 204 208 209 212 214 215 216 238 240 244 248 260 275 284 289 296 297 299 300
56
6 7 9 15 28 31 32 40 44 49 54 58 59 62 68 71 77 79 86 88 93 105 115 125 134 147 151 153 155 158 161 165 169 179 180 196 197 198 206 207 209 226 229 231 246 248 249 250 255 256 257 259 263 273 277 283
57
7 8 9 16 26 28 30 73 78 82 86 96 98 99 102 106 112 114 115 118 125 131 134 135 136 140 142 155 165 168 171 176 185 186 188 198 205 207 211 212 213 216 218 219 226 235 243 247 252 253 255 270 285 290 293 298 299
51
9 15 33 34 52 58 67 73 74 78 85 91 98 101 104 105 108 117 119 120 125 130 148 155 156 158 164 170 173 181 182 187 189 205 212 216 231 237 241 247 256 257 260 264 265 273 276 278 280 291 295
67
2 6 8 22 23 35 37 46 59 62 66 68 73 75 78 84 85 90 96 98 101 105 110 111 127 130 132 134 137 142 152 155 162 163 167 170 177 181 182 183 186 188 189 191 195 200 201 205 206 207 215 223 229 230 238 241 243 244 254 257 275 282 283 293 295 297 298
66
3 5 8 9 15 23 24 31 35 40 41 42 44 50 55 57 58 63 70 72 73 80 81 86 92 108 117 122 130 131 134 135 141 157 158 163 165 169 175 178 184 186 188 192 193 195 198 200 204 205 209 213 218 227 229 233 239 242 247 248 251 254 265 270 282 295
54
10 12 13 14 25 32 40 52 67 71 74 82 83 84 94 108 112 113 126 127 132 137 149 151 153 156 158 164 172 189 193 197 199 208 209 213 225 227 232 233 235 236 244 245 251 256 263 276 277 278 279 289 292 294
59
1 6 8 15 20 24 29 38 45 46 52 59 77 78 80 91 95 102 107 111 120 129 131 137 140 143 148 161 162 167 169 171 182 184 185 197 198 201 207 216 217 220 225 228 229 237 241 244 245 247 251 254 255 257 264 270 273 281 291
62
1 6 9 23 30 32 33 35 51 56 58 64 72 73 75 87 100 108 109 116 117 119 121 123 143 144 145 146 148 153 155 162 163 170 187 191 193 195 197 201 202 206 209 214 218 224 226 231 240 243 251 257 259 266 268 272 275 276 281 283 288 291
66
1 9 11 14 16 18 21 31 41 42 43 49 54 56 57 58 62 67 72 76 91 93 103 106 110 111 113 122 126 137 146 151 158 163 165 169 179 180 185 188 199 204 205 212 213 214 216 220 221 225 226 230 231 249 252 264 267 272 284 285 287 292 293 295 297 299
61
2 3 4 5 9 21 32 41 42 51 52 54 61 75 76 79 83 90 91 97 98 115 120 121 124 125 145 147 149 157 167 169 184 191 197 199 200 202 203 205 206 215 217 226 229 238 254 256 277 278 280 282 283 286 288 289 293 295 297 298 299
56
1 8 29 32 36 39 57 80 93 103 104 107 109 110 112 113 116 120 121 125 131 144 149 150 156 166 167 170 177 182 194 196 199 201 203 207 211 215 221 223 232 233 234 238 246 247 249 250 251 252 253 254 258 289 293 300
55
1 4 9 15 17 19 22 34 42 70 71 80 82 85 87 91 97 105 106 107 117 119 122 123 126 132 133 134 141 147 149 153 154 158 166 167 168 171 178 180 196 201 223 225 232 238 254 255 266 273 274 277 286 287 290
56
4 6 8 9 17 26 29 36 53 54 65 66 70 84 95 98 99 115 116 125 128 132 136 154 158 162 169 171 177 178 181 188 207 217 218 219 224 227 232 242 244 247 248 256 258 259 262 265 270 278 280 281 282 289 292 300
65
3 5 14 22 23 30 34 38 44 46 50 56 76 84 85 96 103 106 109 113 120 121 122 125 130 134 141 142 148 150 151 157 163 165 167 169 176 177 181 184 185 186 189 192 193 198 206 208 210 215 224 229 230 233 238 246 254 267 268 277 289 292 294 295 297
64
2 7 9 17 18 19 20 27 32 33 34 37 43 50 54 56 63 68 71 76 81 91 92 106 117 128 129 133 137 139 146 148 158 163 164 170 174 175 176 188 196 200 205 208 209 212 218 235 239 243 250 251 255 256 261 269 272 274 277 285 288 291 297 298
66
6 13 23 24 26 33 37 43 45 51 52 59 64 67 71 77 84 85 88 90 100 103 105 106 107 108 109 121 124 125 129 130 136 138 151 153 162 167 174 190 192 194 201 203 207 208 210 215 218 219 225 227 242 248 263 265 267 272 287 289 290 291 292 294 295 298
64
4 11 13 15 18 20 22 23 27 28 29 32 35 39 40 42 44 46 51 54 68 75 77 80 81 82 94 101 107 114 119 140 145 151 157 177 186 191 193 210 211 213 214 221 222 224 226 228 234 235 236 238 243 250 253 264 275 282 289 291 292 293 295 297
76
2 3 4 5 9 20 32 36 39 44 45 47 50 53 55 57 65 66 67 70 71 84 87 89 94 96 103 106 109 120 123 136 139 144 146 151 153 154 157 161 164 182 191 194 196 200 207 209 217 230 234 237 239 244 247 249 251 254 257 259 260 261 263 264 265 266 273 278 280 283 284 286 291 293 297 299
58
2 12 17 19 20 25 26 32 37 38 39 56 57 59 64 71 80 90 93 99 105 116 117 119 124 130 137 140 143 144 149 152 155 161 163 181 184 188 191 202 204 211 227 233 244 246 248 251 256 270 273 276 277 280 283 286 288 295
59
2 3 4 10 16 18 19 26 29 31 39 42 63 80 81 83 86 88 89 101 103 107 115 121 126 128 129 141 143 144 150 156 159 168 187 188 194 195 198 205 207 214 228 230 232 244 247 248 260 262 263 265 266 268 279 280 284 285 287
66
2 5 11 13 15 20 23 28 29 30 34 35 39 42 44 48 59 63 69 71 73 74 78 80 81 82 85 87 92 95 100 104 109 110 112 113 117 122 127 131 132 133 152 164 166 172 176 177 178 182 183 191 204 205 214 224 231 246 257 262 265 270 275 277 281 284
70
1 6 10 13 14 24 28 34 36 45 50 54 58 65 72 74 77 79 84 95 97 98 103 106 107 123 126 130 138 144 147 149 160 162 167 170 173 175 183 184 186 188 189 191 192 194 201 210 213 214 220 221 229 235 239 252 254 255 259 264 268 271 272 273 276 279 287 294 297 298
53
2 4 6 9 13 17 18 32 38 47 51 54 56 58 69 71 75 77 78 79 90 95 96 103 109 117 127 128 129 136 151 154 158 161 166 168 170 173 181 199 205 214 230 242 252 261 269 273 280 283 286 291 296
60
4 11 13 14 15 17 21 25 27 32 35 37 39 42 46 51 73 86 90 97 103 104 105 108 119 124 132 136 138 139 141 148 162 167 177 183 192 202 204 205 206 209 210 214 215 217 232 241 243 253 256 265 272 274 281 287 291 292 298 300
66
5 6 7 12 16 22 39 41 43 45 49 50 52 54 60 61 65 68 75 76 95 99 114 115 123 131 133 137 143 144 154 155 157 158 166 178 180 184 186 193 196 201 204 212 213 215 220 221 222 227 229 232 233 237 239 242 243 244 246 254 259 278 283 288 292 300
60
6 13 19 26 28 29 31 43 46 52 53 57 60 61 69 71 75 76 86 91 93 96 100 103 108 112 125 130 139 143 150 152 156 158 161 172 177 188 193 201 204 205 214 216 222 226 230 235 240 250 251 259 260 264 265 276 286 288 292 293
73
2 5 7 16 21 23 25 28 32 38 43 47 55 61 63 68 69 72 89 93 94 98 102 106 108 112 113 114 117 118 119 120 126 128 136 137 139 140 145 147 153 157 160 162 167 181 184 189 194 196 199 207 208 209 212 214 236 237 241 248 255 260 263 264 271 272 276 278 280 284 285 294 295
62
3 7 10 16 19 20 23 25 27 32 43 52 54 57 63 64 69 71 73 74 85 89 90 111 112 123 126 127 129 134 140 151 152 155 156 157 161 166 167 169 177 182 186 189 191 196 198 202 203 206 207 217 219 222 235 242 245 255 262 275 284 285
56
9 12 16 19 21 32 44 46 52 58 60 67 80 83 84 89 92 106 109 123 129 134 139 152 160 178 179 183 192 197 200 202 204 205 213 214 222 227 232 237 238 243 248 252 256 267 273 276 285 287 288 290 292 293 296 300
59
1 3 5 7 16 23 24 35 40 41 42 45 49 50 56 64 67 69 73 76 95 96 101 104 114 119 120 121 133 144 146 153 156 161 168 174 192 206 209 214 219 226 228 231 232 241 250 252 261 264 268 280 283 284 286 287 290 294 298
70
2 12 14 22 23 25 27 31 39 44 46 55 56 58 61 66 75 83 91 94 95 96 100 105 110 117 121 124 126 127 128 129 132 138 150 155 158 163 178 180 183 184 185 191 196 197 198 201 202 206 211 215 219 221 222 224 229 235 239 245 247 257 258 265 266 276 285 289 296 297
55
1 3 16 22 23 44 50 58 60 67 68 70 71 72 77 79 80 81 92 95 98 125 145 146 149 151 158 162 170 172 189 190 193 194 203 212 214 216 218 222 240 243 244 249 262 263 264 273 274 284 287 291 294 295 296
64
2 11 16 19 31 36 48 56 67 68 75 76 92 93 95 98 108 118 124 134 137 145 146 149 151 152 163 164 166 167 169 178 180 183 185 186 187 192 194 206 214 219 221 233 235 237 238 240 243 249 251 259 261 264 265 267 270 275 280 283 284 286 288 298
57
5 13 18 20 23 27 28 29 48 60 68 69 71 74 88 100 103 107 119 126 130 133 136 137 141 145 147 151 156 158 162 164 165 168 176 178 179 193 197 207 208 214 222 223 225 233 235 247 258 262 280 282 289 290 296 297 299
75
1 3 9 15 16 18 23 38 43 44 45 48 49 53 61 63 67 70 75 77 81 83 91 94 98 101 110 115 119 120 121 129 131 135 136 140 145 151 152 156 159 163 164 173 174 178 180 183 192 197 204 208 210 219 231 236 238 241 243 244 245 250 251 253 254 259 261 263 264 269 270 273 277 283 286
52
4 5 9 21 39 46 49 57 63 76 94 96 97 99 108 115 117 119 120 127 131 134 136 146 147 151 152 154 155 157 171 174 177 184 191 193 195 199 209 210 224 226 228 229 236 237 245 246 261 275 276 288
62
3 8 14 18 24 27 28 31 35 37 41 43 48 56 82 86 90 93 105 109 110 114 119 120 123 129 131 133 138 143 149 159 161 169 171 172 175 177 182 186 190 196 200 202 205 206 207 215 216 219 227 232 239 241 245 247 253 261 276 283 288 296
62
1 2 11 30 31 34 35 41 43 51 56 58 59 61 64 71 77 86 87 92 98 100 103 113 123 130 131 133 134 136 139 145 153 161 163 178 183 184 185 190 199 203 209 210 218 219 220 225 226 227 228 229 230 245 257 265 274 277 278 280 281 300
47
4 22 29 30 33 34 35 42 53 70 85 109 112 116 117 121 138 140 141 146 150 153 154 159 163 166 170 174 176 205 208 224 225 231 240 244 249 255 257 265 266 268 269 271 276 288 299
56
4 21 22 23 24 25 35 37 46 50 59 61 62 64 72 77 82 90 95 96 99 102 107 113 116 117 125 138 140 141 143 145 147 151 172 178 179 180 184 187 188 191 198 209 214 219 237 238 253 272 273 274 278 285 293 295
59
5 9 10 13 20 21 27 29 34 35 45 48 53 71 73 74 80 88 98 108 117 119 126 138 150 152 155 161 167 168 177 183 187 194 197 203 206 207 215 216 218 228 230 235 240 242 248 250 254 258 259 261 271 275 279 282 285 291 292
61
5 7 9 18 21 24 29 33 74 82 87 88 89 90 95 103 110 127 129 139 145 147 153 162 166 167 169 178 181 185 186 187 188 194 197 198 204 205 210 211 213 216 217 223 226 227 228 243 250 254 255 257 261 263 267 269 277 285 287 291 293
51
1 5 31 35 37 41 43 53 55 57 61 62 74 78 81 87 89 93 98 105 109 124 129 133 138 145 161 173 189 196 204 212 216 224 225 226 232 239 240 242 246 249 266 267 270 275 279 280 285 294 297
70
8 15 21 23 26 39 46 56 57 60 62 64 68 71 74 77 78 83 85 89 90 91 93 96 100 101 108 115 116 119 125 130 134 148 149 152 161 167 169 175 187 193 194 195 197 200 201 203 208 210 218 221 224 231 233 236 239 249 256 257 263 273 277 278 280 284 286 287 292 300
59
7 14 16 23 29 38 40 41 51 53 56 59 68 71 74 75 84 85 86 88 90 92 95 102 109 114 116 119 120 123 128 133 152 153 157 159 163 171 175 178 190 194 196 199 202 216 225 227 235 244 256 264 271 273 280 286 291 296 298
62
3 19 22 28 33 41 42 44 58 59 63 65 67 68 71 76 80 87 90 97 103 104 108 113 117 128 129 130 140 143 145 147 153 161 172 179 181 189 190 192 196 198 203 204 209 211 215 217 221 236 240 242 244 247 251 262 263 269 270 276 283 288
66
13 19 24 25 27 37 39 41 42 43 46 54 55 58 64 67 72 73 77 82 83 89 105 115 124 128 133 138 143 153 157 159 160 162 170 186 188 190 191 192 200 201 208 212 219 228 230 231 236 238 239 240 246 247 249 254 259 260 263 269 275 281 290 292 294 295
70
4 10 12 14 15 16 17 21 34 36 39 40 53 55 60 72 74 76 78 82 90 105 109 113 128 132 135 136 137 142 148 149 152 155 158 162 164 165 166 170 173 175 177 181 183 185 186 191 192 194 198 199 205 206 210 222 225 226 233 239 247 251 253 268 277 288 290 292 298 299
65
10 13 14 20 22 23 32 34 37 39 42 45 46 62 70 71 72 81 84 85 89 91 92 98 100 103 115 116 120 124 127 128 131 132 147 148 156 164 165 166 167 171 179 183 186 187 192 203 205 207 220 221 228 229 233 235 238 239 259 261 278 280 281 291 296
59
2 21 39 45 50 54 57 58 77 78 82 84 93 94 112 119 127 143 150 155 157 161 162 166 172 173 176 177 178 179 180 182 190 197 202 203 211 215 216 228 238 249 250 251 253 254 260 261 262 269 270 273 277 281 283 284 285 290 296
68
1 14 30 39 40 45 48 50 52 53 57 59 60 70 72 74 90 96 100 101 106 110 115 119 120 121 123 126 127 128 131 133 134 135 137 143 144 147 149 154 160 163 165 166 175 177 193 195 196 198 201 206 211 219 224 231 235 241 242 256 271 275 277 286 290 293 297 299
61
8 17 21 41 48 49 51 52 55 56 63 64 69 70 73 75 78 85 89 91 92 103 107 110 111 112 116 128 130 136 138 141 143 146 148 150 152 157 161 171 172 176 180 184 188 189 195 206 214 215 225 230 231 240 244 258 268 277 281 282 296
70
1 5 14 21 25 26 27 29 35 38 39 40 43 49 50 55 63 67 70 73 76 77 82 90 98 102 103 107 110 112 116 120 121 123 128 129 130 134 137 151 154 156 163 170 176 179 180 183 188 196 213 219 221 222 223 230 245 249 250 253 255 257 258 261 264 268 276 278 279 299
57
8 11 22 23 32 41 43 46 47 52 54 58 61 65 68 78 81 86 89 91 106 112 121 122 124 128 140 147 155 157 165 166 170 173 176 177 192 194 207 209 229 230 231 234 242 250 251 253 256 257 268 275 276 284 295 298 299
70
14 16 18 19 26 29 32 33 35 38 44 47 50 54 65 76 79 88 89 95 96 99 103 106 107 112 113 121 122 124 130 138 144 146 155 160 166 174 177 185 186 188 191 196 198 200 204 206 211 215 219 220 223 230 235 241 243 245 246 247 253 254 263 278 282 284 289 291 293 297
64
3 6 10 12 18 21 25 26 32 33 36 48 49 53 67 73 84 85 86 89 96 98 100 107 108 109 129 132 138 144 146 147 151 156 158 159 160 163 166 172 184 185 186 188 194 202 206 209 213 214 217 222 231 249 251 254 255 261 263 275 276 280 291 299
56
7 8 9 14 19 30 32 33 38 39 49 50 59 60 61 69 70 77 85 86 87 89 90 99 104 113 114 123 129 143 150 152 154 157 161 162 165 167 172 176 187 194 205 219 221 222 233 236 243 254 256 259 265 286 289 293
69
1 5 7 15 19 20 22 30 32 33 44 50 57 62 63 65 70 78 79 85 91 94 97 99 119 124 125 131 134 137 139 141 146 151 152 154 158 167 173 176 183 184 191 193 198 201 202 205 210 214 218 221 222 224 229 230 232 236 239 251 259 261 271 275 276 278 280 288 289
61
3 13 14 16 19 35 38 40 56 57 59 65 73 75 79 89 95 108 121 127 128 136 150 155 160 162 166 168 169 170 173 175 180 189 191 194 196 197 198 205 221 229 241 242 244 245 246 247 249 252 256 264 267 268 270 272 275 289 292 294 298
65
3 4 5 10 12 26 40 41 49 59 64 69 72 93 96 98 103 105 106 109 111 118 122 126 129 131 132 136 138 140 145 146 149 154 158 159 163 181 182 184 185 186 189 191 198 200 201 203 205 213 215 217 221 223 224 230 231 239 255 278 289 290 291 293 296
59
4 16 26 31 34 38 39 45 51 52 57 59 61 62 67 69 85 88 94 96 110 113 122 132 136 140 145 146 149 150 152 165 167 170 178 181 183 185 190 192 193 209 218 222 225 231 232 242 243 245 254 258 260 266 268 277 281 288 297
49
6 16 24 26 44 48 49 56 70 75 87 88 94 95 97 98 105 111 117 119 123 126 137 143 159 166 178 179 189 193 194 195 203 210 219 222 225 230 235 237 242 245 252 257 262 263 279 290 292
55
9 15 20 26 35 41 43 48 52 54 60 62 64 71 75 80 94 100 111 115 118 120 123 124 130 138 139 140 159 171 183 184 191 192 193 200 220 222 227 234 236 243 248 249 252 259 261 266 267 271 273 274 279 286 299
62
6 10 16 25 40 45 50 51 53 68 74 75 82 89 94 98 106 126 136 140 142 143 147 152 155 157 159 161 162 165 166 167 168 171 172 180 191 192 193 198 202 204 205 206 210 212 218 228 232 240 242 245 247 248 268 271 272 275 276 283 289 293
66
6 12 14 17 18 24 30 34 39 42 49 51 53 54 55 57 58 59 62 65 68 71 75 89 98 108 110 115 122 125 134 143 146 147 154 155 157 159 160 162 164 165 176 183 185 189 190 195 196 202 203 204 223 224 225 233 234 236 247 251 272 276 277 281 282 284
60
5 14 22 26 29 33 35 42 43 53 55 57 73 81 82 83 92 95 99 102 106 107 108 112 114 115 128 130 135 140 146 163 167 170 171 185 187 192 202 205 206 210 211 214 216 221 222 226 231 243 246 252 253 259 263 265 266 280 281 288
47
3 6 10 31 33 43 48 66 69 72 79 80 81 87 90 105 110 115 123 133 140 145 162 174 177 179 186 192 205 213 223 224 228 230 236 240 246 250 255 266 269 270 274 278 282 290 293
64
2 7 15 24 31 33 36 40 46 49 51 54 55 62 63 68 69 75 78 87 94 95 98 113 121 130 135 136 143 151 163 166 167 175 179 187 190 196 203 204 211 212 214 217 222 225 232 239 240 248 249 252 255 266 267 269 270 277 278 280 281 286 288 291
59
7 23 24 25 27 39 40 43 53 55 71 72 87 90 91 94 101 104 109 113 114 120 126 130 142 143 144 145 147 148 153 159 173 177 188 190 194 198 204 217 223 224 232 234 235 239 241 247 248 253 254 258 262 269 279 281 287 296 297
62
2 6 12 14 17 19 26 41 43 44 54 57 64 73 88 89 92 93 97 102 108 112 116 121 132 135 138 143 151 153 156 166 169 174 177 178 184 193 204 212 215 218 222 223 226 227 230 231 240 246 249 252 259 262 265 266 271 274 280 282 283 294
65
6 10 11 15 18 23 27 33 45 59 61 67 70 75 77 79 85 90 94 98 102 104 123 132 138 142 143 153 158 162 163 164 166 167 169 171 179 181 192 207 209 211 217 221 222 224 225 232 235 236 239 240 249 253 261 262 268 276 277 283 287 289 292 293 300
69
4 5 11 13 16 22 23 26 32 35 36 42 45 46 47 50 52 53 54 61 74 84 89 99 105 115 118 120 123 133 139 141 154 155 156 158 162 163 168 173 189 191 192 194 209 213 217 223 230 231 234 235 237 239 248 257 258 259 260 268 279 280 283 284 290 292 294 295 296
61
3 4 7 9 12 18 20 24 29 59 61 68 72 77 84 85 86 92 95 103 105 108 120 126 127 130 138 147 152 158 160 161 162 164 176 186 194 198 206 214 228 229 231 233 237 243 244 249 251 252 254 255 262 268 281 282 287 294 297 298 300
63
2 19 24 33 35 36 42 46 58 60 61 64 67 71 78 87 88 92 93 94 95 98 110 117 120 123 127 135 141 142 158 163 166 168 174 175 184 185 187 189 198 202 203 207 216 221 222 230 231 232 239 243 245 263 267 271 275 281 283 284 286 294 296
59
4 9 11 16 27 41 43 46 52 58 59 62 64 67 70 71 72 73 76 79 83 106 111 122 124 127 132 137 143 144 148 169 170 188 189 193 194 203 212 214 218 223 235 236 239 245 249 251 262 275 278 279 284 286 287 291 293 296 298
53
1 15 27 30 37 38 40 46 47 57 58 63 70 83 84 85 90 95 100 102 108 110 117 124 126 127 129 131 132 133 144 150 153 155 156 164 166 188 189 206 220 223 230 243 256 262 265 267 269 272 277 286 290
60
3 8 9 10 16 21 23 29 48 49 52 55 59 60 68 79 86 93 95 98 99 102 103 104 113 116 125 129 132 141 150 172 186 189 192 193 195 197 198 201 202 203 209 210 211 220 224 225 232 234 257 258 262 267 269 277 287 293 298 299
63
1 7 14 22 23 24 30 40 41 42 44 61 72 81 89 95 100 102 103 104 108 112 121 124 127 134 135 139 150 151 153 164 170 187 193 198 203 205 212 218 222 226 227 229 231 233 234 235 242 244 246 248 249 251 256 259 279 281 285 287 290 295 298
54
1 7 9 20 21 22 28 30 40 42 43 51 53 55 60 61 64 65 67 69 71 80 83 99 108 112 117 121 126 133 136 137 146 151 154 155 158 182 203 208 219 226 227 234 240 242 245 249 250 252 259 267 287 291
65
10 12 15 18 19 27 28 36 37 38 44 47 50 54 58 63 64 79 82 84 85 87 89 100 109 110 116 119 121 126 139 143 146 147 156 160 163 167 168 172 175 190 192 195 201 213 226 228 230 233 244 246 266 270 271 278 279 280 283 284 285 288 291 295 299
50
4 7 10 13 17 23 37 44 62 63 68 79 86 87 109 111 125 126 129 138 143 145 154 156 157 159 169 170 172 181 193 195 203 211 218 222 229 250 252 267 268 271 272 274 276 279 282 283 295 298
62
17 20 22 24 29 30 34 36 40 50 60 68 73 77 82 88 91 97 99 101 115 116 126 129 139 144 147 148 154 156 157 159 166 170 171 175 176 180 188 197 212 213 214 218 225 228 230 249 250 253 256 262 265 267 268 271 286 288 289 293 294 299
56
5 11 18 21 22 24 27 28 31 32 39 41 44 49 55 60 61 63 81 91 102 107 109 115 119 124 126 133 137 147 152 154 158 165 167 170 173 181 182 195 202 211 229 232 233 236 244 247 256 265 267 272 274 276 279 291
63
3 4 8 14 16 22 24 28 29 34 49 51 54 57 58 62 75 76 78 80 82 95 96 97 100 108 109 112 128 130 135 143 146 150 165 167 171 173 181 186 189 190 195 196 201 206 207 213 214 220 228 241 253 261 263 264 267 268 273 274 298 299 300
56
1 9 36 43 44 52 61 63 70 76 78 80 81 92 93 96 100 101 106 107 112 113 117 127 132 133 138 142 145 146 168 182 186 191 196 199 217 220 224 227 233 246 247 251 252 257 259 268 271 275 277 286 290 292 293 298
62
4 14 25 26 34 50 56 60 61 63 64 69 71 73 78 86 94 96 111 112 117 124 131 134 136 138 141 145 153 156 162 165 170 172 174 185 186 193 198 203 205 216 224 227 231 238 242 247 252 260 261 270 276 277 278 281 282 291 294 295 298 299
66
3 4 9 16 19 23 26 31 39 42 44 46 56 61 65 66 71 73 76 86 89 92 94 95 107 109 112 116 118 123 128 134 141 142 144 147 159 163 164 165 178 180 182 185 188 197 198 206 207 209 219 223 230 242 244 245 250 251 252 266 270 276 287 291 292 293
77
12 17 18 20 27 28 30 31 39 41 42 45 46 50 53 58 59 61 64 65 66 67 73 94 101 102 105 106 110 118 130 131 135 138 139 146 147 152 166 167 170 172 175 177 178 180 182 187 193 198 200 202 212 214 216 219 234 238 240 246 247 250 254 257 260 269 273 276 278 279 281 282 284 287 291 292 296
65
1 2 6 7 11 17 21 24 25 26 28 36 37 47 50 57 64 67 75 79 86 88 102 103 112 113 124 128 129 130 137 144 145 147 148 153 157 158 160 163 167 179 191 196 199 201 202 203 205 216 219 223 233 242 246 247 248 253 255 257 265 268 273 280 291
58
1 3 11 12 20 23 27 33 39 43 45 60 69 91 92 93 94 103 109 114 116 119 121 129 131 159 161 164 165 178 180 183 187 192 194 197 198 199 202 210 212 219 221 231 233 238 245 250 252 258 268 269 272 278 283 290 292 296
69
3 5 9 10 16 20 22 24 25 26 30 32 34 36 42 48 58 61 63 64 65 73 82 86 90 100 105 106 109 111 114 118 119 122 134 135 141 146 155 156 158 159 160 163 164 181 185 197 198 203 219 222 225 228 230 232 233 235 239 247 257 262 263 264 269 286 289 293 299
50
5 15 20 22 24 30 36 42 45 46 50 56 70 71 89 91 96 99 117 126 127 129 130 135 138 139 141 145 147 152 156 163 164 166 172 183 186 201 206 213 215 217 220 249 267 277 286 292 296 297
65
8 23 24 40 44 46 48 50 51 53 57 61 62 65 69 73 81 82 83 96 99 101 125 129 133 135 140 141 169 175 176 196 198 200 206 207 210 215 217 218 220 221 224 229 231 232 238 240 247 248 252 253 260 261 268 269 271 273 275 280 281 283 284 285 296
63
1 10 13 16 20 21 22 23 26 32 35 44 52 55 59 61 68 70 73 86 100 103 106 108 113 117 118 122 123 131 144 148 151 157 164 169 176 182 187 193 194 200 201 203 213 216 219 229 231 232 234 236 246 260 262 269 271 274 277 285 290 295 300
50
1 9 19 22 23 27 35 46 68 75 76 77 80 82 89 91 96 102 105 106 111 115 120 123 139 143 150 155 159 165 169 174 176 177 178 195 196 213 220 221 231 240 242 244 248 251 258 265 269 299
56
13 22 27 31 32 40 52 67 69 75 78 80 81 82 84 85 88 91 94 97 100 103 105 106 109 114 115 117 119 129 131 132 133 139 141 144 152 155 166 182 183 198 202 207 214 219 239 242 249 262 265 277 285 293 294 298
75
1 3 4 7 8 22 23 27 29 30 31 34 40 49 55 58 67 71 72 76 77 82 85 86 88 89 94 99 102 104 106 109 110 112 114 120 122 125 128 129 137 138 140 142 145 146 158 161 166 173 175 177 179 184 189 202 204 206 212 214 223 224 225 226 230 238 250 252 256 261 267 269 276 295 299
66
2 5 9 12 29 31 32 38 40 43 45 46 47 50 54 58 73 75 82 86 87 88 94 97 99 113 114 123 127 140 144 145 149 150 152 159 160 163 175 183 188 194 200 213 214 219 226 229 231 244 246 251 256 262 267 268 269 270 271 274 280 281 282 285 289 294
64
7 9 11 14 18 23 33 34 38 50 54 62 80 81 91 93 95 104 109 111 118 124 125 128 130 131 132 137 139 142 143 144 145 146 156 157 163 167 169 170 181 182 191 194 218 219 221 225 227 228 232 233 235 236 237 246 247 249 251 255 263 266 276 292
50
12 18 23 28 40 42 47 50 57 60 65 88 101 117 134 135 136 147 149 150 156 158 160 170 171 180 184 185 191 198 213 239 240 241 245 246 254 259 262 263 266 267 270 271 274 275 277 294 295 300
62
11 17 20 22 25 29 40 45 46 55 57 58 66 69 74 85 86 92 101 105 106 107 114 128 130 132 147 153 155 156 158 163 166 167 173 176 181 184 185 191 196 202 203 208 213 216 217 220 229 233 237 239 244 251 254 255 256 271 276 282 298 300
63
3 20 27 39 41 42 46 47 48 49 53 58 60 66 67 73 76 81 83 85 89 91 96 99 114 116 122 123 134 143 151 160 166 170 182 185 186 187 188 195 198 199 200 202 204 210 215 219 222 232 236 252 254 261 269 270 275 278 281 288 295 297 298
71
1 2 4 7 9 11 12 14 18 24 30 32 39 44 51 53 56 68 71 73 78 86 88 93 107 114 118 119 120 121 122 126 127 130 133 135 138 140 143 145 153 157 162 165 166 167 174 177 179 183 187 195 201 207 213 226 228 234 238 242 252 253 254 257 267 282 285 291 293 294 299
63
5 11 12 19 36 38 39 40 41 43 45 57 58 60 61 63 66 69 81 83 91 92 106 108 112 115 118 122 126 132 146 148 152 154 159 163 177 185 187 189 190 193 205 216 217 222 238 241 243 249 255 258 260 267 272 273 278 280 283 285 294 297 298
