150 300
1.0 1.0 1.0 1.0 1.0 1.0 1.0 1.0 1.0 1.0 1.0 1.0 1.0 1.0 1.0 1.0 1.0 1.0 1.0 1.0 1.0 1.0 1.0 1.0 1.0 1.0 1.0 1.0 1.0 1.0 1.0 1.0 1.0 1.0 1.0 1.0 1.0 1.0 1.0 1.0 1.0 1.0 1.0 1.0 1.0 1.0 1.0 1.0 1.0 1.0 1.0 1.0 1.0 1.0 1.0 1.0 1.0 1.0 1.0 1.0 1.0 1.0 1.0 1.0 1.0 1.0 1.0 1.0 1.0 1.0 1.0 1.0 1.0 1.0 1.0 1.0 1.0 1.0 1.0 1.0 1.0 1.0 1.0 1.0 1.0 1.0 1.0 1.0 1.0 1.0 1.0 1.0 1.0 1.0 1.0 1.0 1.0 1.0 1.0 1.0 1.0 1.0 1.0 1.0 1.0 1.0 1.0 1.0 1.0 1.0 1.0 1.0 1.0 1.0 1.0 1.0 1.0 1.0 1.0 1.0 1.0 1.0 1.0 1.0 1.0 1.0 1.0 1.0 1.0 1.0 1.0 1.0 1.0 1.0 1.0 1.0 1.0 1.0 1.0 1.0 1.0 1.0 1.0 1.0 1.0 1.0 1.0 1.0 1.0 1.0 1.0 1.0 1.0 1.0 1.0 1.0 1.0 1.0 1.0 1.0 1.0 1.0 1.0 1.0 1.0 1.0 1.0 1.0 1.0 1.0 1.0 1.0 1.0 1.0 1.0 1.0 1.0 1.0 1.0 1.0 1.0 1.0 1.0 1.0 1.0 1.0 1.0 1.0 1.0 1.0 1.0 1.0 1.0 1.0 1.0 1.0 1.0 1.0 1.0 1.0 1.0 1.0 1.0 1.0 1.0 1.0 1.0 1.0 1.0 1.0 1.0 1.0 1.0 1.0 1.0 1.0 1.0 1.0 1.0 1.0 1.0 1.0 1.0 1.0 1.0 1.0 1.0 1.0 1.0 1.0 1.0 1.0 1.0 1.0 1.0 1.0 1.0 1.0 1.0 1.0 1.0 1.0 1.0 1.0 1.0 1.0 1.0 1.0 1.0 1.0 1.0 1.0 1.0 1.0 1.0 1.0 1.0 1.0 1.0 1.0 1.0 1.0 1.0 1.0 1.0 1.0 1.0 1.0 1.0 1.0 1.0 1.0 1.0 1.0 1.0 1.0 1.0 1.0 1.0 1.0 1.0 1.0 1.0 1.0 1.0 1.0 1.0 1.0 1.0 1.0 1.0 1.0 1.0 1.0 1.0 1.0 1.0 1.0 1.0 1.0
67
1 3 7 8 10 18 29 34 38 39 40 41 42 44 48 49 64 70 71 73 82 85 87 92 96 99 102 103 107 108 113 120 124 125 142 143 145 148 149 154 156 170 171 176 186 188 191 192 193 211 212 214 219 221 225 241 242 247 257 263 266 268 281 283 284 289 292
54
3 11 15 18 19 26 34 41 43 45 48 58 62 87 94 97 102 103 111 114 126 130 159 162 163 167 169 190 191 193 197 198 204 205 206 209 213 219 222 223 224 226 228 235 239 267 269 270 278 279 280 283 292 293
60
2 4 11 12 17 18 32 46 47 50 53 58 60 68 69 80 81 84 94 96 102 109 112 113 115 118 123 128 137 140 145 146 148 164 168 169 172 174 177 184 186 189 190 192 193 200 210 213 217 218 226 244 268 273 274 281 292 294 296 298
66
1 3 4 5 8 12 15 17 27 29 33 44 45 54 59 69 72 75 77 85 95 97 99 108 111 113 114 116 118 121 123 127 137 138 140 147 151 154 162 164 165 166 172 173 175 177 178 179 186 194 199 206 212 229 237 245 247 253 263 266 268 269 276 284 286 291
60
1 17 21 23 27 34 37 40 51 52 57 60 62 74 77 78 80 87 89 99 104 117 121 130 138 146 153 154 158 160 163 170 171 178 180 199 202 204 205 206 208 214 217 218 219 222 223 226 231 235 236 240 258 261 263 264 272 278 287 293
67
2 4 10 12 14 22 25 29 37 39 46 53 56 60 61 64 72 76 80 81 101 102 104 105 111 116 121 124 126 134 135 138 147 148 150 160 172 174 175 182 185 186 190 192 202 206 210 216 224 225 228 231 233 246 249 256 265 269 273 276 277 279 281 283 287 288 292
65
4 7 10 37 43 50 52 63 67 70 72 76 84 86 92 95 97 100 101 105 107 121 123 124 136 140 143 154 156 158 160 162 163 168 170 171 173 180 183 184 186 187 193 198 203 205 206 207 214 219 223 225 226 227 230 238 259 264 268 269 271 281 286 293 294
73
1 5 10 16 22 23 31 33 35 42 57 75 84 92 99 109 111 113 118 119 121 124 129 136 141 144 145 150 152 154 159 160 162 165 174 176 178 180 188 190 192 193 194 196 197 199 200 201 209 210 212 220 223 224 235 236 244 245 255 256 257 258 270 272 277 282 284 288 289 292 294 299 300
61
4 6 9 17 23 26 28 30 33 34 36 40 47 48 50 52 61 62 64 69 70 75 81 84 92 94 98 103 107 117 123 125 139 147 148 155 157 161 171 174 179 194 197 200 213 215 218 221 225 227 230 232 233 239 245 254 267 272 275 287 294
63
6 8 15 20 27 29 31 32 36 38 49 51 57 66 69 79 80 84 87 96 101 102 104 109 111 120 122 138 144 146 148 157 158 164 173 176 178 199 217 220 222 223 226 234 235 247 250 252 259 264 266 268 270 271 275 276 278 279 288 290 293 297 299
60
3 8 9 15 18 24 26 28 38 42 46 55 57 58 66 72 94 104 105 110 111 113 114 115 133 139 151 156 158 170 173 175 177 185 186 187 189 199 202 208 212 216 234 236 245 247 249 253 262 264 265 268 269 271 278 280 282 284 289 298
50
11 15 22 27 30 31 35 36 42 43 44 50 51 53 56 80 84 90 96 101 111 113 118 127 131 133 139 143 145 150 159 173 175 179 182 190 194 198 207 229 231 237 239 242 261 263 264 267 273 285
53
6 7 8 11 16 18 23 24 30 34 35 44 45 52 55 59 62 63 64 80 83 86 91 97 111 119 123 125 127 136 138 145 151 154 157 168 169 170 179 198 203 206 216 221 226 227 228 229 237 255 271 275 287
60
30 34 36 38 41 44 47 52 53 55 61 64 65 66 78 80 85 86 88 94 98 106 109 117 118 121 125 127 141 167 169 170 171 173 176 182 188 193 194 195 201 208 225 229 231 234 240 243 252 255 256 259 263 266 268 269 271 284 290 294
62
5 9 15 18 21 24 25 30 45 61 69 76 85 86 87 91 92 100 103 105 107 108 115 116 117 118 119 120 122 125 128 130 133 137 138 145 149 154 155 157 159 164 165 173 189 191 195 196 198 199 205 222 234 240 241 261 267 270 275 279 282 295
63
7 9 17 19 22 25 29 32 33 35 43 44 47 54 59 60 75 77 82 83 86 89 95 99 102 123 127 135 145 152 153 175 178 182 188 190 195 197 199 200 213 216 222 227 228 231 236 244 246 252 254 255 259 260 265 270 272 276 277 281 294 297 300
52
3 9 13 14 25 26 31 34 39 42 50 53 58 69 70 75 78 83 86 95 107 110 113 124 147 151 153 162 164 191 195 196 204 206 207 209 211 213 216 226 228 229 241 246 252 255 257 275 287 288 294 300
59
4 6 13 24 36 47 48 63 73 76 80 81 85 89 90 92 95 99 101 103 107 109 121 125 129 135 136 139 144 148 157 160 163 167 175 187 188 192 194 213 218 219 226 233 251 253 258 259 260 271 272 274 275 282 283 292 297 299 300
65
3 4 5 8 15 16 35 45 46 60 65 67 76 79 80 82 87 95 100 103 104 127 129 136 137 138 152 153 154 163 164 171 178 181 185 190 193 195 198 210 212 221 224 226 229 232 239 252 257 258 261 262 266 270 271 272 273 280 281 282 284 287 289 292 300
71
1 4 9 28 39 41 46 47 49 52 54 55 56 60 67 80 86 87 89 95 96 99 107 108 115 119 121 126 130 136 140 141 143 148 149 152 155 162 163 175 176 177 183 196 205 212 218 219 221 222 223 224 226 230 231 237 238 240 241 242 249 252 256 259 265 275 280 284 285 294 295
62
1 3 4 14 24 27 29 31 42 57 60 65 68 69 73 75 88 95 105 107 111 112 113 117 123 132 137 139 144 147 167 168 175 177 192 197 202 203 204 206 208 217 221 228 230 234 235 242 248 249 253 260 264 266 272 273 274 276 277 283 294 298
42
13 22 24 29 41 44 45 81 101 102 104 108 111 118 127 130 134 149 150 153 156 170 175 190 192 200 209 228 235 242 244 250 255 256 264 272 289 293 294 297 298 300
70
5 7 8 9 10 15 16 31 32 40 44 47 49 55 62 63 65 78 80 82 83 87 93 111 118 119 120 121 126 127 129 132 133 144 146 149 151 152 153 158 159 167 172 185 187 193 198 201 203 209 214 217 220 222 228 229 230 241 243 253 256 258 259 263 273 275 279 288 290 292
71
6 9 15 19 25 34 35 37 41 42 50 55 57 58 59 63 68 75 83 85 87 92 93 95 96 97 101 109 118 119 120 128 131 133 135 140 141 145 151 152 154 161 173 176 178 186 196 197 208 212 214 218 230 234 237 238 240 249 250 253 255 257 258 259 260 262 263 264 282 290 292
61
5 8 9 17 24 26 38 46 57 58 74 75 78 80 82 92 97 109 110 112 113 114 117 118 121 122 129 140 143 145 152 154 159 162 171 173 175 176 184 198 205 207 208 209 211 213 216 225 228 230 233 238 245 246 256 263 282 290 294 299 300
59
4 10 11 13 20 27 32 39 46 55 56 60 62 63 68 69 80 86 87 95 107 116 117 119 120 121 122 124 145 148 150 151 155 169 171 176 179 186 193 194 205 209 216 218 223 230 238 240 241 242 243 252 261 272 278 295 297 298 300
49
5 47 58 65 68 69 79 83 84 90 92 97 101 109 128 138 142 143 151 156 165 171 185 195 202 207 211 212 218 223 225 226 227 229 237 240 242 250 251 252 253 269 276 277 279 280 281 286 300
56
2 12 13 18 22 25 29 33 41 46 47 49 51 56 63 81 83 85 90 99 107 114 124 128 131 149 155 156 157 166 180 181 182 184 200 202 206 213 214 215 216 226 229 231 237 240 242 243 247 252 257 261 286 287 294 297
55
4 7 29 30 35 41 46 49 56 59 61 71 93 96 101 106 110 112 114 117 123 136 143 144 151 156 159 161 170 178 186 196 202 203 209 210 211 216 221 223 227 245 246 247 251 253 255 257 267 273 274 275 289 296 298
65
1 5 7 12 13 18 22 24 26 30 31 33 34 43 44 51 59 60 62 65 70 72 73 83 101 110 120 123 124 125 127 141 147 149 161 170 172 178 183 191 194 195 206 211 226 229 236 238 239 252 253 254 257 259 261 265 271 274 277 279 280 287 290 297 299
65
3 9 18 22 24 25 32 38 40 47 52 62 73 74 76 82 85 87 89 100 102 113 114 116 117 118 119 122 127 137 154 155 166 167 168 169 171 175 183 190 191 193 203 206 207 214 219 220 230 247 249 253 254 255 264 266 268 270 279 282 284 285 288 298 300
56
4 13 14 15 16 41 42 43 50 52 53 54 58 82 83 87 95 100 103 105 114 121 124 128 135 142 143 144 146 150 159 170 173 178 187 192 193 197 200 205 211 213 215 217 233 238 247 250 253 257 258 260 269 291 292 293
66
2 8 26 27 30 32 37 39 43 49 64 65 69 70 74 75 78 85 88 93 97 107 110 114 118 124 128 129 133 141 144 145 151 152 158 159 162 163 164 166 168 170 172 174 175 182 190 192 195 197 202 204 205 212 213 215 217 224 228 229 237 239 243 244 259 284
62
1 4 8 16 21 23 25 26 32 35 40 41 54 56 63 64 78 79 80 87 92 93 102 121 130 140 162 165 168 169 171 180 182 189 196 197 205 206 212 216 221 228 229 238 242 246 256 258 259 260 265 266 272 274 281 284 290 291 293 294 295 300
57
9 14 19 25 26 39 47 48 53 57 59 66 67 70 91 94 98 117 132 133 135 137 143 145 148 149 158 159 170 176 180 182 185 187 195 197 200 222 228 233 236 237 238 240 241 251 253 254 261 262 265 273 274 283 290 292 300
59
3 4 21 22 35 39 58 60 64 66 77 80 83 88 91 94 117 122 125 128 135 140 141 144 153 154 155 163 164 174 181 189 197 198 203 204 206 209 211 219 222 229 234 243 246 247 248 250 253 254 255 257 259 267 270 279 283 284 289
57
12 13 18 23 36 39 43 46 50 52 53 63 72 84 91 99 105 109 123 126 133 141 142 158 161 162 172 173 176 190 194 196 197 203 204 207 212 213 216 221 222 230 231 238 244 245 252 256 261 262 267 281 286 292 293 294 295
70
1 5 9 13 15 16 22 29 30 35 37 41 43 45 46 54 55 57 61 64 67 71 77 82 93 99 114 119 121 126 130 131 139 145 149 160 166 172 174 177 179 180 184 186 195 196 198 204 212 216 224 231 233 236 237 239 241 242 255 256 257 263 264 272 277 279 285 287 288 294
74
8 17 19 23 32 41 50 51 59 64 67 68 72 73 75 80 81 82 84 86 87 90 92 93 96 101 106 113 114 130 136 140 149 155 157 158 163 165 166 168 174 175 177 178 185 193 195 205 211 221 225 227 230 235 236 240 241 242 244 246 247 249 251 252 257 259 275 276 280 281 283 289 292 299
58
5 19 23 25 33 41 48 52 53 55 58 59 75 78 80 85 87 92 108 109 116 127 135 143 148 149 154 165 170 182 188 193 194 198 200 204 213 217 227 229 230 237 241 247 251 256 261 274 277 278 279 284 287 290 294 295 296 299
66
2 11 18 20 21 22 34 37 39 46 52 60 68 69 70 78 82 83 89 91 93 99 102 110 120 128 131 139 142 150 153 155 156 158 159 161 170 175 179 186 188 190 194 195 197 201 204 207 211 225 226 230 234 236 238 258 263 274 276 277 278 287 291 293 294 298
54
10 11 24 32 36 37 44 51 60 76 81 82 83 84 85 86 89 91 93 98 100 107 115 122 123 128 129 135 137 147 150 151 169 171 179 180 188 192 199 212 216 226 227 244 246 249 252 255 261 264 273 276 279 299
45
2 6 14 17 22 29 31 41 60 64 69 76 79 83 90 94 110 122 124 142 148 149 153 163 168 169 173 175 194 196 197 213 214 222 233 242 245 251 257 259 265 274 281 284 300
48
5 6 8 14 20 31 41 43 44 46 54 67 70 75 93 105 110 114 119 121 145 149 157 158 161 178 180 183 185 196 205 219 221 224 231 241 244 248 249 255 256 266 268 274 277 282 283 285
69
12 14 15 17 26 30 34 38 40 42 55 59 62 65 69 73 77 82 84 95 96 98 100 101 107 117 119 123 124 126 132 134 136 139 141 145 148 151 155 171 174 175 178 181 183 185 186 187 188 194 202 206 212 215 218 227 235 247 248 250 259 261 264 272 283 292 293 294 296
58
5 8 10 22 36 46 47 51 52 55 56 65 73 75 78 83 85 86 95 96 99 106 111 112 116 118 119 121 123 131 139 149 153 154 156 163 175 199 201 213 214 231 235 236 239 241 265 267 276 278 279 281 284 287 288 289 292 300
67
9 10 16 19 20 28 30 41 53 54 60 61 66 82 87 99 115 127 139 141 142 144 148 152 154 156 160 173 178 179 183 186 187 191 195 198 199 200 202 204 208 210 212 214 215 217 220 223 226 227 228 230 233 235 236 243 245 249 252 254 256 266 272 276 287 290 295
56
1 19 21 32 34 35 40 43 45 46 51 57 60 64 66 72 74 78 95 103 107 118 120 123 126 136 138 147 155 163 164 165 167 169 179 181 188 191 194 212 216 224 233 238 239 241 244 248 250 253 255 259 260 285 289 292
56
5 33 36 37 39 40 51 54 59 62 75 80 81 82 83 84 95 103 111 114 123 128 131 137 141 145 149 152 157 159 164 165 167 175 180 188 191 193 194 196 206 210 224 231 235 238 241 261 273 276 278 284 288 295 296 298
54
3 10 15 32 33 39 40 49 50 51 67 76 82 85 108 115 116 117 118 122 123 126 130 131 142 150 151 154 160 166 167 168 172 183 186 191 195 202 209 215 227 228 229 234 235 238 252 254 257 260 263 267 268 289
62
4 6 8 13 21 32 38 42 52 53 57 58 73 75 82 83 90 97 98 99 102 104 108 110 124 128 131 132 137 142 143 148 151 155 157 158 159 179 182 184 188 190 193 201 211 217 225 230 236 237 250 255 261 267 268 274 277 282 284 287 293 297
74
2 6 8 14 24 26 30 34 35 37 40 45 52 54 56 57 62 65 67 69 71 87 93 97 107 108 109 112 113 118 121 122 135 148 150 157 159 161 169 172 174 177 183 190 197 206 208 216 220 222 223 224 226 227 228 235 238 241 243 249 253 255 265 269 272 280 281 286 289 291 292 294 298 300
75
3 15 29 30 36 45 48 58 59 61 62 72 82 84 92 94 96 98 108 112 115 117 119 121 122 129 133 134 145 153 155 156 157 161 163 164 165 167 180 194 195 197 206 208 209 210 212 220 223 224 226 235 236 238 239 244 247 248 249 250 252 254 255 258 262 264 273 277 278 280 285 288 291 297 300
57
6 12 19 21 54 59 62 63 65 69 74 89 99 102 105 108 109 123 124 126 130 136 140 155 156 158 162 166 174 184 193 197 200 203 208 215 217 219 225 228 234 237 238 239 240 241 246 247 248 249 255 258 262 264 267 290 297
76
2 3 5 9 11 15 18 23 37 40 45 47 49 51 64 66 67 68 75 83 85 89 94 96 104 111 112 116 118 129 132 133 135 142 148 154 157 160 165 166 169 171 172 173 174 180 186 192 203 206 207 209 213 214 219 222 225 230 232 234 241 245 246 253 254 259 264 267 272 276 283 285 289 294 297 299
53
11 15 18 25 27 30 42 55 60 62 65 70 73 76 82 84 100 102 104 106 110 113 114 115 121 124 130 133 134 148 151 153 154 159 166 178 187 188 195 211 218 233 243 246 251 262 267 269 276 278 289 291 296
51
7 22 25 40 41 55 57 64 66 68 72 82 84 86 87 90 105 113 115 116 117 120 125 130 148 152 153 159 161 163 167 173 174 176 190 193 200 202 222 226 229 230 241 244 257 264 280 286 288 289 295
58
8 13 18 26 27 40 45 52 54 58 62 70 75 78 80 87 96 99 101 104 116 126 127 129 132 135 136 146 155 156 159 161 173 177 196 206 210 214 233 234 238 240 241 252 253 256 258 260 263 266 271 279 282 287 292 294 295 297
44
1 3 7 18 24 36 39 50 52 54 65 67 71 79 81 88 89 109 112 116 123 138 143 146 164 174 175 182 188 194 196 200 212 232 233 247 250 253 260 268 269 271 278 292
56
5 11 17 19 21 24 50 52 57 59 63 67 69 74 75 81 82 87 91 96 98 99 102 104 110 113 117 120 126 127 128 130 142 144 154 167 173 185 193 197 209 213 216 221 227 229 230 238 248 250 255 260 261 273 283 296
62
4 6 19 21 22 30 31 39 45 50 55 58 67 78 86 95 97 98 103 105 109 111 118 121 123 124 129 133 134 137 146 149 150 169 170 180 186 188 195 198 201 202 212 217 227 231 233 235 241 243 253 257 258 264 265 268 273 274 280 282 286 298
62
6 12 14 19 22 25 27 32 39 40 41 42 43 48 54 57 59 61 73 76 86 94 97 101 112 114 119 123 127 129 133 142 145 147 154 158 159 165 172 180 184 189 193 194 210 215 216 218 222 223 224 237 243 245 249 251 257 270 271 272 280 282
59
1 2 8 9 13 27 35 36 40 46 58 71 75 79 84 88 99 100 101 104 118 123 125 133 137 139 143 151 153 155 158 163 172 175 178 179 185 196 201 202 204 205 211 226 231 234 238 239 243 244 245 261 262 264 272 277 278 292 299
71
2 3 5 10 27 28 29 33 37 44 53 57 59 64 65 83 89 91 95 97 107 111 112 113 116 118 122 133 137 140 152 157 159 163 166 170 173 183 190 191 192 197 200 201 206 207 210 214 217 221 231 233 235 241 245 246 250 253 257 259 260 262 263 264 266 271 279 286 289 290 296
70
3 4 7 11 19 22 26 35 38 41 46 47 49 50 51 52 57 61 62 63 65 67 72 87 88 90 101 102 107 108 113 115 121 123 130 141 146 150 153 168 172 173 174 185 191 193 195 199 200 220 224 228 229 231 234 237 243 246 267 270 274 276 277 279 282 283 290 294 295 300
60
4 5 14 26 28 30 31 33 35 40 43 44 56 62 64 67 68 71 74 77 82 84 87 88 96 103 107 109 112 129 135 137 149 151 166 173 176 177 198 201 202 203 205 209 211 214 218 222 231 236 241 251 255 260 270 280 291 294 295 299
53
11 12 25 28 31 32 39 40 42 48 52 80 85 92 97 107 108 109 112 113 114 124 127 139 142 149 156 158 159 160 165 175 182 183 184 187 188 195 198 205 206 211 212 217 218 223 240 252 260 274 288 293 295
70
4 8 16 20 25 26 27 31 34 40 43 45 49 57 58 63 72 74 77 83 87 88 89 96 98 103 107 109 110 123 129 131 132 134 136 160 168 173 176 180 184 188 200 210 213 217 218 222 224 226 231 241 251 253 254 258 261 262 265 281 284 290 291 292 293 294 295 296 297 300
80
4 6 11 15 17 18 23 30 33 37 38 40 47 50 55 57 62 68 74 84 94 97 100 104 116 117 119 121 122 126 136 137 138 153 158 160 164 174 179 183 185 186 188 189 193 196 204 205 206 211 213 214 215 218 220 236 242 244 247 248 250 254 255 260 262 264 265 268 269 270 276 280 282 283 288 291 292 293 296 299
61
2 15 23 30 31 34 35 46 55 58 59 67 85 88 93 95 97 102 104 117 129 133 138 141 148 163 164 166 173 182 184 185 187 190 204 207 212 213 218 221 223 226 228 233 237 243 244 245 248 250 252 266 273 277 279 281 289 290 295 296 299
55
5 6 16 31 43 44 45 46 48 49 56 57 61 73 75 77 84 88 89 99 103 104 105 113 130 136 151 152 159 161 172 175 187 191 196 202 204 235 241 250 254 258 259 261 262 267 270 271 272 274 279 281 283 295 296
62
4 7 8 19 20 25 30 34 36 37 39 40 47 49 51 61 62 63 70 72 81 82 88 92 97 98 100 101 107 116 123 125 127 128 131 144 151 176 181 188 195 198 206 207 209 223 224 228 235 236 244 251 256 261 263 269 271 275 282 288 294 299
70
8 23 25 26 28 31 37 38 45 47 50 53 60 61 63 64 67 70 72 76 78 80 81 86 89 93 103 106 111 116 117 121 123 136 137 149 152 157 161 164 169 175 179 180 183 186 187 191 194 196 213 216 217 225 228 230 239 247 248 250 261 266 280 284 286 288 292 294 297 298
61
4 11 25 39 48 51 52 58 63 64 67 68 70 75 77 81 97 107 110 117 125 133 138 139 141 146 155 159 166 167 172 174 179 181 191 195 203 208 209 213 216 217 222 227 234 237 238 240 242 252 258 262 264 267 273 274 284 286 287 298 300
53
1 12 26 41 45 48 51 54 57 65 81 85 89 92 97 98 101 112 115 120 124 127 129 133 134 136 137 138 144 147 155 164 184 194 197 203 210 227 233 237 239 240 247 254 255 263 269 272 277 281 289 293 294
50
6 17 22 32 38 42 46 49 55 65 82 83 87 89 90 93 104 111 112 120 122 133 135 140 147 159 168 172 173 174 182 184 199 201 213 214 221 228 231 236 247 248 255 256 259 261 269 282 292 300
50
9 11 16 21 22 29 30 56 60 66 70 72 84 97 98 100 102 103 106 107 108 114 127 134 135 156 157 168 190 193 205 212 213 214 226 227 231 249 254 255 268 272 274 276 278 280 285 291 292 293
59
2 4 11 15 17 22 27 39 40 42 45 46 55 61 64 66 71 77 95 96 97 106 108 119 138 142 149 151 163 169 172 181 186 187 188 189 193 195 202 211 214 222 229 231 241 244 254 255 258 262 274 277 280 282 283 289 291 295 299
57
2 3 10 13 26 28 33 38 39 46 49 51 53 56 61 65 71 73 83 90 91 104 106 111 115 116 119 125 130 132 137 142 144 150 152 153 154 155 166 169 179 181 185 189 209 218 233 235 247 248 255 260 261 271 276 282 289
60
26 29 36 37 41 49 50 57 68 69 70 72 78 81 85 87 92 95 96 104 118 122 124 131 136 138 140 145 148 149 155 163 169 191 192 194 196 200 203 210 217 221 222 224 225 226 227 228 236 248 255 257 259 261 264 273 279 287 289 298
64
20 35 36 43 52 54 56 57 58 59 60 63 82 88 95 97 102 108 110 114 127 130 132 135 138 139 140 144 152 158 165 172 174 175 176 178 181 182 190 193 207 209 211 214 216 218 224 227 234 237 238 241 248 250 251 256 257 261 264 270 278 282 283 297
56
1 10 14 24 27 28 29 30 41 42 47 55 59 60 63 64 78 89 96 107 128 142 147 149 158 166 183 184 193 195 196 198 217 220 222 224 226 235 236 239 241 247 253 254 258 260 262 272 279 281 282 284 287 288 293 295
65
2 5 6 7 8 10 12 13 15 23 27 31 37 43 50 75 79 81 87 90 94 96 112 118 119 135 144 146 148 153 154 164 165 168 171 172 174 175 179 188 194 197 198 199 200 201 204 206 211 212 217 226 227 233 243 245 252 264 270 276 277 280 287 296 299
57
5 6 9 10 12 15 35 39 52 54 59 61 66 71 75 89 102 116 118 122 124 128 134 142 148 149 156 162 163 183 186 194 202 211 219 222 224 235 236 240 244 250 254 260 262 266 271 272 275 278 283 285 292 293 296 298 300
59
2 6 7 19 24 32 36 41 45 50 51 52 53 54 61 62 68 76 79 90 106 108 112 115 125 126 129 139 146 172 186 188 191 193 195 200 201 215 217 224 237 242 246 251 252 258 259 261 265 269 271 273 280 284 286 287 290 291 296
61
1 2 3 8 13 20 24 31 48 51 55 58 66 71 72 73 76 77 80 81 83 84 85 88 89 102 103 110 112 117 121 126 127 132 148 155 160 168 177 179 185 192 195 196 197 200 201 203 208 218 219 230 237 247 258 259 277 280 286 288 290
57
1 3 6 30 33 38 42 48 50 67 68 72 73 76 80 84 85 86 90 105 113 116 119 120 122 123 127 131 145 146 147 149 168 171 180 184 194 200 204 212 214 215 230 236 238 242 246 247 252 254 264 278 282 296 297 299 300
66
17 31 55 64 71 82 83 84 86 96 101 105 106 110 116 118 129 130 131 132 134 135 139 142 144 151 153 166 167 170 174 177 178 179 185 189 195 198 199 200 202 207 208 210 215 218 220 224 231 232 234 235 236 241 243 249 251 253 256 258 262 271 274 277 282 298
62
3 9 12 16 21 23 26 36 43 46 51 53 55 58 69 72 80 82 94 96 106 110 112 113 120 124 125 131 140 141 157 166 167 186 189 191 193 196 201 211 212 213 214 216 218 223 234 243 246 248 256 260 272 274 279 280 284 290 292 294 295 297
60
6 16 17 21 24 27 31 35 50 51 54 60 65 77 79 83 89 92 95 99 119 121 124 129 130 133 139 146 147 162 163 165 170 173 182 187 188 195 196 200 206 213 214 219 227 231 235 242 253 256 258 267 288 290 291 292 293 295 296 299
60
12 17 24 28 29 32 38 45 47 53 57 66 67 70 73 74 76 80 83 86 89 92 94 101 103 117 126 131 136 144 147 153 155 157 169 173 180 183 191 196 198 199 203 206 221 223 231 234 237 238 240 249 250 257 278 279 280 293 297 300
62
1 9 11 22 23 26 29 33 35 37 38 42 51 57 58 65 69 75 85 86 88 90 91 97 104 107 112 119 128 131 134 135 141 142 152 158 175 179 184 188 189 197 198 204 214 215 217 226 234 248 250 259 261 264 267 276 280 281 287 288 293 300
58
15 29 31 42 45 48 50 52 54 55 67 70 83 90 94 96 105 106 108 113 114 118 126 132 141 143 145 154 164 167 168 170 173 175 179 190 192 193 201 212 220 226 227 229 232 234 236 240 242 249 256 259 262 263 272 280 282 300
76
2 6 12 15 20 22 24 32 33 38 46 49 57 58 60 64 66 67 73 79 81 82 83 84 89 90 97 109 112 115 116 117 118 119 120 134 135 151 152 153 155 163 165 167 168 169 175 177 181 192 194 200 204 205 209 211 212 214 217 218 232 233 234 241 250 254 261 263 270 272 274 276 277 281 293 297
64
1 5 8 17 25 26 34 35 40 45 46 50 55 64 68 76 89 95 99 101 104 105 106 110 126 128 134 139 140 142 144 152 155 166 172 173 175 183 186 190 193 196 207 211 212 214 217 222 227 231 242 243 244 253 258 263 265 266 271 274 279 280 284 299
68
7 8 12 14 22 24 29 32 39 43 44 48 56 57 58 65 66 69 70 85 92 93 95 98 104 109 115 122 130 133 136 138 139 145 156 165 166 176 177 181 186 191 195 196 203 204 212 217 224 227 228 233 234 235 238 241 242 248 251 260 265 273 275 278 288 290 299 300
60
7 14 16 19 21 33 36 49 50 52 54 56 60 66 69 74 79 80 82 90 91 94 96 97 102 105 112 115 118 119 127 131 133 134 149 161 165 169 181 187 193 211 215 216 219 221 243 246 250 252 261 263 266 275 276 283 285 290 297 298
57
2 7 8 10 18 30 32 34 39 40 42 43 58 62 65 69 72 76 79 87 90 92 103 108 111 119 121 129 136 144 147 150 157 159 164 167 168 190 197 202 204 211 218 220 224 226 228 230 243 254 274 279 283 284 286 298 300
55
6 8 11 12 27 31 35 38 42 45 54 59 71 77 79 81 87 97 107 108 110 111 115 120 122 132 141 145 146 150 166 167 191 196 197 198 199 207 216 220 230 231 233 241 246 252 255 262 266 267 269 291 292 299 300
53
6 11 12 15 21 25 28 29 30 31 34 36 38 43 47 54 57 78 84 89 90 94 110 127 144 146 148 164 170 175 181 183 192 198 210 219 227 228 229 239 243 244 246 250 252 253 260 261 265 271 272 273 284
58
5 10 20 23 26 32 35 50 51 53 64 67 68 69 70 73 75 78 91 93 100 101 102 109 111 134 137 140 143 150 154 166 176 179 180 181 184 189 193 194 202 207 211 216 219 222 224 233 234 251 261 263 269 270 273 290 297 300
53
1 10 16 21 27 33 78 79 80 82 84 87 91 96 101 102 110 113 123 125 130 132 136 141 150 152 160 162 166 168 169 172 176 181 182 185 189 203 204 206 208 222 236 240 245 247 268 276 279 284 288 289 294
55
10 22 23 29 38 43 50 54 61 64 66 68 70 71 75 78 82 85 91 93 109 112 115 120 122 123 130 133 150 153 163 165 168 179 189 194 199 221 222 225 228 229 231 236 244 269 271 274 276 277 280 281 286 295 296
59
2 6 9 11 12 14 16 17 18 33 38 46 50 61 66 69 91 104 107 111 116 119 121 140 143 149 150 153 167 174 179 181 185 199 201 202 203 208 212 214 218 234 243 249 251 253 256 259 267 268 269 273 274 277 284 290 294 295 300
68
5 7 12 13 17 20 25 64 68 72 73 76 79 82 88 92 93 95 101 105 117 119 120 131 135 136 137 138 146 152 159 161 163 165 167 170 172 179 184 185 186 191 193 197 199 200 206 207 208 215 217 218 227 241 248 254 256 258 263 266 267 269 273 278 280 284 291 294
74
1 4 5 6 9 10 11 12 13 18 21 23 24 27 30 32 36 37 46 52 54 55 69 73 81 86 89 91 94 103 105 108 113 117 121 122 126 132 141 144 150 155 158 166 170 174 180 181 184 185 189 197 202 203 207 208 210 214 226 237 239 246 251 253 256 259 270 275 278 283 287 289 292 298
55
8 20 22 28 29 39 45 46 52 70 71 72 78 80 82 84 94 101 102 109 118 134 137 140 147 151 153 168 173 188 190 197 205 209 211 214 217 218 224 229 230 241 247 250 252 265 267 269 275 276 277 280 283 289 298
48
3 6 24 25 27 28 37 40 46 59 60 62 64 66 69 73 85 92 107 111 132 135 142 143 151 167 169 175 184 186 198 200 214 217 224 244 250 251 252 260 262 263 268 277 278 280 291 293
63
6 7 17 21 26 30 31 38 39 42 48 66 68 74 77 82 86 98 101 105 106 109 110 116 124 127 128 129 134 136 141 147 158 159 163 170 173 183 187 198 200 202 205 213 214 220 226 228 230 236 242 246 254 264 265 270 271 272 277 284 289 291 296
57
9 12 21 22 23 25 27 35 37 40 45 51 55 60 63 65 68 72 76 81 85 91 94 115 118 119 150 158 159 164 170 176 185 190 191 198 201 202 204 216 226 234 239 248 250 255 256 261 264 267 277 279 282 283 285 295 298
63
2 5 8 10 15 18 19 42 48 49 51 54 64 65 72 73 75 86 90 92 93 95 99 103 109 110 115 131 135 142 148 154 159 168 170 171 178 189 200 204 206 210 213 217 222 223 224 225 226 238 254 257 258 267 268 269 275 276 283 284 285 296 297
54
3 5 13 14 17 29 36 38 40 47 53 58 59 71 82 84 86 88 89 93 98 107 131 138 144 145 149 152 157 161 169 173 181 182 188 191 196 199 200 207 213 217 218 231 253 261 263 265 268 270 293 296 298 299
55
3 8 15 20 22 25 29 34 39 40 44 49 51 53 62 72 79 80 81 91 99 101 102 110 117 120 124 133 144 146 151 153 163 169 176 183 191 195 204 208 211 219 224 227 233 234 254 257 260 274 279 290 291 296 300
68
10 12 20 23 26 27 28 29 30 38 40 57 58 69 72 75 77 81 85 86 107 111 116 117 121 125 127 130 134 136 154 157 161 163 166 173 178 180 189 191 198 199 200 202 206 212 213 216 220 221 222 229 233 240 250 252 254 256 262 265 274 275 279 281 284 296 299 300
71
1 7 12 13 14 18 20 29 31 32 33 36 39 49 62 65 66 70 73 76 82 93 97 101 103 108 110 118 119 124 132 133 135 138 139 141 148 166 174 176 178 179 183 184 191 197 209 211 216 219 221 223 224 230 231 240 242 243 244 246 247 249 251 253 268 270 272 274 279 285 288
67
4 5 6 7 15 16 26 29 33 37 39 41 43 47 48 57 62 74 80 83 84 85 88 93 101 105 110 112 115 120 128 131 134 137 140 152 154 158 163 167 169 180 183 190 192 195 199 215 219 221 228 233 234 236 238 240 253 254 255 262 263 270 280 281 289 293 299
60
5 17 21 24 32 33 35 40 45 47 48 54 63 81 89 90 91 92 95 100 108 109 121 123 132 133 136 141 150 159 169 170 173 175 187 195 196 197 211 220 225 226 227 236 237 239 242 243 244 245 248 255 256 263 265 272 276 280 281 295
53
4 7 12 13 16 24 36 37 42 43 47 53 57 60 61 62 65 86 94 107 115 116 117 123 126 144 148 153 159 182 188 197 204 211 215 217 224 225 235 236 238 244 247 255 258 261 265 266 270 271 290 293 296
51
5 11 16 18 19 22 38 40 44 47 56 63 73 74 81 83 89 97 99 100 101 115 134 140 151 152 171 175 183 193 195 209 210 219 223 231 235 241 252 256 258 260 273 274 277 280 284 288 292 294 296
59
4 10 12 13 17 18 20 31 34 35 43 46 48 49 59 65 68 69 71 75 80 82 85 94 105 112 117 118 120 122 125 130 147 150 154 157 164 169 170 173 174 177 179 184 195 198 199 203 209 212 238 242 246 272 276 284 289 295 298
71
8 9 17 20 23 28 29 31 35 36 52 58 61 62 67 70 74 79 80 81 86 87 88 91 99 106 110 112 124 131 132 137 141 143 144 152 155 156 159 164 165 166 183 188 189 190 194 195 196 198 201 205 215 218 219 222 224 228 229 231 234 239 249 251 255 260 264 269 274 278 295
52
1 5 6 18 19 27 30 34 36 49 50 53 65 74 79 81 82 83 84 85 87 94 99 103 116 121 131 137 139 146 157 163 170 172 185 188 193 199 203 206 207 212 220 245 246 254 266 273 280 286 289 291
63
4 11 17 25 28 33 36 38 41 47 49 54 55 62 63 70 74 79 80 83 97 105 110 111 122 123 125 132 136 138 148 149 152 187 189 191 195 199 202 212 217 218 220 222 226 242 244 245 248 253 254 258 260 272 275 278 281 285 289 293 294 296 299
55
12 19 20 33 44 62 65 69 71 73 80 83 84 86 88 97 98 104 111 114 120 129 131 136 138 140 146 149 159 162 165 177 186 188 189 190 200 204 207 208 220 231 235 238 244 249 251 255 261 265 268 277 278 290 293
60
4 6 22 23 32 35 39 41 43 51 52 59 70 71 74 78 82 84 98 103 109 118 120 121 122 125 126 131 145 146 148 149 150 151 152 154 156 159 162 166 177 186 202 207 222 224 228 231 237 247 249 254 256 260 267 276 284 289 295 300
54
4 6 8 14 17 37 38 40 42 50 66 74 76 80 82 83 84 90 96 97 99 100 101 107 108 115 124 126 136 140 141 145 146 152 157 160 166 173 182 185 189 200 201 206 207 211 226 229 243 249 263 281 288 291
58
2 4 7 10 20 21 27 29 42 51 53 54 60 73 79 81 84 85 93 98 99 100 104 110 115 120 135 138 140 143 144 147 149 152 158 169 170 176 184 191 194 198 201 205 209 210 213 219 227 230 234 242 247 253 264 269 271 272
50
8 10 26 32 40 41 43 44 46 50 54 61 72 73 76 91 101 105 120 122 129 137 152 157 158 160 161 170 176 185 190 195 196 208 209 233 236 242 244 249 252 259 262 263 266 273 279 284 290 292
63
6 12 14 17 23 27 36 47 51 56 61 71 76 78 80 84 86 92 125 134 135 139 140 143 146 149 155 156 158 160 163 166 167 177 181 188 191 192 200 206 208 210 218 222 225 226 227 229 235 236 238 243 249 257 265 277 280 281 284 286 293 295 296
70
21 23 32 33 36 37 39 44 48 53 56 57 63 66 67 71 78 90 93 96 100 101 115 121 130 134 136 138 147 148 155 161 162 163 166 169 171 189 193 196 197 199 202 209 210 213 218 221 222 235 237 238 239 244 246 247 248 254 263 265 266 268 269 272 278 279 281 282 293 294
56
1 3 12 13 15 32 40 42 44 46 61 70 72 74 75 77 99 102 103 113 116 118 130 136 139 147 151 156 159 163 165 176 177 178 186 193 195 201 207 210 224 232 239 241 248 252 255 256 267 269 273 282 284 287 291 300
73
4 7 8 9 11 14 20 21 22 23 28 35 37 39 41 50 51 55 56 62 67 71 72 73 74 77 82 96 100 103 104 108 112 134 135 137 138 139 148 150 158 163 175 184 186 187 199 201 210 216 217 218 220 221 223 231 232 233 234 240 245 259 261 263 270 271 274 280 284 286 288 290 300
70
3 5 9 12 24 25 27 30 32 34 37 41 45 47 50 52 53 56 63 68 72 74 76 82 83 85 91 95 104 119 123 131 138 147 150 156 163 168 170 174 175 179 181 189 190 192 200 207 211 215 216 218 219 223 229 243 252 253 257 258 260 270 274 281 283 285 289 291 294 300
64
6 10 11 21 24 28 29 32 33 35 39 42 48 53 63 72 74 75 80 85 87 89 98 99 100 104 108 111 114 116 119 122 133 138 139 140 143 153 158 159 166 170 175 183 196 200 201 202 207 213 217 222 225 247 252 261 273 275 277 280 285 287 289 293
64
4 21 22 24 39 40 43 44 52 53 55 57 58 61 69 81 86 89 91 97 103 109 110 111 121 127 130 131 138 146 149 151 152 157 158 172 175 181 186 188 192 207 210 213 215 233 239 244 255 256 257 261 263 264 272 274 275 276 277 282 290 291 293 297
61
7 11 15 27 31 33 35 39 48 49 55 57 75 84 86 87 89 92 98 99 101 102 108 110 115 118 126 127 139 151 152 153 157 161 162 164 165 168 173 175 178 190 204 206 214 220 222 236 238 242 243 251 257 258 261 263 266 271 275 299 300
58
1 2 5 7 17 18 19 20 34 35 36 37 48 52 60 62 63 66 67 71 83 120 124 127 128 138 140 141 145 153 155 169 174 185 187 192 194 197 204 205 208 211 213 215 218 221 231 234 238 240 241 250 253 254 255 257 272 300
60
2 7 13 37 40 51 57 59 67 68 71 72 73 75 80 83 88 91 93 94 95 96 98 103 110 113 117 122 133 145 149 152 163 164 167 169 175 184 188 198 202 203 204 205 224 228 229 233 234 237 240 241 251 258 261 269 272 284 286 293
74
5 9 10 11 14 17 24 25 34 36 38 42 43 51 53 57 59 63 64 67 70 71 77 81 85 90 96 97 102 105 106 119 127 139 141 142 144 153 156 165 172 175 186 188 190 204 205 208 216 218 219 220 229 232 233 235 238 250 253 262 264 266 270 271 272 275 276 279 281 286 287 291 292 298
47
7 11 14 18 23 25 33 39 42 45 47 53 55 63 67 83 109 110 126 132 136 139 143 151 170 178 179 182 199 201 206 208 209 210 211 212 222 231 234 235 236 256 275 281 283 292 300
67
6 9 17 18 21 26 27 33 47 55 68 69 78 79 82 83 86 87 89 92 96 98 106 107 118 119 120 126 128 129 130 133 136 145 151 156 160 164 167 168 169 177 187 190 193 198 202 203 209 210 212 217 220 226 241 245 248 255 265 273 276 278 281 282 283 288 291
68
4 15 16 18 26 28 31 32 38 42 48 50 52 58 74 81 82 87 88 91 104 110 112 113 114 120 126 128 131 132 136 139 143 150 152 161 167 174 177 182 194 196 198 201 202 204 206 208 219 221 225 231 232 254 262 266 267 268 269 272 275 277 287 288 289 292 296 299
56
3 7 12 14 22 27 32 67 68 79 80 82 85 90 92 95 99 102 106 115 133 134 139 141 144 147 156 157 160 164 170 175 178 186 191 197 204 206 218 227 230 235 241 242 247 250 251 259 261 262 271 274 276 288 293 295
65
8 10 11 20 33 35 40 51 52 54 58 59 67 70 79 83 85 97 100 103 105 110 114 122 133 140 141 143 145 152 156 175 176 180 182 187 188 193 194 198 199 202 204 207 220 226 230 233 236 242 246 247 250 254 259 268 272 274 275 281 285 288 290 294 297
53
3 4 9 17 20 24 26 31 33 51 53 64 65 66 71 77 105 111 113 114 130 142 143 144 149 151 159 160 167 173 177 179 186 192 195 206 209 212 218 234 235 240 241 242 248 250 260 266 268 275 278 284 285
64
3 6 11 15 19 26 28 34 42 54 62 63 64 77 82 85 99 100 101 102 104 105 107 109 116 122 127 131 133 135 139 142 143 150 155 158 165 168 173 174 178 181 185 190 192 200 201 205 211 212 213 216 219 232 233 247 248 250 257 275 287 293 295 299
65
2 21 23 31 35 38 43 44 53 55 58 59 65 72 73 88 93 100 101 102 110 121 123 127 128 135 140 141 150 151 155 163 166 169 170 176 182 183 185 194 195 214 223 225 227 234 235 237 243 246 250 253 259 261 267 270 271 272 274 277 285 286 289 291 294
57
4 15 16 21 38 52 53 61 62 80 81 87 106 109 111 112 113 121 123 128 130 139 140 151 158 159 163 166 167 170 176 179 186 188 191 194 195 197 201 207 219 224 225 232 234 235 239 242 247 263 268 274 281 285 289 293 300
66
4 7 8 10 17 22 24 26 41 50 55 62 63 66 70 72 75 76 80 81 87 101 114 115 119 120 121 123 133 139 146 150 151 153 154 159 160 166 168 170 171 173 175 176 177 179 183 188 203 207 210 213 235 241 244 245 256 265 267 272 276 280 284 287 295 299
66
1 9 17 18 20 21 23 27 41 43 45 46 48 56 60 64 72 76 80 81 83 86 89 91 93 95 101 102 124 126 139 143 144 145 146 153 161 167 168 169 176 180 181 182 183 187 191 192 197 203 205 207 222 225 232 234 249 262 263 271 278 279 281 285 292 294
