50 100
1.0 1.0 1.0 1.0 1.0 1.0 1.0 1.0 1.0 1.0 1.0 1.0 1.0 1.0 1.0 1.0 1.0 1.0 1.0 1.0 1.0 1.0 1.0 1.0 1.0 1.0 1.0 1.0 1.0 1.0 1.0 1.0 1.0 1.0 1.0 1.0 1.0 1.0 1.0 1.0 1.0 1.0 1.0 1.0 1.0 1.0 1.0 1.0 1.0 1.0 1.0 1.0 1.0 1.0 1.0 1.0 1.0 1.0 1.0 1.0 1.0 1.0 1.0 1.0 1.0 1.0 1.0 1.0 1.0 1.0 1.0 1.0 1.0 1.0 1.0 1.0 1.0 1.0 1.0 1.0 1.0 1.0 1.0 1.0 1.0 1.0 1.0 1.0 1.0 1.0 1.0 1.0 1.0 1.0 1.0 1.0 1.0 1.0 1.0 1.0
24
1 3 9 11 15 19 21 28 43 44 47 54 61 67 69 75 77 78 82 84 90 92 93 97
16
9 10 12 21 22 25 26 31 34 42 48 55 64 66 68 70
21
9 10 14 21 27 30 32 33 39 44 48 56 60 63 64 65 69 76 77 99 100
20
6 8 17 23 26 32 36 48 51 52 53 54 58 62 64 68 73 88 93 97
21
1 2 13 15 16 17 34 38 47 51 57 58 65 67 70 71 77 79 88 90 94
22
5 11 20 25 30 32 33 38 46 48 61 69 74 75 82 89 90 94 97 98 99 100
26
1 2 13 17 22 24 26 30 32 42 43 48 49 50 51 54 57 60 70 71 74 91 92 93 95 97
21
3 11 24 25 28 30 39 43 49 50 52 61 62 63 65 66 69 70 87 93 95
21
2 11 19 20 25 34 38 41 44 48 51 59 60 64 69 70 74 88 91 93 96
19
5 7 10 18 35 36 44 49 51 58 63 64 65 74 84 89 97 98 99
18
7 9 12 16 31 36 37 52 54 55 66 75 76 79 81 92 95 96
18
13 17 22 25 30 36 38 39 44 49 54 59 60 68 79 89 91 96
13
12 20 29 30 38 55 59 74 89 90 93 94 95
22
4 10 16 19 34 42 53 55 56 57 60 71 72 74 80 81 82 88 90 92 97 99
23
10 17 19 27 31 42 44 50 58 61 67 70 72 75 78 79 90 91 92 94 96 99 100
25
3 6 15 23 24 25 28 29 30 37 38 43 44 52 53 58 62 70 75 80 84 91 96 97 99
12
9 18 22 32 35 62 63 73 82 86 96 99
18
22 26 44 47 48 49 51 64 66 70 71 76 77 84 93 95 96 100
20
2 8 13 14 15 21 31 33 34 45 52 53 64 65 71 72 76 89 95 99
21
11 13 15 18 21 22 30 36 39 51 53 54 58 59 76 78 82 83 91 94 100
24
8 14 15 16 19 20 23 26 41 46 55 58 61 62 63 64 66 70 72 84 86 88 97 98
20
1 5 8 15 28 29 31 38 44 48 49 50 51 58 64 75 79 84 94 99
16
4 13 15 20 21 35 37 40 43 46 49 56 76 85 88 90
21
1 10 16 22 24 34 35 37 38 40 54 56 58 60 61 65 76 77 83 86 97
19
6 9 21 28 34 35 36 41 46 47 51 56 64 70 78 80 89 97 99
21
3 13 15 16 32 37 38 40 52 53 60 63 64 65 73 76 77 84 87 88 100
25
10 14 15 18 22 30 31 38 39 42 50 53 55 62 66 67 68 73 75 87 89 92 93 94 96
14
1 7 12 15 18 20 26 29 66 75 78 85 86 91
24
7 8 9 15 16 19 20 27 35 45 52 54 57 60 63 64 67 70 73 74 76 78 80 92
14
6 9 12 24 39 52 56 62 68 69 74 81 83 90
14
5 11 17 18 26 34 48 54 70 82 89 92 93 99
22
6 7 11 14 16 17 18 19 23 26 29 35 37 41 49 56 58 68 83 86 88 96
13
3 5 9 20 21 33 45 58 59 67 71 73 96
17
8 14 18 27 32 40 51 53 56 58 62 76 78 80 85 89 94
27
1 5 6 10 13 15 18 29 35 36 45 46 54 58 60 64 65 71 73 75 77 78 81 84 91 94 96
20
1 3 9 16 23 24 33 42 48 52 56 58 59 62 67 68 70 82 95 100
26
10 11 15 17 21 22 25 31 33 35 41 44 47 49 50 52 59 65 68 71 77 83 85 89 91 98
15
1 5 11 22 29 42 54 58 62 70 71 73 79 90 95
23
2 4 5 15 16 20 24 29 32 35 48 55 56 59 61 65 66 67 68 84 87 92 96
18
7 9 15 19 20 23 32 44 53 54 57 65 74 76 83 87 99 100
23
1 9 11 15 16 23 26 29 34 36 39 48 56 58 63 66 71 76 77 81 84 86 99
21
1 2 7 8 12 19 23 28 33 38 41 48 49 64 66 68 75 77 85 89 90
15
5 11 22 25 30 33 35 37 52 54 63 68 83 84 97
20
1 3 4 7 16 20 21 25 28 35 46 54 60 65 68 71 79 89 96 99
15
16 23 26 33 47 49 50 52 58 59 62 65 74 84 92
20
5 9 16 17 20 29 30 38 39 42 55 56 57 58 71 86 88 89 93 95
22
1 6 9 10 22 28 30 35 42 44 46 49 53 67 75 76 77 88 92 93 98 99
20
9 10 13 19 20 23 24 25 27 31 34 35 36 68 73 81 84 92 95 97
29
7 12 15 18 22 23 28 39 40 41 44 46 47 50 52 62 68 70 72 76 78 79 81 83 85 87 90 95 98
18
5 10 16 31 38 44 46 49 53 55 58 61 65 66 67 71 79 83
