50 100
1.0 1.0 1.0 1.0 1.0 1.0 1.0 1.0 1.0 1.0 1.0 1.0 1.0 1.0 1.0 1.0 1.0 1.0 1.0 1.0 1.0 1.0 1.0 1.0 1.0 1.0 1.0 1.0 1.0 1.0 1.0 1.0 1.0 1.0 1.0 1.0 1.0 1.0 1.0 1.0 1.0 1.0 1.0 1.0 1.0 1.0 1.0 1.0 1.0 1.0 1.0 1.0 1.0 1.0 1.0 1.0 1.0 1.0 1.0 1.0 1.0 1.0 1.0 1.0 1.0 1.0 1.0 1.0 1.0 1.0 1.0 1.0 1.0 1.0 1.0 1.0 1.0 1.0 1.0 1.0 1.0 1.0 1.0 1.0 1.0 1.0 1.0 1.0 1.0 1.0 1.0 1.0 1.0 1.0 1.0 1.0 1.0 1.0 1.0 1.0
6
58 60 62 64 68 84
5
11 36 47 48 80
10
13 42 48 49 57 67 74 80 85 97
9
1 3 18 39 50 64 75 78 84
13
10 26 34 43 57 59 62 63 65 80 88 89 97
12
28 46 51 52 67 69 81 82 83 94 96 99
7
21 23 64 66 76 95 99
9
3 34 36 37 58 64 70 87 94
5
4 43 54 70 88
10
1 13 24 33 35 41 51 64 68 95
10
6 18 27 33 40 42 46 52 98 100
11
4 8 9 23 38 59 62 67 79 82 99
9
16 21 36 40 52 56 58 69 93
13
1 5 7 20 21 25 34 36 57 73 91 92 95
10
11 18 22 33 51 69 80 85 95 100
6
50 51 52 90 91 94
6
6 7 52 81 91 93
6
43 49 58 63 86 100
10
1 4 10 23 26 28 34 46 60 66
8
4 14 17 46 52 56 68 80
8
25 29 30 67 68 72 92 93
10
9 11 23 34 46 49 63 76 93 96
9
8 11 21 37 43 48 72 73 94
10
13 19 22 32 34 45 61 85 86 92
10
16 17 19 29 30 50 76 86 87 94
9
1 7 11 19 30 60 75 78 98
7
2 36 42 44 61 68 100
18
1 6 11 15 31 35 36 38 45 51 52 54 56 58 65 91 92 98
9
3 6 10 27 52 75 79 91 94
13
16 30 37 45 51 52 54 55 60 61 85 92 99
11
6 17 23 36 37 49 66 68 82 89 92
13
3 9 26 36 43 47 64 70 81 85 88 93 100
9
13 44 52 56 67 80 82 91 96
14
6 9 15 19 22 23 27 49 51 54 60 61 89 99
16
3 6 8 9 21 27 43 45 53 55 60 74 75 76 82 83
11
11 22 26 28 38 39 44 52 61 86 90
12
9 10 15 24 25 35 37 43 45 48 73 88
10
11 20 31 42 43 61 62 84 86 90
7
9 52 54 58 61 66 89
12
1 12 31 38 50 51 63 64 67 69 92 93
17
8 15 19 21 25 28 37 39 40 47 51 55 70 74 82 84 91
9
5 10 27 42 44 66 86 92 100
11
11 28 29 35 39 52 71 79 80 84 98
9
8 18 23 27 59 60 69 90 95
11
1 5 17 26 45 64 69 71 77 81 91
9
7 24 34 54 58 60 68 75 100
11
2 26 57 58 63 69 86 88 94 98 99
10
12 18 19 25 54 61 72 82 83 96
10
2 19 23 35 41 42 48 64 71 83
10
5 11 48 52 71 88 90 91 92 100
