150 300
1.0 1.0 1.0 1.0 1.0 1.0 1.0 1.0 1.0 1.0 1.0 1.0 1.0 1.0 1.0 1.0 1.0 1.0 1.0 1.0 1.0 1.0 1.0 1.0 1.0 1.0 1.0 1.0 1.0 1.0 1.0 1.0 1.0 1.0 1.0 1.0 1.0 1.0 1.0 1.0 1.0 1.0 1.0 1.0 1.0 1.0 1.0 1.0 1.0 1.0 1.0 1.0 1.0 1.0 1.0 1.0 1.0 1.0 1.0 1.0 1.0 1.0 1.0 1.0 1.0 1.0 1.0 1.0 1.0 1.0 1.0 1.0 1.0 1.0 1.0 1.0 1.0 1.0 1.0 1.0 1.0 1.0 1.0 1.0 1.0 1.0 1.0 1.0 1.0 1.0 1.0 1.0 1.0 1.0 1.0 1.0 1.0 1.0 1.0 1.0 1.0 1.0 1.0 1.0 1.0 1.0 1.0 1.0 1.0 1.0 1.0 1.0 1.0 1.0 1.0 1.0 1.0 1.0 1.0 1.0 1.0 1.0 1.0 1.0 1.0 1.0 1.0 1.0 1.0 1.0 1.0 1.0 1.0 1.0 1.0 1.0 1.0 1.0 1.0 1.0 1.0 1.0 1.0 1.0 1.0 1.0 1.0 1.0 1.0 1.0 1.0 1.0 1.0 1.0 1.0 1.0 1.0 1.0 1.0 1.0 1.0 1.0 1.0 1.0 1.0 1.0 1.0 1.0 1.0 1.0 1.0 1.0 1.0 1.0 1.0 1.0 1.0 1.0 1.0 1.0 1.0 1.0 1.0 1.0 1.0 1.0 1.0 1.0 1.0 1.0 1.0 1.0 1.0 1.0 1.0 1.0 1.0 1.0 1.0 1.0 1.0 1.0 1.0 1.0 1.0 1.0 1.0 1.0 1.0 1.0 1.0 1.0 1.0 1.0 1.0 1.0 1.0 1.0 1.0 1.0 1.0 1.0 1.0 1.0 1.0 1.0 1.0 1.0 1.0 1.0 1.0 1.0 1.0 1.0 1.0 1.0 1.0 1.0 1.0 1.0 1.0 1.0 1.0 1.0 1.0 1.0 1.0 1.0 1.0 1.0 1.0 1.0 1.0 1.0 1.0 1.0 1.0 1.0 1.0 1.0 1.0 1.0 1.0 1.0 1.0 1.0 1.0 1.0 1.0 1.0 1.0 1.0 1.0 1.0 1.0 1.0 1.0 1.0 1.0 1.0 1.0 1.0 1.0 1.0 1.0 1.0 1.0 1.0 1.0 1.0 1.0 1.0 1.0 1.0 1.0 1.0 1.0 1.0 1.0 1.0
63
7 11 12 13 18 19 23 24 40 45 62 74 75 78 80 81 83 87 94 99 104 108 114 116 117 121 123 125 130 135 137 146 152 155 157 158 169 174 175 176 178 179 193 199 205 218 221 228 232 234 236 242 244 257 258 259 269 273 274 275 278 282 289
57
7 13 22 23 29 32 38 41 45 47 52 53 57 59 65 69 71 75 78 81 82 102 109 117 118 120 122 127 129 133 134 137 138 140 150 152 164 167 191 200 216 219 226 236 238 240 254 256 257 262 268 270 272 289 292 297 298
64
16 20 24 27 30 32 36 38 53 59 60 63 64 73 77 84 90 92 97 99 103 108 113 117 121 122 126 131 135 139 143 145 151 155 156 163 165 170 177 183 199 200 204 212 213 214 222 228 231 233 241 245 249 253 254 255 260 263 267 273 276 279 283 285
50
2 11 18 36 43 46 50 51 61 62 80 81 84 89 108 129 138 140 142 148 149 152 158 161 163 164 165 174 180 183 184 190 191 194 197 206 210 211 216 225 229 244 247 260 268 269 283 292 297 299
53
11 13 14 25 26 31 47 52 56 57 60 62 64 69 72 82 101 111 118 121 128 131 140 141 144 156 164 166 167 173 175 176 180 181 182 185 191 194 195 202 207 217 218 221 227 232 260 266 268 269 274 281 282
52
2 5 13 16 17 23 27 38 48 58 59 61 64 69 70 71 73 77 96 107 112 113 115 123 124 125 130 139 151 163 167 172 176 178 184 196 199 202 206 209 211 222 224 225 226 231 237 255 257 267 277 298
78
4 9 17 19 23 32 34 35 38 39 44 56 57 58 61 64 65 70 71 72 73 77 81 84 92 96 100 102 107 120 122 125 131 137 138 142 148 149 151 159 165 167 168 170 172 174 180 185 187 189 191 192 194 196 198 206 207 208 211 218 219 220 233 235 240 241 254 257 260 262 263 265 266 277 285 286 287 300
50
1 15 17 18 19 21 32 51 54 63 64 65 78 88 89 97 102 103 116 118 125 129 132 134 143 159 170 175 176 180 183 190 195 198 201 205 206 214 219 224 226 232 233 251 253 261 279 286 297 300
67
3 11 14 23 32 34 36 38 47 59 61 65 68 73 79 80 86 88 90 93 100 107 110 111 117 121 122 126 128 136 142 149 153 156 162 163 173 174 176 177 178 187 188 189 190 193 196 207 209 218 231 235 244 245 258 260 262 265 272 273 275 277 278 279 281 297 300
66
3 20 30 31 38 39 40 48 50 52 56 64 69 86 88 89 93 105 117 126 129 132 153 158 159 161 167 169 170 176 177 180 181 185 195 198 201 202 204 205 206 207 210 211 215 222 223 224 226 227 229 233 237 239 240 248 251 253 257 265 267 275 285 287 290 300
52
1 13 14 26 28 29 36 45 55 58 61 68 70 71 85 98 100 106 108 113 117 121 122 124 126 130 136 154 158 161 175 180 186 196 198 200 202 203 223 227 231 232 246 247 250 254 261 264 265 273 282 296
72
3 5 8 13 24 27 31 34 41 45 46 47 51 52 64 77 79 81 83 86 88 92 94 95 103 108 111 114 122 132 133 139 146 151 153 154 157 158 160 165 167 168 181 187 191 203 210 220 225 226 230 235 240 251 252 253 261 264 265 272 274 275 279 280 284 290 294 295 296 297 299 300
49
16 18 19 28 37 38 40 42 56 57 68 69 71 84 85 95 102 109 115 116 121 125 130 137 145 149 153 164 175 188 192 206 210 211 226 244 251 252 258 262 264 274 278 279 283 284 290 293 298
57
5 8 9 11 12 17 26 28 34 47 61 62 74 83 98 99 105 106 107 108 112 115 120 122 129 134 141 144 146 164 170 175 192 195 197 199 201 211 220 233 242 246 249 250 251 255 260 275 276 281 282 285 290 291 292 294 295
58
1 15 18 19 30 31 34 42 44 47 50 53 60 61 74 76 79 80 81 84 89 101 105 110 114 138 140 143 144 146 153 155 172 177 186 188 189 192 196 203 206 219 220 222 228 229 232 240 243 246 255 258 277 284 290 294 297 298
66
1 3 5 19 23 24 31 34 47 53 55 58 59 62 68 76 77 78 83 88 93 94 98 100 106 115 125 130 137 138 142 143 144 148 149 151 154 155 166 170 185 188 190 192 195 197 200 218 219 221 222 224 225 227 230 243 246 247 254 270 276 278 284 287 289 291
57
10 14 26 28 44 48 51 53 54 56 61 62 68 69 71 73 74 79 85 91 95 98 99 108 117 132 136 139 140 149 151 154 161 162 170 177 178 182 183 185 195 201 203 215 221 223 248 254 262 265 266 277 278 283 292 293 296
68
3 7 9 10 18 20 22 28 35 37 38 39 40 50 51 56 59 62 63 85 108 109 111 112 113 117 119 131 135 137 138 148 150 156 164 167 168 169 171 174 181 185 187 190 191 192 195 198 202 205 208 224 226 229 233 238 242 245 256 257 263 271 275 285 291 295 297 300
68
1 9 11 17 18 25 27 41 45 51 55 59 66 69 70 71 74 79 81 88 95 97 99 100 101 104 108 120 124 126 131 135 144 149 153 172 173 175 176 177 182 189 198 204 206 212 214 215 217 222 227 240 242 243 245 248 252 254 259 266 272 273 277 286 289 292 293 294
58
2 4 6 9 13 26 33 39 45 55 58 63 74 76 78 79 83 85 90 96 100 110 118 120 133 135 136 141 144 148 149 151 153 154 157 159 162 163 166 167 194 195 198 205 224 225 226 238 246 247 251 256 264 273 274 280 285 291
57
5 7 11 14 23 24 35 39 44 45 50 56 72 73 78 85 97 99 111 112 127 131 133 136 142 143 147 154 158 160 164 165 171 179 180 181 192 195 199 204 212 217 222 225 229 233 234 243 250 254 256 275 279 283 284 287 294
50
8 9 10 13 17 21 26 33 37 40 57 60 74 78 81 82 85 88 91 100 105 109 126 134 139 148 149 150 154 159 168 173 180 185 186 196 213 230 241 243 244 246 248 259 267 269 273 284 293 294
61
8 24 31 33 37 38 39 42 46 59 63 68 85 94 96 98 100 102 115 118 121 123 128 129 130 131 135 136 138 141 144 147 151 161 162 165 174 181 182 186 188 193 194 196 201 217 230 232 235 236 243 247 255 256 262 265 268 272 284 290 298
58
2 4 6 11 18 28 33 39 40 49 53 60 61 69 77 80 81 89 94 95 111 121 122 134 139 145 147 152 153 161 165 166 169 171 181 186 193 195 202 222 233 237 242 243 249 253 257 261 267 270 271 280 283 287 289 290 297 300
52
3 20 21 32 45 47 64 73 74 76 78 96 98 108 110 111 116 118 120 132 150 160 169 177 181 182 187 198 199 200 205 207 209 213 214 225 226 235 238 245 246 254 255 257 259 264 268 271 272 282 285 289
53
1 9 13 14 22 30 32 47 51 56 63 70 74 78 79 111 119 120 124 126 128 138 139 142 149 154 155 162 168 175 176 184 193 200 201 211 215 219 220 221 224 227 235 236 240 246 248 249 260 266 273 285 291
61
2 5 6 18 26 33 34 36 39 41 44 51 57 62 66 73 74 79 87 105 108 126 128 129 130 135 144 151 152 154 155 156 159 162 173 178 189 190 191 194 201 202 209 212 214 219 223 226 228 243 245 253 255 258 264 273 275 279 285 290 293
63
2 15 19 23 25 28 34 36 41 57 65 70 73 76 77 79 84 87 92 106 107 115 117 118 120 122 123 129 132 135 138 143 153 155 156 162 164 176 184 191 201 203 206 213 214 217 221 225 229 237 242 253 254 260 267 269 271 273 274 277 281 286 295
60
5 7 21 23 36 54 60 61 63 68 70 71 78 80 85 86 87 90 102 104 108 109 112 119 123 125 131 138 140 141 144 147 160 162 166 172 181 182 187 199 201 204 206 207 227 230 235 236 243 244 245 246 252 258 273 278 287 288 291 292
57
2 4 5 9 17 18 29 40 42 43 45 59 60 69 76 81 82 83 94 95 106 112 116 119 120 129 136 153 154 167 169 179 184 190 195 197 198 203 204 211 225 228 235 244 251 253 258 259 261 270 282 283 284 289 294 298 300
66
5 15 18 23 30 31 37 45 46 47 48 56 60 66 71 75 76 81 82 83 84 87 88 97 99 100 101 102 105 112 113 120 127 128 136 140 149 165 170 174 186 187 191 194 196 200 205 206 208 211 213 225 234 237 239 249 251 261 265 267 268 271 278 279 281 287
48
1 6 9 25 29 32 35 38 39 59 63 72 76 100 105 110 117 124 126 134 140 144 146 149 150 154 161 163 167 172 181 189 206 212 218 221 224 226 236 251 252 259 262 263 264 285 289 290
53
6 13 18 40 41 43 46 51 54 56 66 76 78 83 88 90 101 102 103 105 107 130 131 133 134 137 138 139 142 145 161 164 181 193 195 200 213 218 229 230 239 242 246 251 253 256 272 278 285 292 294 295 299
59
3 9 22 34 41 51 52 66 67 69 83 86 87 92 96 105 107 115 117 119 122 130 136 139 140 141 146 157 160 166 174 179 185 188 191 193 195 205 206 211 216 219 222 223 229 232 234 248 250 251 260 264 274 276 279 287 290 292 297
73
1 3 14 23 24 25 26 39 44 45 46 47 48 59 65 67 69 71 72 73 74 75 77 85 88 89 91 113 117 120 121 126 129 133 134 137 138 143 144 149 151 152 153 158 168 174 186 193 202 203 211 218 228 230 231 242 243 249 250 255 258 261 263 266 268 272 273 286 287 289 290 297 298
65
2 4 14 20 30 31 46 49 52 54 56 59 61 70 79 89 95 96 97 98 101 112 114 124 127 128 144 149 159 163 164 174 175 178 181 183 185 188 189 191 195 206 208 212 213 216 218 221 222 230 233 240 244 245 251 258 261 268 270 277 282 292 293 295 297
55
7 17 18 25 30 34 47 50 56 66 67 73 75 77 82 88 89 90 97 98 104 112 113 115 121 134 135 155 167 169 172 178 180 185 188 193 200 203 209 213 221 225 226 228 229 237 239 261 269 273 274 282 286 296 297
56
5 17 19 20 36 37 38 41 47 53 60 65 66 68 76 80 81 82 84 88 91 100 116 118 121 127 134 140 142 150 157 158 160 165 176 178 180 185 186 211 216 220 222 224 228 229 234 240 242 253 260 268 269 273 277 290
60
10 13 16 18 24 32 33 36 37 44 51 56 61 64 65 68 76 85 89 91 93 94 98 101 107 116 138 142 144 153 158 165 168 172 176 181 183 185 192 195 203 205 208 220 233 237 238 241 247 251 256 258 263 267 271 273 275 279 287 297
66
2 9 14 15 19 21 27 28 32 39 43 48 50 57 59 67 73 74 75 82 84 93 98 101 109 112 113 115 121 126 147 158 164 166 167 171 174 176 177 179 185 200 201 207 208 215 220 225 227 228 229 243 251 252 258 260 261 265 275 278 280 282 284 287 290 291
56
6 8 9 10 12 13 22 25 30 38 41 57 62 69 70 74 75 77 78 79 82 88 101 113 115 117 124 144 145 147 148 151 158 170 174 178 191 197 199 205 207 210 212 221 222 227 239 240 253 261 264 268 269 271 284 296
73
4 5 7 10 14 15 16 24 28 32 33 38 41 43 47 59 63 65 70 82 88 90 94 95 96 113 116 130 131 132 136 141 151 152 157 161 162 163 165 166 183 185 189 193 197 200 201 202 203 205 207 211 226 228 233 234 236 239 240 241 246 253 256 263 272 274 280 283 284 291 297 298 299
66
3 8 12 15 25 26 29 40 43 45 49 51 53 57 69 70 73 89 92 96 104 109 114 117 124 128 135 143 148 152 156 161 163 169 172 173 176 177 183 190 194 202 203 210 215 228 229 233 238 240 255 256 258 263 266 271 272 278 280 283 287 289 290 296 297 300
53
8 10 11 15 16 17 25 26 27 32 44 50 57 62 72 76 81 83 86 95 100 110 112 114 119 123 124 130 135 136 139 144 151 159 169 186 191 196 206 220 223 226 231 235 237 245 246 248 259 283 286 293 300
60
3 7 14 15 17 24 35 38 44 46 54 55 57 66 67 69 72 73 81 84 89 91 95 97 111 115 118 123 129 133 134 136 142 144 153 161 162 166 167 172 176 185 196 205 206 219 220 231 232 247 254 259 260 266 270 280 289 291 296 297
56
22 23 26 35 45 51 55 61 65 66 68 69 73 76 78 80 88 90 91 103 112 125 127 133 138 140 150 151 154 167 169 173 174 176 187 188 195 205 210 213 215 217 222 224 227 236 241 250 253 263 270 274 277 283 291 294
58
18 26 33 34 35 40 41 51 52 68 71 74 79 81 89 91 93 95 100 113 122 136 145 157 159 163 164 165 170 174 177 185 186 187 189 195 204 209 215 218 221 231 235 237 245 247 251 256 257 278 279 281 282 284 289 292 294 298
57
4 12 17 21 23 27 28 34 37 39 44 45 58 74 80 83 89 90 102 106 113 115 116 121 125 127 128 133 135 140 145 161 162 166 167 170 186 190 200 202 204 207 210 211 213 215 217 228 229 230 233 239 263 274 275 280 300
53
4 11 12 17 22 33 34 46 47 49 66 68 70 81 89 100 102 104 107 108 110 116 118 122 129 131 137 138 146 149 157 160 168 174 200 205 222 225 228 240 245 248 251 256 267 274 275 276 277 279 287 291 297
73
2 4 5 15 17 29 38 39 41 43 53 59 62 63 69 72 73 74 75 84 85 89 90 91 93 94 95 96 97 101 111 113 116 118 119 120 129 135 136 138 145 150 158 164 171 172 179 187 197 202 212 215 218 224 229 231 232 235 240 243 244 245 246 250 259 261 274 284 286 287 292 299 300
57
1 4 5 7 10 15 25 36 40 44 55 63 66 70 71 72 84 86 88 90 100 106 109 113 116 126 141 162 163 164 166 167 168 187 192 204 207 208 210 214 222 224 225 244 247 251 254 264 266 268 270 283 284 289 294 295 300
53
5 6 20 23 28 51 53 55 63 64 75 80 82 84 88 92 94 104 107 109 114 126 131 133 142 144 147 156 158 168 173 178 181 183 184 189 192 197 198 210 212 213 215 232 240 268 271 278 286 289 293 294 300
64
1 14 16 18 19 22 25 28 29 32 44 52 56 57 73 74 82 86 87 89 93 104 106 107 122 125 129 135 139 144 152 156 157 159 160 168 175 180 181 186 192 197 207 208 210 211 217 218 239 241 246 249 255 256 257 259 261 272 276 285 290 293 299 300
61
8 9 13 15 18 22 27 28 38 48 55 56 62 70 78 79 90 91 95 102 105 107 109 110 117 122 123 124 136 140 148 151 153 160 167 168 173 184 187 195 204 206 213 215 216 224 231 233 234 238 246 261 264 268 270 271 274 280 282 290 297
61
1 5 6 7 14 18 22 28 34 37 38 39 49 50 54 55 56 57 60 73 76 77 81 84 88 95 101 102 107 112 113 114 115 126 129 132 135 137 141 149 159 163 181 189 190 201 202 207 219 226 240 246 252 254 255 257 258 272 276 280 299
61
3 4 6 9 10 13 28 32 35 38 39 49 52 54 61 63 64 69 71 83 88 89 91 98 107 110 113 115 125 130 133 136 146 158 164 167 172 175 190 204 205 215 217 222 226 227 231 248 250 254 257 259 264 266 270 272 275 286 288 293 297
56
5 18 25 26 31 35 37 39 44 48 51 56 57 62 66 70 72 81 86 88 90 95 104 112 116 118 126 127 135 144 150 163 164 166 169 171 179 181 190 206 223 225 228 229 230 233 234 235 252 257 258 262 264 273 281 300
63
2 3 4 6 10 11 17 25 33 36 38 43 45 56 61 63 66 80 89 95 97 98 100 106 110 116 125 127 130 147 158 159 162 168 171 173 183 184 185 195 206 208 215 220 228 234 236 240 245 246 248 252 258 261 262 264 268 273 275 277 279 282 294
47
3 7 9 11 17 23 26 36 45 54 55 57 59 63 70 75 79 89 104 111 114 124 140 141 149 153 160 166 167 178 181 185 187 188 208 210 217 218 220 228 234 262 263 265 273 281 299
68
2 7 11 12 14 24 32 33 34 35 37 42 43 52 53 58 60 70 81 82 91 92 93 94 99 101 102 106 107 114 122 125 126 130 135 147 152 164 167 175 176 180 181 188 191 195 198 208 219 222 223 225 227 237 239 241 243 252 259 268 269 278 279 282 288 291 295 300
68
11 16 18 27 28 29 31 37 45 49 51 57 59 63 72 74 78 81 82 83 88 99 100 102 105 106 116 120 125 127 129 132 134 135 137 142 147 148 166 168 170 171 181 183 188 196 199 201 206 207 209 212 221 227 235 240 256 261 265 270 271 282 283 285 286 288 298 300
50
1 5 14 22 33 34 37 38 45 50 53 54 57 61 66 70 76 78 88 95 98 129 147 148 151 166 171 174 176 184 194 197 200 207 208 210 211 224 226 234 241 242 247 264 272 274 282 288 294 296
53
8 11 12 18 24 37 49 51 62 64 72 73 78 87 89 101 115 116 117 122 132 133 137 141 142 148 156 161 167 168 169 171 172 173 175 176 187 188 192 194 219 225 226 229 231 239 240 244 253 279 282 283 297
60
4 9 13 14 17 33 37 43 49 56 58 66 68 69 90 91 95 100 103 111 114 129 140 142 145 146 147 152 153 155 157 163 172 181 183 184 189 191 199 211 212 217 218 223 225 231 232 233 238 241 246 249 250 271 272 277 286 291 299 300
59
2 5 6 7 9 10 19 28 29 32 33 37 38 41 49 59 65 70 75 79 94 97 99 100 108 111 112 117 121 136 137 141 142 144 147 152 155 162 169 170 173 182 183 189 202 208 210 216 219 228 229 234 242 252 253 254 263 278 283
55
1 9 14 15 19 32 37 42 51 54 59 60 64 69 83 85 86 87 90 108 109 110 112 117 131 141 153 155 159 161 174 182 186 187 189 190 199 202 203 205 221 233 238 242 259 262 270 272 274 275 278 283 289 293 297
74
1 2 5 7 8 9 12 16 21 24 26 31 32 38 44 45 47 53 55 58 59 61 62 63 87 91 92 93 102 109 128 134 139 145 151 154 163 173 176 178 182 183 185 186 190 196 197 199 203 210 218 233 235 239 243 244 245 248 253 254 263 265 267 272 273 274 278 279 281 285 289 291 295 297
54
4 5 6 13 18 24 30 38 42 49 59 63 64 73 74 76 84 100 104 107 109 111 115 121 127 135 143 145 150 153 158 163 169 170 173 175 176 222 229 235 236 242 245 250 252 256 271 273 274 280 289 296 297 300
75
1 3 7 13 16 17 21 24 29 33 51 54 63 66 74 76 80 84 88 91 95 97 98 103 104 108 110 119 120 128 129 131 133 136 137 144 148 152 154 159 164 166 170 173 180 190 193 195 199 201 209 211 213 214 215 221 225 227 230 234 235 242 244 250 254 258 262 275 276 279 280 283 287 288 293
53
6 12 14 16 29 35 36 41 46 52 53 62 71 75 78 79 85 90 92 108 113 115 120 128 129 130 133 141 143 157 158 161 165 168 169 186 190 196 197 202 209 212 214 218 265 267 268 279 282 283 284 289 298
70
4 11 17 30 34 43 54 55 58 71 76 77 80 81 85 88 89 90 91 94 97 98 103 107 110 112 119 121 134 138 141 144 160 163 169 171 175 176 178 186 187 188 190 197 199 203 204 207 221 222 224 225 227 230 240 247 249 260 265 270 272 277 278 280 281 282 287 295 299 300
68
9 13 14 16 21 25 32 33 38 41 44 49 51 64 79 83 84 89 91 92 93 98 107 109 110 113 118 121 135 136 138 157 158 187 189 193 195 200 201 203 205 206 207 208 219 220 221 223 224 226 227 229 230 231 234 242 247 253 254 256 260 262 271 272 280 284 291 299
56
7 19 20 24 33 42 44 46 63 70 85 88 90 91 92 98 99 101 102 107 111 119 134 140 144 151 155 158 164 167 175 179 184 188 191 197 198 200 202 215 226 227 239 240 245 249 250 255 261 262 263 268 272 275 276 299
66
5 9 10 14 15 26 28 30 33 34 36 41 51 52 53 57 70 81 86 90 91 92 94 104 108 111 114 119 125 131 132 135 146 150 151 158 162 167 170 178 180 186 192 193 206 211 212 213 214 215 217 224 228 239 244 245 247 248 253 267 270 281 287 291 295 299
53
1 6 15 19 20 34 42 46 48 51 52 62 66 71 74 77 79 91 92 102 103 105 109 115 120 135 141 147 153 161 163 168 170 186 187 193 199 200 205 210 228 233 237 242 249 264 266 271 275 291 294 295 299
59
1 6 7 12 13 14 16 24 26 36 37 54 55 56 57 60 64 74 92 95 98 99 101 102 106 107 108 114 117 121 136 141 153 154 161 162 168 173 180 183 184 192 213 224 231 235 236 246 254 258 262 263 265 268 273 281 282 295 296
52
1 5 10 27 29 36 39 46 49 59 61 72 89 91 93 95 99 100 106 124 126 127 133 139 140 145 150 154 156 164 165 166 169 172 173 174 181 191 203 207 215 224 228 234 237 243 258 259 265 266 269 298
52
8 28 45 50 52 57 58 62 66 81 83 92 93 94 97 111 119 123 128 149 166 172 173 175 176 179 189 194 195 199 200 204 210 217 229 231 237 244 245 250 255 257 258 261 265 266 268 278 283 290 299 300
48
3 18 21 30 40 42 43 45 55 58 61 63 69 75 77 80 86 87 92 102 104 112 115 117 126 144 156 162 175 188 191 195 204 209 213 214 237 238 241 248 253 256 258 268 279 283 296 297
62
4 11 14 24 25 29 36 38 41 48 51 54 61 62 63 67 74 77 80 88 91 94 96 97 101 104 107 111 117 122 123 127 128 139 145 146 149 151 160 164 166 185 193 211 212 217 235 239 243 248 249 250 251 262 268 273 275 280 281 286 292 298
49
1 10 12 13 18 30 34 36 38 53 57 58 60 78 83 90 109 110 113 116 117 121 123 130 132 148 164 166 173 177 178 179 189 193 196 202 208 216 217 222 225 246 262 265 270 277 290 292 299
45
2 3 18 22 30 32 37 47 54 63 75 76 79 97 99 103 118 120 144 145 150 159 163 164 168 169 182 185 188 190 192 193 204 205 222 228 230 231 233 234 240 251 264 278 298
59
1 5 9 13 14 15 16 20 23 24 28 31 36 40 43 46 52 54 56 58 66 69 70 77 93 103 105 106 109 110 112 116 125 139 149 150 162 168 169 176 194 200 206 208 210 212 216 221 224 228 231 237 241 242 250 264 269 276 291
59
4 5 10 12 18 20 30 32 39 43 45 48 50 56 59 79 95 98 101 102 104 108 109 116 117 121 122 127 131 134 141 144 145 148 154 159 166 174 179 183 184 185 189 190 191 198 206 207 238 250 264 266 267 278 287 289 290 298 300
54
2 3 13 16 26 43 46 50 53 54 57 60 64 80 83 90 93 96 102 115 128 132 145 146 148 151 154 172 173 174 175 180 185 186 207 209 210 213 215 222 223 224 237 238 247 255 256 258 259 263 266 269 272 296
63
2 7 8 15 16 20 21 30 48 50 55 58 60 65 66 77 80 83 89 92 95 96 98 101 103 104 107 117 119 123 129 134 136 140 148 155 156 157 159 163 164 165 176 187 190 192 195 205 210 215 220 222 225 234 244 264 271 276 277 285 290 292 300
48
6 14 26 37 39 42 43 46 49 53 57 59 60 65 71 82 96 103 125 128 138 144 145 146 149 152 172 173 174 176 182 184 188 190 193 200 220 231 239 246 250 252 254 256 258 267 272 280
54
8 19 21 27 40 48 56 57 63 82 88 95 132 133 135 138 139 140 144 152 159 161 163 171 183 185 197 201 202 204 205 207 211 212 214 217 218 220 222 223 224 230 237 238 244 258 262 265 269 271 275 290 292 300
57
2 8 13 17 20 21 27 40 48 56 58 60 62 68 72 82 86 87 88 90 100 103 106 110 111 116 130 136 138 139 144 152 156 158 165 168 177 180 185 193 204 207 209 219 231 234 236 237 247 249 252 253 256 259 264 275 296
59
2 13 17 20 23 25 42 48 50 57 64 69 76 79 85 86 89 96 100 101 106 109 116 123 131 132 134 135 139 143 145 148 163 185 189 190 191 198 199 202 204 207 216 222 223 227 242 243 245 247 250 251 260 263 265 268 273 282 283
57
8 15 18 36 45 52 53 56 71 78 80 83 85 106 107 108 112 122 123 131 132 133 139 140 141 142 144 146 148 150 167 172 173 174 185 190 204 205 210 211 215 217 232 240 246 250 253 259 261 264 266 274 277 278 289 290 296
54
1 8 11 15 17 22 24 29 41 49 59 61 62 65 66 73 74 78 80 89 109 116 123 125 133 141 142 146 148 176 180 183 188 190 191 194 202 205 209 210 218 230 234 236 242 244 245 252 257 260 261 271 275 293
54
6 12 13 15 16 19 24 29 32 34 63 65 67 79 82 88 92 96 104 110 113 119 125 134 143 148 156 157 158 163 165 170 172 180 182 185 203 204 208 213 220 221 223 224 232 234 259 262 263 276 284 294 296 297
61
1 9 14 16 17 20 21 23 31 32 34 35 39 43 55 63 73 82 89 90 92 94 96 100 113 116 121 131 132 146 148 150 155 156 159 175 177 187 188 189 190 198 199 204 206 213 214 222 228 234 240 241 247 252 255 257 258 263 273 281 289
63
3 9 11 17 19 21 25 37 46 48 49 60 61 63 71 73 76 78 91 93 94 106 109 117 123 130 136 141 142 143 154 167 169 173 175 178 179 191 200 201 208 216 218 220 221 224 227 235 237 238 241 242 246 247 248 254 258 271 272 289 293 294 296
64
3 8 9 11 16 17 20 23 25 41 42 45 50 52 54 55 56 62 63 68 70 72 78 89 103 106 123 124 139 146 158 166 168 175 179 184 188 189 191 198 203 206 208 210 216 221 235 238 240 242 246 248 254 256 257 258 263 273 276 284 292 295 297 299
73
3 6 8 9 10 14 16 22 27 29 37 42 47 48 50 53 56 64 69 70 74 79 80 82 88 89 94 100 106 120 126 129 130 135 140 144 145 147 152 154 167 170 173 179 181 182 186 188 193 194 200 205 210 221 226 230 237 239 240 242 251 256 258 261 273 280 284 285 292 294 295 296 297
47
11 17 20 29 31 38 46 50 63 69 93 98 112 118 126 134 140 145 147 149 161 170 176 179 183 192 206 211 214 219 226 227 228 230 241 248 251 256 265 270 273 275 279 280 284 285 296
64
1 2 16 17 20 28 30 32 33 36 40 41 45 46 49 54 56 60 63 76 89 92 100 109 117 128 129 131 132 134 137 138 139 151 153 154 161 168 172 176 177 178 180 186 198 200 216 220 233 237 239 245 249 259 260 261 263 264 286 288 291 295 296 297
57
5 6 9 11 15 16 30 33 36 54 64 67 69 76 78 84 86 97 110 115 122 125 126 136 137 140 145 146 148 155 157 168 170 171 180 187 188 193 194 203 209 211 219 221 224 227 237 240 244 259 264 265 274 275 286 288 295
63
3 14 21 25 33 39 51 52 57 58 61 62 64 66 68 88 92 98 100 105 106 114 117 119 120 125 126 128 130 132 143 150 152 153 161 177 178 181 182 187 188 193 198 220 221 223 229 230 231 240 249 257 264 269 271 275 280 281 286 288 291 297 299
63
4 7 8 10 12 15 23 31 43 44 46 54 55 58 66 71 72 73 81 91 92 94 108 111 114 116 119 122 123 134 138 150 155 156 166 170 177 187 190 192 194 195 197 203 209 226 228 233 234 236 237 240 241 244 245 246 255 259 285 287 294 297 300
54
2 24 31 34 37 39 40 41 49 71 72 83 87 89 95 103 108 111 120 125 126 129 130 135 141 148 149 157 166 176 178 179 180 181 185 190 215 219 224 225 238 242 245 262 270 274 276 285 286 290 291 294 295 298
71
5 9 10 17 24 25 28 29 31 33 34 36 37 38 39 40 42 46 56 63 64 65 67 75 77 80 81 92 98 103 116 123 140 141 143 151 155 168 179 183 187 188 197 198 209 210 214 215 218 222 223 226 240 243 244 246 253 254 256 259 260 263 267 271 277 282 287 292 294 296 298
49
5 8 19 20 23 26 31 36 53 58 63 78 90 94 110 116 125 131 133 144 145 151 160 161 167 168 174 184 190 196 207 208 214 222 227 235 243 247 251 253 254 262 277 280 283 290 292 296 299
54
20 22 25 28 29 31 37 45 49 53 55 59 67 74 82 90 101 103 110 114 124 129 133 148 152 158 160 168 170 174 178 183 190 192 194 195 209 211 221 236 237 241 245 247 249 250 251 255 257 262 265 266 270 286
56
1 8 17 19 49 51 54 70 76 89 101 102 105 106 110 113 139 140 143 145 147 149 151 154 158 164 165 167 174 187 199 201 207 208 210 219 220 234 235 239 240 252 255 256 258 268 269 271 272 277 283 285 291 292 296 298
73
6 11 14 15 35 48 54 55 56 57 58 61 71 72 74 78 81 83 85 92 94 95 97 102 115 127 129 131 134 139 145 150 152 158 161 162 163 174 175 178 179 180 183 185 188 189 194 195 197 200 202 206 214 218 219 221 223 231 240 246 247 252 254 257 260 267 273 278 282 283 285 289 297
65
1 4 6 7 14 15 17 18 19 22 27 31 35 36 41 44 46 48 53 66 74 76 84 99 101 105 107 108 112 116 117 120 121 125 126 128 136 138 139 144 145 149 150 153 157 160 163 164 183 186 193 197 200 223 232 234 236 248 249 252 260 266 282 285 290
69
9 12 16 23 27 42 47 48 51 55 56 66 67 69 76 89 93 101 102 104 118 119 121 123 132 147 153 159 165 169 170 173 174 177 180 186 190 194 197 200 209 213 221 222 223 224 229 236 240 244 250 251 254 259 264 265 267 268 270 273 274 276 284 289 291 292 293 294 298
55
6 9 16 19 25 28 40 41 50 52 54 60 63 64 65 68 79 86 90 93 98 103 113 134 137 140 147 165 167 168 171 177 183 187 193 194 200 202 214 221 222 227 231 238 252 254 256 260 264 266 268 273 274 277 285
58
11 15 19 21 23 26 30 40 43 65 67 74 78 84 93 94 97 102 107 110 113 120 130 141 143 147 155 157 158 166 168 171 180 183 186 190 196 201 207 210 212 213 214 216 229 236 249 250 254 256 258 262 285 286 288 296 297 298
64
9 11 12 24 25 27 30 33 44 46 48 49 51 67 68 71 75 77 80 81 89 94 95 103 117 121 124 125 126 132 137 141 150 160 162 185 186 191 194 201 204 206 213 215 222 235 239 249 252 254 264 265 269 270 271 274 275 276 278 281 282 290 291 298
60
1 10 17 20 22 26 30 31 38 40 48 51 52 55 59 65 66 80 82 86 87 91 105 116 117 123 127 138 140 143 144 148 151 155 157 159 168 174 185 195 196 197 202 204 211 229 238 241 245 246 252 261 271 273 274 279 284 285 287 299
55
2 3 17 18 25 45 54 59 63 68 71 79 80 82 87 90 95 99 102 110 112 117 118 120 134 140 147 155 167 174 175 178 179 183 187 190 200 201 206 211 213 215 219 228 236 242 254 259 261 271 273 289 290 291 296
71
1 2 16 20 28 29 32 39 41 43 45 53 54 68 76 78 81 85 86 87 92 96 98 100 105 106 114 122 125 129 132 133 136 137 140 158 160 176 178 180 181 184 186 192 198 200 204 205 210 218 222 227 231 232 234 238 247 252 253 259 260 266 270 272 273 280 282 283 284 297 300
57
3 12 14 18 21 36 37 38 39 40 41 47 58 62 63 67 75 79 80 89 90 94 96 100 101 102 111 115 117 127 131 134 138 139 152 164 174 180 186 187 189 191 195 209 221 224 231 234 238 239 251 262 264 275 288 293 299
61
1 7 10 15 20 33 35 44 47 56 58 60 63 69 81 88 89 93 95 96 97 106 112 114 115 121 124 131 140 142 145 151 153 155 160 163 173 174 180 181 182 198 200 212 213 215 217 223 232 238 243 247 253 256 259 275 281 286 288 293 298
50
4 14 15 17 18 23 25 38 47 51 53 58 63 64 77 78 93 102 106 111 138 139 147 152 154 156 157 161 165 170 176 179 189 201 223 226 228 238 242 252 257 264 268 269 274 276 279 291 294 299
59
9 15 16 24 26 31 36 55 59 65 67 72 74 75 81 88 89 92 94 99 116 119 125 136 142 146 150 154 155 160 169 170 175 177 181 185 189 192 196 204 210 213 219 224 229 230 232 234 246 248 260 266 269 273 277 286 291 292 298
64
9 28 37 49 60 74 78 89 90 100 101 106 110 120 125 126 129 130 143 145 147 161 163 169 173 174 175 176 179 183 185 191 192 193 195 196 198 202 206 213 214 218 223 225 231 234 236 241 244 245 246 249 250 253 254 265 267 269 272 277 281 284 286 297
49
3 6 7 12 15 16 20 25 26 29 36 49 56 65 72 79 86 91 94 95 97 109 113 139 141 145 148 152 171 175 181 185 188 198 203 206 207 209 214 225 226 234 253 259 261 272 284 297 298
70
4 11 12 16 17 19 20 39 46 47 49 56 67 69 74 75 76 79 81 82 84 85 86 90 96 103 112 119 123 140 152 156 165 171 172 177 178 184 189 200 203 211 212 213 216 217 218 224 227 233 235 243 244 250 253 256 258 260 263 267 268 270 271 272 273 278 284 295 296 300
60
15 16 22 25 26 30 33 40 44 52 57 65 69 73 75 83 84 92 104 108 111 115 116 128 130 140 143 145 166 169 174 175 182 192 197 202 205 207 214 215 221 226 227 230 232 242 243 244 251 255 256 264 272 273 275 287 290 295 298 299
57
1 2 6 10 14 19 37 45 47 56 59 62 64 68 71 76 77 78 87 88 96 113 116 117 122 124 147 151 153 162 164 177 179 189 192 195 200 212 223 226 229 233 237 241 242 245 249 261 269 270 283 287 289 292 296 299 300
57
3 14 16 21 52 56 63 71 73 76 79 80 82 89 90 92 93 101 105 107 109 110 113 114 115 123 140 142 143 145 157 159 163 171 173 189 210 212 214 218 224 235 236 237 243 258 261 263 272 277 281 283 284 289 290 297 298
63
2 14 15 19 21 28 40 41 43 46 49 51 57 60 61 69 78 80 85 87 90 92 100 124 126 133 134 142 150 151 152 155 156 158 161 162 163 168 172 176 182 184 192 195 197 201 207 209 211 212 216 218 222 223 227 230 233 238 257 279 280 289 298
49
2 3 4 8 9 15 21 34 35 38 46 50 55 62 68 85 86 99 103 113 120 124 132 136 140 141 148 153 168 170 175 193 208 221 223 230 238 245 249 254 258 275 276 278 281 287 295 297 298
60
3 8 9 11 13 19 29 36 42 46 47 54 58 61 62 66 69 71 78 84 87 90 91 96 98 102 105 112 114 116 118 120 134 144 146 148 151 152 157 158 170 171 174 180 187 193 199 205 214 216 225 247 250 262 265 275 278 280 285 289
64
2 5 7 14 27 28 30 39 43 52 55 57 63 73 83 94 106 107 110 111 112 116 118 119 120 122 125 130 133 134 137 142 144 154 157 168 174 177 178 185 189 192 196 205 207 209 211 213 226 227 228 232 237 239 241 253 255 259 260 261 265 271 287 300
65
10 11 12 14 16 21 23 29 37 39 47 62 69 76 81 83 90 92 93 94 98 103 104 107 108 109 115 122 134 135 136 144 145 165 167 169 170 173 175 176 181 182 184 187 188 189 191 192 195 197 204 209 217 229 233 245 252 258 271 277 284 296 297 298 300
64
1 5 10 24 29 30 34 35 40 41 44 56 60 66 71 72 74 81 84 85 88 89 93 94 98 123 125 137 138 141 143 144 145 147 148 150 154 160 165 170 173 180 182 186 193 214 216 227 229 230 234 245 254 264 270 272 274 275 276 277 286 288 295 297
47
3 10 19 21 25 28 29 30 39 44 47 57 60 71 73 98 105 106 112 126 129 144 154 155 159 167 171 176 187 188 189 190 191 192 201 204 210 214 222 238 244 269 271 274 275 286 290
61
1 2 9 21 25 26 31 44 53 55 56 62 65 66 73 77 90 94 99 100 107 108 110 119 121 128 129 131 139 143 144 146 154 167 177 178 195 198 203 211 213 215 217 224 230 231 236 238 239 244 246 253 254 255 259 261 271 278 284 293 294
47
5 6 15 16 17 22 31 33 36 67 69 74 78 81 82 91 115 119 130 141 145 147 152 155 160 163 171 172 173 181 187 197 212 217 223 226 229 233 235 237 239 241 250 258 289 292 296
55
9 11 14 26 28 29 36 37 42 50 55 58 59 62 63 66 68 76 77 83 89 91 95 97 99 110 114 125 130 132 133 135 142 145 148 158 161 166 173 183 191 195 197 219 232 242 248 257 262 270 275 279 285 291 293
53
2 3 11 12 13 16 17 53 57 68 71 72 81 88 91 92 98 99 104 116 123 126 129 130 131 137 139 145 153 162 164 167 171 178 194 198 205 215 218 233 240 241 244 245 248 255 271 277 278 288 293 294 299
67
1 7 14 24 29 34 35 37 45 47 48 50 53 63 64 74 75 83 85 91 94 96 99 102 103 104 113 121 128 132 140 143 146 148 149 154 155 157 158 160 161 163 169 182 185 186 188 205 206 207 210 229 230 231 238 241 246 251 254 255 273 274 276 279 286 290 291
50
1 2 8 14 15 18 27 34 36 51 73 74 84 86 95 103 107 113 120 126 130 137 140 141 143 144 163 166 171 178 180 184 185 189 191 196 203 205 210 213 230 239 245 256 266 269 277 290 296 299
61
9 10 14 18 20 25 26 30 31 35 50 56 67 70 79 80 105 109 110 123 132 140 142 148 152 154 161 164 165 174 177 178 180 184 188 193 204 206 211 213 223 226 227 229 230 234 238 249 252 253 257 263 265 274 277 281 290 291 292 296 298
57
10 15 24 25 28 30 32 40 41 47 48 49 52 59 60 64 65 67 69 73 84 95 98 103 104 105 107 118 124 127 128 137 141 156 161 162 173 177 181 185 190 191 199 205 207 208 212 214 216 217 219 221 265 276 279 282 283
60
4 26 32 35 48 50 53 56 60 66 67 68 83 85 86 94 95 101 106 111 112 127 129 137 141 144 152 155 169 187 191 194 201 204 206 211 217 223 225 228 230 231 242 244 245 248 250 257 258 259 265 273 274 275 279 281 288 293 295 298
55
1 4 7 22 28 29 30 37 39 45 46 48 49 55 57 60 69 74 76 80 81 87 89 98 102 104 114 121 124 125 129 132 141 145 148 156 166 178 202 214 225 231 232 243 245 255 269 276 277 280 281 285 287 288 292
64
4 11 19 24 28 31 33 35 38 40 45 48 55 56 60 74 75 79 87 96 98 105 113 117 118 121 122 130 131 138 144 153 159 161 164 168 170 173 175 184 185 191 200 202 213 226 228 229 239 241 250 252 256 259 270 271 276 283 285 287 289 293 295 296
51
10 15 17 22 25 28 31 35 46 53 55 57 58 59 65 75 76 79 80 81 84 87 93 95 110 124 125 128 148 155 159 180 184 192 193 202 206 214 221 224 228 230 232 234 247 249 255 260 265 281 294
48
6 11 16 19 24 38 47 53 59 71 81 86 102 105 107 110 111 114 123 141 143 153 157 164 169 171 178 186 187 190 198 205 206 226 230 232 236 241 245 248 249 266 268 269 281 282 288 299
68
3 6 7 8 11 13 14 15 16 17 18 24 29 33 34 39 46 55 58 59 64 70 71 76 85 90 96 110 117 123 127 128 129 132 137 144 147 153 165 172 173 185 188 190 195 197 203 204 205 212 215 216 226 230 234 243 245 246 258 261 265 266 271 281 289 294 296 298
63
14 25 26 29 32 41 47 49 54 57 58 65 67 73 74 75 79 82 84 88 90 95 108 125 126 127 129 131 135 136 137 147 156 174 178 179 180 185 188 198 203 208 227 230 237 242 245 249 258 259 270 278 279 280 281 283 284 287 289 291 292 298 299
57
3 5 20 21 27 31 36 43 44 49 58 61 64 74 80 87 94 98 99 101 106 121 138 145 146 148 155 156 160 162 164 166 174 181 190 193 194 195 197 212 215 228 231 232 238 241 247 252 258 268 272 275 276 288 290 299 300
49
2 6 9 10 13 30 36 43 47 48 55 58 66 86 89 91 116 117 118 119 124 131 138 144 147 150 158 163 168 179 187 192 195 202 203 205 210 240 242 261 263 270 277 278 286 287 294 297 298
