100 200
1.0 1.0 1.0 1.0 1.0 1.0 1.0 1.0 1.0 1.0 1.0 1.0 1.0 1.0 1.0 1.0 1.0 1.0 1.0 1.0 1.0 1.0 1.0 1.0 1.0 1.0 1.0 1.0 1.0 1.0 1.0 1.0 1.0 1.0 1.0 1.0 1.0 1.0 1.0 1.0 1.0 1.0 1.0 1.0 1.0 1.0 1.0 1.0 1.0 1.0 1.0 1.0 1.0 1.0 1.0 1.0 1.0 1.0 1.0 1.0 1.0 1.0 1.0 1.0 1.0 1.0 1.0 1.0 1.0 1.0 1.0 1.0 1.0 1.0 1.0 1.0 1.0 1.0 1.0 1.0 1.0 1.0 1.0 1.0 1.0 1.0 1.0 1.0 1.0 1.0 1.0 1.0 1.0 1.0 1.0 1.0 1.0 1.0 1.0 1.0 1.0 1.0 1.0 1.0 1.0 1.0 1.0 1.0 1.0 1.0 1.0 1.0 1.0 1.0 1.0 1.0 1.0 1.0 1.0 1.0 1.0 1.0 1.0 1.0 1.0 1.0 1.0 1.0 1.0 1.0 1.0 1.0 1.0 1.0 1.0 1.0 1.0 1.0 1.0 1.0 1.0 1.0 1.0 1.0 1.0 1.0 1.0 1.0 1.0 1.0 1.0 1.0 1.0 1.0 1.0 1.0 1.0 1.0 1.0 1.0 1.0 1.0 1.0 1.0 1.0 1.0 1.0 1.0 1.0 1.0 1.0 1.0 1.0 1.0 1.0 1.0 1.0 1.0 1.0 1.0 1.0 1.0 1.0 1.0 1.0 1.0 1.0 1.0 1.0 1.0 1.0 1.0 1.0 1.0 1.0 1.0 1.0 1.0 1.0 1.0
36
4 5 6 9 12 21 33 37 39 47 57 58 61 64 82 85 88 89 91 96 99 108 118 119 123 125 134 145 155 171 182 184 188 191 199 200
27
10 17 22 28 34 45 54 69 89 98 108 110 119 120 126 136 137 144 147 149 151 154 159 162 170 185 190
46
2 6 12 13 17 23 25 27 34 39 40 43 49 52 55 56 59 60 64 77 79 80 87 95 96 104 116 117 122 123 131 133 137 144 148 149 154 155 156 168 175 177 188 191 192 193
41
3 4 11 14 22 24 35 38 39 44 47 48 54 55 64 65 71 76 78 79 80 83 93 94 105 115 116 151 156 160 161 162 166 170 172 177 186 188 189 196 200
28
4 5 14 16 17 38 40 49 53 70 72 75 78 103 104 107 113 119 127 132 144 157 161 165 170 172 173 174
38
3 11 19 23 27 36 43 45 46 48 50 52 58 65 69 77 79 81 90 91 98 103 114 124 133 145 147 149 153 159 162 164 170 174 177 197 198 199
40
4 9 15 23 26 27 37 39 46 50 51 56 58 61 74 88 94 99 101 102 103 106 108 113 116 117 121 129 131 139 148 154 157 158 164 165 167 179 181 186
36
1 6 11 16 22 32 46 60 63 70 73 79 91 100 102 103 110 111 112 114 120 125 132 137 140 143 153 156 157 162 172 186 191 193 194 195
44
1 7 11 16 22 23 27 29 36 47 50 52 54 63 71 74 76 77 78 82 95 96 97 100 101 114 125 135 136 138 140 144 146 149 150 154 159 163 172 178 179 181 185 189
34
4 7 14 25 37 42 44 46 48 70 74 76 81 85 92 95 104 105 106 107 112 117 119 121 129 137 138 150 157 158 168 176 185 200
51
1 2 8 11 14 17 20 21 27 29 42 45 48 57 58 59 60 64 66 76 77 78 81 84 91 96 104 105 114 115 117 119 143 144 146 148 157 161 164 165 167 171 173 176 183 185 187 190 191 197 199
47
1 7 9 11 14 15 16 23 29 31 43 44 48 50 51 53 69 75 78 79 82 94 99 100 109 117 118 125 128 129 133 137 140 143 145 149 152 153 155 156 157 158 164 170 187 188 192
50
2 6 7 19 22 28 32 36 38 39 41 45 46 55 57 58 60 62 69 84 89 93 94 97 100 103 107 108 111 122 126 128 130 133 136 142 145 154 158 160 164 169 172 173 174 185 191 194 196 199
37
8 10 22 23 26 30 32 42 47 51 61 64 65 67 70 72 74 83 102 105 106 109 110 114 119 123 134 139 145 148 162 163 170 177 184 188 190
39
15 24 27 28 31 32 35 39 54 60 63 66 77 80 83 88 90 96 97 98 99 100 124 127 130 132 135 141 151 155 160 161 167 173 185 186 188 189 191
34
2 4 8 28 41 44 45 62 68 83 92 103 107 119 120 123 124 131 138 146 147 149 151 153 159 162 163 172 178 181 183 188 190 195
31
2 4 8 9 11 29 32 49 69 71 77 97 98 100 101 103 104 113 115 133 136 145 147 156 157 162 186 191 195 198 200
45
4 6 11 22 26 41 50 52 54 56 57 58 71 83 88 96 101 102 103 104 110 113 115 118 119 122 125 127 131 132 139 148 150 151 158 160 169 170 172 175 176 182 190 193 199
40
1 3 6 10 21 31 37 44 47 53 54 56 60 62 64 70 71 81 83 87 89 100 108 112 117 118 123 124 127 128 135 154 167 168 171 172 177 179 181 197
44
3 5 9 12 14 18 22 27 28 32 38 39 49 63 64 70 78 81 82 84 87 106 108 116 122 127 128 131 135 141 144 148 149 151 156 160 165 168 173 182 188 189 195 196
29
7 16 17 22 24 27 33 34 58 59 62 67 69 81 112 118 124 126 131 145 154 165 169 176 185 189 193 194 200
39
3 13 17 18 41 42 49 57 59 61 73 74 76 77 82 86 90 96 99 100 101 107 109 113 115 117 121 127 130 132 155 164 176 184 185 188 191 192 200
43
1 4 14 34 36 38 44 49 53 63 72 74 77 83 85 101 104 105 108 109 111 113 117 124 126 127 128 135 142 147 150 152 158 161 163 166 167 172 176 177 190 194 198
32
1 3 9 15 21 23 31 50 51 57 59 69 70 84 92 97 98 101 102 114 116 129 130 132 135 149 152 153 165 170 191 193
39
3 8 10 16 17 18 21 24 26 38 44 50 57 64 68 69 71 75 93 96 116 123 124 138 141 149 150 152 154 157 159 160 171 174 178 185 188 191 193
45
1 12 17 26 28 39 46 54 55 60 64 65 76 79 83 90 92 93 97 103 111 112 116 122 129 132 143 145 149 158 159 162 164 166 168 169 172 173 181 182 184 185 189 192 193
34
8 15 18 21 24 27 28 33 34 40 47 60 72 89 90 95 106 109 122 127 130 133 149 152 155 159 165 166 173 181 187 188 190 196
44
2 7 10 25 26 30 34 35 45 48 51 53 54 62 72 74 79 84 88 91 92 101 104 106 109 116 122 128 131 133 134 139 143 146 147 149 153 158 173 174 177 179 187 196
41
3 13 17 21 22 34 38 39 43 47 58 60 67 70 74 81 82 84 87 93 101 112 116 119 121 125 126 127 144 150 153 154 161 162 164 167 168 174 181 186 196
42
5 11 13 22 24 29 31 36 37 39 45 48 49 53 54 68 71 73 79 84 88 99 111 112 116 119 122 129 131 138 145 148 150 154 176 179 180 182 191 194 199 200
37
2 5 23 27 30 31 33 43 44 60 62 75 76 77 87 89 90 95 98 100 107 108 119 126 129 131 139 146 147 158 159 163 180 185 192 197 198
37
13 15 16 20 26 28 31 33 38 40 41 52 53 62 63 69 70 71 83 84 90 96 100 103 108 113 115 123 124 143 147 154 167 172 174 195 197
38
5 6 14 34 41 49 57 60 66 68 71 74 76 78 82 87 95 97 100 106 111 124 137 150 153 155 165 166 169 175 176 179 180 183 188 196 199 200
47
1 3 5 8 13 15 17 23 38 41 43 49 58 59 64 67 69 70 72 73 76 94 107 109 111 113 114 116 121 122 140 141 145 147 148 155 161 163 167 170 171 172 177 180 182 185 200
34
18 22 31 34 37 45 48 50 51 52 57 59 71 73 74 96 109 110 113 114 130 131 134 136 138 144 163 165 176 177 188 191 197 198
32
1 22 31 48 55 58 59 73 79 82 89 91 103 108 110 111 123 133 134 136 144 145 147 148 154 157 161 167 177 180 185 191
41
8 11 12 16 28 31 32 34 35 39 42 52 61 65 71 76 86 87 89 92 95 100 105 119 124 131 136 141 142 152 153 156 162 168 172 176 184 187 188 195 199
38
26 34 35 41 45 51 53 56 57 66 69 73 76 90 95 97 101 102 104 119 123 126 128 129 133 135 140 141 142 143 151 153 165 169 177 183 194 195
48
2 3 7 19 25 29 32 39 42 53 54 62 65 66 69 77 79 84 91 92 97 102 104 109 110 111 112 114 116 118 121 123 125 130 134 136 140 146 148 149 152 156 172 173 177 182 195 197
43
1 2 7 17 21 40 41 43 45 51 55 57 66 68 70 73 76 77 82 89 90 94 105 108 109 110 112 114 121 128 129 132 144 146 151 162 164 165 169 171 172 181 193
37
23 28 33 45 47 52 53 56 57 59 62 64 66 67 69 73 82 84 86 89 96 100 101 117 119 126 127 144 154 172 174 177 182 183 189 192 200
43
8 12 13 16 20 21 25 26 27 28 31 35 37 48 53 55 62 68 69 75 84 88 89 91 102 103 105 107 109 110 115 116 117 121 123 135 165 168 171 178 183 191 195
33
12 27 28 29 30 47 48 53 55 64 71 73 80 87 89 90 99 100 104 109 115 117 121 143 146 159 160 169 172 175 177 198 200
32
16 29 30 33 37 39 41 52 65 81 82 83 86 91 92 94 103 111 113 117 118 120 123 147 151 153 157 162 165 172 181 195
32
1 2 5 8 11 12 13 23 24 27 31 70 72 77 79 82 93 99 104 119 130 135 142 158 166 167 169 173 176 187 195 197
37
1 3 10 17 20 22 23 40 42 44 48 57 69 73 89 91 99 100 103 107 114 128 133 136 142 146 147 156 157 166 174 181 190 192 193 195 196
40
5 10 13 14 19 20 23 31 33 37 38 47 50 51 52 61 72 74 75 89 92 94 107 110 113 126 131 133 135 137 141 144 158 160 161 174 175 184 190 192
34
1 8 14 20 21 39 53 56 57 66 68 80 84 86 109 110 116 124 137 138 141 143 146 150 154 162 172 173 174 175 185 188 196 200
43
6 14 15 19 31 33 35 42 45 46 49 51 61 74 78 82 89 97 98 102 109 110 111 113 114 118 123 137 138 140 143 145 151 152 156 157 158 162 185 187 190 197 198
43
1 2 7 8 9 10 13 14 19 23 24 25 26 33 38 40 44 51 55 61 77 79 81 82 87 95 102 106 109 117 127 136 138 149 155 156 157 160 165 166 172 178 180
41
4 11 22 26 27 33 34 36 37 52 54 63 66 73 83 85 87 98 101 110 113 118 127 133 138 141 142 144 146 160 161 162 166 172 176 178 188 190 193 196 200
39
1 8 10 13 15 25 29 41 62 65 66 68 69 75 83 88 91 96 102 108 110 112 114 120 122 123 125 142 145 154 157 164 169 171 172 183 189 194 197
37
17 20 23 36 37 43 44 55 59 66 71 72 79 81 85 89 94 112 114 117 119 124 128 142 144 153 158 159 172 178 180 181 188 189 191 196 197
45
9 10 15 16 26 37 46 48 52 54 61 62 64 66 67 68 72 85 87 90 94 95 103 105 111 117 125 129 133 135 142 143 152 153 155 160 170 178 185 186 187 188 190 192 198
40
3 4 12 18 30 34 36 37 45 49 57 59 61 64 81 88 89 92 93 103 104 107 108 109 110 111 112 123 126 139 142 157 159 160 167 172 180 192 197 200
37
3 7 12 13 19 21 29 37 42 49 54 59 75 76 77 80 87 93 94 95 103 116 117 119 126 130 134 135 137 146 166 167 174 181 186 189 197
47
4 5 6 10 15 35 38 39 48 49 51 58 62 66 69 73 78 79 83 85 90 96 101 102 105 106 109 115 122 123 126 127 128 135 142 146 147 152 153 157 158 175 177 178 189 194 198
47
3 7 8 11 18 27 28 30 38 39 41 44 47 50 55 58 63 66 72 74 78 81 90 99 103 105 107 113 116 118 125 127 129 130 132 134 137 138 146 152 160 164 173 175 178 189 193
47
1 3 6 8 10 12 15 17 21 25 28 34 41 50 58 63 65 69 84 88 92 102 105 111 114 121 123 131 132 134 138 139 141 144 145 148 154 159 161 166 170 175 180 184 186 188 199
38
7 15 24 30 31 34 44 45 47 48 49 67 74 75 81 89 94 97 103 107 111 118 119 124 128 129 130 136 137 139 141 142 148 152 156 173 181 184
36
4 5 10 11 14 15 19 24 31 32 35 41 44 50 53 58 67 69 70 79 82 88 89 100 103 109 117 147 157 158 160 166 175 187 190 193
41
4 17 20 28 29 38 41 46 54 59 61 62 64 68 69 71 73 74 79 81 85 90 96 97 100 102 106 113 124 132 140 147 149 153 156 161 164 178 179 190 197
45
5 17 19 32 33 36 42 49 53 54 60 63 68 69 71 78 85 89 113 116 118 122 124 129 132 133 136 138 144 149 154 156 163 166 167 171 180 182 188 189 191 192 193 198 200
38
3 8 9 15 16 25 30 36 47 50 52 53 56 57 61 70 71 72 73 74 76 104 110 113 114 125 127 128 138 167 179 180 181 183 185 187 195 198
41
5 9 10 20 23 34 36 41 46 47 48 57 65 69 75 77 79 83 85 87 92 116 121 125 126 134 137 145 148 155 168 173 176 177 184 187 189 193 196 197 199
44
2 10 12 18 19 20 24 25 33 36 38 48 55 56 69 70 74 90 98 102 105 107 112 113 114 121 122 142 153 154 155 156 158 159 171 176 179 182 183 186 187 191 194 199
41
1 5 9 10 11 13 28 32 39 43 46 47 48 49 56 57 58 68 69 81 83 84 97 98 103 114 120 130 134 135 144 152 153 154 159 162 169 173 187 194 200
43
5 12 16 18 21 27 32 39 42 49 57 79 81 82 88 89 94 98 103 107 113 124 125 127 140 148 150 154 155 158 163 164 166 168 169 173 182 184 186 192 193 195 200
36
1 3 9 13 17 18 21 28 31 49 61 74 77 78 80 83 94 96 99 108 115 118 137 142 143 156 157 161 164 181 183 190 192 194 197 199
46
3 7 12 14 19 23 24 30 35 43 46 53 56 58 60 62 78 79 83 93 95 97 98 100 103 108 110 116 130 132 136 137 141 142 143 148 150 152 155 163 165 169 172 174 193 199
32
1 6 8 17 34 35 43 50 58 63 71 76 92 94 100 107 118 123 125 127 130 144 155 159 160 165 170 177 178 185 194 196
48
7 14 20 23 27 34 35 36 39 42 43 48 61 62 66 68 74 78 79 82 90 94 97 108 113 116 118 120 121 124 129 130 137 142 146 155 158 159 162 164 165 167 177 184 187 192 198 200
41
2 7 8 9 12 16 17 25 31 37 46 48 50 51 53 56 60 72 79 104 107 112 117 118 119 125 134 135 136 141 142 144 152 154 155 160 168 184 193 195 196
34
3 11 14 15 22 23 29 31 33 64 70 81 89 91 94 96 98 100 103 113 121 128 138 140 141 142 145 150 158 164 174 175 190 200
35
3 9 26 29 38 44 47 58 62 72 74 75 80 83 90 92 96 107 110 111 116 134 136 137 138 141 145 159 160 172 174 179 186 188 197
37
1 2 6 7 16 20 32 36 42 46 47 48 50 57 68 71 72 75 80 82 84 94 96 100 103 108 121 123 131 145 146 150 151 162 174 175 194
33
1 40 46 50 54 63 65 73 78 79 98 108 112 113 117 123 128 130 133 134 137 140 143 146 148 155 156 161 184 185 187 188 192
37
2 5 12 16 21 28 31 38 59 62 63 75 86 89 90 93 94 99 104 107 108 109 111 114 115 117 127 133 135 136 141 142 144 162 187 191 200
40
3 6 7 8 33 42 44 47 51 57 58 64 79 80 90 92 93 99 102 104 119 121 124 126 127 135 146 150 156 160 166 168 169 170 172 179 189 190 195 198
33
3 18 24 26 40 41 50 62 74 76 83 84 94 98 111 112 113 117 125 127 131 143 150 152 158 162 165 185 188 194 197 199 200
41
4 7 8 9 24 25 32 33 38 39 46 49 52 54 69 73 80 82 97 105 107 110 112 113 115 119 120 131 136 138 144 146 160 164 168 176 180 184 191 194 195
34
8 20 26 32 33 36 41 47 50 60 72 76 79 80 88 103 106 109 113 118 124 127 140 145 150 152 160 163 166 173 174 183 193 195
36
3 5 7 10 16 23 29 35 37 38 40 42 46 52 63 68 69 72 76 82 85 88 115 130 143 147 149 157 160 163 164 166 174 178 187 195
54
2 5 12 15 24 25 28 31 40 43 47 57 61 63 66 70 74 76 80 86 87 88 96 97 101 105 106 112 114 115 121 125 131 140 142 144 145 148 149 152 157 170 171 173 174 175 177 180 183 184 185 188 193 197
37
5 7 17 23 28 30 40 44 51 54 57 60 67 69 72 73 74 80 82 97 104 107 123 129 132 134 137 144 148 156 160 170 175 177 181 191 198
37
7 17 23 29 35 36 43 48 52 57 59 64 69 72 74 76 87 89 97 109 110 114 121 125 131 134 139 141 148 150 151 156 157 158 172 190 196
44
1 5 8 9 23 26 27 30 31 32 41 49 72 75 78 80 81 82 86 92 93 98 102 110 112 116 120 136 141 146 147 149 153 156 158 164 170 172 180 187 191 194 195 196
37
1 3 4 6 8 21 22 25 26 27 29 36 38 40 44 48 52 53 65 68 74 77 91 93 101 106 116 128 132 133 140 144 161 166 176 181 183
34
3 6 9 14 17 19 20 21 30 51 60 65 79 80 84 90 102 109 122 129 146 149 151 152 154 155 162 166 168 173 179 182 183 193
43
6 10 13 15 16 19 28 39 58 60 62 68 70 72 74 82 83 88 91 99 102 107 110 111 115 118 123 124 131 135 139 142 143 147 151 158 165 174 176 177 178 184 196
37
2 7 10 12 19 21 26 29 39 44 47 51 53 54 56 58 59 61 62 71 73 78 84 88 117 128 131 136 148 150 153 154 156 166 177 180 191
36
8 13 19 44 48 64 73 76 83 85 99 104 108 109 114 117 118 120 121 124 125 126 129 132 141 147 150 151 153 166 170 178 185 188 197 198
28
3 4 10 11 13 17 22 32 54 58 66 74 86 87 95 100 105 120 133 137 146 159 176 177 179 180 182 184
44
2 8 18 19 23 24 27 34 36 38 44 47 48 50 53 54 59 66 72 75 91 99 109 112 113 118 126 132 134 138 141 142 143 147 152 154 159 161 177 182 192 195 196 200
43
1 4 7 11 13 17 26 27 29 30 48 56 57 58 75 77 81 86 96 102 103 106 108 111 117 120 124 130 136 151 158 162 168 170 173 177 179 180 181 185 186 197 199
46
5 9 10 12 13 19 20 27 34 42 44 45 54 60 62 63 65 69 71 73 80 81 87 94 106 111 112 113 116 118 125 126 130 146 149 153 157 161 170 172 176 179 182 184 196 197
40
1 5 15 16 23 32 34 35 36 39 44 47 50 59 76 87 104 108 114 116 117 123 126 130 134 137 146 148 156 158 162 170 172 174 176 178 179 182 189 196
33
2 17 21 36 38 47 51 65 72 82 93 95 98 103 111 113 130 134 135 138 147 150 159 162 171 172 175 188 191 192 193 197 200
37
1 2 6 11 31 40 45 46 47 51 69 76 81 93 97 100 111 112 115 116 120 122 127 136 140 144 147 156 158 159 160 172 178 185 186 188 196
37
18 21 26 29 36 38 47 49 50 59 60 76 82 93 97 98 99 107 108 110 115 116 123 132 135 138 150 156 158 160 162 170 180 185 190 192 200
