50 100
1.0 1.0 1.0 1.0 1.0 1.0 1.0 1.0 1.0 1.0 1.0 1.0 1.0 1.0 1.0 1.0 1.0 1.0 1.0 1.0 1.0 1.0 1.0 1.0 1.0 1.0 1.0 1.0 1.0 1.0 1.0 1.0 1.0 1.0 1.0 1.0 1.0 1.0 1.0 1.0 1.0 1.0 1.0 1.0 1.0 1.0 1.0 1.0 1.0 1.0 1.0 1.0 1.0 1.0 1.0 1.0 1.0 1.0 1.0 1.0 1.0 1.0 1.0 1.0 1.0 1.0 1.0 1.0 1.0 1.0 1.0 1.0 1.0 1.0 1.0 1.0 1.0 1.0 1.0 1.0 1.0 1.0 1.0 1.0 1.0 1.0 1.0 1.0 1.0 1.0 1.0 1.0 1.0 1.0 1.0 1.0 1.0 1.0 1.0 1.0
9
4 25 28 39 46 48 74 87 100
4
11 58 83 98
2
57 94
6
10 18 47 65 86 98
7
17 31 40 46 49 72 80
5
1 8 10 70 74
4
16 62 85 95
4
31 53 56 76
3
11 51 62
3
11 17 67
9
10 25 28 46 56 57 64 90 95
6
21 39 58 67 71 85
3
46 54 86
6
6 17 30 38 50 62
6
7 14 24 66 71 84
8
2 6 19 31 33 47 70 87
7
12 22 25 53 54 71 80
5
2 19 52 74 95
1
67
6
18 48 49 56 59 73
3
9 14 68
6
12 26 40 76 77 88
5
4 12 57 65 92
8
8 45 55 60 65 69 83 99
4
2 73 79 86
8
1 18 31 32 61 66 72 96
3
53 70 72
6
26 35 45 73 76 82
5
12 13 55 89 95
2
81 83
5
5 35 58 65 77
4
2 3 45 67
3
43 44 94
7
6 52 53 54 76 86 96
6
18 55 62 81 86 93
6
29 42 53 56 60 81
2
55 79
4
23 30 51 59
2
36 66
3
24 66 73
6
3 9 33 44 78 97
4
28 54 74 79
8
18 33 47 50 56 63 70 89
1
33
8
24 36 52 56 57 70 77 82
6
46 59 64 65 66 69
3
18 55 69
4
34 49 60 68
7
14 35 48 50 83 86 89
6
7 33 64 80 86 97
