50 100
1.0 1.0 1.0 1.0 1.0 1.0 1.0 1.0 1.0 1.0 1.0 1.0 1.0 1.0 1.0 1.0 1.0 1.0 1.0 1.0 1.0 1.0 1.0 1.0 1.0 1.0 1.0 1.0 1.0 1.0 1.0 1.0 1.0 1.0 1.0 1.0 1.0 1.0 1.0 1.0 1.0 1.0 1.0 1.0 1.0 1.0 1.0 1.0 1.0 1.0 1.0 1.0 1.0 1.0 1.0 1.0 1.0 1.0 1.0 1.0 1.0 1.0 1.0 1.0 1.0 1.0 1.0 1.0 1.0 1.0 1.0 1.0 1.0 1.0 1.0 1.0 1.0 1.0 1.0 1.0 1.0 1.0 1.0 1.0 1.0 1.0 1.0 1.0 1.0 1.0 1.0 1.0 1.0 1.0 1.0 1.0 1.0 1.0 1.0 1.0
4
2 44 56 92
6
13 29 69 78 84 96
6
3 17 38 60 74 83
9
10 15 31 55 62 74 75 76 93
7
19 27 39 55 63 85 99
7
36 47 48 62 69 76 90
8
39 47 50 62 70 83 90 94
6
6 25 28 32 37 75
7
16 17 35 52 54 71 83
7
28 39 45 51 60 81 88
4
7 63 80 85
4
2 14 23 32
4
23 55 57 67
8
3 43 45 52 59 66 68 76
2
45 68
5
20 63 67 68 90
4
32 69 75 92
6
8 20 21 39 57 86
10
3 15 38 46 52 58 66 75 84 95
5
3 4 62 76 83
3
49 57 61
5
30 39 64 72 76
2
98 99
6
8 16 24 37 55 93
3
3 12 25
2
92 98
5
12 24 36 73 78
4
8 22 80 90
4
13 48 74 97
5
14 27 55 62 95
6
2 51 57 66 86 90
5
10 27 36 46 61
1
26
3
7 37 68
2
47 100
3
17 76 97
3
71 86 99
7
7 8 39 41 78 81 96
5
15 37 53 85 87
9
39 40 55 58 68 72 77 92 96
1
84
7
2 8 36 62 69 79 95
7
6 12 25 47 50 65 90
6
8 36 40 68 79 96
6
8 18 63 73 95 96
2
45 50
3
44 58 80
5
12 16 22 56 82
8
3 11 21 61 64 82 85 88
4
13 27 34 48
