150 300
1.0 1.0 1.0 1.0 1.0 1.0 1.0 1.0 1.0 1.0 1.0 1.0 1.0 1.0 1.0 1.0 1.0 1.0 1.0 1.0 1.0 1.0 1.0 1.0 1.0 1.0 1.0 1.0 1.0 1.0 1.0 1.0 1.0 1.0 1.0 1.0 1.0 1.0 1.0 1.0 1.0 1.0 1.0 1.0 1.0 1.0 1.0 1.0 1.0 1.0 1.0 1.0 1.0 1.0 1.0 1.0 1.0 1.0 1.0 1.0 1.0 1.0 1.0 1.0 1.0 1.0 1.0 1.0 1.0 1.0 1.0 1.0 1.0 1.0 1.0 1.0 1.0 1.0 1.0 1.0 1.0 1.0 1.0 1.0 1.0 1.0 1.0 1.0 1.0 1.0 1.0 1.0 1.0 1.0 1.0 1.0 1.0 1.0 1.0 1.0 1.0 1.0 1.0 1.0 1.0 1.0 1.0 1.0 1.0 1.0 1.0 1.0 1.0 1.0 1.0 1.0 1.0 1.0 1.0 1.0 1.0 1.0 1.0 1.0 1.0 1.0 1.0 1.0 1.0 1.0 1.0 1.0 1.0 1.0 1.0 1.0 1.0 1.0 1.0 1.0 1.0 1.0 1.0 1.0 1.0 1.0 1.0 1.0 1.0 1.0 1.0 1.0 1.0 1.0 1.0 1.0 1.0 1.0 1.0 1.0 1.0 1.0 1.0 1.0 1.0 1.0 1.0 1.0 1.0 1.0 1.0 1.0 1.0 1.0 1.0 1.0 1.0 1.0 1.0 1.0 1.0 1.0 1.0 1.0 1.0 1.0 1.0 1.0 1.0 1.0 1.0 1.0 1.0 1.0 1.0 1.0 1.0 1.0 1.0 1.0 1.0 1.0 1.0 1.0 1.0 1.0 1.0 1.0 1.0 1.0 1.0 1.0 1.0 1.0 1.0 1.0 1.0 1.0 1.0 1.0 1.0 1.0 1.0 1.0 1.0 1.0 1.0 1.0 1.0 1.0 1.0 1.0 1.0 1.0 1.0 1.0 1.0 1.0 1.0 1.0 1.0 1.0 1.0 1.0 1.0 1.0 1.0 1.0 1.0 1.0 1.0 1.0 1.0 1.0 1.0 1.0 1.0 1.0 1.0 1.0 1.0 1.0 1.0 1.0 1.0 1.0 1.0 1.0 1.0 1.0 1.0 1.0 1.0 1.0 1.0 1.0 1.0 1.0 1.0 1.0 1.0 1.0 1.0 1.0 1.0 1.0 1.0 1.0 1.0 1.0 1.0 1.0 1.0 1.0 1.0 1.0 1.0 1.0 1.0 1.0
12
32 62 96 113 131 188 196 211 217 263 265 285
14
39 48 106 109 112 135 138 145 149 161 165 218 255 256
13
16 19 65 84 101 114 165 209 224 240 280 288 296
25
22 29 38 61 83 104 117 141 146 160 163 172 174 188 201 214 218 222 239 249 260 290 292 295 297
10
14 20 63 88 92 143 147 155 157 255
11
31 92 95 106 152 159 173 197 202 219 273
6
19 48 79 112 227 289
16
50 62 68 96 103 132 141 152 160 188 195 218 225 250 260 261
16
27 33 37 74 85 126 154 173 191 195 211 230 248 250 265 280
10
20 29 37 46 113 165 264 265 285 287
14
1 70 79 81 105 155 164 165 185 213 224 230 266 277
8
43 89 142 185 188 193 228 258
9
23 26 120 157 162 235 236 252 263
15
1 32 41 49 56 57 66 70 85 93 143 144 159 199 293
14
31 68 71 97 110 112 196 206 229 231 240 261 271 280
18
4 19 24 34 49 57 64 71 125 131 143 158 171 173 181 206 270 296
16
6 8 9 25 123 125 127 133 154 182 189 204 219 232 243 255
14
10 43 62 79 109 118 157 171 183 201 270 275 292 299
17
35 49 69 105 113 114 117 121 138 189 193 212 213 233 254 266 294
12
23 36 45 47 97 121 171 174 198 211 243 291
10
29 37 50 101 106 118 179 203 262 276
18
8 15 17 30 35 36 41 79 87 102 144 159 201 213 243 256 259 293
17
6 38 43 46 48 51 55 65 86 140 145 170 188 199 200 240 290
14
4 40 47 56 74 78 119 139 149 158 191 203 261 271
13
28 75 116 119 122 136 145 159 185 192 256 278 290
23
2 4 21 25 35 36 62 80 84 89 90 130 142 152 168 190 207 220 239 250 264 269 279
13
10 45 48 63 81 89 120 146 147 193 245 247 257
20
9 30 56 80 96 100 137 161 165 167 172 179 186 233 240 266 275 283 289 292
9
8 21 101 128 134 191 197 231 292
12
69 74 90 149 153 157 169 175 217 228 234 279
10
36 106 129 140 190 198 200 217 238 250
15
1 2 10 58 107 116 153 157 161 175 215 225 231 236 264
24
14 24 37 69 107 109 113 117 123 154 194 198 207 211 219 221 222 239 243 263 265 270 292 300
18
10 29 42 43 60 72 97 101 107 121 124 138 194 201 225 226 250 268
11
3 6 20 30 68 77 87 155 200 249 274
19
3 4 29 41 57 71 73 142 145 178 183 187 209 213 246 259 260 266 279
19
11 18 29 64 83 111 139 153 176 196 200 208 211 215 229 243 244 247 275
17
53 54 71 97 131 134 135 138 153 194 206 235 255 259 261 278 287
15
31 36 92 122 125 154 183 187 191 197 240 262 266 282 300
18
8 12 14 31 36 51 53 68 103 123 125 133 134 164 223 246 260 295
13
7 50 76 109 117 144 146 209 224 228 236 275 281
14
41 59 72 99 144 157 206 211 212 219 232 250 253 263
16
12 18 53 63 73 82 92 98 101 132 138 154 179 237 248 281
14
5 8 14 16 49 76 87 171 174 189 234 261 284 294
10
16 42 94 107 134 223 238 245 288 295
18
38 40 44 51 92 105 113 132 136 137 139 148 170 215 217 220 247 255
15
19 22 30 37 65 84 104 118 135 189 207 224 246 284 297
28
2 10 17 20 26 28 50 51 54 91 102 125 134 141 158 160 163 164 169 170 190 192 210 230 247 253 263 279
17
43 44 99 120 128 134 137 151 157 168 215 234 259 274 286 289 296
5
26 77 107 190 230
17
18 19 40 74 78 79 102 124 135 157 162 169 178 186 230 243 264
10
27 56 60 101 141 158 220 252 283 294
22
23 29 48 52 95 109 129 133 141 165 179 182 195 214 224 228 237 238 240 263 279 298
14
12 49 59 108 112 134 140 193 208 215 249 252 273 291
11
53 56 65 76 87 110 137 152 207 250 276
12
10 43 64 88 92 100 133 196 259 265 291 297
21
3 9 10 52 61 76 98 122 125 135 138 148 149 157 174 178 233 243 281 283 284
21
1 14 23 32 34 46 51 69 76 138 144 148 150 154 163 211 217 224 233 238 294
14
4 39 52 69 100 101 114 119 127 153 183 192 248 270
16
15 23 63 69 82 139 172 195 202 215 218 244 263 264 283 296
23
1 3 7 27 57 92 122 132 157 160 170 172 184 194 202 206 212 220 221 234 236 258 265
7
4 10 107 115 195 254 257
20
1 10 21 24 49 51 54 77 145 149 176 177 183 191 201 220 226 268 274 294
16
11 19 55 67 87 96 114 174 180 186 187 206 208 219 279 299
8
68 120 134 142 204 263 280 287
20
18 25 36 63 66 69 73 87 98 125 153 162 196 216 233 240 286 287 290 294
8
39 49 128 129 137 155 167 178
16
1 40 44 46 60 63 82 123 175 179 221 222 235 251 271 294
16
32 80 95 110 117 132 137 138 195 207 210 224 233 251 261 262
14
43 65 78 148 178 182 183 212 233 237 247 259 264 281
19
23 58 62 82 88 97 104 126 151 153 155 172 197 232 247 251 254 289 300
11
8 21 67 72 76 79 81 139 161 180 255
21
8 10 37 55 59 75 76 79 87 95 99 116 131 175 209 214 218 220 264 288 300
16
30 34 52 58 84 116 149 157 181 202 225 226 230 261 272 296
20
21 42 43 56 63 82 91 107 117 161 162 163 164 175 185 193 201 270 293 294
14
28 45 48 73 95 112 123 148 186 188 227 235 241 262
17
39 57 68 86 126 143 156 187 191 202 207 209 235 239 246 274 279
11
94 115 149 156 161 182 197 220 270 275 283
16
13 25 59 101 121 150 164 183 194 198 206 260 264 286 296 299
13
20 34 38 67 74 77 82 128 152 191 236 238 272
14
7 37 53 150 152 168 185 195 207 212 250 267 272 284
13
21 29 42 63 88 112 162 190 196 227 247 248 266
7
65 86 158 207 227 260 274
19
14 24 39 47 97 98 105 106 123 143 161 177 182 198 209 222 241 260 283
22
7 10 38 42 46 64 79 81 88 113 133 190 204 207 216 240 242 270 275 279 293 299
11
6 50 58 68 84 106 137 192 228 252 299
12
11 19 30 76 77 84 106 151 180 183 224 266
9
7 124 129 187 205 208 216 236 254
11
27 53 61 111 120 165 174 198 219 236 283
17
3 14 41 43 54 73 89 90 123 131 148 184 211 230 232 238 280
15
111 113 134 161 162 165 166 174 193 245 250 262 266 281 298
14
9 12 36 65 80 85 95 133 167 218 225 252 266 294
11
19 29 35 60 97 113 147 196 219 253 257
15
4 12 42 53 54 63 68 91 192 202 210 233 270 275 282
14
8 10 15 16 22 40 140 180 193 214 219 225 235 244
11
70 113 114 116 199 201 220 241 252 262 283
18
7 17 28 33 36 46 47 94 127 139 143 153 161 196 251 256 259 283
13
45 51 91 92 97 124 169 172 177 190 203 219 242
16
16 51 56 65 113 129 163 177 186 210 212 214 240 241 252 276
12
42 53 62 94 101 107 111 183 231 243 273 277
15
14 21 44 66 80 91 92 97 103 110 111 151 167 233 253
5
23 36 125 162 274
13
32 54 72 134 148 156 174 209 227 239 240 243 288
13
22 56 58 73 78 138 158 186 202 210 221 284 292
19
3 17 20 22 23 30 61 93 107 109 114 138 142 150 164 189 254 261 286
18
1 36 44 46 50 56 67 126 128 147 162 196 200 241 245 248 294 298
22
19 36 54 58 75 85 96 98 112 117 168 173 182 207 219 226 228 236 261 267 291 300
13
14 56 82 92 126 130 190 199 211 215 223 273 281
10
24 66 94 133 142 205 221 238 246 286
13
23 34 36 38 72 78 149 157 201 216 237 238 251
13
2 6 16 32 88 111 121 139 155 173 238 239 273
16
11 14 29 41 90 97 118 130 134 147 155 181 184 207 276 297
17
3 9 27 33 44 73 80 81 85 120 155 161 206 219 256 266 285
14
27 39 50 77 89 113 158 171 196 199 224 247 282 286
13
40 43 72 74 108 123 150 203 221 223 260 269 297
13
3 12 32 49 155 208 225 241 254 257 259 281 284
20
6 26 31 50 51 55 87 137 142 157 184 191 192 199 203 243 272 276 287 300
18
4 10 51 52 63 79 107 108 109 120 139 161 193 236 237 254 276 290
13
4 5 34 57 66 89 113 135 153 162 182 184 297
18
3 13 39 52 81 102 117 140 182 184 187 192 218 246 249 258 273 278
20
11 59 62 70 94 101 110 152 177 186 187 199 202 211 213 237 240 262 263 286
13
28 91 109 128 157 161 176 192 205 226 245 274 288
14
80 85 89 96 109 121 131 164 167 190 207 217 227 245
16
11 21 51 53 67 80 122 172 189 193 195 196 235 250 262 286
10
118 170 184 211 229 236 251 253 255 293
12
1 15 25 74 84 87 108 138 166 241 274 290
13
4 16 80 98 112 139 147 177 184 189 266 278 279
13
1 10 14 106 133 139 140 215 238 245 270 284 298
15
12 27 79 86 100 111 120 123 185 193 212 237 244 267 280
16
55 76 94 107 144 149 163 192 205 209 211 256 257 258 286 293
24
11 21 30 35 69 87 96 114 115 118 128 149 165 170 174 175 195 202 226 260 271 284 287 288
20
2 8 36 42 46 85 115 120 123 148 160 174 191 193 233 246 264 267 287 297
21
15 26 41 70 79 87 90 111 112 134 160 162 175 184 191 196 202 213 236 248 269
14
4 20 26 29 51 87 112 205 240 241 243 245 267 299
21
29 37 39 48 68 83 89 105 106 120 143 168 180 182 217 220 221 242 253 277 289
21
3 104 108 119 136 140 141 145 156 162 172 226 228 237 243 247 248 249 256 266 293
13
18 20 25 28 36 97 117 142 167 187 211 249 286
11
13 56 83 122 143 166 180 201 257 263 290
12
9 44 53 68 96 104 121 129 145 179 199 242
22
8 24 97 104 109 114 117 139 143 166 175 190 194 203 223 231 251 264 271 283 287 291
16
2 3 14 48 64 99 128 205 211 224 241 256 279 280 296 299
18
10 11 44 107 123 129 139 153 154 163 165 179 198 213 232 258 266 291
15
29 42 53 103 121 127 130 140 148 157 194 217 221 264 297
13
5 34 36 54 61 98 116 185 189 198 228 272 293
12
18 126 134 162 163 180 194 204 208 241 280 285
11
15 47 68 80 103 126 212 232 250 276 295
13
67 94 133 136 145 191 195 197 220 230 238 245 274
17
28 42 87 104 106 142 182 189 191 219 228 243 253 266 270 283 293
13
16 21 34 135 152 209 220 232 240 250 278 291 299
19
15 24 91 96 126 129 157 161 164 168 174 191 209 216 228 241 261 272 300
