100 200
1.0 1.0 1.0 1.0 1.0 1.0 1.0 1.0 1.0 1.0 1.0 1.0 1.0 1.0 1.0 1.0 1.0 1.0 1.0 1.0 1.0 1.0 1.0 1.0 1.0 1.0 1.0 1.0 1.0 1.0 1.0 1.0 1.0 1.0 1.0 1.0 1.0 1.0 1.0 1.0 1.0 1.0 1.0 1.0 1.0 1.0 1.0 1.0 1.0 1.0 1.0 1.0 1.0 1.0 1.0 1.0 1.0 1.0 1.0 1.0 1.0 1.0 1.0 1.0 1.0 1.0 1.0 1.0 1.0 1.0 1.0 1.0 1.0 1.0 1.0 1.0 1.0 1.0 1.0 1.0 1.0 1.0 1.0 1.0 1.0 1.0 1.0 1.0 1.0 1.0 1.0 1.0 1.0 1.0 1.0 1.0 1.0 1.0 1.0 1.0 1.0 1.0 1.0 1.0 1.0 1.0 1.0 1.0 1.0 1.0 1.0 1.0 1.0 1.0 1.0 1.0 1.0 1.0 1.0 1.0 1.0 1.0 1.0 1.0 1.0 1.0 1.0 1.0 1.0 1.0 1.0 1.0 1.0 1.0 1.0 1.0 1.0 1.0 1.0 1.0 1.0 1.0 1.0 1.0 1.0 1.0 1.0 1.0 1.0 1.0 1.0 1.0 1.0 1.0 1.0 1.0 1.0 1.0 1.0 1.0 1.0 1.0 1.0 1.0 1.0 1.0 1.0 1.0 1.0 1.0 1.0 1.0 1.0 1.0 1.0 1.0 1.0 1.0 1.0 1.0 1.0 1.0 1.0 1.0 1.0 1.0 1.0 1.0 1.0 1.0 1.0 1.0 1.0 1.0 1.0 1.0 1.0 1.0 1.0 1.0
8
4 5 12 31 66 101 148 174
9
14 17 23 38 44 80 127 180 183
14
8 14 17 18 27 28 37 60 69 93 113 138 139 192
10
3 11 12 17 18 70 89 107 134 149
14
24 31 41 49 52 60 69 75 106 126 128 150 151 173
9
12 19 62 93 111 117 168 169 193
4
47 63 119 183
10
8 46 54 64 97 98 110 151 187 197
12
5 113 118 123 130 147 155 176 182 185 190 197
8
13 30 70 78 91 161 162 172
11
29 53 55 63 66 103 113 139 142 149 163
8
3 27 32 53 72 78 83 184
12
31 39 54 75 78 81 139 163 184 188 196 197
9
7 37 60 62 102 138 139 146 187
8
3 19 47 58 61 73 80 98
13
11 12 59 65 68 102 131 146 149 168 173 198 200
9
2 20 75 98 105 120 122 125 158
12
25 33 54 71 72 86 88 115 157 163 168 195
15
7 14 21 29 44 52 74 98 105 119 131 142 181 190 194
15
5 9 19 28 60 76 82 84 91 126 147 160 174 191 197
13
7 9 32 76 88 98 105 107 115 119 124 137 173
12
20 21 23 38 81 82 102 140 147 167 181 187
7
52 73 149 171 180 182 184
14
7 14 59 117 118 119 126 143 152 154 177 187 191 192
16
3 15 44 46 51 64 73 83 98 113 140 143 147 156 160 162
17
4 24 30 31 33 35 47 62 67 73 78 88 135 142 144 160 173
10
1 6 81 84 101 103 119 143 155 180
7
21 56 62 110 133 139 180
12
43 47 57 76 120 132 138 145 151 155 160 185
9
22 24 35 39 43 67 104 183 188
9
14 17 21 43 44 99 135 144 179
7
59 76 86 143 150 159 167
12
8 23 65 72 74 99 114 119 128 153 184 199
8
63 109 143 152 166 171 181 185
13
1 15 21 34 101 106 142 147 148 161 165 186 190
6
54 64 92 137 182 194
10
6 9 47 87 95 121 150 156 191 200
10
56 58 82 109 111 122 127 156 168 185
9
3 6 17 33 92 108 117 135 145
6
49 57 62 132 139 173
19
1 8 16 31 32 43 51 71 78 117 121 139 146 157 175 187 192 195 200
14
24 39 41 58 91 108 117 135 137 143 147 148 185 196
12
23 50 68 71 76 107 109 112 113 124 163 183
7
16 18 20 64 90 147 191
5
62 102 127 129 194
16
19 23 25 42 56 75 82 87 99 103 115 132 148 170 176 187
3
13 86 105
5
9 37 46 148 162
9
7 27 54 59 88 97 109 134 188
15
47 62 76 84 86 108 112 113 119 121 123 149 187 189 194
7
12 128 136 138 180 185 197
4
74 84 160 162
7
6 10 12 27 85 86 98
9
4 31 46 47 57 127 152 155 172
10
13 22 35 87 100 103 111 116 134 183
14
8 10 13 23 40 45 68 72 89 130 146 152 171 187
8
7 15 17 34 59 96 123 172
13
14 46 55 67 79 104 126 139 147 153 179 182 199
12
2 13 72 77 81 99 111 120 122 124 170 192
14
9 16 36 67 84 86 116 147 149 156 164 168 170 198
8
21 39 76 92 97 109 157 177
8
22 36 63 84 88 118 145 164
14
4 18 21 26 30 58 88 105 122 137 138 150 155 189
10
21 32 34 53 55 87 110 120 146 197
9
22 23 25 34 36 46 55 81 106
10
5 23 31 44 78 91 126 136 139 166
12
24 27 59 66 91 147 155 158 160 162 172 181
9
17 26 27 30 37 76 90 113 147
11
2 19 29 41 45 87 103 114 115 119 153
7
5 30 85 113 148 152 179
6
32 51 64 84 122 146
8
5 18 129 144 148 159 179 187
11
4 14 19 62 120 126 136 137 152 189 199
11
6 62 81 117 119 121 131 136 140 197 198
7
35 65 84 103 166 194 195
13
17 37 40 65 72 93 96 126 147 158 186 187 194
9
1 4 15 41 44 50 114 150 157
7
3 14 43 69 87 180 182
15
32 36 71 112 131 139 150 151 152 162 170 174 175 178 194
8
16 59 98 108 115 123 126 198
15
10 23 38 39 50 89 104 108 109 139 156 172 184 187 196
12
4 24 53 66 81 91 107 131 135 139 171 173
13
21 26 44 70 98 99 113 119 123 131 147 166 194
6
15 34 52 76 136 189
6
3 44 68 69 95 160
11
24 31 35 66 83 117 166 183 191 198 200
12
22 27 29 33 42 77 92 100 116 137 141 169
10
35 39 54 64 67 83 121 126 146 158
7
18 27 65 99 106 126 130
10
44 74 90 96 109 122 153 157 168 178
11
2 15 20 39 40 131 133 156 168 193 197
11
6 16 67 74 113 138 144 156 173 180 193
12
57 79 83 99 100 113 130 150 161 168 170 177
13
5 17 31 66 72 92 95 105 134 165 169 178 179
13
1 22 42 47 62 76 86 94 106 115 131 165 166
6
43 62 108 134 141 188
10
33 57 66 73 76 92 99 112 156 183
13
4 17 41 50 65 66 117 119 132 172 180 196 199
11
9 42 58 62 71 84 96 111 128 155 189
12
4 9 58 69 71 75 78 87 99 101 132 154
