100 200
1.0 1.0 1.0 1.0 1.0 1.0 1.0 1.0 1.0 1.0 1.0 1.0 1.0 1.0 1.0 1.0 1.0 1.0 1.0 1.0 1.0 1.0 1.0 1.0 1.0 1.0 1.0 1.0 1.0 1.0 1.0 1.0 1.0 1.0 1.0 1.0 1.0 1.0 1.0 1.0 1.0 1.0 1.0 1.0 1.0 1.0 1.0 1.0 1.0 1.0 1.0 1.0 1.0 1.0 1.0 1.0 1.0 1.0 1.0 1.0 1.0 1.0 1.0 1.0 1.0 1.0 1.0 1.0 1.0 1.0 1.0 1.0 1.0 1.0 1.0 1.0 1.0 1.0 1.0 1.0 1.0 1.0 1.0 1.0 1.0 1.0 1.0 1.0 1.0 1.0 1.0 1.0 1.0 1.0 1.0 1.0 1.0 1.0 1.0 1.0 1.0 1.0 1.0 1.0 1.0 1.0 1.0 1.0 1.0 1.0 1.0 1.0 1.0 1.0 1.0 1.0 1.0 1.0 1.0 1.0 1.0 1.0 1.0 1.0 1.0 1.0 1.0 1.0 1.0 1.0 1.0 1.0 1.0 1.0 1.0 1.0 1.0 1.0 1.0 1.0 1.0 1.0 1.0 1.0 1.0 1.0 1.0 1.0 1.0 1.0 1.0 1.0 1.0 1.0 1.0 1.0 1.0 1.0 1.0 1.0 1.0 1.0 1.0 1.0 1.0 1.0 1.0 1.0 1.0 1.0 1.0 1.0 1.0 1.0 1.0 1.0 1.0 1.0 1.0 1.0 1.0 1.0 1.0 1.0 1.0 1.0 1.0 1.0 1.0 1.0 1.0 1.0 1.0 1.0 1.0 1.0 1.0 1.0 1.0 1.0
12
4 7 22 26 41 61 104 146 177 191 193 194
4
34 38 76 116
10
27 48 75 90 92 122 136 155 163 169
13
13 20 32 35 50 57 70 88 97 105 141 160 199
8
3 48 77 97 119 133 151 189
12
9 10 29 42 50 58 68 107 112 113 147 160
14
47 69 85 98 110 113 114 126 127 150 151 156 182 194
9
55 80 95 110 115 121 145 158 169
13
7 18 24 49 55 63 64 103 119 136 143 185 192
8
23 43 48 56 93 150 178 199
8
15 72 88 117 121 148 183 184
6
84 98 130 135 168 187
12
2 9 53 54 58 68 101 122 137 144 183 188
4
81 91 127 175
12
19 36 52 74 75 102 114 144 161 188 190 192
10
18 38 39 42 55 66 130 132 152 170
7
22 33 41 74 95 101 121
17
4 13 14 28 34 36 38 39 45 48 76 155 157 171 185 188 199
20
9 27 40 41 54 68 73 96 97 109 112 123 131 132 140 141 148 159 164 185
16
8 43 51 64 66 68 70 97 99 102 144 167 170 178 186 197
11
8 11 34 44 46 50 67 73 143 168 174
8
17 18 23 60 78 117 150 161
8
1 20 34 77 107 149 171 191
8
1 69 90 105 132 182 195 197
10
10 65 67 71 81 98 105 106 154 171
11
1 33 84 85 92 129 138 151 164 171 173
8
11 19 22 46 95 124 157 191
6
49 56 87 132 157 186
13
12 26 34 77 101 108 112 118 125 128 137 154 164
14
2 13 19 33 59 64 70 82 112 124 163 170 174 199
9
26 28 32 41 50 83 144 149 156
8
8 48 52 55 57 75 118 195
17
24 25 45 49 52 55 56 58 77 89 90 104 112 122 165 172 188
15
1 34 37 50 66 74 78 105 133 139 146 148 171 175 179
8
1 41 48 60 91 159 185 190
9
7 33 40 44 59 64 77 126 192
13
2 5 21 29 35 52 100 113 123 134 179 184 199
10
13 39 60 100 112 127 142 156 160 165
5
60 120 147 173 185
12
9 38 74 83 113 127 138 141 167 178 183 200
9
8 49 58 74 129 175 179 191 199
8
30 37 57 66 103 121 144 186
12
16 22 25 86 133 155 156 161 162 182 188 194
12
1 76 77 78 89 91 92 128 133 174 182 184
12
10 13 18 93 106 116 118 124 137 142 143 166
6
25 63 93 149 181 186
8
18 23 60 74 79 94 128 161
13
1 10 45 54 63 68 83 105 120 131 143 164 172
13
24 36 38 46 60 61 112 119 128 167 172 182 191
8
23 49 78 90 107 143 182 199
13
17 30 66 72 82 102 118 141 142 153 157 162 173
7
79 85 116 142 164 170 186
11
11 21 41 90 103 128 152 156 167 182 184
9
13 28 53 58 80 82 103 144 182
9
20 50 89 118 132 145 159 173 182
11
16 28 38 81 83 93 109 114 126 161 167
9
104 116 122 132 135 136 146 179 183
11
3 26 42 63 80 87 116 128 148 188 200
15
8 11 26 77 94 114 135 145 147 160 174 177 188 191 192
12
3 25 36 40 41 47 97 114 155 178 183 191
11
13 18 64 69 70 102 103 108 113 144 151
13
25 27 42 58 67 68 74 82 90 109 140 187 196
8
41 51 80 87 121 123 124 166
8
4 20 30 54 55 63 170 190
12
15 17 52 59 84 86 96 109 111 146 159 167
14
26 68 109 118 120 121 130 146 154 156 161 166 183 195
12
27 30 42 48 65 82 93 115 129 137 166 190
10
9 44 55 61 71 90 134 148 177 184
10
85 88 106 109 111 150 154 157 185 195
8
12 26 63 110 116 161 193 197
9
6 37 68 81 91 94 111 139 189
9
2 3 28 48 54 59 71 90 183
13
3 26 31 50 56 61 69 72 111 116 122 128 139
12
4 40 46 97 107 138 141 158 170 177 188 189
8
20 21 31 36 68 77 96 110
17
4 25 29 50 63 72 77 100 102 111 151 163 167 169 178 179 192
10
10 17 18 29 47 84 119 125 134 191
12
10 14 30 53 89 107 120 136 140 171 177 192
7
50 76 79 108 110 119 152
8
38 42 52 65 85 125 137 182
8
54 65 76 94 112 113 119 160
8
17 33 38 51 52 83 136 144
9
17 22 23 24 33 39 109 147 177
12
11 36 51 58 59 96 98 99 102 114 140 194
9
2 34 38 54 79 144 147 148 179
11
12 17 53 56 134 149 150 174 195 196 199
8
29 53 108 111 130 174 181 189
6
94 107 121 169 180 198
8
17 18 38 52 89 144 173 186
11
12 22 61 75 102 105 111 152 170 179 195
9
41 50 59 95 99 102 105 106 138
6
12 15 59 73 123 139
8
45 59 60 69 81 122 136 159
6
29 37 110 126 170 200
12
3 6 46 70 76 82 96 108 119 161 163 190
11
17 32 45 57 70 89 104 139 143 148 200
8
27 109 111 149 152 180 185 197
7
1 6 45 49 70 74 159
13
9 34 93 107 109 110 115 152 170 189 192 195 198
10
6 13 45 53 102 118 127 138 142 172
