150 300
1.0 1.0 1.0 1.0 1.0 1.0 1.0 1.0 1.0 1.0 1.0 1.0 1.0 1.0 1.0 1.0 1.0 1.0 1.0 1.0 1.0 1.0 1.0 1.0 1.0 1.0 1.0 1.0 1.0 1.0 1.0 1.0 1.0 1.0 1.0 1.0 1.0 1.0 1.0 1.0 1.0 1.0 1.0 1.0 1.0 1.0 1.0 1.0 1.0 1.0 1.0 1.0 1.0 1.0 1.0 1.0 1.0 1.0 1.0 1.0 1.0 1.0 1.0 1.0 1.0 1.0 1.0 1.0 1.0 1.0 1.0 1.0 1.0 1.0 1.0 1.0 1.0 1.0 1.0 1.0 1.0 1.0 1.0 1.0 1.0 1.0 1.0 1.0 1.0 1.0 1.0 1.0 1.0 1.0 1.0 1.0 1.0 1.0 1.0 1.0 1.0 1.0 1.0 1.0 1.0 1.0 1.0 1.0 1.0 1.0 1.0 1.0 1.0 1.0 1.0 1.0 1.0 1.0 1.0 1.0 1.0 1.0 1.0 1.0 1.0 1.0 1.0 1.0 1.0 1.0 1.0 1.0 1.0 1.0 1.0 1.0 1.0 1.0 1.0 1.0 1.0 1.0 1.0 1.0 1.0 1.0 1.0 1.0 1.0 1.0 1.0 1.0 1.0 1.0 1.0 1.0 1.0 1.0 1.0 1.0 1.0 1.0 1.0 1.0 1.0 1.0 1.0 1.0 1.0 1.0 1.0 1.0 1.0 1.0 1.0 1.0 1.0 1.0 1.0 1.0 1.0 1.0 1.0 1.0 1.0 1.0 1.0 1.0 1.0 1.0 1.0 1.0 1.0 1.0 1.0 1.0 1.0 1.0 1.0 1.0 1.0 1.0 1.0 1.0 1.0 1.0 1.0 1.0 1.0 1.0 1.0 1.0 1.0 1.0 1.0 1.0 1.0 1.0 1.0 1.0 1.0 1.0 1.0 1.0 1.0 1.0 1.0 1.0 1.0 1.0 1.0 1.0 1.0 1.0 1.0 1.0 1.0 1.0 1.0 1.0 1.0 1.0 1.0 1.0 1.0 1.0 1.0 1.0 1.0 1.0 1.0 1.0 1.0 1.0 1.0 1.0 1.0 1.0 1.0 1.0 1.0 1.0 1.0 1.0 1.0 1.0 1.0 1.0 1.0 1.0 1.0 1.0 1.0 1.0 1.0 1.0 1.0 1.0 1.0 1.0 1.0 1.0 1.0 1.0 1.0 1.0 1.0 1.0 1.0 1.0 1.0 1.0 1.0 1.0 1.0 1.0 1.0 1.0 1.0 1.0
68
7 13 16 18 31 35 36 39 45 46 48 49 56 59 73 77 82 88 91 92 100 111 112 119 130 131 132 140 153 157 158 172 173 174 175 184 186 188 189 195 197 199 201 206 211 212 213 214 215 218 223 224 226 229 232 238 241 249 252 257 261 270 274 276 282 286 290 293
58
5 8 11 14 15 16 18 29 36 38 39 47 59 60 63 76 77 91 95 98 105 109 110 114 117 121 124 128 141 142 149 150 162 165 191 196 199 202 203 205 212 213 217 224 232 237 241 252 257 261 262 266 270 273 285 286 287 289
63
3 9 29 41 45 50 57 58 64 68 80 88 97 101 105 109 111 115 117 121 133 139 141 142 146 147 156 158 160 163 165 170 171 177 187 188 189 195 198 199 200 206 210 212 214 224 227 238 248 257 260 261 263 264 265 268 269 275 276 279 282 292 295
65
7 11 12 13 16 26 28 42 44 45 48 49 51 55 58 59 60 63 70 72 73 76 94 100 105 109 114 116 117 118 124 125 128 129 132 135 137 138 143 145 155 156 160 163 175 187 188 191 192 193 194 199 203 210 226 229 235 245 251 255 270 279 292 295 296
76
3 6 9 11 21 25 28 34 35 36 44 47 48 54 56 59 61 62 63 66 67 70 72 76 78 79 103 109 119 121 126 133 135 136 140 147 148 151 160 167 168 169 170 171 174 184 190 192 195 196 203 211 216 217 218 219 220 225 232 239 248 255 256 257 264 268 270 271 275 277 279 283 284 289 294 297
53
3 5 15 18 40 45 47 55 57 58 80 81 84 91 92 99 101 104 108 113 117 118 121 128 131 149 150 157 165 171 175 184 185 194 212 213 214 217 219 224 225 229 230 232 234 243 244 256 270 281 283 285 298
70
2 4 7 9 23 27 29 30 34 49 53 60 61 62 68 69 71 72 80 81 82 84 86 88 91 93 96 105 120 121 123 125 134 138 139 147 151 153 154 155 160 164 165 168 169 173 176 179 180 181 183 197 202 214 227 234 237 240 243 244 249 253 259 265 270 281 284 286 287 294
62
3 11 21 22 24 25 27 34 36 51 52 55 60 69 72 76 80 86 96 103 105 113 116 117 126 128 135 138 140 141 144 150 155 156 157 159 161 167 174 176 178 182 192 196 201 208 213 219 228 231 232 256 257 259 264 270 279 281 286 288 290 295
64
9 11 14 21 23 42 43 44 46 52 54 61 63 67 71 77 89 90 95 109 112 116 119 124 126 136 138 141 144 145 148 149 150 151 152 160 166 169 171 181 186 187 190 192 197 199 200 202 204 205 220 226 230 241 252 257 271 276 278 282 288 290 293 300
61
2 9 13 14 20 25 30 35 38 58 61 66 73 75 83 84 94 98 102 111 115 118 122 124 131 134 146 148 149 150 151 152 162 167 171 173 178 185 188 193 194 205 222 224 229 230 232 233 238 249 258 261 274 277 278 279 289 292 294 297 299
63
1 5 12 19 21 30 32 34 36 38 42 47 48 49 50 53 57 62 66 67 69 75 78 85 89 94 101 107 108 112 117 127 136 139 140 142 148 152 153 156 167 177 178 181 183 186 187 189 190 204 205 209 223 227 228 229 248 251 257 264 269 275 300
58
1 10 11 16 26 31 47 49 50 60 66 70 75 77 93 95 108 111 114 118 127 128 129 135 141 142 144 161 167 172 180 181 183 188 189 197 201 206 208 209 212 216 218 223 229 240 247 254 259 266 273 283 284 286 294 296 298 299
62
2 8 17 18 20 21 24 26 44 66 67 69 71 72 80 84 87 88 98 102 106 111 116 119 120 131 139 141 146 151 154 155 156 161 162 171 174 175 185 187 193 195 198 202 205 211 214 219 227 234 239 243 244 246 254 256 257 259 277 287 289 297
59
3 19 32 39 43 45 46 49 51 53 60 68 70 76 83 94 97 102 103 104 107 111 116 120 134 136 138 144 146 147 154 155 162 174 184 185 186 188 190 199 210 217 242 243 244 246 247 248 251 253 256 259 270 278 286 288 290 294 300
58
1 3 10 11 13 15 16 22 23 33 39 43 49 51 52 57 60 63 64 67 79 81 89 91 95 99 118 121 125 130 135 145 152 155 158 159 163 169 177 180 182 184 185 186 188 191 199 202 218 231 241 244 245 248 263 287 293 297
56
9 12 17 19 23 37 44 48 51 60 66 69 74 79 88 93 96 103 104 108 111 115 117 122 131 132 135 139 147 155 163 176 184 187 190 198 212 214 223 224 235 236 243 247 254 260 272 276 277 278 281 283 286 293 298 300
59
2 4 9 17 22 23 31 39 45 49 53 59 60 63 68 69 70 80 88 95 104 109 114 127 129 132 135 136 140 148 160 170 173 174 177 180 181 192 196 198 203 213 215 219 220 221 225 226 236 241 249 251 255 262 263 274 281 294 300
62
4 20 21 24 27 31 33 37 42 49 56 70 73 74 82 85 87 91 94 110 111 114 118 119 126 138 140 145 147 152 156 166 167 170 177 182 185 189 202 205 211 213 220 229 233 234 238 245 251 257 258 262 263 268 271 277 279 280 281 285 297 300
61
4 6 8 9 12 17 20 25 44 50 54 65 69 72 73 78 79 81 90 95 99 111 117 119 121 132 140 145 148 149 169 172 178 184 186 190 191 194 202 214 216 217 226 234 241 249 252 253 259 265 269 271 273 275 277 279 283 288 290 296 299
56
10 13 16 24 32 35 37 38 43 46 47 56 65 67 68 71 83 85 101 106 108 109 113 115 124 125 127 129 131 143 153 161 162 165 187 199 201 209 215 217 228 236 241 244 245 246 248 256 267 268 271 274 279 283 288 294
63
8 13 17 18 22 24 26 44 50 51 52 62 63 65 67 68 70 74 76 84 89 90 91 97 100 114 115 124 129 135 155 156 159 160 161 164 173 179 185 191 203 206 208 209 215 219 222 225 226 233 239 255 257 263 271 277 284 286 287 288 295 298 299
54
5 16 17 19 31 34 53 55 58 59 72 75 79 80 87 88 90 99 105 109 113 122 128 133 135 139 140 142 148 152 159 168 171 177 179 180 192 196 202 214 215 218 224 234 245 249 262 263 266 272 276 280 289 293
56
3 7 15 16 29 32 36 41 42 48 49 54 57 74 75 78 84 91 98 103 106 109 130 133 138 140 146 156 157 158 159 162 176 188 201 213 223 224 228 230 235 238 240 245 250 259 261 264 277 279 280 281 283 284 289 291
64
3 5 8 9 11 13 15 17 28 31 42 45 55 57 58 70 76 84 87 88 91 92 94 104 105 110 115 117 119 132 134 140 144 150 151 154 159 161 164 167 170 176 180 189 191 192 197 199 201 213 218 232 234 238 239 248 251 259 261 262 263 276 278 300
60
13 14 21 23 24 25 26 27 28 30 34 47 56 57 62 68 69 72 74 80 82 87 89 92 96 97 103 113 115 121 135 136 140 154 168 183 190 192 196 197 203 211 216 220 227 231 236 239 242 244 254 257 258 260 263 266 269 285 286 294
67
6 12 14 25 32 35 40 46 64 65 71 85 86 89 97 103 117 118 123 129 137 138 139 141 142 146 147 150 151 152 155 157 166 169 171 180 182 186 189 195 199 203 205 207 220 222 223 224 226 229 230 235 241 243 245 246 252 254 262 272 276 282 286 290 292 293 296
62
5 7 10 11 20 26 30 34 38 48 49 57 59 60 64 67 78 81 88 93 98 100 105 108 116 120 125 133 139 144 147 152 156 170 174 175 182 184 186 196 200 201 202 203 211 213 228 242 244 246 252 254 261 262 264 277 279 284 288 289 290 299
62
5 13 15 21 23 24 40 41 42 44 47 49 56 62 64 71 77 87 96 99 108 112 119 121 122 123 129 133 142 143 144 147 158 159 160 165 170 172 175 176 197 198 204 211 214 227 231 234 237 238 244 246 252 258 261 262 273 280 285 291 293 299
66
1 4 15 16 17 26 27 28 32 34 39 45 55 56 57 60 63 75 81 87 89 106 108 109 112 118 123 132 143 146 153 154 157 160 162 164 166 178 180 181 187 190 191 200 203 205 206 209 212 214 216 223 224 228 235 236 238 244 247 258 261 268 289 295 296 297
52
4 14 16 25 27 29 37 41 47 50 74 75 76 79 80 82 89 91 100 108 110 116 124 127 128 134 146 148 150 153 155 161 164 171 173 190 196 197 200 207 231 237 241 245 260 265 269 283 288 289 291 300
62
7 8 9 12 13 15 18 27 33 54 66 75 77 79 82 90 91 93 96 99 103 111 113 114 116 129 130 134 139 144 151 152 161 165 166 167 168 173 175 178 180 181 184 192 197 198 204 205 215 217 233 245 249 253 255 268 271 284 288 293 295 299
59
3 6 11 12 14 18 23 24 43 46 49 61 68 70 75 85 86 88 91 95 98 99 114 121 130 131 135 139 149 158 160 173 178 180 181 186 188 190 193 196 198 201 207 214 221 223 232 233 235 241 246 262 266 274 280 283 288 297 298
52
21 23 27 41 48 58 67 80 91 108 111 113 116 118 121 124 127 128 129 134 139 142 144 148 150 157 160 162 167 175 176 182 183 185 191 194 198 205 214 231 235 248 250 260 265 266 276 277 281 283 296 299
60
7 10 12 21 24 26 30 32 33 36 39 42 43 50 53 66 74 84 88 91 106 114 120 128 143 144 145 152 158 160 166 167 168 170 181 182 186 187 189 194 203 205 207 212 216 221 224 229 233 242 244 251 255 256 260 270 288 294 295 300
57
12 18 20 23 27 28 30 31 36 41 42 63 65 74 81 83 103 105 106 111 117 123 125 127 129 132 133 136 137 145 160 165 166 167 169 179 183 184 188 195 197 200 207 216 220 227 236 240 247 249 251 255 256 262 267 283 298
50
5 12 13 19 21 22 31 36 43 44 45 46 48 51 58 62 91 95 96 118 121 135 144 150 151 152 156 161 170 181 186 193 195 213 215 219 221 225 231 238 239 255 256 265 267 270 273 274 277 292
62
1 5 11 14 24 33 44 45 48 51 53 57 61 69 71 73 76 78 81 84 86 96 100 109 112 115 126 137 139 146 152 159 168 171 173 177 181 183 186 195 196 200 201 206 212 214 218 226 229 241 242 255 260 270 273 274 276 277 279 292 295 296
59
6 12 17 21 32 35 39 43 45 48 51 53 60 62 64 68 70 75 80 84 88 98 105 113 116 118 130 134 144 145 150 152 157 162 174 180 184 185 195 196 199 200 202 204 206 212 215 228 235 236 240 243 259 267 276 293 296 297 299
72
4 6 7 16 20 21 26 33 36 41 48 49 54 59 67 70 72 81 82 87 91 92 102 103 104 106 114 120 126 134 138 143 146 147 152 153 156 157 158 159 161 162 171 189 191 199 202 213 219 221 225 229 230 236 239 240 245 248 249 250 251 252 260 268 269 271 276 279 282 287 293 294
64
3 6 8 9 10 24 26 33 36 43 47 49 52 53 66 69 72 90 91 93 99 114 121 128 130 134 136 141 144 148 149 153 154 157 159 161 171 172 174 180 188 192 196 209 214 221 222 229 231 234 238 240 246 254 255 261 269 272 276 277 281 282 295 296
58
2 18 42 43 48 49 51 53 63 67 69 73 79 87 97 100 101 105 110 114 117 122 132 139 140 142 147 156 159 163 164 165 170 171 172 182 185 188 190 196 204 208 210 211 227 231 237 239 242 248 250 262 271 277 281 290 293 294
60
1 10 12 22 36 38 40 41 42 46 47 53 61 62 69 70 71 74 85 95 96 107 115 127 137 140 142 144 149 158 165 172 175 181 183 190 203 205 208 213 219 223 227 228 229 239 240 244 245 255 257 262 265 266 270 271 273 277 287 298
51
2 3 12 15 16 39 57 66 68 73 78 84 89 99 101 106 111 113 118 128 129 134 140 145 148 149 155 166 167 170 174 188 197 200 204 206 210 216 218 249 250 252 257 259 262 265 277 279 280 287 295
65
3 4 7 20 21 31 32 36 37 43 45 48 56 57 72 74 76 79 82 85 93 100 111 116 122 123 125 143 145 148 151 153 155 157 158 161 168 169 170 173 174 179 186 192 193 195 196 197 213 214 215 216 221 239 244 252 257 258 260 272 282 292 295 296 297
61
2 10 15 22 27 30 39 42 43 51 57 61 63 76 80 85 90 91 94 98 106 108 124 127 128 130 134 135 143 145 146 149 164 165 178 189 199 213 214 215 218 220 221 224 230 231 234 237 248 254 263 265 266 268 272 281 282 283 291 296 297
48
2 13 16 21 22 25 28 42 43 57 75 86 91 92 98 101 104 112 130 139 149 153 154 166 194 197 199 203 207 210 214 219 223 225 226 233 243 244 246 252 257 259 266 269 272 277 287 296
63
2 3 7 18 23 24 27 35 47 54 58 62 65 67 68 72 75 77 87 88 94 108 109 111 112 114 119 122 124 133 138 148 150 167 173 179 182 183 186 189 199 201 202 206 216 223 224 233 237 238 243 244 245 252 258 259 270 271 277 281 286 290 298
54
3 11 14 20 22 29 47 53 54 78 86 87 95 97 99 103 106 107 108 109 116 125 129 130 134 135 148 155 162 169 176 177 179 183 185 186 197 198 207 211 221 225 231 234 238 246 250 255 256 257 261 276 295 300
59
3 10 17 32 35 37 50 51 56 62 63 66 67 70 81 87 90 98 106 111 116 125 130 133 134 138 147 148 154 166 167 168 171 179 184 190 192 193 204 207 209 212 213 221 231 237 251 254 256 269 272 274 279 283 289 293 295 297 298
60
10 11 13 16 23 39 48 52 53 63 65 73 81 82 88 91 112 135 144 145 146 147 154 160 163 165 168 174 175 184 185 188 190 206 208 209 213 214 226 229 230 233 238 244 249 252 253 255 257 263 264 267 268 273 275 276 279 281 286 295
55
3 13 17 21 24 25 26 41 46 51 54 57 68 71 82 85 90 91 97 102 106 111 115 124 127 135 140 143 144 145 150 151 156 159 160 162 167 169 171 187 204 213 222 229 243 248 255 258 265 270 271 289 293 295 296
55
3 7 18 22 36 51 53 55 57 59 63 64 67 68 73 93 94 114 118 119 124 131 135 137 139 143 144 146 148 149 159 174 192 194 206 214 215 221 223 226 227 228 229 232 234 242 247 249 261 262 273 274 287 295 299
63
3 6 18 20 25 28 31 40 43 46 51 54 64 71 74 75 103 107 111 114 121 129 131 132 133 141 142 146 151 154 155 158 159 164 174 175 176 177 179 181 189 192 197 206 212 216 221 236 241 246 255 264 267 269 270 279 281 286 288 292 293 297 300
53
6 11 15 22 23 44 45 52 66 68 88 90 107 109 114 121 123 125 131 133 139 142 159 166 167 168 177 187 194 196 201 206 211 215 223 232 242 248 250 251 254 259 261 264 266 270 271 279 280 288 291 293 299
55
3 4 7 8 19 21 23 25 32 39 51 52 54 70 75 76 83 85 88 89 96 99 102 115 120 121 127 136 137 147 151 152 153 154 158 159 172 174 176 179 182 193 201 220 224 227 228 253 259 272 273 282 284 285 294
58
2 6 9 11 30 34 36 46 51 56 62 69 73 75 76 85 90 94 100 105 108 109 110 121 123 124 134 137 148 151 158 163 164 171 181 182 184 188 194 200 204 221 225 229 230 233 236 238 242 244 246 247 249 256 260 288 290 296
63
1 2 5 10 12 31 35 41 43 44 46 48 57 60 62 66 68 69 73 76 79 81 86 90 94 99 104 108 113 114 124 128 135 136 144 157 165 166 169 176 182 190 191 192 193 194 197 206 216 219 233 238 242 247 258 263 266 267 275 281 282 284 296
51
8 13 14 27 28 31 34 43 57 58 68 74 87 114 117 119 123 133 134 140 152 154 157 162 163 165 167 180 183 188 191 194 199 206 208 214 223 230 233 239 242 243 250 251 258 266 268 269 276 296 300
60
16 23 26 27 38 42 43 58 60 67 69 74 75 79 83 84 89 94 97 101 103 107 112 115 119 125 126 138 139 141 147 148 150 152 156 168 174 178 186 192 193 198 200 214 226 230 231 233 234 237 240 241 243 250 251 253 262 279 281 286
61
2 10 12 22 29 35 38 39 40 56 67 70 71 82 83 84 85 89 90 92 93 109 123 126 134 137 138 139 142 143 149 154 156 163 164 166 168 170 188 189 193 194 195 199 204 206 215 229 252 261 265 266 271 278 279 285 286 290 292 295 298
53
24 32 33 34 56 60 76 86 90 99 103 104 107 112 113 115 119 124 125 128 133 140 158 161 176 179 182 184 188 190 198 205 214 216 219 229 239 241 243 246 249 254 256 257 263 265 269 275 278 287 288 298 299
60
3 19 20 21 27 28 30 31 35 39 41 45 51 53 57 58 64 73 77 79 83 96 99 109 114 119 125 127 143 145 162 178 179 181 184 188 191 197 198 202 208 211 215 231 238 240 241 246 247 249 253 266 270 273 277 280 281 290 299 300
68
2 9 15 19 29 47 54 56 59 64 71 73 74 78 79 80 81 87 89 100 101 104 112 118 119 124 125 130 136 137 138 141 148 159 162 164 166 183 189 190 192 199 202 205 206 213 216 219 220 223 225 226 230 238 241 250 251 254 255 262 265 268 278 279 283 287 290 294
52
11 15 18 24 34 35 36 40 47 54 56 61 72 80 88 91 97 100 127 128 129 130 131 132 142 144 145 149 152 153 162 185 188 189 194 197 200 212 230 231 233 240 245 256 263 266 267 269 276 291 292 294
54
5 17 22 26 27 31 40 43 49 57 59 64 76 87 89 110 114 118 120 125 135 145 146 152 159 165 175 183 184 194 197 198 202 221 226 233 235 236 237 242 248 249 254 258 260 261 264 269 276 287 289 292 298 300
64
12 21 22 26 28 30 42 45 49 51 59 60 67 70 84 86 89 93 95 100 108 109 113 115 116 118 121 134 135 140 142 145 147 151 154 155 161 164 170 174 180 182 203 205 210 216 227 228 232 233 235 237 242 256 258 261 264 277 281 282 285 286 293 300
60
8 13 19 21 22 29 37 51 53 54 64 73 75 77 85 96 98 99 103 111 112 115 119 125 129 136 140 141 146 148 149 153 156 158 162 170 173 181 189 190 193 195 197 201 203 212 216 221 228 232 239 247 249 261 264 267 276 282 286 287
68
5 14 17 20 21 33 47 50 60 64 69 72 73 77 78 81 83 84 89 91 97 100 106 114 116 120 121 130 133 135 138 142 161 165 167 169 171 175 179 182 191 192 193 194 195 209 216 217 220 226 229 232 236 237 241 249 251 254 268 271 272 273 280 283 294 295 296 297
59
1 7 9 11 16 23 25 30 36 37 42 55 76 87 88 91 97 100 101 105 107 111 114 118 119 123 136 139 149 151 155 165 168 169 174 176 177 198 200 204 212 217 218 219 222 232 234 237 239 244 245 250 252 254 255 259 261 269 294
63
1 10 13 15 16 18 24 32 34 36 37 39 40 42 45 48 49 60 68 69 76 89 114 119 125 128 130 132 133 134 136 145 146 147 157 159 169 172 174 176 178 180 186 189 190 194 200 213 216 221 223 231 240 242 248 252 264 271 279 285 286 291 298
47
7 10 11 16 19 21 30 33 37 39 40 47 51 62 65 69 72 77 82 91 94 95 102 106 118 131 137 153 155 156 159 163 178 182 213 216 226 228 231 233 242 243 246 259 263 287 293
60
3 9 10 19 23 25 31 32 34 40 43 44 53 58 71 79 84 86 95 100 101 115 116 118 121 135 140 142 144 147 150 164 172 174 189 202 203 206 211 231 238 240 241 246 249 253 255 257 260 264 265 268 270 275 279 286 288 289 290 293
67
2 18 26 33 34 35 36 42 46 47 55 59 67 68 70 76 77 78 79 81 82 94 101 114 125 131 132 136 141 143 146 150 155 160 161 171 173 180 184 185 186 187 188 191 194 196 207 210 211 216 226 231 235 239 244 247 250 251 253 254 255 267 269 277 279 288 293
48
11 12 20 22 31 34 35 40 45 48 50 61 69 88 98 102 114 121 124 125 127 129 130 134 137 165 167 184 185 190 193 201 205 215 218 222 224 231 234 235 240 243 247 265 285 287 289 298
62
1 4 5 8 13 15 23 24 27 30 31 53 57 63 73 77 85 94 98 102 104 117 118 124 125 126 129 130 136 137 138 140 145 159 165 172 173 193 197 206 210 211 213 218 222 229 230 240 243 257 258 261 265 269 273 277 282 285 290 294 296 298
59
5 8 20 21 24 26 28 35 38 41 50 56 73 77 79 83 88 91 101 111 112 115 119 120 123 126 130 132 133 138 147 152 154 161 167 170 182 183 185 187 191 204 205 208 220 222 226 229 243 253 254 255 263 267 269 272 275 286 288
42
3 19 21 28 35 42 49 53 59 81 91 113 119 121 129 137 150 154 156 157 163 171 177 180 181 208 209 210 219 226 231 232 233 238 260 263 275 277 289 292 294 298
64
4 27 35 37 45 54 66 68 71 76 82 90 96 108 110 118 121 126 132 133 136 142 145 150 154 156 160 166 168 169 172 179 190 195 205 207 209 214 216 218 223 225 230 231 236 237 240 241 243 244 247 251 253 257 258 259 264 270 271 272 275 276 280 291
46
2 7 9 25 35 40 41 42 43 49 59 68 72 85 86 87 96 101 107 114 133 135 136 149 150 154 165 166 168 186 189 194 206 221 226 230 235 237 256 258 271 283 287 296 298 299
55
5 6 13 14 19 37 38 42 52 56 58 65 73 74 81 94 105 106 107 109 113 133 135 139 140 141 147 155 160 163 164 169 174 183 186 187 191 194 196 198 200 213 219 238 239 243 246 251 252 256 258 281 287 288 298
61
2 5 8 12 15 18 25 28 30 34 37 39 46 49 50 65 86 97 101 103 104 116 126 127 130 136 139 147 149 156 159 170 175 182 183 184 186 189 193 194 199 202 203 204 207 208 211 216 221 222 225 226 232 238 240 261 262 275 287 290 292
61
3 7 9 15 36 41 43 46 47 70 75 85 93 103 111 114 116 119 128 142 149 150 157 167 169 170 172 177 181 190 193 195 196 197 199 202 203 204 208 214 220 224 225 228 229 234 236 242 247 253 254 255 257 259 265 270 275 282 283 294 300
58
6 21 35 37 45 47 49 50 52 61 72 73 77 86 96 100 103 105 106 110 111 114 115 116 121 124 128 135 138 156 158 159 160 161 166 173 182 185 191 199 203 210 213 215 220 226 227 233 237 244 247 263 270 280 281 285 290 299
52
1 4 8 18 21 25 26 29 39 41 43 48 49 65 71 80 84 88 118 123 130 136 137 139 141 148 149 154 156 163 168 172 174 182 188 195 204 208 214 217 223 227 229 238 243 247 258 283 293 295 296 297
68
3 10 14 18 22 31 33 36 40 45 47 49 51 59 62 63 64 70 71 74 76 78 86 88 90 92 101 102 105 108 110 111 121 132 140 143 144 147 149 152 164 171 177 180 184 185 188 195 207 211 213 217 220 230 244 256 258 260 262 266 271 275 277 286 288 289 294 298
56
6 7 13 19 22 23 46 72 73 75 76 82 84 88 93 104 114 117 118 120 121 127 134 143 147 150 157 158 161 166 169 170 173 188 191 192 196 198 200 205 214 223 230 234 236 238 240 242 249 253 260 268 286 290 295 298
66
3 4 6 9 11 15 17 19 22 28 30 32 38 45 52 55 60 70 73 74 90 93 104 109 114 116 117 119 123 136 138 140 141 144 146 157 161 163 164 169 172 174 183 184 188 192 196 197 199 205 206 207 209 210 216 217 219 222 224 232 233 245 254 266 293 294
64
1 12 19 34 35 38 40 46 47 59 60 67 71 73 76 100 104 105 106 117 118 121 124 127 129 140 145 147 149 150 155 156 164 176 179 181 195 199 200 201 203 209 218 220 222 224 226 229 230 234 237 241 251 255 269 270 271 273 277 287 291 293 294 297
54
3 4 6 12 13 28 36 50 53 55 69 70 87 96 100 104 119 120 123 140 149 150 151 155 157 159 165 166 172 173 179 188 195 199 205 215 219 222 238 239 241 243 248 253 259 267 269 271 278 281 287 292 293 296
62
1 4 5 12 15 18 22 27 30 35 46 52 53 56 58 64 75 79 80 83 89 90 94 99 104 105 110 114 120 128 148 149 155 159 164 167 172 173 180 186 191 201 212 219 230 231 238 239 241 243 246 250 258 272 275 278 282 284 285 288 290 297
57
22 24 30 33 36 37 38 40 44 49 53 59 72 78 79 86 96 100 101 103 111 114 120 122 129 132 134 143 144 145 147 150 153 157 166 169 178 181 199 204 205 207 208 218 219 221 224 238 240 242 243 244 258 259 287 296 299
58
1 3 5 8 10 11 12 13 17 23 24 25 41 57 67 69 82 89 93 95 105 106 110 116 118 121 134 136 138 146 147 148 152 161 168 170 171 175 189 194 200 204 208 209 211 223 234 236 240 245 247 253 262 268 279 280 292 299
52
5 10 32 42 50 63 65 66 69 70 71 73 75 82 90 93 101 108 110 115 124 127 132 134 142 143 144 145 158 163 173 187 189 192 195 198 201 203 205 209 214 219 239 253 258 266 271 272 274 277 278 282
64
17 22 24 26 39 41 46 47 51 52 54 55 58 80 83 85 88 93 96 97 101 103 107 108 120 123 128 131 134 136 139 142 151 167 173 176 181 182 197 198 199 200 204 206 207 210 217 219 221 228 231 235 237 240 242 247 248 253 272 274 282 284 295 296
61
11 14 19 21 23 30 34 39 45 47 49 64 69 70 75 79 82 84 89 90 98 113 122 131 134 141 142 148 157 164 169 172 176 177 178 191 211 218 219 234 236 242 248 251 254 257 258 261 262 265 268 269 270 275 277 278 280 289 292 295 300
58
3 7 8 14 16 18 28 36 39 54 61 65 84 85 91 95 98 101 108 112 122 123 135 136 139 141 145 150 152 155 158 165 167 168 172 174 176 182 197 204 205 206 208 224 227 228 239 248 250 259 262 263 266 267 268 282 287 294
60
4 7 8 11 13 15 22 27 30 41 43 45 50 56 64 66 67 69 73 79 87 99 121 122 130 137 144 147 150 156 175 180 182 190 196 200 201 202 203 207 211 214 217 220 227 231 232 239 244 250 256 262 267 268 272 277 284 287 288 298
54
1 6 12 15 22 24 31 34 35 46 47 50 51 55 62 65 68 69 70 73 84 117 124 126 127 133 134 135 136 143 155 164 175 181 188 190 203 205 212 213 217 218 220 223 226 231 232 238 239 248 264 285 291 298
52
1 3 8 9 14 17 33 49 53 58 63 74 81 93 97 102 104 112 113 118 119 120 122 124 127 134 137 147 151 156 160 161 176 177 181 223 225 236 239 240 243 247 256 274 277 279 281 286 288 289 297 299
65
1 2 5 8 10 13 20 21 23 26 30 31 37 39 43 45 47 51 63 64 65 79 80 115 117 120 124 133 150 151 154 155 160 161 163 166 167 168 183 184 185 191 196 200 202 204 224 226 233 243 245 249 251 259 260 268 270 273 274 275 276 283 286 291 297
60
1 3 4 5 10 16 23 24 28 32 36 42 47 62 68 71 73 80 89 99 106 117 118 120 131 134 138 143 147 150 151 157 162 163 168 169 173 174 185 193 199 203 207 216 218 232 246 260 263 272 276 277 281 283 286 287 288 289 290 296
53
5 6 7 21 24 27 29 40 42 44 49 52 55 64 68 75 76 78 81 85 107 113 115 123 130 137 139 164 168 173 181 182 184 191 200 203 208 213 217 235 236 241 247 249 252 261 262 265 271 272 280 281 298
62
9 15 16 18 30 32 35 41 46 52 57 65 75 77 79 82 84 85 86 91 97 101 105 106 107 109 123 128 129 130 140 141 150 151 154 162 168 185 186 190 201 208 209 214 215 216 220 225 226 228 237 242 245 246 251 263 274 280 284 288 290 297
68
6 8 13 33 36 38 39 41 47 53 56 58 59 63 64 66 71 72 79 80 82 83 92 93 97 108 115 117 120 121 123 124 127 131 158 165 171 175 178 182 184 187 191 198 201 202 207 209 211 213 220 221 222 225 229 234 235 237 239 253 255 259 268 273 274 275 292 299
53
4 16 17 33 37 41 45 48 65 71 74 76 80 87 88 92 95 104 115 117 129 141 142 149 151 158 160 165 166 168 169 170 172 173 176 179 188 192 199 211 213 217 220 224 227 231 244 247 255 258 267 274 294
56
5 7 12 16 24 30 31 46 47 51 57 59 65 67 71 73 80 83 93 107 113 119 121 127 137 143 148 149 150 152 159 162 163 164 169 171 174 178 180 181 189 191 193 194 197 198 201 215 224 228 241 248 254 265 270 300
55
4 6 7 10 11 13 22 26 27 43 56 61 66 93 94 97 99 101 102 103 111 112 116 123 126 142 147 148 156 163 168 170 174 178 181 188 202 203 209 210 211 214 225 235 240 243 244 269 273 277 285 288 290 292 298
54
5 6 16 17 19 20 22 29 30 31 44 53 58 67 76 77 83 87 88 89 92 111 116 138 153 155 158 170 171 172 178 181 183 184 185 187 189 191 193 195 196 197 205 211 218 225 231 251 255 265 271 284 288 296
56
5 6 12 16 17 20 23 26 33 34 41 46 47 60 61 63 64 73 77 101 106 117 123 129 130 133 137 141 146 147 151 155 180 185 189 190 201 217 227 231 234 238 239 252 253 255 256 257 259 266 269 274 275 278 291 296
68
2 7 9 10 11 15 18 20 21 25 31 50 51 56 70 71 81 85 88 91 99 101 104 108 111 116 117 120 131 140 148 149 150 151 155 158 166 169 175 176 177 185 186 187 190 215 216 217 218 223 225 232 238 242 246 250 251 252 253 254 257 268 275 276 281 290 295 297
65
1 7 16 22 23 25 29 39 48 63 66 67 71 79 84 88 90 92 95 101 107 110 117 121 133 134 136 141 143 144 145 148 168 170 171 172 174 177 179 180 185 195 200 202 205 206 208 218 221 222 224 226 234 251 254 257 270 273 275 277 280 291 295 299 300
58
13 15 22 26 32 37 40 41 43 44 53 58 60 61 68 76 78 80 83 85 92 96 98 99 100 105 120 122 123 124 132 137 143 150 154 157 159 165 187 195 196 207 219 222 225 229 232 248 250 256 260 265 273 279 282 289 293 298
65
23 25 33 36 39 45 49 51 52 57 68 72 81 89 90 96 97 104 108 110 121 122 123 135 138 139 142 143 149 155 157 161 169 170 172 183 184 187 188 189 190 199 203 204 209 211 214 218 223 225 230 232 238 252 256 259 261 264 272 281 283 286 294 296 297
58
1 27 32 33 35 38 41 49 51 52 54 59 77 78 89 90 92 98 100 108 113 121 132 139 141 145 155 156 166 168 171 174 178 183 184 202 204 209 210 212 214 218 220 229 239 240 251 254 257 258 272 275 276 281 285 290 292 298
62
7 9 18 26 30 41 44 55 65 67 69 71 79 80 83 85 92 93 97 101 104 105 109 123 129 134 135 160 161 164 165 166 168 172 174 175 179 185 190 194 195 205 207 212 217 219 237 245 254 257 258 265 269 271 273 278 282 287 290 296 297 299
59
1 6 8 16 18 20 24 27 38 45 47 51 55 57 59 60 63 66 68 79 82 87 101 103 104 110 112 113 118 131 133 143 146 152 167 168 169 170 185 191 200 209 210 213 223 234 237 242 243 245 250 256 261 266 269 273 282 285 288
59
3 6 13 21 25 30 31 37 45 58 60 70 72 77 79 87 88 98 105 112 114 115 117 122 132 143 150 151 153 162 166 171 172 181 185 186 193 194 195 197 199 204 205 209 217 226 227 232 235 238 267 268 281 284 286 290 292 298 299
67
3 9 15 18 21 24 26 33 34 36 46 53 54 59 63 65 69 73 81 87 93 94 100 101 123 132 141 143 147 153 158 167 171 173 175 185 186 191 192 193 199 204 205 206 208 209 210 215 222 226 228 232 236 237 241 245 249 252 262 265 270 273 274 277 281 284 294
54
5 13 17 27 29 43 48 51 61 65 74 87 88 89 95 97 104 105 117 122 126 130 131 136 140 141 142 150 154 161 163 176 180 195 215 217 223 227 233 234 235 238 245 248 255 258 261 267 268 272 273 276 288 296
65
4 9 10 14 15 17 19 23 25 26 29 43 44 50 60 64 66 73 80 85 90 92 97 98 99 104 114 118 119 121 126 135 138 146 151 153 156 157 158 163 171 172 179 189 192 200 204 211 215 219 225 233 235 237 239 240 241 250 254 259 278 282 289 290 291
55
1 3 8 13 38 39 49 62 65 66 67 73 78 79 81 98 116 118 122 129 130 137 139 142 144 153 155 164 165 167 176 179 182 183 196 198 210 214 218 221 225 227 229 232 239 242 245 249 254 259 261 281 294 295 297
68
6 7 9 12 14 15 19 23 29 32 34 35 40 41 43 50 51 54 56 58 62 70 74 79 80 86 91 100 107 108 118 120 123 125 129 138 140 149 150 167 176 183 184 188 198 214 218 220 227 234 237 238 240 242 245 248 253 258 265 267 273 274 276 277 287 292 295 297
55
13 14 18 19 24 25 28 53 57 62 64 92 109 116 122 124 132 137 141 144 151 154 166 168 177 178 181 184 192 193 195 201 202 213 221 223 224 225 232 233 234 239 242 252 258 261 263 264 265 274 281 289 290 295 298
55
2 4 5 8 10 12 17 18 27 31 42 43 44 46 68 69 72 80 82 89 90 93 101 110 114 126 130 131 136 140 150 161 162 167 168 170 184 194 209 213 219 225 230 231 240 251 254 261 267 285 287 293 295 296 300
55
17 35 36 39 43 52 68 85 86 89 91 92 95 98 100 101 109 123 137 142 144 145 149 151 161 165 171 185 196 201 202 205 210 223 225 228 229 243 246 248 249 250 252 254 263 271 272 276 279 280 281 285 286 294 299
58
5 9 14 16 17 57 60 78 79 82 86 94 95 104 106 112 113 117 126 127 130 131 137 139 146 150 151 164 166 170 171 176 178 181 185 193 200 204 208 222 239 241 242 244 247 252 254 258 263 270 271 279 280 281 282 284 295 297
68
14 22 29 30 33 35 37 39 43 44 45 50 57 58 61 69 75 78 85 87 101 103 104 108 109 119 123 127 128 134 135 139 141 145 146 148 156 157 166 175 176 179 180 182 186 191 192 193 194 197 200 201 207 209 222 223 234 235 244 247 256 261 262 263 271 273 277 283
53
1 6 19 27 41 44 45 56 63 68 70 71 77 80 85 88 89 91 97 98 99 100 102 118 124 129 130 132 136 142 146 152 153 156 177 180 182 195 198 205 212 218 220 228 235 246 249 259 265 267 269 271 278
65
2 6 8 10 12 23 24 27 34 54 69 71 73 80 82 100 106 108 113 115 118 121 123 127 128 134 135 156 157 165 166 167 173 174 176 177 178 184 190 195 197 199 200 206 207 208 215 222 223 224 228 236 249 252 253 260 269 270 272 280 285 289 296 299 300
63
4 10 21 26 41 46 48 49 50 53 58 69 75 91 93 95 97 98 99 109 110 114 116 121 122 129 130 133 136 138 144 153 158 160 172 174 177 179 181 189 192 200 203 207 220 221 227 232 233 234 242 245 250 253 254 264 265 276 280 282 284 288 297
62
1 2 4 8 17 18 19 25 26 34 38 42 46 49 50 51 54 57 59 62 63 68 69 73 74 79 80 91 100 105 106 113 115 121 130 131 132 141 144 152 153 154 157 165 181 183 188 202 204 210 213 215 218 223 227 232 236 246 275 281 284 292
65
5 13 14 16 18 20 23 25 33 37 50 56 58 66 67 68 70 78 81 82 91 108 119 120 122 124 126 130 133 137 142 145 154 158 159 162 170 182 188 189 192 196 199 200 210 212 220 223 224 227 228 230 235 238 240 241 242 244 248 254 265 268 270 272 274
61
13 18 22 23 25 34 37 44 49 50 55 56 66 75 79 82 86 91 94 103 106 109 110 117 118 121 125 128 135 137 141 142 146 147 151 155 162 170 182 194 195 196 206 211 217 221 223 228 232 236 238 239 243 253 254 261 277 279 281 282 292
56
8 10 11 12 17 18 24 32 36 47 52 57 64 68 72 78 79 80 96 98 106 109 111 116 122 127 129 140 141 144 155 157 165 172 176 180 184 190 192 193 199 208 218 228 233 235 248 251 269 271 276 278 280 290 291 297
84
3 5 9 12 13 27 30 37 40 51 52 53 55 59 61 70 73 75 76 78 82 83 84 87 90 93 97 100 102 105 109 115 116 120 123 126 129 132 138 141 142 144 146 155 159 162 168 169 171 172 175 178 179 181 184 198 200 202 203 212 222 224 230 236 237 240 241 248 251 252 253 257 259 262 264 267 269 272 281 294 295 296 298 299
70
1 14 17 18 22 26 30 34 35 39 42 44 45 48 49 56 58 85 86 89 91 93 98 99 109 114 119 120 122 123 124 125 126 127 132 133 135 145 146 155 157 159 161 163 165 166 179 191 196 202 209 211 212 215 224 235 236 237 246 253 260 261 264 268 270 271 274 281 287 291
75
6 8 14 16 22 24 29 35 44 46 48 49 51 54 61 62 63 64 75 80 81 83 86 87 89 94 95 96 108 109 110 112 113 114 117 122 123 124 126 132 134 136 137 146 148 155 157 166 173 175 185 191 202 203 212 213 217 219 229 231 236 247 251 262 265 267 272 277 278 279 284 287 289 290 297
55
1 9 26 27 28 31 32 46 47 53 58 59 60 66 67 73 79 100 101 102 104 115 117 119 122 129 136 142 143 149 150 158 169 177 184 186 188 201 212 230 232 234 236 237 240 241 245 249 254 265 267 268 274 286 288
68
11 12 18 20 23 25 26 27 34 39 41 46 53 62 63 64 65 66 72 81 85 88 93 99 107 112 115 123 124 131 132 139 142 147 152 154 158 160 161 163 171 173 175 187 188 195 199 203 210 220 222 228 229 234 237 239 243 255 256 264 265 269 270 271 277 278 290 300
66
1 4 19 21 28 31 34 36 38 39 43 58 59 60 62 63 67 71 73 74 75 76 80 88 94 95 102 106 111 112 115 126 127 133 137 138 145 151 155 163 171 181 183 185 201 208 209 214 220 222 226 234 235 238 243 246 247 263 267 268 271 273 274 281 293 299
60
16 18 22 23 26 28 29 39 40 45 46 47 65 66 72 81 87 88 90 100 102 109 111 116 118 122 129 130 136 138 139 140 141 148 152 170 172 180 182 184 186 202 208 211 213 218 220 229 231 239 242 251 252 269 274 275 277 287 298 299
63
1 3 7 15 17 23 30 31 33 38 43 44 45 49 60 66 72 75 77 83 85 93 98 102 108 110 113 115 118 119 128 129 134 135 136 140 144 146 148 149 154 158 164 176 178 183 184 185 193 196 211 216 224 232 233 234 241 248 260 262 265 280 294
57
2 3 14 15 27 28 30 32 36 37 39 40 46 50 54 55 85 90 92 94 110 128 129 133 135 137 144 149 153 160 168 169 172 176 178 181 183 188 194 196 200 209 214 215 216 243 244 248 253 256 269 270 278 282 289 290 293
61
4 6 10 12 22 24 27 30 31 46 50 55 61 63 64 71 72 80 81 85 90 91 94 96 103 110 111 119 120 123 132 139 140 145 149 158 160 161 181 183 191 195 197 208 210 217 224 225 229 232 239 240 256 272 275 278 281 285 287 288 297
57
5 6 10 18 27 37 39 41 49 61 63 68 73 75 87 88 93 94 100 107 110 112 116 123 129 130 133 138 142 149 154 160 162 165 166 175 177 178 180 186 188 202 203 218 219 225 226 232 241 248 250 251 255 258 276 292 297
56
22 25 37 41 44 55 61 64 67 71 72 81 83 84 88 89 96 106 109 110 120 121 130 141 152 154 155 159 164 174 176 180 187 192 194 195 210 214 216 220 221 224 230 238 242 246 256 258 260 270 274 277 278 283 291 300
67
2 5 12 20 22 26 27 34 35 46 59 61 62 63 67 73 74 76 94 95 102 112 118 120 124 128 130 131 132 136 152 162 163 169 171 175 177 185 186 187 190 197 202 203 204 208 211 216 219 223 227 229 233 238 240 244 247 253 265 266 271 285 288 290 296 299 300
53
2 8 32 39 45 49 54 65 72 76 77 86 88 90 93 94 99 100 105 116 120 132 146 153 163 167 171 172 177 178 185 192 196 198 209 218 227 233 235 240 242 249 250 262 265 271 272 276 277 286 288 294 295
55
3 8 16 24 29 33 38 39 47 56 58 61 62 63 69 70 77 86 87 96 98 105 108 109 120 121 122 126 140 145 148 152 153 156 160 167 169 176 177 191 197 204 212 217 220 233 241 244 249 267 269 270 291 296 300
63
10 20 25 29 37 42 53 55 65 67 70 79 83 84 97 99 102 104 107 109 115 123 125 126 141 143 144 145 146 154 158 160 165 167 168 169 170 173 177 183 184 186 190 200 202 209 214 221 226 229 231 237 259 262 268 276 278 284 289 290 291 296 297
