150 300
1.0 1.0 1.0 1.0 1.0 1.0 1.0 1.0 1.0 1.0 1.0 1.0 1.0 1.0 1.0 1.0 1.0 1.0 1.0 1.0 1.0 1.0 1.0 1.0 1.0 1.0 1.0 1.0 1.0 1.0 1.0 1.0 1.0 1.0 1.0 1.0 1.0 1.0 1.0 1.0 1.0 1.0 1.0 1.0 1.0 1.0 1.0 1.0 1.0 1.0 1.0 1.0 1.0 1.0 1.0 1.0 1.0 1.0 1.0 1.0 1.0 1.0 1.0 1.0 1.0 1.0 1.0 1.0 1.0 1.0 1.0 1.0 1.0 1.0 1.0 1.0 1.0 1.0 1.0 1.0 1.0 1.0 1.0 1.0 1.0 1.0 1.0 1.0 1.0 1.0 1.0 1.0 1.0 1.0 1.0 1.0 1.0 1.0 1.0 1.0 1.0 1.0 1.0 1.0 1.0 1.0 1.0 1.0 1.0 1.0 1.0 1.0 1.0 1.0 1.0 1.0 1.0 1.0 1.0 1.0 1.0 1.0 1.0 1.0 1.0 1.0 1.0 1.0 1.0 1.0 1.0 1.0 1.0 1.0 1.0 1.0 1.0 1.0 1.0 1.0 1.0 1.0 1.0 1.0 1.0 1.0 1.0 1.0 1.0 1.0 1.0 1.0 1.0 1.0 1.0 1.0 1.0 1.0 1.0 1.0 1.0 1.0 1.0 1.0 1.0 1.0 1.0 1.0 1.0 1.0 1.0 1.0 1.0 1.0 1.0 1.0 1.0 1.0 1.0 1.0 1.0 1.0 1.0 1.0 1.0 1.0 1.0 1.0 1.0 1.0 1.0 1.0 1.0 1.0 1.0 1.0 1.0 1.0 1.0 1.0 1.0 1.0 1.0 1.0 1.0 1.0 1.0 1.0 1.0 1.0 1.0 1.0 1.0 1.0 1.0 1.0 1.0 1.0 1.0 1.0 1.0 1.0 1.0 1.0 1.0 1.0 1.0 1.0 1.0 1.0 1.0 1.0 1.0 1.0 1.0 1.0 1.0 1.0 1.0 1.0 1.0 1.0 1.0 1.0 1.0 1.0 1.0 1.0 1.0 1.0 1.0 1.0 1.0 1.0 1.0 1.0 1.0 1.0 1.0 1.0 1.0 1.0 1.0 1.0 1.0 1.0 1.0 1.0 1.0 1.0 1.0 1.0 1.0 1.0 1.0 1.0 1.0 1.0 1.0 1.0 1.0 1.0 1.0 1.0 1.0 1.0 1.0 1.0 1.0 1.0 1.0 1.0 1.0 1.0 1.0 1.0 1.0 1.0 1.0 1.0
15
17 18 37 60 73 110 132 155 192 208 234 238 266 267 275
12
31 51 54 92 159 164 180 219 231 238 254 275
16
3 47 68 80 87 93 103 112 120 128 137 176 179 260 284 286
14
4 8 32 33 40 53 80 142 205 232 271 275 283 297
16
4 13 49 57 67 75 117 171 192 218 219 225 234 245 277 295
13
14 37 39 82 102 151 170 187 193 223 242 254 256
20
14 55 60 61 66 86 100 102 105 113 132 143 202 229 238 254 256 260 268 283
11
1 16 20 36 41 61 73 81 204 248 249
17
13 27 70 76 96 104 134 135 141 155 202 246 247 260 268 277 296
17
15 28 31 38 63 70 78 86 114 141 156 174 204 219 241 284 285
18
18 79 104 137 148 155 174 177 179 180 209 241 267 278 280 284 288 292
13
33 39 49 92 96 121 129 132 133 197 219 229 288
12
24 68 74 85 93 97 115 123 147 157 181 216
13
1 9 57 64 67 77 103 124 208 251 266 268 274
13
4 28 30 37 55 80 105 132 142 171 178 244 259
20
1 6 53 54 72 83 106 140 143 173 179 195 204 215 231 248 264 265 270 295
13
13 38 78 81 95 103 150 155 169 177 212 220 286
18
6 62 78 81 85 90 101 110 153 167 173 206 233 236 251 262 284 300
17
18 21 32 50 84 93 103 118 122 128 144 145 176 202 265 269 277
11
17 61 87 97 108 134 153 161 163 186 297
16
13 41 95 111 117 121 130 137 153 159 165 172 216 238 268 297
22
21 41 55 62 69 91 102 110 132 138 149 169 175 177 191 201 228 233 239 252 269 299
13
7 29 36 77 189 207 216 219 255 266 291 293 295
22
6 24 26 67 93 94 126 127 141 147 152 168 177 180 196 258 265 267 272 276 281 299
11
8 26 45 67 96 101 123 220 246 252 271
17
10 42 56 76 89 95 130 144 162 163 181 234 251 255 277 288 293
18
9 17 22 24 47 54 75 114 129 139 143 199 200 232 252 254 289 300
15
14 25 93 98 112 117 148 155 206 231 236 244 256 280 285
9
21 22 62 77 202 218 220 286 287
7
13 47 79 83 135 164 298
16
29 79 81 103 123 160 161 207 214 243 248 264 293 296 297 299
8
9 40 102 104 137 195 250 276
19
16 39 59 60 68 99 110 123 128 137 166 193 208 209 244 250 283 287 295
20
12 48 57 70 72 93 122 130 145 171 173 183 191 194 214 231 237 250 254 296
12
25 132 150 157 179 183 185 206 214 272 283 288
16
20 44 45 46 70 78 92 96 158 182 213 219 235 245 258 280
17
18 22 36 46 82 88 112 133 151 178 193 227 250 255 263 271 290
15
4 70 80 91 95 117 131 160 169 197 210 236 246 260 277
15
12 13 34 75 91 109 135 141 154 158 172 233 273 275 278
17
85 99 108 109 114 118 165 178 191 203 236 244 256 265 270 282 284
11
64 80 117 190 198 207 219 234 245 280 286
14
3 56 64 89 106 131 175 194 201 212 213 219 272 295
16
25 33 38 58 72 89 95 100 120 164 181 214 233 238 271 279
16
20 73 87 101 103 132 144 145 157 164 202 221 252 256 271 277
10
51 54 83 89 92 114 171 211 265 277
11
16 30 64 78 79 107 184 187 242 258 284
11
9 55 79 91 161 185 202 214 228 276 282
13
11 86 110 121 147 156 159 171 172 205 233 244 268
13
30 36 41 68 69 103 114 128 132 162 221 240 276
16
15 36 63 87 88 114 168 170 191 200 223 229 238 269 274 289
21
3 11 22 28 41 53 55 59 112 124 177 195 211 220 226 242 252 263 266 276 293
10
7 19 111 159 210 211 220 223 227 228
14
7 26 48 73 124 147 171 209 217 224 229 234 235 281
16
11 14 18 41 54 64 70 87 129 193 200 218 269 277 283 286
14
35 47 51 61 105 110 121 128 173 183 193 200 255 294
13
7 10 15 36 41 43 64 79 117 143 195 257 267
15
12 20 24 31 89 108 131 141 153 184 196 206 216 265 296
9
14 21 111 147 187 219 236 281 290
13
7 55 62 71 101 115 119 122 125 143 176 193 259
21
13 20 25 33 45 72 86 90 108 125 132 176 178 191 202 203 216 225 241 242 262
16
4 19 27 39 83 93 140 164 229 232 237 245 248 266 278 286
14
14 19 30 67 82 84 88 111 116 147 155 161 174 295
14
6 37 38 44 50 68 74 81 95 170 202 226 228 281
15
19 43 89 108 110 118 128 166 184 203 218 226 245 255 280
18
4 37 40 48 55 63 69 90 95 115 127 129 164 204 213 218 243 290
19
18 42 68 86 125 129 142 147 154 168 175 213 220 228 229 242 248 256 286
14
48 59 82 114 131 139 164 197 198 205 244 252 276 293
16
14 52 86 87 94 164 185 194 210 215 226 248 253 271 298 300
15
4 37 38 51 53 103 104 105 106 122 182 193 218 269 280
16
11 14 57 64 91 110 138 164 186 195 209 240 243 261 280 293
9
5 20 52 157 164 169 187 207 264
16
51 62 87 92 102 116 146 149 162 164 184 191 204 214 250 265
16
11 43 60 65 78 94 97 157 162 164 179 181 220 242 254 299
15
18 94 100 103 104 113 133 191 198 206 218 223 249 266 292
15
18 29 54 100 126 135 149 167 177 183 184 227 241 257 258
19
1 46 48 58 82 135 155 181 186 208 218 229 231 246 253 260 271 278 292
14
16 49 60 69 109 115 123 138 191 214 224 254 257 293
15
9 14 37 52 81 89 96 114 131 134 153 177 280 284 294
14
11 42 53 93 100 105 112 135 167 222 260 279 296 300
13
3 14 29 67 119 122 124 147 177 198 256 264 297
8
43 62 101 139 172 209 271 285
23
8 23 27 35 37 48 49 50 70 98 115 118 126 153 190 192 206 209 215 232 237 295 297
5
42 45 73 162 297
8
14 73 134 181 196 224 274 281
12
1 24 53 76 167 213 229 230 249 252 287 300
11
5 11 60 71 98 107 131 158 192 236 291
14
7 57 70 74 88 112 142 146 183 201 206 239 252 260
13
11 15 20 39 51 108 158 164 172 238 248 258 285
10
13 15 79 105 142 213 235 281 284 288
11
2 17 55 60 103 112 183 202 280 291 299
14
24 43 58 70 74 137 203 209 229 233 262 265 266 280
19
3 10 19 39 41 59 69 76 103 128 151 153 190 197 198 221 224 242 278
20
12 19 21 45 66 73 79 103 105 106 125 151 152 165 179 222 237 238 255 272
17
27 45 52 57 104 121 132 179 192 236 256 257 261 280 286 292 297
15
2 13 34 47 133 166 169 183 186 228 234 235 252 253 298
5
99 121 207 215 293
17
20 23 35 37 44 54 56 78 86 95 137 174 192 225 240 263 277
13
8 22 67 81 82 93 98 123 138 151 211 256 273
16
7 10 17 19 75 87 111 138 145 214 218 236 263 270 277 286
21
15 19 33 35 72 91 105 108 109 117 119 126 131 141 209 215 223 230 231 247 267
9
1 36 37 95 154 174 176 221 259
13
22 30 61 75 83 95 96 119 168 184 212 224 230
15
82 89 117 126 127 148 157 176 185 193 223 227 229 244 268
12
80 86 121 167 171 174 190 195 209 246 257 286
15
33 58 70 81 96 104 120 174 175 229 270 278 288 290 298
11
22 105 140 160 169 187 192 211 217 258 298
12
22 66 131 133 139 140 142 169 171 188 228 245
17
6 23 26 35 39 59 72 143 147 179 184 197 206 212 246 252 286
17
1 2 10 23 54 75 112 114 136 175 177 220 240 254 255 284 289
11
9 15 67 69 152 159 184 229 278 291 298
16
26 32 104 108 132 133 136 138 165 181 226 235 242 261 266 272
14
19 28 51 71 89 102 114 155 178 218 222 238 253 286
17
1 9 11 23 31 58 72 92 118 140 159 164 168 173 180 215 228
14
37 39 56 64 68 136 144 147 157 165 266 281 288 293
14
6 23 46 67 133 161 191 209 216 226 232 271 287 291
19
24 27 32 33 35 50 108 112 123 130 132 139 200 211 214 245 253 278 294
17
17 18 56 70 120 132 152 177 198 200 222 228 236 252 257 268 292
14
13 63 66 68 102 115 120 128 134 175 192 222 239 297
10
2 10 56 78 81 166 187 195 215 291
23
4 15 16 23 26 38 54 68 73 83 116 145 158 172 176 213 226 246 270 280 281 288 289
9
19 49 114 118 119 133 211 221 244
10
7 38 39 55 90 104 196 205 247 260
14
15 33 50 79 114 144 145 172 200 210 218 237 254 258
14
30 56 58 96 127 131 134 135 152 167 205 244 271 277
14
50 112 116 159 180 207 208 243 246 248 262 271 286 291
21
17 25 30 53 75 77 79 126 172 197 213 216 231 233 235 243 245 262 273 274 275
16
4 17 37 71 92 97 130 185 195 201 209 210 226 262 263 268
13
1 29 34 60 62 75 143 148 175 187 208 222 276
15
9 50 61 67 122 133 175 196 208 214 238 278 280 290 298
15
11 28 43 46 52 53 57 80 82 112 149 213 218 284 295
19
13 27 38 51 61 84 87 108 110 146 149 238 242 262 273 286 292 298 299
16
21 37 38 56 111 151 171 174 179 195 201 203 231 257 284 291
13
13 55 59 82 83 140 156 169 202 265 271 274 287
20
42 79 84 103 106 135 136 146 204 209 221 228 231 239 242 270 273 274 283 290
12
27 72 94 120 140 148 168 211 215 239 264 294
13
1 17 20 32 71 104 150 153 174 207 264 274 276
23
8 12 22 32 33 34 36 64 88 114 119 131 145 153 157 210 217 220 272 286 287 293 297
18
6 25 35 36 99 104 117 123 125 126 144 152 174 227 236 239 254 293
13
21 23 25 31 37 46 88 109 115 141 245 285 296
11
16 31 48 50 57 78 138 192 229 234 261
20
9 24 49 70 86 103 147 164 180 191 194 206 215 222 239 244 247 249 265 278
19
4 10 28 29 55 130 136 137 145 153 159 163 166 182 189 197 237 293 294
11
21 22 67 106 180 184 187 208 247 252 273
14
13 55 59 81 102 129 143 152 160 196 197 261 284 287
11
15 39 78 80 108 119 200 235 238 240 280
15
1 7 68 83 105 129 143 151 156 166 199 241 248 279 290
12
23 39 77 114 147 162 163 164 174 206 209 246
23
35 50 65 75 81 90 101 115 132 139 159 169 189 203 205 221 244 247 252 263 265 279 284
16
16 37 56 90 108 137 157 178 185 195 196 209 214 244 277 300
18
14 19 37 49 68 72 81 103 104 179 183 223 263 264 270 277 291 294
