50 100
1.0 1.0 1.0 1.0 1.0 1.0 1.0 1.0 1.0 1.0 1.0 1.0 1.0 1.0 1.0 1.0 1.0 1.0 1.0 1.0 1.0 1.0 1.0 1.0 1.0 1.0 1.0 1.0 1.0 1.0 1.0 1.0 1.0 1.0 1.0 1.0 1.0 1.0 1.0 1.0 1.0 1.0 1.0 1.0 1.0 1.0 1.0 1.0 1.0 1.0 1.0 1.0 1.0 1.0 1.0 1.0 1.0 1.0 1.0 1.0 1.0 1.0 1.0 1.0 1.0 1.0 1.0 1.0 1.0 1.0 1.0 1.0 1.0 1.0 1.0 1.0 1.0 1.0 1.0 1.0 1.0 1.0 1.0 1.0 1.0 1.0 1.0 1.0 1.0 1.0 1.0 1.0 1.0 1.0 1.0 1.0 1.0 1.0 1.0 1.0
14
6 16 32 41 44 50 56 63 81 86 88 90 93 94
11
2 6 20 23 28 32 35 59 63 69 98
13
4 12 16 18 47 50 63 76 87 89 97 98 99
9
13 20 29 60 64 72 74 94 99
10
9 18 29 63 67 68 83 87 96 100
7
4 13 17 30 32 96 97
9
25 29 31 36 51 60 72 80 87
10
8 12 15 21 29 40 59 79 84 90
7
2 9 27 40 56 58 91
14
1 3 13 20 30 42 52 55 57 58 63 67 77 91
8
1 20 29 33 39 45 57 73
8
5 21 22 43 63 66 84 89
12
4 5 20 21 24 34 45 55 67 73 86 97
13
4 6 10 16 41 59 62 66 68 73 93 97 99
10
2 3 5 20 57 59 67 88 92 100
11
17 24 29 30 68 69 70 72 76 86 90
5
4 24 57 75 99
9
5 20 59 64 67 72 82 90 99
7
10 11 12 22 44 60 88
11
5 10 14 24 29 39 68 78 86 87 89
14
1 2 14 24 31 55 56 59 60 81 85 87 90 94
11
5 13 26 30 37 58 63 82 87 92 97
10
1 18 27 36 46 62 64 82 86 97
9
4 6 7 19 20 51 76 86 99
15
10 20 25 27 34 42 56 63 67 68 71 75 83 86 87
12
6 15 23 34 46 64 73 87 90 92 96 97
9
12 25 29 34 35 63 74 81 92
7
14 23 40 46 64 73 94
10
2 11 27 28 40 43 51 75 90 91
6
5 10 30 40 42 44
14
7 20 29 37 55 60 64 74 75 82 85 89 95 96
11
9 20 25 64 69 70 79 88 90 95 98
12
3 6 18 28 29 30 38 59 68 75 77 80
11
19 38 43 49 57 65 70 83 92 96 100
12
1 5 47 54 57 61 71 81 86 88 95 96
11
5 7 21 26 40 44 46 77 85 94 97
12
12 13 17 18 24 27 39 48 51 87 97 98
10
6 9 27 40 42 46 53 59 62 100
6
8 24 42 55 77 99
11
6 11 13 14 20 29 41 42 71 94 98
7
12 16 36 50 71 80 96
15
8 13 14 23 28 33 49 55 56 74 81 84 94 99 100
11
12 15 20 34 43 44 54 73 85 98 99
10
5 20 33 42 46 50 75 83 84 88
12
5 26 31 36 37 38 49 51 55 74 93 96
9
14 27 53 73 74 77 82 98 99
9
17 41 48 52 58 59 77 80 96
10
30 43 46 53 60 79 92 96 97 98
11
9 33 37 42 46 51 56 71 72 84 100
9
19 49 50 67 68 83 85 86 89
