100 200
1.0 1.0 1.0 1.0 1.0 1.0 1.0 1.0 1.0 1.0 1.0 1.0 1.0 1.0 1.0 1.0 1.0 1.0 1.0 1.0 1.0 1.0 1.0 1.0 1.0 1.0 1.0 1.0 1.0 1.0 1.0 1.0 1.0 1.0 1.0 1.0 1.0 1.0 1.0 1.0 1.0 1.0 1.0 1.0 1.0 1.0 1.0 1.0 1.0 1.0 1.0 1.0 1.0 1.0 1.0 1.0 1.0 1.0 1.0 1.0 1.0 1.0 1.0 1.0 1.0 1.0 1.0 1.0 1.0 1.0 1.0 1.0 1.0 1.0 1.0 1.0 1.0 1.0 1.0 1.0 1.0 1.0 1.0 1.0 1.0 1.0 1.0 1.0 1.0 1.0 1.0 1.0 1.0 1.0 1.0 1.0 1.0 1.0 1.0 1.0 1.0 1.0 1.0 1.0 1.0 1.0 1.0 1.0 1.0 1.0 1.0 1.0 1.0 1.0 1.0 1.0 1.0 1.0 1.0 1.0 1.0 1.0 1.0 1.0 1.0 1.0 1.0 1.0 1.0 1.0 1.0 1.0 1.0 1.0 1.0 1.0 1.0 1.0 1.0 1.0 1.0 1.0 1.0 1.0 1.0 1.0 1.0 1.0 1.0 1.0 1.0 1.0 1.0 1.0 1.0 1.0 1.0 1.0 1.0 1.0 1.0 1.0 1.0 1.0 1.0 1.0 1.0 1.0 1.0 1.0 1.0 1.0 1.0 1.0 1.0 1.0 1.0 1.0 1.0 1.0 1.0 1.0 1.0 1.0 1.0 1.0 1.0 1.0 1.0 1.0 1.0 1.0 1.0 1.0 1.0 1.0 1.0 1.0 1.0 1.0
19
1 8 16 54 58 59 64 73 82 93 105 112 113 117 129 132 153 163 191
21
23 45 62 71 82 84 90 102 105 109 111 112 117 120 128 130 132 142 172 191 193
18
6 15 20 21 33 61 63 68 93 105 107 113 118 127 130 145 149 155
20
20 22 48 63 70 71 72 88 97 109 116 117 125 138 141 182 187 196 197 200
27
5 9 13 30 33 37 46 51 57 69 75 76 83 87 98 100 105 110 111 116 118 139 151 153 192 193 194
25
2 7 9 13 27 37 39 50 57 67 69 71 81 84 87 89 94 103 112 114 116 134 158 165 184
20
3 11 14 16 35 81 85 101 103 106 111 112 113 121 124 129 143 152 162 198
25
2 17 22 41 48 55 62 74 79 85 102 106 110 111 121 124 135 137 141 147 149 158 164 180 195
23
9 14 15 25 32 40 54 55 58 65 72 84 87 94 102 103 112 175 185 186 192 194 200
20
3 11 15 26 30 33 35 37 46 49 61 70 81 97 109 157 164 173 178 183
14
12 22 24 26 28 31 42 87 103 164 170 195 197 198
18
2 8 12 22 35 37 49 60 73 87 113 130 134 155 170 191 197 200
23
8 14 23 25 45 48 49 54 56 57 62 72 73 75 96 102 107 137 147 167 177 185 199
19
25 27 51 55 61 89 100 117 121 122 128 139 149 153 154 164 178 180 183
14
28 35 58 63 77 78 79 80 88 105 146 167 184 186
26
3 4 12 13 17 29 33 34 35 42 72 78 82 84 88 102 104 122 131 132 133 136 144 174 182 194
21
7 8 27 33 48 53 55 61 66 86 94 111 113 163 164 169 173 174 178 187 196
16
5 19 22 24 31 86 89 94 104 107 113 125 153 170 184 191
23
11 12 30 37 38 46 48 50 84 88 100 101 118 122 125 129 163 164 170 177 179 195 200
15
6 13 39 54 60 70 76 90 94 97 108 121 128 139 163
15
1 26 36 38 48 50 54 57 63 80 102 108 119 122 185
19
8 45 88 89 90 95 98 104 111 117 121 126 142 156 169 177 191 193 199
27
1 5 9 14 30 36 40 50 54 59 61 91 93 112 115 117 124 125 135 144 155 169 178 182 188 189 193
22
2 4 9 12 42 43 56 60 65 68 70 100 106 112 123 140 148 159 176 185 188 196
18
8 40 45 63 68 76 81 94 98 107 115 130 135 161 168 173 181 194
15
1 35 49 52 61 64 73 88 136 147 148 152 153 167 172
19
12 44 46 51 59 64 65 72 95 101 102 114 118 155 158 182 185 188 196
17
1 4 13 20 25 36 85 109 113 114 117 132 145 158 176 188 196
16
29 48 59 74 80 81 84 99 100 110 114 116 123 125 138 192
26
6 12 19 40 42 44 60 75 79 82 88 89 98 107 110 114 122 124 127 137 149 176 179 180 181 193
21
2 19 23 26 43 60 65 67 84 96 132 142 145 150 153 167 174 175 179 186 200
24
7 24 28 38 39 48 55 62 77 85 97 103 107 113 114 118 136 142 149 151 167 170 181 190
15
2 4 40 44 56 59 70 82 101 124 128 148 164 196 199
16
10 18 27 33 41 56 75 81 86 93 119 125 132 169 183 186
25
4 7 25 29 52 54 74 81 100 101 107 110 116 125 130 135 139 140 144 148 149 175 184 197 199
16
9 10 29 43 50 54 76 80 84 114 115 130 134 175 180 192
19
8 15 16 36 37 43 63 64 79 83 90 108 130 131 134 137 144 175 198
19
33 50 53 71 73 85 94 97 110 113 118 132 134 142 156 164 172 176 191
20
5 10 11 27 30 45 54 62 78 82 84 95 101 110 118 121 126 132 153 154
22
4 6 21 40 46 52 53 54 62 65 81 98 114 128 135 142 152 155 162 177 192 195
15
3 22 34 50 73 90 122 140 143 149 164 168 171 193 196
18
20 28 41 61 77 89 94 126 128 131 151 164 165 166 172 173 179 195
22
49 53 55 56 65 77 79 93 98 99 107 111 114 118 144 146 153 162 172 189 191 198
26
6 25 26 31 33 34 36 51 84 85 89 108 115 124 129 130 147 154 157 169 174 181 183 184 185 191
21
5 13 17 28 41 44 57 68 72 76 88 109 116 119 123 129 132 135 155 186 193
18
14 24 31 54 56 73 109 117 121 132 138 139 150 170 177 184 187 198
10
3 18 28 67 77 80 112 182 183 187
19
13 20 33 42 47 49 56 61 74 76 83 91 108 138 149 150 152 162 185
20
1 8 20 28 40 46 57 62 66 79 85 95 130 135 144 171 176 184 188 192
28
7 20 30 36 58 60 64 66 80 85 89 93 94 96 113 117 118 120 123 134 144 159 162 171 173 177 180 190
29
8 15 24 31 32 36 51 65 76 91 97 101 103 114 121 127 131 136 148 152 155 163 164 175 177 178 182 188 192
13
7 27 43 70 73 79 94 128 147 176 183 187 200
15
35 58 78 88 91 98 114 120 133 136 138 150 152 167 172
18
2 15 32 72 75 83 84 92 115 136 140 143 150 171 181 189 199 200
16
15 28 32 34 40 72 86 140 141 143 149 166 169 178 187 192
19
1 22 24 32 56 57 63 75 80 106 120 157 167 175 179 184 185 195 198
22
3 13 16 30 33 41 42 64 65 71 75 102 119 124 131 142 146 161 171 172 194 199
16
8 11 44 69 80 92 104 108 120 126 143 145 149 184 192 197
21
26 29 30 31 44 47 79 85 109 112 119 122 133 136 138 145 166 175 184 190 192
22
5 7 9 15 39 47 54 60 63 70 75 79 89 112 114 115 133 139 145 185 187 196
25
9 10 16 18 29 44 51 58 62 63 64 65 75 95 100 109 113 118 137 146 164 167 168 174 185
12
15 20 24 57 60 81 119 125 148 150 188 189
19
1 4 7 22 34 51 52 86 87 110 119 144 146 147 160 182 186 196 197
15
18 34 43 44 53 78 83 88 98 112 113 143 162 183 185
21
5 15 18 26 33 61 66 72 79 103 115 118 125 141 148 174 175 179 184 186 200
24
15 19 22 23 26 36 43 86 98 110 130 132 135 136 145 148 159 161 168 175 177 178 180 195
26
4 7 10 31 33 38 43 44 46 51 57 63 68 81 88 111 113 122 135 148 154 159 165 181 183 186
15
26 32 33 34 39 47 58 69 84 138 158 159 171 186 187
18
2 20 27 39 45 57 63 68 71 92 112 116 137 143 148 152 162 175
15
18 19 24 28 44 55 65 71 86 103 148 165 172 176 179
14
2 4 34 44 58 72 85 99 114 129 147 158 173 193
18
23 28 56 63 84 86 91 100 105 106 108 123 129 137 139 145 158 196
18
7 17 18 36 39 52 75 78 103 113 124 125 144 145 150 172 177 191
20
12 13 17 50 52 61 64 79 84 86 121 123 137 152 162 166 174 178 181 189
12
6 20 21 61 71 78 99 105 118 127 139 147
17
10 16 29 48 67 73 84 109 110 120 124 136 179 182 183 184 190
20
1 3 10 13 21 28 46 59 70 71 78 86 94 120 127 140 146 154 164 188
14
31 55 61 63 73 74 93 94 103 142 145 160 182 184
22
5 15 19 33 38 46 51 62 81 83 100 111 120 121 125 132 141 154 155 168 177 185
22
16 33 34 38 41 47 49 69 87 95 99 114 116 134 136 157 161 163 177 192 193 196
30
3 12 18 29 32 34 36 40 44 56 63 72 87 95 100 112 113 117 118 138 141 142 144 164 170 175 178 181 182 200
17
6 69 81 84 90 100 104 106 110 124 145 146 152 160 167 185 194
27
17 33 56 58 62 65 66 69 86 88 94 103 114 119 134 139 143 147 154 161 172 173 175 177 186 187 198
12
8 33 36 73 107 116 120 127 158 163 180 198
19
16 18 38 44 45 50 61 76 95 114 116 128 138 139 147 159 175 186 192
17
7 9 17 34 45 61 84 87 89 97 100 110 113 164 168 180 185
21
9 14 17 22 26 30 44 55 69 78 109 130 131 143 151 152 153 158 165 175 178
20
4 5 20 29 33 46 53 54 73 78 86 109 110 112 115 121 122 150 159 174
22
13 45 50 61 65 67 84 86 96 99 105 109 119 128 142 145 159 175 178 193 194 197
18
13 27 41 54 56 57 65 70 74 75 79 106 118 120 125 151 178 192
15
26 35 36 64 74 83 90 108 114 118 130 138 145 174 200
25
9 14 15 20 27 29 49 53 65 74 80 94 110 120 121 122 125 142 145 180 183 186 187 195 198
22
34 53 58 65 76 78 79 83 97 116 127 130 133 140 158 160 162 164 167 180 194 197
21
15 17 20 43 45 46 54 66 70 74 78 82 85 86 95 122 131 142 150 167 175
12
1 33 36 84 96 107 125 134 144 149 168 175
22
2 8 10 25 33 35 38 41 59 64 67 70 74 78 80 114 115 120 136 143 186 199
17
5 23 24 42 44 52 65 75 80 95 152 160 182 186 187 192 200
24
5 21 28 32 38 68 82 85 88 101 111 132 133 138 139 141 149 159 165 169 174 191 194 195
24
7 22 25 54 55 60 84 86 91 94 101 104 107 108 119 121 129 130 156 161 174 181 187 188
22
14 20 43 57 65 75 78 80 84 93 101 102 108 147 150 155 156 166 172 173 195 197
