100 200
1.0 1.0 1.0 1.0 1.0 1.0 1.0 1.0 1.0 1.0 1.0 1.0 1.0 1.0 1.0 1.0 1.0 1.0 1.0 1.0 1.0 1.0 1.0 1.0 1.0 1.0 1.0 1.0 1.0 1.0 1.0 1.0 1.0 1.0 1.0 1.0 1.0 1.0 1.0 1.0 1.0 1.0 1.0 1.0 1.0 1.0 1.0 1.0 1.0 1.0 1.0 1.0 1.0 1.0 1.0 1.0 1.0 1.0 1.0 1.0 1.0 1.0 1.0 1.0 1.0 1.0 1.0 1.0 1.0 1.0 1.0 1.0 1.0 1.0 1.0 1.0 1.0 1.0 1.0 1.0 1.0 1.0 1.0 1.0 1.0 1.0 1.0 1.0 1.0 1.0 1.0 1.0 1.0 1.0 1.0 1.0 1.0 1.0 1.0 1.0 1.0 1.0 1.0 1.0 1.0 1.0 1.0 1.0 1.0 1.0 1.0 1.0 1.0 1.0 1.0 1.0 1.0 1.0 1.0 1.0 1.0 1.0 1.0 1.0 1.0 1.0 1.0 1.0 1.0 1.0 1.0 1.0 1.0 1.0 1.0 1.0 1.0 1.0 1.0 1.0 1.0 1.0 1.0 1.0 1.0 1.0 1.0 1.0 1.0 1.0 1.0 1.0 1.0 1.0 1.0 1.0 1.0 1.0 1.0 1.0 1.0 1.0 1.0 1.0 1.0 1.0 1.0 1.0 1.0 1.0 1.0 1.0 1.0 1.0 1.0 1.0 1.0 1.0 1.0 1.0 1.0 1.0 1.0 1.0 1.0 1.0 1.0 1.0 1.0 1.0 1.0 1.0 1.0 1.0 1.0 1.0 1.0 1.0 1.0 1.0
15
32 41 69 70 90 93 99 103 112 118 126 153 158 169 175
6
23 27 62 92 145 178
5
8 69 83 105 175
10
35 63 85 113 135 147 152 163 187 191
6
27 41 66 148 175 192
5
28 87 120 127 140
4
108 119 199 200
12
30 49 65 78 80 106 112 118 136 150 165 198
7
7 21 37 82 150 170 189
11
19 26 102 109 111 117 131 134 137 174 189
11
3 5 36 62 67 89 109 120 151 181 197
7
63 70 72 103 125 145 159
11
5 37 58 112 143 151 164 168 180 185 191
13
7 20 44 78 132 144 151 160 172 177 179 183 186
12
3 49 63 76 84 101 102 144 162 183 187 191
6
4 27 51 57 115 173
13
15 38 43 61 64 66 78 79 101 111 133 155 173
14
5 22 30 36 40 43 53 58 61 65 82 104 122 134
9
8 12 67 92 127 170 193 194 199
10
1 5 63 91 108 111 143 170 189 193
14
24 33 75 80 86 112 113 131 139 160 171 175 183 187
15
34 40 64 71 109 112 116 119 132 141 146 158 159 173 198
9
39 41 50 68 128 130 137 175 192
15
16 42 47 93 99 113 122 123 129 137 144 146 172 174 181
8
21 46 50 66 122 125 192 200
11
1 5 8 73 92 100 106 135 136 152 178
12
56 57 73 81 95 103 110 125 143 153 181 183
12
17 30 48 52 55 60 65 81 97 123 158 188
5
106 149 154 159 195
12
2 22 27 42 112 123 173 178 187 188 197 198
8
15 30 58 70 131 140 158 173
9
12 15 23 63 77 104 146 163 176
8
3 4 36 74 84 132 151 195
11
23 30 45 47 56 63 107 144 159 178 200
17
1 11 19 24 29 33 46 54 80 122 144 152 154 164 183 185 194
8
3 7 57 65 125 129 162 182
2
60 124
9
10 47 55 73 96 142 148 180 192
12
5 7 23 34 60 63 98 125 133 152 159 190
11
31 46 52 73 90 117 123 137 144 145 188
8
10 34 50 59 82 136 150 153
12
2 16 46 71 134 138 144 162 166 174 185 191
7
35 36 44 54 113 138 142
10
19 29 49 73 80 104 124 143 170 176
8
44 62 69 81 92 100 146 192
11
7 20 38 51 58 108 115 136 141 159 160
13
6 9 10 21 42 49 51 59 65 123 148 155 167
9
29 35 48 49 60 96 112 130 184
10
17 24 48 53 109 134 165 169 181 195
19
1 19 22 23 35 81 88 93 101 105 107 113 145 153 157 174 175 181 186
15
5 10 13 44 59 63 95 109 110 124 127 130 141 142 186
5
87 161 164 182 195
12
8 11 36 50 112 124 131 144 150 151 169 196
9
43 90 130 138 158 169 174 180 186
10
45 75 85 97 132 137 138 183 184 194
18
11 20 38 39 59 66 92 122 124 136 138 139 153 154 159 166 178 180
13
5 7 10 19 36 40 75 85 90 132 138 141 164
13
18 33 46 48 57 109 113 125 139 147 149 158 171
11
5 33 41 85 86 114 116 127 146 150 160
9
56 61 83 105 119 142 156 168 182
12
2 27 57 77 79 103 125 144 163 183 187 198
8
47 50 60 70 162 181 183 191
10
33 47 56 64 68 79 118 159 176 192
12
67 80 82 99 103 121 133 136 156 172 173 191
12
12 25 42 43 58 65 134 139 145 159 173 181
13
2 5 22 37 41 61 77 87 121 142 174 186 194
9
11 39 41 43 59 60 91 105 140
9
4 46 52 64 67 87 106 108 153
12
4 11 30 34 52 67 73 74 82 136 139 183
4
7 36 60 190
9
38 51 78 86 90 123 130 137 140
11
8 27 57 85 134 148 160 166 182 195 199
6
2 7 54 73 97 172
18
5 8 9 20 37 39 41 48 49 62 80 81 87 124 130 142 155 188
11
15 27 96 102 121 125 126 132 152 167 172
7
5 68 74 160 188 189 195
12
12 18 20 22 27 36 44 71 124 143 183 193
4
43 137 171 200
14
21 25 39 44 63 97 102 109 112 118 136 164 165 168
5
37 82 141 162 165
13
1 4 12 56 83 102 122 123 128 154 170 187 192
12
67 75 81 83 110 126 129 134 148 167 174 177
5
25 45 91 123 174
9
33 70 90 92 103 117 118 126 193
6
58 115 118 139 171 199
10
27 49 50 63 69 110 140 141 170 176
12
4 25 53 64 65 81 89 108 119 133 192 198
8
40 54 56 59 70 81 166 187
12
3 12 45 52 57 132 143 146 160 175 184 198
6
18 40 64 129 148 178
15
3 33 51 59 70 76 80 81 114 118 123 152 170 180 189
9
13 60 78 108 138 154 165 187 188
6
24 26 27 117 118 130
15
21 32 39 49 55 65 66 91 119 130 137 150 181 195 198
7
23 64 68 144 168 189 195
8
18 33 61 75 82 124 132 146
12
9 10 39 59 60 78 112 118 139 152 163 179
5
131 135 159 190 198
13
7 11 24 29 39 50 91 97 148 149 174 184 191
12
7 19 20 40 46 66 89 127 132 133 183 196
