50 100
1.0 1.0 1.0 1.0 1.0 1.0 1.0 1.0 1.0 1.0 1.0 1.0 1.0 1.0 1.0 1.0 1.0 1.0 1.0 1.0 1.0 1.0 1.0 1.0 1.0 1.0 1.0 1.0 1.0 1.0 1.0 1.0 1.0 1.0 1.0 1.0 1.0 1.0 1.0 1.0 1.0 1.0 1.0 1.0 1.0 1.0 1.0 1.0 1.0 1.0 1.0 1.0 1.0 1.0 1.0 1.0 1.0 1.0 1.0 1.0 1.0 1.0 1.0 1.0 1.0 1.0 1.0 1.0 1.0 1.0 1.0 1.0 1.0 1.0 1.0 1.0 1.0 1.0 1.0 1.0 1.0 1.0 1.0 1.0 1.0 1.0 1.0 1.0 1.0 1.0 1.0 1.0 1.0 1.0 1.0 1.0 1.0 1.0 1.0 1.0
26
1 5 7 8 16 19 22 24 29 39 40 41 42 44 49 53 57 59 60 65 75 77 90 93 96 97
25
6 9 10 13 14 16 18 28 43 45 48 49 54 55 56 61 64 65 70 74 75 84 86 89 92
26
5 6 7 10 12 16 17 20 27 31 33 37 44 46 52 55 58 59 71 75 84 92 93 95 97 98
19
1 5 14 20 22 24 28 30 42 43 49 51 52 56 59 64 75 82 88
18
6 20 22 23 30 37 46 49 50 54 59 61 86 90 91 98 99 100
20
2 4 5 8 14 16 24 30 34 35 43 48 57 67 70 71 80 89 97 100
15
1 6 11 20 22 23 25 33 40 73 78 82 95 98 100
20
4 7 8 10 15 21 30 36 44 50 62 63 64 67 69 74 86 93 96 97
18
3 4 19 21 23 26 27 31 39 40 55 64 72 75 83 90 92 94
20
2 3 6 7 8 16 18 20 34 36 38 39 46 52 62 71 72 90 91 94
27
2 4 8 11 14 15 20 21 22 25 28 36 42 43 47 50 58 66 68 74 79 81 82 88 92 95 98
22
3 4 13 16 19 23 24 34 45 46 47 51 62 68 72 73 74 79 80 86 87 92
22
2 4 6 7 13 16 24 36 41 47 49 51 56 57 61 64 66 68 73 80 86 94
20
2 8 10 11 17 19 31 32 40 41 50 53 56 62 69 71 87 88 96 100
21
2 5 15 16 20 21 27 28 31 34 44 48 49 52 54 62 69 73 79 80 89
27
9 10 14 17 20 21 22 23 33 35 37 44 46 49 53 56 60 65 69 70 73 77 80 83 87 93 95
17
3 7 11 17 34 37 40 57 64 65 70 72 80 92 93 99 100
17
2 4 6 20 23 24 26 43 53 54 59 64 76 77 82 92 100
12
16 38 41 50 56 58 59 62 76 83 84 99
22
6 13 17 21 23 24 30 34 35 39 50 54 65 68 69 77 80 88 90 95 96 98
16
3 5 9 13 14 23 32 45 63 66 69 73 81 83 84 96
17
8 9 14 15 29 31 33 41 46 49 65 75 77 82 83 93 95
14
12 14 26 32 37 40 43 46 49 56 58 64 85 91
22
9 12 16 19 20 21 37 40 45 50 54 58 60 62 63 64 72 76 77 81 89 98
17
6 22 25 31 32 36 38 39 41 42 49 55 62 74 79 83 91
22
1 11 12 23 24 26 29 31 32 38 43 47 57 63 64 66 78 81 90 91 93 98
20
1 16 17 26 27 37 38 43 50 57 59 62 64 70 71 72 74 78 82 91
22
4 6 9 15 16 20 22 27 28 30 35 36 38 40 43 44 45 56 68 82 86 87
16
11 20 28 29 32 36 38 52 53 54 62 66 75 89 95 97
18
1 2 16 17 23 26 27 33 45 46 47 50 51 56 75 82 97 100
16
3 6 23 25 27 40 41 42 44 45 56 64 69 72 86 92
23
3 9 17 18 19 22 27 28 29 30 36 38 40 43 46 47 56 58 72 80 95 96 100
21
6 11 12 14 16 21 33 34 36 43 46 48 49 56 62 66 75 80 87 92 99
19
6 11 19 25 31 38 40 52 58 64 66 69 72 80 83 85 88 89 96
28
7 9 12 14 18 29 30 33 37 51 52 53 57 59 62 65 66 67 70 76 77 78 81 88 93 95 96 98
16
11 15 28 29 35 37 39 43 45 46 47 54 58 86 96 99
14
7 20 25 27 31 33 46 52 55 56 63 68 75 91
23
2 4 5 8 12 17 18 22 24 25 26 27 28 36 54 57 58 66 74 76 78 97 98
13
13 16 18 20 34 37 50 61 79 83 90 95 100
20
2 7 16 22 25 31 32 37 42 43 51 52 55 56 58 66 69 91 94 98
18
1 12 19 20 32 33 34 39 41 44 50 65 79 81 86 87 94 95
15
9 16 21 25 39 46 53 54 61 68 77 78 82 85 88
13
7 31 44 51 56 60 63 66 73 74 80 84 94
14
3 6 7 19 38 47 50 62 67 75 76 88 90 97
25
1 3 8 12 13 15 18 21 22 25 26 28 30 41 55 56 61 70 77 78 79 86 88 92 93
21
4 6 7 8 20 23 25 30 35 40 48 51 53 57 67 69 74 75 76 96 99
16
1 2 15 16 17 31 33 45 50 53 57 72 75 80 85 94
21
7 9 13 27 29 32 34 41 42 44 57 61 62 63 70 72 77 88 91 97 98
25
5 7 11 15 19 23 26 28 31 32 39 42 43 47 52 59 66 67 69 78 80 85 87 95 98
23
4 11 13 15 19 22 33 34 38 40 46 49 62 64 65 67 72 76 90 91 94 97 99
