150 300
1.0 1.0 1.0 1.0 1.0 1.0 1.0 1.0 1.0 1.0 1.0 1.0 1.0 1.0 1.0 1.0 1.0 1.0 1.0 1.0 1.0 1.0 1.0 1.0 1.0 1.0 1.0 1.0 1.0 1.0 1.0 1.0 1.0 1.0 1.0 1.0 1.0 1.0 1.0 1.0 1.0 1.0 1.0 1.0 1.0 1.0 1.0 1.0 1.0 1.0 1.0 1.0 1.0 1.0 1.0 1.0 1.0 1.0 1.0 1.0 1.0 1.0 1.0 1.0 1.0 1.0 1.0 1.0 1.0 1.0 1.0 1.0 1.0 1.0 1.0 1.0 1.0 1.0 1.0 1.0 1.0 1.0 1.0 1.0 1.0 1.0 1.0 1.0 1.0 1.0 1.0 1.0 1.0 1.0 1.0 1.0 1.0 1.0 1.0 1.0 1.0 1.0 1.0 1.0 1.0 1.0 1.0 1.0 1.0 1.0 1.0 1.0 1.0 1.0 1.0 1.0 1.0 1.0 1.0 1.0 1.0 1.0 1.0 1.0 1.0 1.0 1.0 1.0 1.0 1.0 1.0 1.0 1.0 1.0 1.0 1.0 1.0 1.0 1.0 1.0 1.0 1.0 1.0 1.0 1.0 1.0 1.0 1.0 1.0 1.0 1.0 1.0 1.0 1.0 1.0 1.0 1.0 1.0 1.0 1.0 1.0 1.0 1.0 1.0 1.0 1.0 1.0 1.0 1.0 1.0 1.0 1.0 1.0 1.0 1.0 1.0 1.0 1.0 1.0 1.0 1.0 1.0 1.0 1.0 1.0 1.0 1.0 1.0 1.0 1.0 1.0 1.0 1.0 1.0 1.0 1.0 1.0 1.0 1.0 1.0 1.0 1.0 1.0 1.0 1.0 1.0 1.0 1.0 1.0 1.0 1.0 1.0 1.0 1.0 1.0 1.0 1.0 1.0 1.0 1.0 1.0 1.0 1.0 1.0 1.0 1.0 1.0 1.0 1.0 1.0 1.0 1.0 1.0 1.0 1.0 1.0 1.0 1.0 1.0 1.0 1.0 1.0 1.0 1.0 1.0 1.0 1.0 1.0 1.0 1.0 1.0 1.0 1.0 1.0 1.0 1.0 1.0 1.0 1.0 1.0 1.0 1.0 1.0 1.0 1.0 1.0 1.0 1.0 1.0 1.0 1.0 1.0 1.0 1.0 1.0 1.0 1.0 1.0 1.0 1.0 1.0 1.0 1.0 1.0 1.0 1.0 1.0 1.0 1.0 1.0 1.0 1.0 1.0 1.0 1.0 1.0 1.0 1.0 1.0 1.0
53
3 5 14 17 18 20 27 36 45 46 47 49 52 55 71 78 84 85 109 113 115 117 118 122 133 136 149 160 161 164 165 188 191 193 198 201 204 210 217 224 226 237 242 243 245 263 266 267 273 275 285 293 299
64
4 6 15 21 23 24 25 28 29 31 32 36 43 46 47 50 52 56 59 67 68 75 80 82 87 93 96 98 108 112 116 124 126 133 140 152 155 161 168 169 174 183 184 185 191 195 203 205 212 220 228 252 256 261 264 266 271 274 279 280 281 282 299 300
62
7 8 20 22 29 31 36 48 52 59 62 66 72 73 78 79 82 85 87 90 92 99 104 108 110 116 124 128 131 134 136 139 148 151 153 166 168 169 173 181 182 186 187 195 198 207 221 223 247 248 252 256 259 264 265 277 282 286 289 292 294 296
68
5 7 12 13 15 26 27 29 35 38 42 44 49 55 57 58 59 72 77 79 81 83 87 88 89 91 92 110 113 127 133 134 144 148 151 170 175 178 179 180 183 184 188 190 198 201 202 204 212 213 214 229 233 236 237 242 245 253 255 256 268 269 277 280 283 287 288 293
56
5 7 10 15 18 25 26 29 34 42 46 49 50 68 69 72 76 81 87 95 97 101 102 105 106 107 108 122 127 134 140 148 149 156 166 171 172 174 185 190 194 195 207 217 220 223 232 241 247 250 255 258 263 265 268 272
64
3 9 11 12 20 24 25 28 39 48 57 67 70 71 78 83 86 88 107 108 111 117 121 123 130 134 137 139 141 143 145 146 148 157 164 182 185 196 197 199 201 208 220 229 230 236 240 242 244 246 255 258 262 265 267 268 272 273 277 279 282 286 295 300
76
8 15 16 19 20 27 28 30 36 39 43 45 47 50 54 62 64 68 69 72 77 81 86 90 91 92 101 104 111 112 124 127 132 134 138 146 150 161 165 167 168 171 173 179 180 182 187 192 204 208 209 216 219 220 224 226 229 240 243 246 249 252 255 258 260 265 269 279 281 286 287 288 289 296 298 300
52
2 4 12 25 42 44 53 71 75 81 87 99 102 103 104 107 109 117 127 130 134 137 141 150 151 156 169 170 178 180 186 193 195 200 201 210 213 214 218 223 225 226 231 232 240 252 272 276 281 285 290 298
59
6 11 12 13 18 20 22 26 29 38 46 53 62 65 67 71 74 76 82 87 91 105 112 131 135 137 139 141 149 152 156 170 176 178 180 188 199 203 204 211 212 218 224 226 228 234 235 237 238 239 244 251 255 259 262 263 269 290 299
68
5 6 9 14 21 22 24 27 31 33 39 40 43 44 48 49 53 70 80 92 98 102 114 116 118 120 129 131 134 136 141 143 153 158 162 167 168 176 182 189 190 200 201 204 207 208 210 212 216 218 234 245 246 251 254 256 261 263 265 267 269 272 279 280 286 287 290 298
54
4 7 13 14 16 19 24 27 32 34 47 48 51 69 75 81 97 99 100 105 108 110 111 120 121 127 137 140 142 149 168 171 173 188 196 197 200 202 216 219 226 230 240 244 248 254 262 270 274 275 282 284 295 298
54
8 16 21 22 23 33 37 44 46 51 52 53 87 91 93 98 109 117 120 122 123 127 128 129 150 151 158 160 161 165 172 183 185 186 199 202 205 209 212 216 220 224 229 230 231 234 238 240 253 266 277 286 290 299
50
2 6 8 17 18 30 36 50 56 60 71 76 77 88 91 93 101 103 124 128 134 136 137 140 154 163 172 176 177 178 185 187 200 201 203 204 209 216 222 235 237 239 261 263 268 272 273 280 284 292
58
7 12 27 28 31 32 34 38 39 42 45 46 48 49 59 64 66 70 73 74 79 83 90 94 99 102 112 120 127 131 138 141 142 153 156 159 166 170 171 183 200 204 206 216 226 232 235 239 247 249 250 254 257 262 263 268 270 275
56
6 15 18 28 36 38 39 40 43 47 49 55 59 67 69 72 77 79 81 94 96 116 130 131 140 141 146 158 169 173 182 185 193 202 207 216 222 223 225 238 253 257 260 265 266 267 271 272 282 283 284 287 291 293 296 300
64
9 15 16 23 39 40 42 44 51 53 61 68 70 85 97 101 110 111 116 120 121 122 126 135 140 143 148 151 160 162 166 168 169 173 174 176 184 186 195 197 201 202 203 206 207 209 213 218 226 231 236 249 250 255 260 262 266 269 271 273 279 286 290 298
59
4 7 12 16 21 22 23 27 30 32 36 37 41 50 56 58 74 79 80 81 89 96 99 104 108 109 119 123 128 133 136 139 141 142 156 158 160 168 169 184 185 188 199 208 224 228 230 231 234 244 251 258 260 266 268 277 279 283 287
54
6 10 13 14 15 23 28 50 63 67 70 74 80 81 82 85 90 98 106 107 108 123 127 130 136 139 149 155 160 162 164 166 176 177 189 200 203 204 205 213 221 226 227 249 254 261 263 267 268 272 280 286 292 295
51
7 13 15 17 23 28 37 41 46 52 55 62 63 69 74 77 82 91 96 104 112 113 114 132 134 140 155 162 165 168 172 176 179 189 190 199 201 210 213 224 226 236 237 246 250 259 261 262 272 284 288
70
5 6 8 13 17 18 22 37 41 49 51 52 54 59 60 61 65 74 76 80 83 85 96 100 107 113 118 119 122 123 128 129 140 141 147 152 154 155 157 170 177 189 193 194 195 202 203 207 208 212 214 215 220 229 231 234 238 239 245 248 249 255 258 263 272 279 288 291 292 293
55
2 10 15 17 20 27 38 40 44 49 54 61 71 72 77 80 82 101 102 103 105 113 116 117 120 129 135 146 162 163 164 172 174 176 179 182 184 190 191 193 201 209 218 220 222 223 229 237 246 265 270 280 284 289 296
51
7 9 10 12 32 34 37 43 61 75 77 81 83 85 89 101 111 124 125 132 144 151 156 157 162 164 165 166 170 177 178 191 198 201 204 215 231 236 242 244 251 256 267 272 274 276 277 291 295 296 300
65
6 7 8 10 18 20 22 27 33 36 43 44 46 52 56 59 64 80 89 99 104 112 115 123 134 137 143 144 146 148 149 156 157 160 163 165 174 180 185 186 187 191 192 194 201 209 211 213 219 229 231 233 235 236 241 242 252 256 259 263 267 270 291 292 295
73
3 9 10 11 14 16 20 21 29 30 32 34 35 37 50 56 59 67 81 90 96 98 103 104 107 110 111 112 127 131 134 135 136 137 140 142 143 144 145 152 157 158 163 166 178 182 185 190 192 194 199 200 201 203 208 214 221 225 231 234 242 248 258 259 260 264 269 270 276 288 293 294 299
59
4 9 12 14 16 19 25 36 47 52 55 58 85 91 92 95 98 111 113 114 119 123 127 130 138 139 140 146 147 160 164 167 170 177 183 194 196 206 212 215 217 220 221 225 228 229 244 245 247 259 267 271 279 280 285 290 291 296 300
65
12 13 15 22 24 27 35 38 39 40 44 46 47 48 51 74 85 86 93 106 113 114 127 130 134 142 147 148 155 160 163 168 171 172 174 175 177 182 184 190 191 193 195 199 217 219 238 243 245 251 253 255 259 260 261 264 266 272 277 283 285 294 297 298 299
56
3 5 6 9 20 21 28 31 33 35 48 55 64 73 77 80 85 87 92 101 108 113 116 119 122 124 134 137 144 149 151 154 156 160 161 165 180 183 186 187 189 191 199 201 204 206 213 221 224 231 238 269 279 293 296 300
70
2 4 7 12 22 24 26 30 32 34 40 42 44 46 50 54 56 57 61 65 67 73 86 91 98 102 104 106 111 112 114 115 128 136 141 142 158 160 164 168 171 172 176 185 187 193 196 199 203 204 206 212 223 228 229 233 234 236 240 250 251 265 269 274 283 285 288 295 296 299
65
21 24 30 31 43 46 47 52 54 55 59 62 69 71 80 86 88 89 95 98 108 112 124 125 126 133 134 141 145 149 150 151 155 156 158 160 161 186 188 193 194 199 204 209 211 212 220 223 227 235 237 239 240 243 244 255 256 261 268 272 273 276 279 284 288
58
1 6 9 11 16 18 24 26 39 41 45 48 49 58 60 62 65 67 70 75 79 82 87 95 100 117 129 133 137 140 142 152 155 164 167 173 176 182 193 196 201 206 212 213 222 227 239 244 247 253 267 268 269 278 284 293 296 300
67
5 9 16 19 23 27 30 31 34 36 44 47 49 51 58 63 65 72 74 75 78 80 90 98 113 114 115 116 119 128 132 142 143 148 151 156 157 162 177 187 188 189 193 195 207 212 219 223 231 233 234 235 243 246 248 257 271 272 273 277 278 281 290 293 294 295 297
60
3 7 9 10 13 19 21 23 30 35 36 37 50 54 55 58 59 60 65 67 74 77 85 92 99 106 114 115 116 118 121 126 129 130 142 151 156 159 160 162 165 166 182 184 188 189 206 213 216 225 230 232 238 244 247 253 255 259 264 300
61
4 9 10 12 15 20 21 22 31 34 38 44 46 47 51 52 54 58 59 60 62 64 73 74 78 81 82 89 91 96 109 121 122 138 140 145 163 169 176 183 185 186 189 192 195 202 203 213 220 227 240 241 244 256 258 260 262 263 280 285 292
68
2 5 8 11 16 25 35 37 40 46 49 51 52 65 82 84 94 103 105 106 109 110 114 117 118 119 134 135 145 147 150 151 153 154 158 164 173 179 182 184 185 194 199 205 208 210 215 216 227 230 231 234 252 255 258 260 261 263 268 270 278 281 284 285 286 290 295 299
55
3 6 11 12 20 24 32 37 39 44 48 54 66 75 77 82 86 88 90 100 102 104 111 114 117 121 126 136 138 148 160 162 163 170 171 175 176 178 186 190 194 203 204 211 215 218 226 234 239 248 251 254 284 293 294
53
2 9 10 18 21 27 35 36 42 47 58 70 73 80 81 82 86 96 101 106 118 119 120 130 134 143 147 150 158 159 162 166 182 198 200 202 206 215 220 230 232 235 240 242 252 253 264 276 279 285 288 298 300
59
5 8 13 20 24 35 41 45 51 54 57 72 82 87 97 100 102 116 134 139 151 153 154 158 163 167 179 182 185 188 189 193 197 200 204 206 210 213 217 219 222 225 230 233 238 243 244 246 253 256 264 267 271 275 280 282 293 295 298
48
8 19 24 26 34 47 61 65 69 71 88 89 98 101 102 104 108 111 117 118 125 133 134 153 155 156 165 172 176 183 196 209 214 221 235 238 257 258 261 268 269 270 272 274 275 284 293 300
71
1 3 4 5 10 13 14 19 22 23 34 36 38 41 42 58 59 61 63 64 67 73 82 84 86 87 88 93 95 106 110 111 124 126 135 154 158 159 162 166 168 173 182 183 185 187 188 196 210 211 218 220 223 226 227 236 237 239 245 247 250 252 253 257 259 263 265 271 273 279 298
62
1 3 7 12 13 16 23 30 34 37 38 43 50 53 54 58 86 94 101 106 110 118 119 121 123 132 138 139 150 155 156 178 179 185 186 187 190 196 202 204 206 211 212 215 218 219 221 232 239 246 247 256 258 264 270 286 287 288 291 293 295 298
74
5 12 15 16 21 22 23 24 25 31 35 37 38 39 47 50 55 58 65 69 86 87 90 96 103 104 105 112 114 115 126 127 129 133 135 136 147 152 159 163 168 172 173 180 194 195 201 202 211 214 219 222 224 225 229 233 237 241 246 247 248 255 262 272 273 275 276 278 281 282 283 289 290 292
60
13 14 18 23 30 39 50 53 59 61 66 69 71 76 78 79 81 100 102 103 111 115 120 122 124 125 133 137 140 158 160 168 172 174 184 186 188 194 197 204 210 213 214 217 218 239 246 254 261 262 267 269 270 273 285 291 292 293 297 298
60
2 8 10 12 19 41 44 46 48 49 65 74 80 81 82 83 88 91 92 104 105 111 117 119 120 124 125 140 147 149 155 159 172 184 189 190 191 195 196 199 200 209 213 228 234 237 242 243 246 249 260 263 267 269 270 275 291 293 295 298
62
5 8 24 32 34 46 51 62 78 86 95 96 99 100 108 113 116 117 118 121 122 131 132 133 141 144 146 157 160 162 164 165 167 176 182 183 187 191 199 203 206 212 217 224 234 237 241 242 244 248 256 260 261 280 281 282 283 287 288 295 298 299
64
11 13 19 29 31 37 38 60 62 64 65 67 76 88 90 91 92 94 98 99 101 110 112 114 115 119 133 138 144 146 161 166 168 169 170 179 182 183 190 198 199 204 216 218 224 225 226 233 245 247 248 251 255 261 267 272 279 285 286 293 294 295 297 300
56
2 5 6 13 14 21 30 43 49 59 63 64 70 79 82 94 103 108 114 120 125 128 129 133 134 136 138 141 144 149 163 166 168 178 181 182 183 184 204 205 221 222 235 236 241 248 252 255 282 283 285 286 288 289 292 300
61
3 20 27 28 31 47 54 56 60 68 69 81 82 87 90 91 94 95 100 112 113 117 122 126 127 142 147 162 163 166 168 171 176 177 179 191 193 195 197 204 206 212 213 214 229 231 235 238 243 246 247 255 257 271 273 275 281 289 294 296 300
43
12 13 14 25 27 50 79 83 93 96 97 98 103 111 123 136 138 140 141 147 154 158 167 168 179 183 191 195 198 215 217 224 229 230 231 243 250 255 257 260 267 273 299
71
10 16 17 18 26 28 30 33 34 35 41 43 45 47 53 54 60 61 64 71 74 76 79 81 82 94 95 96 101 102 103 112 114 115 117 122 123 128 134 137 144 148 149 153 162 165 169 171 178 180 189 190 191 198 208 215 232 238 245 246 257 261 262 267 274 275 287 289 292 295 300
58
2 3 29 33 36 38 41 44 59 61 63 66 69 77 83 86 88 101 104 106 111 112 126 129 131 146 147 160 167 169 174 181 182 193 201 202 203 206 221 225 226 233 236 239 241 247 248 249 256 259 265 267 272 275 278 285 286 295
62
6 7 10 21 24 40 47 53 57 58 61 63 70 75 81 84 90 93 95 107 109 112 120 122 123 129 131 136 138 139 146 151 159 162 166 169 170 173 174 175 180 183 184 185 190 198 199 213 220 222 231 235 247 253 256 269 282 283 284 292 294 298
63
9 13 14 16 26 30 35 37 41 43 44 50 54 55 60 62 64 77 84 86 91 106 107 115 116 118 119 128 129 130 131 135 136 139 142 145 162 168 174 186 192 198 205 217 219 225 226 234 243 244 247 249 254 260 268 270 272 275 281 282 286 295 299
59
4 6 15 22 36 41 43 47 52 56 58 63 72 73 74 75 76 88 89 90 95 104 109 110 117 122 127 136 141 161 162 166 181 183 184 186 190 199 203 207 211 214 217 222 224 231 233 238 239 241 245 246 250 258 260 262 269 271 300
67
7 26 27 29 30 37 48 59 60 65 68 69 77 79 90 94 95 96 99 100 101 106 107 109 115 116 121 140 145 148 154 160 161 162 163 164 165 167 172 173 182 183 188 190 195 196 199 203 205 227 234 236 240 242 247 248 251 255 260 263 270 271 277 284 290 293 298
63
23 26 30 39 41 43 47 48 50 54 58 61 66 72 75 77 90 98 100 106 107 108 117 121 130 140 146 149 152 156 161 162 164 167 169 171 173 187 190 192 194 198 201 202 212 214 216 233 234 245 246 249 252 255 265 266 275 276 282 284 285 290 293
61
2 6 7 8 13 15 19 20 32 36 38 45 46 52 55 61 64 67 74 75 79 82 88 89 91 107 109 113 114 120 128 132 135 136 139 142 149 157 169 179 181 182 198 205 213 218 223 227 229 242 254 268 282 283 285 287 290 292 293 294 298
63
2 8 16 18 21 22 30 33 36 41 52 57 60 68 70 73 76 82 85 96 97 103 107 115 129 136 146 149 151 152 160 163 168 181 194 200 205 211 214 217 222 226 227 228 235 236 245 255 258 262 263 268 271 273 275 276 278 279 280 286 291 294 295
77
2 3 5 6 7 23 24 29 30 34 36 43 49 60 62 69 70 71 74 77 78 80 81 83 85 89 90 91 99 107 111 115 117 120 127 130 131 133 138 141 144 146 147 156 168 170 186 187 189 193 197 198 199 200 202 206 208 211 212 213 217 218 223 227 231 234 235 236 242 248 249 260 276 279 283 291 292
51
3 9 20 24 35 38 41 45 47 49 64 68 71 76 78 91 102 112 114 120 124 125 126 130 135 143 151 156 158 161 184 186 188 190 191 193 211 225 228 230 234 239 249 252 258 260 269 277 279 285 294
65
1 4 8 9 10 11 14 19 23 31 32 35 40 43 45 49 56 57 61 62 65 66 71 84 93 100 107 116 118 123 137 140 146 151 152 161 163 168 172 188 197 200 207 208 210 223 233 234 236 243 249 257 259 260 262 267 269 274 275 277 278 283 284 295 296
56
10 11 12 15 18 25 28 32 36 45 50 64 66 69 77 81 82 84 86 89 91 100 108 113 117 125 130 131 132 140 151 152 154 166 170 195 198 203 204 205 207 209 212 213 214 218 221 230 234 242 244 256 263 271 273 277
73
1 8 10 13 14 18 19 20 21 25 26 29 34 39 49 50 64 66 68 75 76 77 79 84 87 88 89 93 100 103 105 113 114 120 122 124 126 130 131 134 145 152 154 155 159 161 168 169 179 198 199 207 214 216 223 230 232 235 238 245 251 252 258 261 267 272 278 281 284 285 288 292 294
67
1 5 6 11 15 21 26 28 29 31 33 34 38 40 41 44 47 49 51 57 60 66 71 72 73 75 79 101 106 118 127 138 139 150 153 161 180 183 187 193 195 211 216 219 227 228 234 236 242 244 245 246 247 256 259 260 264 274 278 279 281 287 289 290 291 295 298
66
11 16 21 28 29 30 36 38 39 41 43 44 55 59 61 66 68 75 76 80 82 86 87 91 92 96 99 102 103 107 109 110 113 125 128 131 133 139 154 155 160 170 177 186 190 192 193 195 209 215 230 240 241 247 249 250 251 253 254 259 275 282 285 287 293 299
45
6 9 11 27 34 39 42 47 54 60 62 71 80 82 84 86 89 95 124 127 146 147 150 151 153 164 165 177 181 184 185 191 193 199 201 205 211 215 217 229 252 275 289 292 299
65
2 13 15 19 22 24 26 29 36 39 41 42 47 59 64 68 72 76 77 89 90 100 107 110 114 129 130 132 141 145 156 159 169 173 174 177 181 182 185 186 188 195 199 204 210 219 222 225 227 229 231 234 235 236 243 250 263 272 274 283 287 288 294 298 299
61
1 7 20 21 28 29 33 34 40 41 49 51 52 66 68 71 76 79 87 96 100 102 103 108 109 126 127 129 132 140 141 142 144 145 147 148 156 159 161 167 170 174 180 220 221 229 236 239 243 249 256 258 271 272 275 282 284 285 296 298 299
64
5 9 11 18 24 29 30 34 36 40 58 62 70 73 75 84 87 93 105 106 110 119 122 129 131 136 137 141 145 155 160 165 169 175 179 182 187 200 201 206 212 214 215 218 219 223 233 235 237 246 248 251 253 257 261 267 270 272 276 280 282 288 290 295
58
4 14 16 18 24 35 40 46 51 52 61 62 66 71 75 81 92 101 105 107 116 122 123 125 128 130 148 154 160 161 168 181 190 191 197 199 200 203 210 212 214 216 218 219 231 232 237 247 248 253 257 258 259 264 269 270 280 291
55
1 7 13 14 26 33 36 42 49 51 57 58 77 84 88 93 98 100 102 106 107 114 116 121 123 137 138 154 169 177 179 184 185 191 195 198 208 209 212 213 214 219 223 231 234 241 250 262 263 269 273 279 289 294 296
55
5 10 11 17 27 30 35 45 46 47 50 53 55 63 77 84 85 86 89 104 108 119 123 124 126 135 152 154 158 161 181 183 189 201 204 214 229 231 237 241 242 243 245 251 254 257 259 275 284 285 288 290 291 294 295
54
6 15 24 30 34 43 49 50 63 71 93 94 100 128 130 133 138 139 142 145 149 151 154 160 161 163 169 175 177 186 194 196 199 200 201 212 215 232 241 245 248 254 255 261 263 265 273 277 278 279 282 295 296 299
55
9 14 15 19 22 49 65 68 76 79 84 90 93 120 122 133 134 141 149 159 164 167 172 183 189 191 193 194 203 206 214 225 236 238 240 241 246 247 249 250 251 258 266 267 274 277 285 286 289 290 293 294 295 296 299
66
3 7 10 12 14 16 17 26 40 43 50 55 58 68 69 72 73 78 79 81 83 88 94 97 104 105 111 112 113 128 135 138 147 154 167 171 173 180 186 194 197 199 203 207 211 216 219 223 224 242 248 249 251 252 257 265 274 281 282 283 286 288 290 291 293 299
56
6 9 19 20 22 32 36 37 38 41 44 54 65 66 68 74 78 80 86 100 102 108 110 112 115 118 123 133 136 149 155 156 158 161 165 169 174 178 183 184 199 201 210 222 233 237 241 252 253 257 259 260 275 282 289 299
60
3 11 13 25 26 29 30 34 43 51 69 76 78 82 83 92 96 100 106 110 120 126 127 128 132 135 138 139 141 142 145 149 150 151 152 154 158 159 160 162 164 170 173 181 182 183 196 205 206 218 224 226 229 236 237 243 245 256 264 299
62
1 10 11 15 29 32 34 42 45 58 67 74 77 79 87 93 108 109 121 122 128 132 133 141 142 143 145 147 151 152 155 169 170 171 183 186 189 190 202 205 210 215 220 222 226 227 229 235 239 247 251 256 264 265 266 268 269 273 276 280 294 296
54
11 14 18 20 22 39 45 48 50 59 60 63 76 83 86 89 94 103 110 134 135 138 142 147 150 161 172 173 175 179 182 185 189 191 192 193 196 197 208 216 226 230 231 233 235 256 257 261 263 272 274 289 290 299
55
2 3 13 20 31 42 49 51 56 61 64 77 78 84 86 87 97 102 122 123 125 128 131 138 145 149 150 153 155 159 168 174 178 179 187 188 193 208 209 224 226 227 248 260 261 264 272 278 281 282 284 286 290 295 297
59
2 9 17 18 20 32 38 39 40 43 48 60 66 71 73 83 84 86 87 91 93 95 96 99 105 112 114 120 121 130 139 142 143 146 149 152 164 173 176 177 184 185 191 192 198 205 212 220 230 233 253 266 268 270 284 287 294 297 299
65
2 11 13 15 30 31 34 37 43 46 47 50 60 65 70 87 92 96 99 100 108 110 111 113 114 124 125 130 131 132 134 135 141 145 147 152 155 163 171 172 191 192 193 194 196 202 205 208 211 215 230 239 243 250 254 258 265 268 271 273 276 291 292 293 300
62
1 2 8 16 17 23 42 54 60 66 70 72 86 87 89 108 109 112 116 122 128 131 140 149 150 151 158 162 166 172 177 179 183 187 194 196 203 210 211 212 213 216 220 226 228 231 233 246 247 251 252 254 259 263 266 269 290 291 292 294 297 298
60
3 6 12 13 14 18 20 22 25 34 37 38 40 41 55 61 67 69 71 72 83 85 88 91 93 100 105 106 112 117 127 128 147 157 158 162 167 169 188 189 192 194 196 218 222 226 231 237 241 249 250 254 256 262 267 273 279 283 290 297
59
3 12 18 20 23 26 38 41 54 55 58 64 69 73 74 83 85 87 95 96 114 117 121 124 125 130 131 135 140 142 147 149 152 153 155 159 160 165 186 204 205 207 220 228 229 237 246 251 253 264 266 267 269 272 274 275 279 285 290
62
1 3 19 20 22 38 43 49 50 61 67 70 71 80 84 88 92 95 97 102 108 109 110 112 115 116 117 125 130 135 138 139 140 141 145 146 148 154 158 169 172 178 180 181 198 199 210 230 235 241 242 250 252 256 257 261 268 272 287 292 298 299
61
10 12 16 24 26 36 43 59 62 70 76 78 83 85 90 91 104 106 114 122 139 145 158 160 162 170 176 178 179 186 193 194 199 205 220 223 226 229 232 235 236 237 242 244 249 252 260 269 275 276 277 280 282 288 291 292 293 294 295 296 299
61
3 8 9 11 16 20 27 28 36 45 50 54 55 62 63 67 76 77 96 101 104 107 112 119 132 144 153 158 161 163 167 168 183 186 189 190 195 196 197 209 224 227 229 230 231 243 247 254 258 260 261 263 264 265 267 279 281 286 288 292 298
56
1 7 8 15 21 24 44 46 50 51 56 61 67 73 88 94 106 107 108 110 115 118 128 129 137 142 161 164 167 169 170 173 185 189 199 200 207 213 217 220 223 225 227 229 231 232 236 238 246 255 259 264 270 282 283 292
58
5 9 22 23 25 27 29 32 39 44 46 48 51 53 59 74 75 86 92 94 102 104 114 119 120 124 131 132 136 142 148 150 154 158 165 167 184 187 194 199 201 229 232 233 235 240 242 250 253 254 259 266 278 279 280 281 290 291
68
2 5 12 14 15 20 23 24 27 30 38 40 54 55 59 68 69 75 82 86 87 88 93 99 103 108 110 118 120 121 127 128 143 144 146 148 151 152 161 167 171 172 178 179 181 184 189 190 193 198 200 217 219 234 235 236 237 243 247 271 272 276 277 284 285 288 290 298
60
5 19 22 28 31 33 34 40 43 45 59 68 72 74 80 82 83 84 96 99 106 108 115 135 137 140 143 150 172 174 189 191 202 204 205 212 215 218 226 227 231 233 239 241 243 246 247 250 261 262 264 266 268 284 288 289 292 294 298 299
55
3 11 17 21 24 26 29 48 61 64 71 72 75 76 78 84 93 115 120 126 134 138 143 148 151 155 159 162 165 170 171 178 181 185 201 204 213 223 226 231 247 251 256 260 261 263 264 268 270 272 283 284 290 293 296
61
4 5 6 8 9 19 26 32 36 40 45 50 56 59 63 64 69 73 82 90 93 114 117 119 120 123 126 131 132 137 141 145 150 154 161 170 175 185 187 189 193 199 201 210 212 213 215 232 249 255 256 257 258 259 280 282 283 286 291 292 293
63
1 3 7 9 17 21 28 41 63 65 71 75 82 85 89 91 92 97 99 112 113 114 118 125 131 134 137 139 140 141 143 145 146 160 163 167 168 173 174 180 186 191 193 211 217 223 224 240 247 250 251 260 262 267 269 272 276 279 280 285 288 294 296
54
3 24 30 31 33 34 39 42 44 47 49 50 56 67 77 91 92 97 100 101 122 125 128 129 131 142 145 146 152 155 158 163 168 176 188 191 199 205 208 214 216 217 234 236 239 244 245 250 257 267 273 277 290 293
57
9 10 19 20 21 31 40 51 53 62 63 80 82 86 94 95 99 102 105 121 130 139 140 144 145 146 153 171 173 174 175 177 183 199 201 202 207 209 212 218 220 222 227 228 237 238 242 248 255 257 263 267 281 284 288 290 297
59
1 3 10 34 39 42 44 45 52 56 60 67 71 77 80 82 84 93 103 104 107 108 121 124 130 134 139 140 146 158 169 172 184 192 193 204 206 210 216 218 221 230 233 236 239 241 245 246 258 259 268 272 276 280 285 287 296 297 300
64
1 2 4 11 16 20 23 30 34 40 42 46 79 81 82 83 84 86 101 102 105 106 107 112 124 127 134 136 138 143 145 149 150 158 163 169 171 177 178 182 184 187 195 199 205 207 215 217 219 222 230 233 237 242 252 260 262 263 267 271 280 283 289 290
64
10 11 13 14 18 24 25 45 51 52 60 73 84 87 92 97 98 100 107 112 114 117 120 130 132 134 138 143 144 155 159 162 163 174 176 177 179 184 190 191 197 198 205 207 211 213 221 223 225 226 228 238 246 253 261 264 265 269 273 275 279 281 285 292
47
4 7 9 10 13 17 28 35 46 53 58 62 71 76 91 93 100 111 116 126 128 130 133 143 155 162 166 186 190 191 196 204 205 208 219 234 235 242 246 259 262 266 267 272 278 284 291
67
3 4 16 17 18 22 30 36 40 42 54 55 64 69 83 87 89 94 95 96 101 105 111 118 125 126 132 133 138 142 143 146 148 150 153 157 163 168 172 178 179 182 187 198 199 204 209 213 219 221 235 236 240 241 246 247 251 252 256 262 269 278 282 290 295 298 299
48
2 4 9 10 21 32 35 41 43 47 50 88 95 96 100 103 107 108 123 129 131 135 142 152 156 175 177 182 186 191 193 203 206 207 221 226 227 228 229 232 235 238 247 250 259 270 272 283
55
5 11 13 22 23 34 39 40 41 43 46 54 61 62 64 69 84 88 92 106 107 108 109 112 115 124 125 143 152 156 164 169 173 183 184 193 199 202 203 215 229 232 242 248 253 254 263 268 270 280 285 291 294 296 298
64
2 3 4 5 8 11 12 23 33 36 53 59 66 67 73 77 82 88 97 98 99 101 108 111 114 119 134 136 138 140 143 144 145 147 151 154 161 164 181 182 187 191 192 195 201 202 214 215 222 227 230 231 232 248 249 250 258 261 264 276 278 287 292 293
61
7 8 14 15 17 21 33 42 58 60 65 69 71 75 81 85 93 97 98 99 104 110 113 122 132 135 138 140 153 154 157 161 165 168 171 174 175 176 182 190 192 195 196 200 210 226 230 231 235 239 243 246 251 271 274 277 281 283 292 298 300
67
3 7 8 12 21 23 24 31 33 48 56 61 64 66 77 81 87 91 109 113 114 116 127 128 143 148 155 156 158 160 162 164 171 175 176 177 180 182 184 185 189 190 197 199 203 204 206 207 208 210 215 222 233 234 240 247 250 273 274 278 282 285 286 287 288 299 300
63
1 9 12 15 17 37 40 42 43 49 53 57 69 80 82 85 86 87 92 96 97 104 109 118 123 126 142 148 149 156 163 169 172 174 175 180 187 190 199 201 208 215 219 228 236 242 245 247 248 250 252 255 257 258 261 263 273 275 277 285 298 299 300
63
2 12 20 39 47 57 59 63 64 70 73 87 96 100 105 107 109 117 119 125 128 135 141 146 150 153 156 170 176 187 189 202 206 211 213 215 219 221 222 224 225 226 236 237 239 242 245 246 247 250 251 262 264 268 269 273 276 284 285 286 291 292 298
70
2 4 7 9 11 12 13 17 25 26 27 28 29 31 45 47 57 59 61 62 68 73 87 90 95 96 102 105 107 111 115 116 135 145 146 154 156 157 159 169 170 172 175 194 200 204 209 213 214 216 218 221 223 233 236 239 247 249 256 261 262 271 274 279 281 285 286 294 295 296
48
2 4 14 31 38 45 48 55 61 63 65 76 82 94 99 111 127 129 135 139 164 168 173 175 183 184 188 190 193 196 199 203 204 209 214 215 216 218 226 227 239 262 264 267 268 275 292 295
60
1 6 9 14 23 29 33 42 50 51 54 67 68 69 75 77 81 85 87 90 92 97 102 109 111 115 121 123 125 129 132 133 134 141 152 165 167 173 174 187 194 195 196 203 205 209 213 214 215 219 236 244 247 253 258 265 270 273 285 290
74
10 14 24 25 33 34 35 42 46 51 55 56 63 74 81 82 85 86 87 99 100 101 103 114 116 117 119 126 129 130 137 139 143 146 149 152 153 171 172 181 185 189 195 197 198 201 203 204 210 211 217 221 224 232 233 234 237 241 242 245 246 250 258 261 262 269 275 276 277 282 283 284 288 300
60
16 20 22 25 27 28 32 40 42 45 48 49 54 56 59 64 66 80 83 85 88 92 93 95 97 101 103 106 109 112 113 125 133 136 137 141 142 147 149 151 155 157 159 171 183 198 201 202 206 211 219 221 227 229 241 244 255 264 267 295
55
4 8 21 26 41 43 44 46 55 59 62 70 77 78 85 88 94 106 110 118 119 120 121 122 126 127 133 135 136 144 146 154 157 159 160 162 167 181 187 196 197 199 208 210 219 224 227 228 230 240 255 270 271 275 292
47
4 7 8 19 26 30 33 35 37 43 47 51 61 72 80 86 90 95 122 134 135 137 139 145 160 163 182 187 189 200 202 203 208 216 223 236 242 245 247 263 265 267 268 277 283 288 297
77
3 4 7 12 13 14 19 22 28 31 32 37 38 43 48 54 57 68 73 74 76 77 78 79 83 87 100 101 102 107 114 116 117 120 123 132 136 137 140 141 142 155 162 164 168 172 175 181 186 187 189 191 198 199 201 202 206 213 220 222 225 227 239 250 254 258 259 263 264 265 267 272 273 275 280 293 297
66
9 10 18 21 22 23 27 29 30 32 33 34 37 39 41 48 58 60 62 63 66 70 79 80 83 88 90 96 100 105 106 108 115 117 120 126 130 133 148 152 153 160 164 168 169 175 176 185 191 192 205 206 214 216 221 222 239 248 250 260 268 272 275 277 285 286
56
2 4 12 16 24 29 32 40 41 44 56 57 66 75 76 80 87 89 94 95 99 100 103 114 119 124 127 152 157 158 169 176 184 188 196 198 200 201 202 212 215 217 221 226 229 244 246 256 257 258 260 261 282 284 292 300
52
1 5 10 13 20 29 34 35 37 43 47 49 52 59 67 74 76 87 97 102 103 104 113 118 120 131 134 137 139 150 152 156 164 173 175 177 189 193 194 206 214 216 218 228 235 238 239 254 259 271 273 281
65
6 11 15 26 32 33 36 43 48 53 60 66 75 88 89 99 105 107 112 114 115 116 119 123 130 137 144 146 150 155 156 164 165 167 169 171 173 176 178 180 186 190 198 203 206 209 217 226 227 231 232 236 238 246 249 255 258 259 263 264 274 275 284 290 294
46
4 15 17 31 32 33 41 52 59 72 74 78 82 94 96 97 98 104 107 108 111 119 130 135 151 156 168 169 175 181 182 184 187 198 201 206 209 223 226 229 235 244 250 255 257 279
57
9 16 22 26 31 32 34 35 37 48 54 98 103 105 114 115 116 118 119 122 124 127 128 135 136 156 167 168 169 177 197 199 200 206 212 213 220 224 229 233 235 238 241 247 248 250 254 260 265 266 267 275 278 292 293 298 300
69
2 8 9 10 15 20 22 25 28 31 33 38 49 55 59 61 70 75 76 84 85 96 105 110 114 115 123 126 127 129 131 140 150 153 156 169 170 179 184 186 190 192 193 197 202 207 215 220 221 222 228 232 240 241 254 257 263 266 269 271 276 279 281 285 286 291 294 295 299
74
5 9 10 23 25 28 29 34 38 42 46 50 53 59 60 61 66 73 78 92 99 103 107 111 116 123 124 126 132 136 141 142 146 154 155 163 166 172 178 186 187 195 201 208 212 226 227 231 232 236 238 240 242 248 253 259 260 261 262 267 270 273 275 276 277 280 281 284 285 289 290 295 299 300
57
12 14 17 22 24 29 30 32 49 50 52 58 61 64 75 77 81 82 91 94 112 119 121 122 125 129 152 154 159 163 190 191 207 209 212 216 222 223 233 234 235 237 243 244 245 247 248 250 264 270 271 273 282 284 294 298 300
56
3 7 14 18 32 33 38 56 57 60 68 70 77 90 96 103 106 117 122 123 124 125 135 138 144 150 155 156 159 167 172 176 182 183 184 187 189 190 197 206 209 227 230 238 241 243 259 262 264 267 272 275 287 288 293 299
55
6 12 22 26 32 37 40 44 46 48 49 55 60 62 64 78 79 80 81 83 91 93 95 98 100 103 105 107 116 118 121 129 139 150 160 164 172 174 180 194 199 203 208 217 223 233 246 250 251 258 265 275 285 291 297
61
7 16 17 23 34 41 42 43 46 56 58 60 65 68 70 74 86 87 88 105 113 128 130 132 139 145 146 162 167 174 176 180 186 187 191 194 197 200 202 204 206 207 213 222 224 229 233 237 241 249 254 255 267 269 270 273 277 279 280 286 293
65
1 6 7 17 31 44 59 62 64 75 77 78 90 91 96 100 104 105 111 112 116 122 126 127 137 141 147 148 150 157 166 176 177 178 183 186 196 197 198 208 211 212 213 216 218 220 221 222 228 237 242 247 259 261 262 264 271 272 274 276 280 283 288 290 292
64
5 14 22 24 25 32 35 41 43 50 56 61 63 67 68 75 78 80 83 86 94 96 97 99 110 116 119 135 137 144 150 158 160 166 169 184 193 194 198 205 206 209 210 213 214 219 223 225 230 232 234 242 249 261 263 266 267 272 277 278 286 287 293 298
73
1 8 11 20 29 36 47 49 52 53 58 60 62 64 73 77 84 90 93 111 115 118 119 122 125 126 129 134 139 142 143 148 151 153 154 155 156 157 170 174 178 183 188 190 195 202 209 221 224 228 234 236 237 238 241 242 248 250 252 254 257 258 260 261 269 270 272 274 285 286 291 296 298
60
9 16 23 25 29 33 37 39 41 46 48 51 54 56 57 62 65 73 78 91 92 96 134 146 148 150 153 155 156 158 159 161 162 167 170 172 175 180 183 184 187 191 193 197 199 200 208 223 226 229 241 246 247 255 256 258 272 273 282 294
69
10 13 16 19 22 25 32 45 47 48 52 53 57 58 59 61 67 70 71 83 85 87 99 101 108 111 118 119 131 132 156 168 170 171 172 174 175 176 181 183 185 194 195 201 204 206 208 210 211 213 218 226 229 233 239 241 242 247 256 261 263 266 268 269 278 282 287 296 297
67
1 8 9 12 14 21 26 43 49 50 51 53 66 74 79 83 86 92 98 102 104 107 110 112 114 117 121 122 134 141 144 148 152 153 157 158 161 164 171 175 176 177 181 182 189 192 193 204 206 207 221 232 236 238 240 243 247 250 253 261 265 267 271 274 276 281 293
62
2 4 18 19 24 28 30 35 44 47 48 53 61 66 71 78 80 81 83 92 95 101 105 132 134 137 138 145 152 155 158 162 164 165 166 167 168 172 177 180 182 189 191 210 212 217 219 223 240 242 248 255 267 271 272 273 276 280 283 290 294 300
54
9 15 19 20 25 26 29 31 34 48 57 61 64 65 79 84 87 90 99 100 105 113 118 122 129 131 133 136 145 146 147 148 150 177 187 188 196 197 200 208 217 223 225 226 227 244 260 268 272 285 286 292 297 299
58
2 5 9 10 14 23 25 26 38 40 42 44 45 49 69 71 80 85 86 103 105 106 110 115 120 130 137 138 150 151 152 158 167 171 175 179 184 204 205 209 214 228 243 250 251 253 254 256 261 269 270 271 275 278 282 290 296 298
49
1 3 6 13 16 19 22 23 29 32 37 42 46 60 66 71 74 78 80 82 94 105 106 109 120 123 130 139 145 148 151 155 157 158 166 185 202 215 221 233 241 242 246 247 260 263 268 280 297
62
2 10 13 34 36 37 39 55 61 71 74 82 86 88 91 92 98 99 103 104 112 118 121 126 129 134 136 141 145 150 160 164 169 172 176 182 187 203 205 207 214 221 222 225 229 242 243 250 254 263 265 267 268 269 276 278 282 284 288 289 291 293
66
1 3 4 16 21 24 25 26 31 37 42 45 50 51 58 62 67 73 76 89 95 100 102 106 110 112 116 119 124 125 131 145 152 154 155 159 168 170 176 177 183 185 187 194 196 197 200 209 212 217 221 228 230 233 236 240 257 263 264 265 273 274 277 286 290 300
50
2 5 7 12 17 31 42 51 55 60 67 75 84 110 114 144 148 149 151 152 155 157 164 168 173 177 187 188 189 190 191 205 207 209 213 217 223 238 245 248 249 254 258 260 267 268 273 284 293 299
63
1 2 10 11 15 22 24 25 26 29 33 37 38 44 45 49 54 59 60 71 87 90 91 99 105 113 118 136 137 150 154 156 157 166 171 174 178 182 183 188 189 191 194 198 199 210 211 214 225 229 235 239 240 248 261 265 266 270 276 280 288 292 295
58
2 6 7 10 12 15 29 33 35 36 43 46 47 54 55 69 71 81 85 86 92 93 101 108 112 114 118 125 133 135 141 148 149 163 168 172 174 181 192 198 203 207 219 231 236 237 242 244 249 252 254 268 273 274 277 283 284 287
57
2 12 13 18 20 34 40 41 42 43 44 48 63 66 69 83 89 90 96 100 113 119 122 126 127 134 147 151 153 154 159 166 179 183 184 185 193 196 200 202 213 230 233 235 236 240 241 251 252 254 256 258 265 271 274 282 298
58
4 9 18 22 23 24 31 33 35 39 40 45 50 51 52 61 64 65 66 67 71 76 77 82 83 97 107 112 116 131 144 152 153 156 163 187 190 202 205 208 225 228 231 238 242 247 252 258 262 263 266 272 275 279 286 287 296 299
62
2 3 4 5 6 18 29 36 42 44 48 50 66 67 69 76 89 91 96 107 112 113 119 124 127 128 136 140 147 158 160 167 171 172 173 174 179 182 189 194 196 203 208 223 227 228 231 235 239 244 257 259 263 264 270 271 274 275 276 293 295 298
65
8 9 10 11 14 20 21 38 51 53 55 58 62 63 70 77 79 83 84 88 89 99 100 104 110 116 119 121 130 132 134 141 143 149 156 157 158 166 169 171 180 181 182 188 190 194 197 201 213 215 222 231 233 243 262 264 269 271 273 279 281 284 285 292 296
66
3 10 13 14 16 20 28 30 41 46 47 55 60 71 75 79 83 117 120 121 123 129 134 136 138 140 141 150 156 157 158 159 161 167 169 173 182 183 191 198 202 209 210 217 223 224 232 233 235 236 238 242 244 248 250 255 256 258 267 268 275 283 293 295 296 298
55
12 19 25 28 31 37 40 41 44 47 49 52 60 61 68 69 80 84 91 95 99 112 115 116 121 122 139 140 147 149 152 178 181 186 193 203 211 214 221 224 227 247 251 253 257 261 264 265 270 281 286 290 291 296 298
67
2 3 7 11 25 26 34 41 43 45 46 49 54 59 62 65 68 72 77 78 82 84 88 90 101 108 118 124 125 126 127 130 136 141 145 161 169 170 184 201 204 214 215 222 224 225 227 239 242 245 247 248 250 254 259 266 269 270 283 284 285 286 291 293 296 298 300
