150 300
1.0 1.0 1.0 1.0 1.0 1.0 1.0 1.0 1.0 1.0 1.0 1.0 1.0 1.0 1.0 1.0 1.0 1.0 1.0 1.0 1.0 1.0 1.0 1.0 1.0 1.0 1.0 1.0 1.0 1.0 1.0 1.0 1.0 1.0 1.0 1.0 1.0 1.0 1.0 1.0 1.0 1.0 1.0 1.0 1.0 1.0 1.0 1.0 1.0 1.0 1.0 1.0 1.0 1.0 1.0 1.0 1.0 1.0 1.0 1.0 1.0 1.0 1.0 1.0 1.0 1.0 1.0 1.0 1.0 1.0 1.0 1.0 1.0 1.0 1.0 1.0 1.0 1.0 1.0 1.0 1.0 1.0 1.0 1.0 1.0 1.0 1.0 1.0 1.0 1.0 1.0 1.0 1.0 1.0 1.0 1.0 1.0 1.0 1.0 1.0 1.0 1.0 1.0 1.0 1.0 1.0 1.0 1.0 1.0 1.0 1.0 1.0 1.0 1.0 1.0 1.0 1.0 1.0 1.0 1.0 1.0 1.0 1.0 1.0 1.0 1.0 1.0 1.0 1.0 1.0 1.0 1.0 1.0 1.0 1.0 1.0 1.0 1.0 1.0 1.0 1.0 1.0 1.0 1.0 1.0 1.0 1.0 1.0 1.0 1.0 1.0 1.0 1.0 1.0 1.0 1.0 1.0 1.0 1.0 1.0 1.0 1.0 1.0 1.0 1.0 1.0 1.0 1.0 1.0 1.0 1.0 1.0 1.0 1.0 1.0 1.0 1.0 1.0 1.0 1.0 1.0 1.0 1.0 1.0 1.0 1.0 1.0 1.0 1.0 1.0 1.0 1.0 1.0 1.0 1.0 1.0 1.0 1.0 1.0 1.0 1.0 1.0 1.0 1.0 1.0 1.0 1.0 1.0 1.0 1.0 1.0 1.0 1.0 1.0 1.0 1.0 1.0 1.0 1.0 1.0 1.0 1.0 1.0 1.0 1.0 1.0 1.0 1.0 1.0 1.0 1.0 1.0 1.0 1.0 1.0 1.0 1.0 1.0 1.0 1.0 1.0 1.0 1.0 1.0 1.0 1.0 1.0 1.0 1.0 1.0 1.0 1.0 1.0 1.0 1.0 1.0 1.0 1.0 1.0 1.0 1.0 1.0 1.0 1.0 1.0 1.0 1.0 1.0 1.0 1.0 1.0 1.0 1.0 1.0 1.0 1.0 1.0 1.0 1.0 1.0 1.0 1.0 1.0 1.0 1.0 1.0 1.0 1.0 1.0 1.0 1.0 1.0 1.0 1.0 1.0 1.0 1.0 1.0 1.0 1.0
16
3 14 28 84 97 110 112 131 133 140 149 168 182 223 224 259
15
2 24 30 34 41 49 56 132 170 215 229 252 253 256 275
14
18 37 38 70 90 130 149 170 171 210 231 236 244 264
14
21 69 92 98 131 132 161 190 192 215 229 266 268 276
12
3 4 6 22 31 50 59 185 225 231 239 294
13
6 38 62 96 111 144 163 188 212 226 232 269 300
11
7 43 50 63 85 94 141 156 184 209 214
22
9 17 28 55 57 70 80 108 119 121 124 127 134 153 219 226 230 248 260 275 292 299
19
4 21 23 28 31 42 68 125 126 139 155 157 180 193 199 204 242 244 291
13
7 20 39 59 66 75 90 190 196 225 252 275 282
17
13 52 72 77 78 134 152 154 160 181 186 195 199 235 237 245 252
17
5 26 63 64 76 95 121 136 165 194 216 223 227 236 239 257 270
16
7 9 21 29 68 72 83 85 88 115 117 156 185 191 201 264
15
8 71 90 93 106 138 153 161 193 220 235 249 250 272 292
8
18 95 111 152 161 220 249 293
6
29 43 89 107 278 286
20
18 35 48 67 109 118 121 140 149 151 163 164 173 183 190 203 208 238 250 267
10
30 47 54 60 77 92 94 131 180 271
16
50 56 58 97 117 187 201 212 215 237 257 269 273 289 293 296
13
69 75 85 97 134 168 183 214 221 229 247 268 274
18
6 25 30 43 71 104 109 159 178 189 205 235 239 240 257 262 271 294
13
5 7 30 40 53 57 80 95 146 161 190 203 213
16
4 18 71 84 109 111 155 199 215 230 231 238 261 263 267 291
8
68 113 137 200 206 211 241 255
8
66 120 169 176 227 232 264 281
9
1 35 63 78 117 169 177 246 283
16
10 20 43 64 78 88 105 115 149 167 175 177 184 233 243 255
16
3 22 29 56 75 92 114 122 127 163 199 214 219 254 261 299
15
2 23 52 53 67 80 97 106 142 151 177 210 244 278 286
25
9 15 20 27 42 50 57 58 66 75 76 78 98 116 141 143 144 146 152 164 167 193 260 275 282
18
23 26 40 43 52 68 82 137 162 183 224 225 227 248 254 257 262 285
12
46 53 78 84 89 101 119 154 176 184 262 293
17
16 51 58 59 66 101 111 113 115 155 162 188 271 274 291 292 294
13
24 25 44 109 119 127 152 161 163 189 223 259 277
17
30 49 72 94 113 130 131 133 138 155 176 183 213 221 266 280 282
18
20 22 78 80 86 92 93 98 100 114 131 148 160 179 194 196 210 235
15
36 67 72 81 96 148 158 172 176 197 228 250 260 273 300
17
5 15 24 83 91 137 139 147 149 158 178 186 206 213 225 228 274
15
10 11 20 37 49 67 98 100 101 145 146 147 199 251 275
15
6 56 66 79 81 84 89 98 106 125 139 209 262 268 272
15
1 28 33 55 61 129 163 166 174 179 189 194 242 258 268
14
6 15 32 48 60 63 109 110 124 135 169 199 203 229
6
25 65 79 121 192 269
14
10 12 30 68 72 120 125 136 212 244 253 261 263 294
15
17 22 32 37 71 78 79 86 91 96 121 149 185 194 203
22
9 25 52 57 92 127 132 137 152 155 167 169 200 212 230 242 246 251 252 253 254 284
17
18 22 35 44 47 82 113 152 184 196 215 217 245 257 262 280 291
26
10 23 38 66 68 69 75 76 80 86 93 100 107 112 113 115 126 145 162 196 215 253 268 269 278 292
11
8 14 52 84 102 112 122 160 177 237 274
14
16 32 57 123 133 170 182 189 212 227 239 256 269 293
16
34 40 73 76 81 100 119 140 148 150 172 210 229 264 276 299
14
10 20 118 158 161 177 197 201 243 245 247 257 264 300
14
36 50 53 74 114 129 137 177 202 212 239 257 283 290
15
7 20 98 103 109 111 145 158 174 180 187 247 257 271 288
12
52 55 109 138 154 179 203 240 241 288 293 294
17
67 69 92 100 112 116 123 135 148 160 178 198 205 248 255 280 296
22
7 20 30 35 36 56 87 98 99 114 120 143 159 198 245 248 268 281 288 291 296 297
15
5 51 76 88 120 123 134 141 149 161 189 199 240 266 284
9
50 76 105 114 159 262 274 295 298
19
4 11 30 52 65 76 141 142 147 174 195 215 232 255 263 266 275 293 298
12
115 116 118 131 139 152 157 174 177 196 197 202
9
44 92 149 152 205 207 224 225 226
11
17 43 65 139 188 196 211 244 248 289 291
11
15 37 39 70 77 134 160 225 240 248 257
17
9 34 41 49 52 53 58 68 93 109 116 134 192 203 205 223 247
8
76 98 114 151 158 161 206 271
17
8 19 21 28 38 43 52 53 124 129 152 166 212 219 238 239 280
22
5 34 37 47 49 57 76 89 98 112 139 143 152 177 183 214 228 241 243 245 278 289
13
35 86 101 104 157 166 172 195 200 216 238 260 284
14
47 50 66 136 148 155 182 183 190 230 233 240 270 273
23
9 11 40 41 47 51 64 78 89 90 102 103 120 143 176 199 208 214 222 253 257 263 270
18
1 27 53 60 71 83 108 113 135 169 178 179 181 195 208 241 277 279
19
2 5 9 24 86 90 96 104 105 135 166 197 234 238 248 255 262 270 275
19
3 33 35 40 70 73 79 92 122 127 135 143 190 212 238 250 261 284 295
16
11 23 57 60 68 96 106 108 162 169 193 236 257 271 288 299
16
24 27 31 59 63 120 141 178 188 209 211 214 235 266 271 273
12
35 54 68 81 109 158 191 213 215 260 265 282
9
19 38 56 87 95 124 146 158 291
17
8 43 44 52 112 124 187 197 208 215 217 226 236 254 255 263 291
14
37 49 81 88 140 142 185 189 196 215 225 262 275 297
12
35 81 85 92 155 171 191 214 221 256 267 268
17
18 24 27 30 52 99 128 140 153 162 168 202 222 232 250 289 296
14
53 57 71 130 146 177 179 237 242 260 263 271 277 283
15
18 27 31 40 75 81 154 164 170 181 186 245 253 281 300
16
17 48 49 73 75 81 103 112 137 161 200 212 225 260 271 298
16
12 21 24 54 148 156 159 164 188 199 231 234 250 255 270 272
10
19 36 73 123 167 201 213 222 223 271
17
15 32 67 85 88 126 127 129 137 153 185 198 214 228 262 273 298
27
45 66 78 90 103 109 111 125 133 134 136 169 170 172 177 187 200 220 221 227 231 237 246 281 284 286 287
17
15 18 51 80 86 100 162 189 196 212 213 226 232 242 291 296 299
21
2 34 48 69 72 88 97 120 129 135 140 154 155 160 162 169 180 183 226 275 280
9
54 184 189 192 207 240 275 289 299
12
68 78 80 90 98 106 117 171 223 274 279 287
12
17 33 85 87 112 121 141 167 230 250 274 284
20
9 29 79 88 93 102 107 116 119 125 160 178 207 214 232 234 250 257 284 285
17
33 44 61 105 115 119 153 161 176 204 212 260 263 270 288 299 300
19
16 22 24 30 43 53 54 61 63 127 178 181 188 190 208 236 238 274 290
16
13 79 96 102 109 115 133 193 195 201 242 254 262 281 285 287
9
38 108 110 133 163 219 227 248 272
13
120 122 129 152 186 226 228 235 239 240 245 275 300
12
45 47 60 66 96 119 162 198 200 223 273 295
17
17 40 60 69 82 113 131 133 137 142 145 150 194 208 250 256 294
15
16 63 64 82 114 147 152 153 159 176 184 188 193 287 296
20
10 21 31 60 71 113 120 140 180 183 191 205 225 246 258 262 279 285 297 298
15
6 25 78 87 129 143 154 174 184 189 209 210 241 259 265
20
2 11 16 24 30 49 68 71 88 108 112 119 147 165 189 201 211 245 281 292
13
5 14 27 58 67 93 113 130 181 204 233 253 264
8
8 143 146 193 214 217 221 281
18
14 38 42 46 72 77 78 88 91 100 113 129 165 182 183 216 273 288
15
47 69 73 83 107 118 146 186 188 192 211 268 282 292 298
8
1 14 69 84 172 192 232 262
24
7 13 39 49 59 63 84 89 91 125 138 155 168 183 197 214 215 236 248 263 265 274 296 299
16
14 15 19 22 47 77 117 130 141 153 155 227 263 267 277 297
13
11 40 55 65 97 101 120 121 129 207 209 293 295
14
7 25 43 63 64 87 89 120 170 193 218 232 267 286
14
24 30 43 85 98 113 116 198 216 240 261 267 268 272
15
27 31 41 46 113 157 170 171 182 199 225 226 234 260 285
15
4 16 35 104 130 141 199 205 247 248 276 280 289 296 299
22
30 34 36 50 52 84 94 131 140 150 157 159 174 190 224 237 238 245 261 266 267 278
17
12 18 20 39 48 88 89 95 107 146 149 165 180 189 226 238 285
22
16 21 25 34 49 63 69 118 121 122 130 138 165 175 177 199 263 268 273 279 282 299
17
10 17 43 47 54 58 79 86 104 159 165 178 228 245 263 273 278
14
57 65 68 81 82 105 122 129 143 176 206 223 240 286
18
10 26 52 69 70 76 82 94 113 114 128 177 196 201 206 210 246 299
18
20 43 49 62 90 94 95 111 137 158 169 187 204 216 225 285 293 300
16
12 31 56 75 77 80 97 147 156 169 177 201 203 213 214 288
12
35 60 62 83 93 116 141 178 186 199 204 256
17
1 26 80 87 96 101 110 138 139 154 160 173 178 204 253 264 296
23
3 5 11 25 29 66 70 99 101 130 139 142 152 162 165 172 184 189 192 203 252 254 283
13
10 55 70 71 87 94 98 166 172 178 214 239 275
15
61 66 72 82 118 160 173 188 226 235 244 270 279 281 293
13
27 48 72 98 139 157 178 208 234 253 262 265 290
18
40 64 66 77 122 125 148 182 199 208 211 214 225 227 240 247 261 268
21
3 67 77 87 91 101 111 119 124 141 144 145 162 165 180 187 235 243 244 253 286
10
41 90 94 125 144 146 163 164 210 264
15
6 11 36 59 69 96 134 183 202 211 236 240 289 293 298
15
19 20 94 123 140 153 157 161 173 185 186 188 202 207 247
15
1 5 38 89 90 93 134 144 173 206 227 242 245 259 286
13
14 17 107 110 144 157 159 171 174 193 220 241 292
14
20 34 38 71 78 101 129 138 185 196 216 248 282 290
18
1 15 34 43 53 83 92 110 155 207 218 234 237 238 270 282 285 299
11
10 35 36 78 109 156 185 220 221 235 294
19
47 57 59 65 80 90 108 144 160 170 195 204 210 213 219 229 261 281 289
15
34 70 73 85 103 144 148 162 192 224 225 243 279 289 297
17
10 17 34 40 46 49 80 108 181 184 224 249 250 253 269 275 277
11
24 56 72 84 97 116 128 181 256 265 282
19
14 27 40 47 63 65 93 108 116 130 152 189 212 233 252 256 276 297 299
21
4 11 13 52 59 68 78 102 112 121 161 176 177 178 184 188 205 216 255 287 297
11
39 72 107 159 166 181 201 212 221 222 290
19
16 34 47 48 55 58 60 88 106 113 160 176 194 196 206 212 254 266 293
