50 100
1.0 1.0 1.0 1.0 1.0 1.0 1.0 1.0 1.0 1.0 1.0 1.0 1.0 1.0 1.0 1.0 1.0 1.0 1.0 1.0 1.0 1.0 1.0 1.0 1.0 1.0 1.0 1.0 1.0 1.0 1.0 1.0 1.0 1.0 1.0 1.0 1.0 1.0 1.0 1.0 1.0 1.0 1.0 1.0 1.0 1.0 1.0 1.0 1.0 1.0 1.0 1.0 1.0 1.0 1.0 1.0 1.0 1.0 1.0 1.0 1.0 1.0 1.0 1.0 1.0 1.0 1.0 1.0 1.0 1.0 1.0 1.0 1.0 1.0 1.0 1.0 1.0 1.0 1.0 1.0 1.0 1.0 1.0 1.0 1.0 1.0 1.0 1.0 1.0 1.0 1.0 1.0 1.0 1.0 1.0 1.0 1.0 1.0 1.0 1.0
3
6 15 57
6
12 45 61 66 93 99
7
5 8 49 62 68 84 86
1
68
1
53
5
9 11 44 80 96
7
1 24 39 50 53 66 90
5
5 20 29 55 81
3
3 75 96
6
2 16 40 54 67 76
5
9 17 43 60 95
7
14 22 24 35 54 72 73
5
3 45 68 80 88
2
26 49
5
33 36 78 88 92
4
3 15 17 41
6
12 13 27 80 91 93
1
82
4
9 34 36 45
4
13 17 20 86
2
54 56
5
2 24 50 65 72
3
19 80 90
7
9 16 26 28 41 44 91
6
12 38 62 67 95 100
4
28 43 47 76
3
7 74 75
4
10 21 74 85
7
13 26 31 40 49 61 63
8
1 2 23 35 40 41 56 83
3
68 70 94
4
26 58 69 79
4
32 45 67 90
2
62 76
4
7 17 21 43
2
63 84
9
17 25 27 56 57 79 80 81 100
7
4 60 69 89 95 96 100
4
20 27 78 93
6
19 31 47 77 90 97
6
17 38 40 58 76 100
4
45 60 68 86
7
18 35 42 45 56 60 76
7
45 49 76 78 87 89 99
8
18 24 29 50 54 62 64 80
6
4 24 47 57 59 79
2
16 32
7
10 15 19 26 36 43 65
3
27 71 84
5
20 36 51 76 98
