100 200
1.0 1.0 1.0 1.0 1.0 1.0 1.0 1.0 1.0 1.0 1.0 1.0 1.0 1.0 1.0 1.0 1.0 1.0 1.0 1.0 1.0 1.0 1.0 1.0 1.0 1.0 1.0 1.0 1.0 1.0 1.0 1.0 1.0 1.0 1.0 1.0 1.0 1.0 1.0 1.0 1.0 1.0 1.0 1.0 1.0 1.0 1.0 1.0 1.0 1.0 1.0 1.0 1.0 1.0 1.0 1.0 1.0 1.0 1.0 1.0 1.0 1.0 1.0 1.0 1.0 1.0 1.0 1.0 1.0 1.0 1.0 1.0 1.0 1.0 1.0 1.0 1.0 1.0 1.0 1.0 1.0 1.0 1.0 1.0 1.0 1.0 1.0 1.0 1.0 1.0 1.0 1.0 1.0 1.0 1.0 1.0 1.0 1.0 1.0 1.0 1.0 1.0 1.0 1.0 1.0 1.0 1.0 1.0 1.0 1.0 1.0 1.0 1.0 1.0 1.0 1.0 1.0 1.0 1.0 1.0 1.0 1.0 1.0 1.0 1.0 1.0 1.0 1.0 1.0 1.0 1.0 1.0 1.0 1.0 1.0 1.0 1.0 1.0 1.0 1.0 1.0 1.0 1.0 1.0 1.0 1.0 1.0 1.0 1.0 1.0 1.0 1.0 1.0 1.0 1.0 1.0 1.0 1.0 1.0 1.0 1.0 1.0 1.0 1.0 1.0 1.0 1.0 1.0 1.0 1.0 1.0 1.0 1.0 1.0 1.0 1.0 1.0 1.0 1.0 1.0 1.0 1.0 1.0 1.0 1.0 1.0 1.0 1.0 1.0 1.0 1.0 1.0 1.0 1.0 1.0 1.0 1.0 1.0 1.0 1.0
20
6 20 25 32 48 63 72 77 89 99 100 103 120 121 124 135 166 180 195 196
25
2 3 18 19 29 34 35 46 49 56 66 71 72 73 78 90 101 120 125 139 170 176 182 184 186
25
10 11 17 41 56 61 62 65 78 88 95 130 131 139 142 156 160 164 169 172 173 176 182 193 200
10
1 7 22 71 77 128 129 154 171 177
16
26 52 56 66 69 74 82 102 104 110 124 140 157 159 181 200
17
20 29 59 70 81 86 91 112 126 135 140 149 159 162 171 190 191
21
22 28 41 49 59 65 68 74 78 96 99 118 121 132 139 152 154 167 169 190 193
18
1 5 12 30 40 45 51 55 94 95 125 134 145 157 159 163 164 177
23
2 3 4 11 36 44 53 70 72 87 96 103 120 133 149 151 152 157 159 160 171 172 174
25
9 10 13 15 23 32 51 56 62 68 70 74 82 88 90 100 102 128 147 151 159 162 163 164 184
18
6 14 17 22 36 42 60 99 128 130 143 150 171 183 186 192 193 199
22
5 8 11 17 44 58 76 80 93 100 116 117 119 133 142 166 170 175 178 180 183 187
18
12 34 88 94 95 101 108 111 117 120 129 131 143 166 172 174 176 195
17
3 6 8 21 35 52 55 60 70 94 102 119 120 125 127 129 179
20
17 25 26 33 40 41 45 73 84 120 123 138 152 155 179 181 182 193 195 198
16
21 36 64 65 70 86 89 90 92 95 105 112 147 158 161 183
21
7 17 24 26 31 38 54 55 56 57 63 105 111 117 143 144 157 163 184 187 198
20
5 22 55 77 78 81 85 103 108 112 114 117 119 135 140 148 154 188 196 198
17
20 58 61 68 84 88 122 134 157 161 175 182 192 193 196 197 198
15
3 20 23 39 40 83 102 114 129 155 164 166 177 185 189
16
4 9 20 33 34 37 41 74 80 142 149 164 174 175 184 192
27
17 43 55 61 68 77 85 90 93 101 107 112 115 119 121 123 127 133 135 153 155 170 178 184 194 196 199
9
28 86 102 106 140 171 174 176 187
18
2 48 59 60 61 63 97 100 106 111 127 134 144 161 165 169 185 188
16
40 71 78 82 97 120 122 123 139 164 171 175 177 191 197 199
13
4 23 31 45 46 53 66 115 123 127 136 139 169
17
11 21 31 32 87 99 102 121 135 141 142 155 156 161 181 183 199
21
1 16 32 33 69 72 81 89 93 105 128 130 133 137 149 157 165 166 190 193 197
19
12 17 45 65 84 90 91 97 100 107 137 139 148 157 176 184 196 197 198
19
14 52 67 86 87 93 94 101 104 112 116 130 152 161 175 176 177 184 200
12
6 10 30 51 53 60 74 96 101 122 150 158
22
3 18 26 39 42 46 50 77 80 81 97 102 115 130 157 169 170 179 181 184 189 197
20
6 24 29 31 32 43 70 79 82 83 88 101 105 119 132 138 152 186 188 198
27
30 32 36 37 40 48 56 57 69 77 83 95 104 105 108 112 122 149 163 165 167 171 179 181 186 193 197
21
1 33 37 60 61 63 64 77 80 86 89 101 107 113 114 128 140 175 186 199 200
23
6 13 27 32 36 52 53 58 81 82 104 111 112 117 119 124 130 148 159 168 190 198 199
23
3 8 18 19 26 29 57 72 82 95 96 101 113 115 118 127 143 161 179 181 183 184 192
15
20 26 29 33 34 67 73 87 90 112 146 151 163 169 171
16
11 18 23 36 42 47 74 86 96 126 139 166 167 173 175 191
22
3 8 9 18 22 28 47 61 63 73 84 87 94 98 108 109 135 153 161 196 199 200
33
13 14 15 17 40 48 60 61 69 70 71 72 80 85 91 102 104 111 113 118 123 127 133 136 150 152 156 168 176 184 191 194 197
19
8 11 24 26 32 70 80 90 107 113 120 124 127 128 145 162 178 192 193
24
12 19 28 31 36 39 40 44 45 46 47 49 50 57 63 73 80 93 124 127 170 191 193 200
19
4 18 28 42 64 73 79 83 86 87 103 115 124 129 146 150 151 188 191
25
25 36 44 52 75 82 83 92 94 97 100 121 134 147 161 173 174 179 181 182 187 188 189 191 200
19
22 42 43 52 83 91 93 96 112 118 122 136 146 148 152 172 187 188 198
20
1 15 16 18 35 43 63 68 92 99 126 139 146 149 158 165 176 178 193 198
20
24 25 34 50 58 65 77 91 107 116 119 137 150 153 155 163 172 184 197 200
20
8 29 35 54 63 75 77 82 89 96 99 118 138 153 158 165 168 170 172 178
17
1 11 19 51 55 70 92 107 114 115 124 144 151 171 178 198 199
18
8 14 20 21 26 40 94 111 115 118 143 149 150 157 161 166 173 183
25
13 17 36 38 54 57 70 98 101 105 109 113 120 134 139 140 144 151 152 162 165 171 181 185 193
20
7 11 33 34 35 36 68 69 81 95 124 125 133 137 139 148 151 154 168 171
18
1 24 31 47 50 51 58 70 71 74 75 79 118 124 130 152 175 193
20
1 25 41 47 56 61 96 107 111 124 127 133 138 139 142 147 174 176 177 196
17
14 17 36 40 45 51 72 76 77 80 83 111 119 129 156 167 197
19
23 29 30 47 61 62 66 68 80 97 104 111 131 140 148 167 172 179 193
9
18 28 30 36 73 81 90 91 159
22
6 14 21 28 31 32 33 36 68 79 88 94 101 115 116 117 121 129 147 150 179 196
21
6 18 45 52 56 57 82 87 89 104 132 140 156 158 159 162 163 166 176 190 196
14
4 9 28 29 57 61 67 83 96 118 123 128 135 175
18
2 13 17 28 30 55 64 69 72 93 105 112 123 145 155 176 187 192
18
23 46 55 56 57 64 106 110 119 122 127 130 143 146 152 161 190 200
20
1 10 25 33 42 47 58 60 75 85 101 103 109 122 124 133 136 149 150 173
21
6 11 26 27 30 38 39 58 62 64 66 68 72 102 115 130 137 141 146 164 190
20
5 8 10 18 43 45 49 50 58 66 78 79 101 107 149 157 170 177 179 186
23
13 22 32 39 42 44 49 53 61 71 73 77 90 113 132 138 146 156 170 173 189 196 200
18
6 26 34 42 48 65 71 72 84 86 100 128 152 154 156 187 189 196
19
7 20 23 31 38 42 44 51 61 64 94 103 119 137 143 146 187 193 194
12
27 50 68 69 85 104 143 158 163 177 192 195
22
1 4 14 17 20 27 40 58 68 73 130 138 143 145 164 165 174 177 183 188 191 199
13
61 86 88 90 91 112 129 136 146 160 180 183 193
19
1 2 3 6 9 23 33 55 57 62 68 87 93 94 118 142 145 181 182
24
13 18 20 23 30 35 48 49 69 70 72 74 78 85 91 95 98 111 135 137 146 147 173 193
21
34 51 56 63 75 80 87 94 97 113 114 124 127 133 142 145 159 162 165 180 191
24
2 6 16 28 31 38 57 63 81 85 97 99 107 113 137 153 156 161 163 173 178 181 188 193
17
3 11 33 34 35 50 60 78 79 95 99 102 108 139 167 174 176
28
8 19 20 29 36 54 56 65 67 76 93 96 97 99 110 114 117 128 138 139 143 152 166 172 174 184 189 194
19
4 9 22 38 46 80 93 96 111 119 128 131 138 143 148 153 162 177 184
23
8 10 15 25 38 41 55 57 65 69 98 101 116 119 122 129 135 136 159 170 171 176 187
17
1 8 19 40 63 64 92 114 139 141 157 160 172 173 175 197 200
19
1 34 73 82 97 100 102 105 107 114 127 129 141 146 160 162 163 183 187
16
30 67 74 75 77 78 88 104 110 124 136 144 149 164 169 192
18
9 22 32 33 45 60 66 72 78 79 81 83 98 151 157 159 164 184
23
1 10 12 19 33 40 49 61 70 99 103 112 119 134 140 155 158 175 176 184 189 190 192
23
8 16 43 54 59 66 72 74 83 98 104 112 115 126 141 142 143 146 156 159 180 182 188
20
17 19 25 42 54 58 59 81 101 102 104 112 114 121 139 171 183 186 189 198
18
8 13 37 55 75 80 88 101 109 114 139 148 153 154 162 181 184 190
14
1 27 35 39 94 116 135 152 154 158 169 190 192 199
15
24 52 62 76 82 99 108 143 152 159 161 164 176 181 186
23
8 10 31 39 46 47 50 57 72 78 82 84 97 101 111 121 132 148 159 168 171 191 200
17
20 30 47 72 74 78 81 86 89 106 107 115 116 147 157 163 177
20
4 11 17 54 59 61 67 86 90 104 106 122 127 132 158 159 163 188 189 198
22
9 13 17 37 64 66 73 75 81 92 110 125 132 135 138 156 158 160 174 184 185 187
17
6 33 52 62 65 68 80 89 93 106 109 126 137 151 166 173 185
21
19 21 26 28 32 37 53 60 64 74 81 84 95 114 119 122 146 151 164 171 181
30
23 30 46 49 53 55 60 80 81 86 87 95 97 102 104 116 124 134 137 139 144 153 155 161 162 177 182 183 189 200
18
7 12 15 20 52 62 70 94 109 114 131 138 154 160 177 181 185 188
18
2 12 24 26 38 62 69 91 97 100 112 122 129 149 152 170 173 177
18
5 23 24 28 37 48 53 57 58 65 111 112 143 150 176 189 197 199
