100 200
1.0 1.0 1.0 1.0 1.0 1.0 1.0 1.0 1.0 1.0 1.0 1.0 1.0 1.0 1.0 1.0 1.0 1.0 1.0 1.0 1.0 1.0 1.0 1.0 1.0 1.0 1.0 1.0 1.0 1.0 1.0 1.0 1.0 1.0 1.0 1.0 1.0 1.0 1.0 1.0 1.0 1.0 1.0 1.0 1.0 1.0 1.0 1.0 1.0 1.0 1.0 1.0 1.0 1.0 1.0 1.0 1.0 1.0 1.0 1.0 1.0 1.0 1.0 1.0 1.0 1.0 1.0 1.0 1.0 1.0 1.0 1.0 1.0 1.0 1.0 1.0 1.0 1.0 1.0 1.0 1.0 1.0 1.0 1.0 1.0 1.0 1.0 1.0 1.0 1.0 1.0 1.0 1.0 1.0 1.0 1.0 1.0 1.0 1.0 1.0 1.0 1.0 1.0 1.0 1.0 1.0 1.0 1.0 1.0 1.0 1.0 1.0 1.0 1.0 1.0 1.0 1.0 1.0 1.0 1.0 1.0 1.0 1.0 1.0 1.0 1.0 1.0 1.0 1.0 1.0 1.0 1.0 1.0 1.0 1.0 1.0 1.0 1.0 1.0 1.0 1.0 1.0 1.0 1.0 1.0 1.0 1.0 1.0 1.0 1.0 1.0 1.0 1.0 1.0 1.0 1.0 1.0 1.0 1.0 1.0 1.0 1.0 1.0 1.0 1.0 1.0 1.0 1.0 1.0 1.0 1.0 1.0 1.0 1.0 1.0 1.0 1.0 1.0 1.0 1.0 1.0 1.0 1.0 1.0 1.0 1.0 1.0 1.0 1.0 1.0 1.0 1.0 1.0 1.0 1.0 1.0 1.0 1.0 1.0 1.0
18
4 60 89 91 93 98 101 112 118 122 128 134 149 157 172 173 193 200
11
5 50 78 84 85 115 133 142 155 158 163
13
14 31 69 78 100 112 123 126 144 156 169 187 189
8
10 36 46 48 82 88 134 160
10
7 69 71 73 87 90 102 136 156 183
13
6 33 47 56 66 69 72 110 137 138 155 178 192
13
2 10 24 52 86 89 105 106 142 143 156 188 197
17
1 2 3 12 26 29 54 60 75 95 101 109 135 143 165 169 194
13
1 31 35 52 74 76 82 109 140 145 171 184 187
10
27 40 62 63 75 86 89 116 167 173
11
23 46 52 78 111 117 138 170 174 186 198
5
42 125 127 133 134
15
16 18 37 41 85 91 92 150 157 169 171 175 178 179 188
9
30 93 101 117 131 156 191 192 199
13
16 24 42 49 67 71 78 83 97 100 164 168 195
3
106 181 195
11
4 30 45 50 90 91 124 152 176 195 200
13
46 47 50 57 63 69 71 114 124 126 128 173 190
6
23 85 95 153 187 192
9
13 26 49 52 61 118 126 190 200
7
13 75 81 116 119 141 169
8
33 46 55 56 79 86 106 143
9
5 11 62 87 97 98 155 170 184
11
16 59 77 102 107 139 143 144 168 180 198
11
24 48 51 53 75 100 135 138 161 179 187
7
4 8 100 164 168 191 195
15
13 37 45 52 55 77 88 96 97 100 140 141 156 187 198
9
8 54 70 72 146 180 183 184 188
6
64 105 113 132 161 167
11
3 12 18 22 81 113 126 133 146 173 194
13
9 14 38 45 103 128 129 134 136 159 171 190 198
5
120 122 140 165 173
15
19 40 45 55 74 115 128 134 136 149 155 175 184 197 200
10
22 31 46 50 94 121 179 186 190 191
18
9 14 52 79 80 84 92 97 103 119 140 144 164 166 173 181 192 197
9
29 52 64 90 112 116 143 154 198
10
6 9 26 85 94 133 135 157 159 186
9
18 41 75 108 112 122 139 176 189
11
1 2 24 39 47 64 102 103 115 157 165
13
6 36 68 81 82 93 116 133 168 172 182 189 193
12
41 50 69 72 80 107 109 110 136 149 176 195
8
8 58 69 88 91 148 172 176
11
19 20 25 35 55 62 82 123 124 178 190
13
2 12 13 34 35 48 69 74 110 116 128 130 131
9
24 31 36 47 91 115 165 176 193
8
2 22 28 53 108 110 150 154
11
5 7 34 51 54 59 121 138 160 171 179
9
22 50 72 74 77 86 159 194 199
9
17 23 27 72 75 97 103 117 126
13
11 13 26 42 54 57 60 63 66 82 91 169 175
11
21 46 47 56 61 117 128 147 177 189 190
16
2 22 24 32 55 63 69 100 106 109 123 157 180 181 188 193
14
14 23 42 77 82 89 125 128 132 144 153 158 189 194
12
76 89 118 122 129 142 157 168 178 180 190 197
9
13 40 93 96 99 137 172 178 192
6
43 74 121 125 170 190
11
8 14 105 107 111 125 132 156 159 161 180
7
43 59 71 87 129 166 174
5
18 33 44 94 166
7
30 42 43 87 94 155 179
8
25 73 88 97 146 153 168 187
9
2 22 64 111 131 132 174 189 197
11
4 15 32 66 82 109 127 130 155 163 167
3
114 126 197
4
7 18 22 125
8
4 31 36 38 96 165 185 199
13
28 39 50 52 55 71 77 98 100 106 133 136 200
10
35 41 70 79 113 148 160 165 192 198
11
24 56 91 96 102 109 110 124 163 170 196
14
33 56 74 83 91 100 105 117 144 159 161 166 167 198
14
5 41 53 73 74 88 117 123 142 162 177 184 191 200
12
25 42 60 91 92 110 129 139 142 180 184 187
8
3 55 96 124 139 150 161 178
15
5 8 12 16 74 91 93 99 102 109 114 160 177 191 194
9
38 43 84 92 93 98 105 111 137
8
21 27 29 52 88 102 147 171
11
16 23 34 52 53 56 69 79 127 143 158
13
3 9 25 64 73 99 105 121 133 142 150 176 190
13
8 23 40 53 88 93 109 114 162 169 174 179 180
10
15 24 26 30 31 53 88 98 139 146
12
22 49 52 66 72 88 130 138 139 143 145 167
13
8 14 17 19 42 55 83 86 100 124 155 167 178
11
3 32 68 87 98 117 173 175 182 185 195
10
14 44 105 123 134 135 178 183 192 198
7
42 77 93 138 156 163 180
12
16 43 48 71 80 81 82 86 133 135 139 155
10
2 42 45 58 90 107 114 134 150 171
14
6 15 37 50 59 63 101 103 106 112 143 160 161 185
10
19 27 44 56 104 123 140 160 178 180
16
31 33 44 59 68 79 94 103 131 136 137 152 161 163 186 190
7
50 58 94 136 168 170 174
15
3 8 25 57 92 97 112 140 149 153 155 164 172 189 194
5
11 82 113 145 194
9
5 42 58 76 97 98 128 177 183
4
7 57 62 108
14
14 15 36 39 48 55 59 65 80 105 114 115 141 189
12
13 17 25 36 61 93 104 118 121 131 160 183
15
11 13 16 55 70 89 90 105 127 144 145 156 160 171 200
9
22 24 40 44 54 80 119 126 138
10
25 61 64 97 101 121 124 156 160 192
