100 200
1.0 1.0 1.0 1.0 1.0 1.0 1.0 1.0 1.0 1.0 1.0 1.0 1.0 1.0 1.0 1.0 1.0 1.0 1.0 1.0 1.0 1.0 1.0 1.0 1.0 1.0 1.0 1.0 1.0 1.0 1.0 1.0 1.0 1.0 1.0 1.0 1.0 1.0 1.0 1.0 1.0 1.0 1.0 1.0 1.0 1.0 1.0 1.0 1.0 1.0 1.0 1.0 1.0 1.0 1.0 1.0 1.0 1.0 1.0 1.0 1.0 1.0 1.0 1.0 1.0 1.0 1.0 1.0 1.0 1.0 1.0 1.0 1.0 1.0 1.0 1.0 1.0 1.0 1.0 1.0 1.0 1.0 1.0 1.0 1.0 1.0 1.0 1.0 1.0 1.0 1.0 1.0 1.0 1.0 1.0 1.0 1.0 1.0 1.0 1.0 1.0 1.0 1.0 1.0 1.0 1.0 1.0 1.0 1.0 1.0 1.0 1.0 1.0 1.0 1.0 1.0 1.0 1.0 1.0 1.0 1.0 1.0 1.0 1.0 1.0 1.0 1.0 1.0 1.0 1.0 1.0 1.0 1.0 1.0 1.0 1.0 1.0 1.0 1.0 1.0 1.0 1.0 1.0 1.0 1.0 1.0 1.0 1.0 1.0 1.0 1.0 1.0 1.0 1.0 1.0 1.0 1.0 1.0 1.0 1.0 1.0 1.0 1.0 1.0 1.0 1.0 1.0 1.0 1.0 1.0 1.0 1.0 1.0 1.0 1.0 1.0 1.0 1.0 1.0 1.0 1.0 1.0 1.0 1.0 1.0 1.0 1.0 1.0 1.0 1.0 1.0 1.0 1.0 1.0 1.0 1.0 1.0 1.0 1.0 1.0
5
8 21 38 174 181
15
12 16 36 38 80 82 84 104 134 136 139 143 146 173 184
16
12 34 45 52 66 105 110 114 115 121 130 136 143 161 168 186
8
31 37 40 139 141 148 170 181
9
11 67 111 137 142 147 175 182 198
5
33 88 118 139 167
9
44 47 92 94 96 104 119 151 167
9
72 74 103 139 149 150 171 181 196
11
18 55 88 91 96 105 106 110 122 147 150
4
2 168 176 180
12
23 70 77 79 86 114 128 139 151 165 173 188
9
26 38 47 60 133 140 161 169 186
6
25 26 62 66 147 193
7
39 63 83 105 152 174 183
12
7 56 63 89 100 108 112 114 132 138 147 179
11
10 25 33 56 65 87 99 112 125 150 190
16
10 16 20 51 53 54 72 79 80 98 114 117 153 160 171 194
9
84 95 99 105 123 135 142 172 194
12
12 37 45 68 130 133 148 152 163 165 170 190
10
6 30 49 57 96 141 143 164 174 184
6
19 35 36 47 107 199
11
29 41 47 67 83 105 108 118 143 157 173
7
50 55 66 71 120 171 192
11
19 26 31 58 66 81 83 101 146 153 186
10
21 60 95 119 122 132 162 168 170 181
10
5 6 19 24 83 138 173 178 188 192
10
45 63 85 98 109 155 156 167 186 195
12
38 53 80 89 109 115 129 136 138 161 190 195
12
8 11 22 26 45 71 77 92 124 132 158 171
5
18 85 176 183 190
8
15 30 37 58 79 93 104 149
3
15 40 197
7
36 50 77 112 144 171 197
10
35 50 60 76 77 122 137 156 163 176
2
69 139
8
11 36 47 95 103 105 162 179
13
14 20 31 113 119 123 130 132 140 164 171 188 195
7
25 65 81 117 126 198 200
10
7 34 50 67 72 79 177 179 180 181
13
4 20 31 40 60 98 99 132 140 145 164 172 175
8
59 64 69 131 140 145 186 188
5
11 51 87 172 195
2
129 173
9
9 15 47 53 61 71 85 107 121
9
7 28 55 69 80 87 88 93 109
10
11 30 60 66 93 102 134 144 145 193
7
8 17 19 31 35 117 134
10
11 39 45 78 96 98 130 157 186 193
11
17 67 70 72 104 115 117 119 134 142 188
9
28 69 86 99 125 130 147 158 165
15
4 19 32 59 73 74 82 93 96 100 111 112 120 128 152
11
47 64 82 98 110 117 148 162 164 180 197
7
20 68 105 107 122 156 200
15
10 16 43 50 63 85 116 121 128 156 165 170 174 184 188
8
22 30 38 85 157 169 182 194
5
60 80 121 140 158
7
7 34 45 84 90 103 116
11
23 27 39 71 74 92 104 106 117 131 134
10
6 27 94 105 144 151 162 168 177 200
6
29 60 134 147 153 175
8
49 83 91 113 136 169 174 183
12
9 43 67 89 90 115 143 145 149 169 179 195
5
12 87 123 143 195
9
3 25 105 156 167 173 180 187 200
7
5 47 115 134 150 164 178
12
4 21 27 86 96 110 117 157 176 186 191 199
9
9 26 64 67 91 117 119 133 153
13
3 12 15 47 53 63 76 84 95 96 160 165 193
11
21 22 37 41 65 73 83 139 142 161 172
9
18 27 70 83 111 118 134 168 199
9
24 28 66 70 81 93 139 144 157
10
1 4 9 12 56 70 87 147 156 162
14
13 16 20 28 35 53 56 69 71 108 109 151 189 190
9
30 72 82 91 93 121 171 180 181
14
8 30 35 71 86 90 95 112 121 127 157 171 177 184
10
6 32 80 88 90 135 157 159 183 199
9
3 4 10 20 71 82 103 130 151
16
2 9 48 67 102 109 125 148 154 170 171 172 177 186 189 200
7
51 92 127 148 153 174 194
15
3 15 20 30 53 78 79 80 88 98 115 122 123 156 174
18
1 11 27 30 41 47 70 78 84 111 119 120 125 133 134 152 170 187
13
4 18 44 46 76 109 126 136 137 138 161 166 187
8
22 46 107 110 129 139 187 199
10
41 58 72 74 106 148 150 177 187 197
9
2 6 27 48 86 91 143 164 178
9
21 22 28 51 115 138 167 185 200
4
4 32 131 151
4
2 52 189 196
6
21 47 95 124 161 194
11
16 19 24 64 68 87 135 154 158 164 197
10
7 24 88 92 94 95 100 105 127 166
12
8 39 44 50 61 75 92 136 155 178 194 200
6
67 125 155 170 174 186
9
27 71 79 129 146 151 173 186 200
10
27 51 83 98 121 125 132 136 149 156
10
25 46 77 104 106 109 131 138 172 185
13
7 36 73 74 89 92 99 110 130 138 178 180 198
16
15 28 29 40 53 60 82 87 147 148 149 167 175 189 190 193
6
10 90 96 118 131 189
10
1 4 13 15 28 38 95 130 166 192
