150 300
1.0 1.0 1.0 1.0 1.0 1.0 1.0 1.0 1.0 1.0 1.0 1.0 1.0 1.0 1.0 1.0 1.0 1.0 1.0 1.0 1.0 1.0 1.0 1.0 1.0 1.0 1.0 1.0 1.0 1.0 1.0 1.0 1.0 1.0 1.0 1.0 1.0 1.0 1.0 1.0 1.0 1.0 1.0 1.0 1.0 1.0 1.0 1.0 1.0 1.0 1.0 1.0 1.0 1.0 1.0 1.0 1.0 1.0 1.0 1.0 1.0 1.0 1.0 1.0 1.0 1.0 1.0 1.0 1.0 1.0 1.0 1.0 1.0 1.0 1.0 1.0 1.0 1.0 1.0 1.0 1.0 1.0 1.0 1.0 1.0 1.0 1.0 1.0 1.0 1.0 1.0 1.0 1.0 1.0 1.0 1.0 1.0 1.0 1.0 1.0 1.0 1.0 1.0 1.0 1.0 1.0 1.0 1.0 1.0 1.0 1.0 1.0 1.0 1.0 1.0 1.0 1.0 1.0 1.0 1.0 1.0 1.0 1.0 1.0 1.0 1.0 1.0 1.0 1.0 1.0 1.0 1.0 1.0 1.0 1.0 1.0 1.0 1.0 1.0 1.0 1.0 1.0 1.0 1.0 1.0 1.0 1.0 1.0 1.0 1.0 1.0 1.0 1.0 1.0 1.0 1.0 1.0 1.0 1.0 1.0 1.0 1.0 1.0 1.0 1.0 1.0 1.0 1.0 1.0 1.0 1.0 1.0 1.0 1.0 1.0 1.0 1.0 1.0 1.0 1.0 1.0 1.0 1.0 1.0 1.0 1.0 1.0 1.0 1.0 1.0 1.0 1.0 1.0 1.0 1.0 1.0 1.0 1.0 1.0 1.0 1.0 1.0 1.0 1.0 1.0 1.0 1.0 1.0 1.0 1.0 1.0 1.0 1.0 1.0 1.0 1.0 1.0 1.0 1.0 1.0 1.0 1.0 1.0 1.0 1.0 1.0 1.0 1.0 1.0 1.0 1.0 1.0 1.0 1.0 1.0 1.0 1.0 1.0 1.0 1.0 1.0 1.0 1.0 1.0 1.0 1.0 1.0 1.0 1.0 1.0 1.0 1.0 1.0 1.0 1.0 1.0 1.0 1.0 1.0 1.0 1.0 1.0 1.0 1.0 1.0 1.0 1.0 1.0 1.0 1.0 1.0 1.0 1.0 1.0 1.0 1.0 1.0 1.0 1.0 1.0 1.0 1.0 1.0 1.0 1.0 1.0 1.0 1.0 1.0 1.0 1.0 1.0 1.0 1.0 1.0 1.0 1.0 1.0 1.0 1.0
19
21 35 36 42 55 67 76 109 116 131 160 193 220 221 236 251 274 284 299
15
13 15 91 103 140 160 176 191 202 208 222 255 278 293 294
19
10 26 43 93 111 123 135 168 169 174 188 196 198 223 232 238 247 278 293
16
17 83 102 106 109 112 119 141 174 196 205 209 229 275 276 286
20
14 21 25 42 88 91 95 123 134 150 159 194 212 214 234 242 279 282 286 300
19
5 23 38 64 67 74 87 117 121 130 139 153 216 251 256 267 275 276 285
17
2 14 28 31 46 47 48 62 70 72 129 136 159 181 243 246 257
20
3 23 37 65 76 77 82 87 113 121 126 150 185 198 203 205 232 246 276 296
17
30 34 37 38 40 90 105 107 119 122 125 129 170 171 177 208 297
13
9 29 33 55 68 93 107 154 164 194 254 262 291
10
115 120 128 136 162 171 245 249 273 287
18
6 10 21 76 79 80 123 152 156 158 188 191 257 282 287 294 297 298
12
46 61 70 75 118 132 141 175 221 237 244 256
14
24 31 98 112 113 204 214 216 225 238 265 272 281 283
14
45 85 101 113 118 163 230 232 238 242 257 287 294 297
17
8 24 42 51 74 86 91 157 165 190 217 241 281 282 284 288 294
16
20 43 69 73 97 99 100 145 195 205 208 211 215 240 247 251
10
16 18 55 58 81 148 177 239 250 296
17
10 49 53 58 64 94 132 139 159 167 179 192 207 223 247 263 291
18
12 40 114 118 120 127 173 185 187 190 224 238 250 275 280 285 286 291
18
9 19 40 55 80 82 141 145 149 154 172 175 218 258 280 283 293 300
11
15 48 73 91 144 178 189 198 227 265 275
12
25 28 81 94 126 144 161 181 185 199 209 214
18
5 50 51 60 64 68 78 126 161 171 186 230 233 242 259 267 272 288
14
9 62 79 80 100 122 166 179 184 205 227 266 292 294
13
109 131 149 151 158 160 175 191 207 212 246 287 289
19
1 22 28 55 65 90 93 125 126 148 152 159 183 198 205 220 243 265 266
16
27 44 54 88 96 97 123 127 134 156 203 215 234 243 257 274
6
44 92 147 224 238 246
17
67 81 88 97 115 116 126 144 182 194 197 200 213 225 231 242 259
10
27 59 63 69 139 147 227 263 266 287
15
32 54 68 100 101 154 159 162 164 168 171 177 180 268 274
9
40 52 59 112 161 206 214 243 257
13
5 16 67 72 98 111 126 134 136 176 239 254 264
17
2 9 14 29 35 49 74 84 102 129 159 160 185 209 213 234 265
10
55 70 89 155 176 190 240 256 288 294
17
3 15 17 23 43 46 49 62 111 135 183 210 211 251 258 277 289
17
6 16 19 86 99 136 143 152 160 168 182 186 207 212 267 268 270
8
11 20 101 191 194 240 269 298
18
26 39 60 67 77 83 87 89 110 124 155 186 204 209 266 268 281 296
17
2 11 23 34 48 56 91 103 107 117 153 167 170 190 231 232 291
12
26 57 82 147 150 165 189 194 211 226 238 260
9
6 44 48 54 67 73 138 161 205
19
21 28 48 56 63 65 74 86 109 110 132 141 143 155 190 239 255 288 292
16
4 33 54 79 80 121 127 137 203 208 212 251 256 257 265 289
19
29 52 76 114 151 153 163 187 197 204 207 225 234 237 240 256 262 264 288
22
13 16 26 39 55 70 71 90 91 103 128 169 205 206 212 230 236 251 253 263 269 298
19
2 6 32 36 87 96 115 128 147 159 166 167 171 183 187 227 232 241 296
18
8 30 44 58 72 79 80 84 126 133 159 176 186 194 199 259 264 288
11
32 80 84 96 113 145 148 152 232 280 295
17
4 32 55 85 87 118 142 158 188 212 216 219 222 253 266 280 284
17
15 54 61 105 121 140 150 162 191 195 216 219 223 228 231 251 277
14
4 15 39 40 64 82 113 125 213 226 251 257 265 285
11
1 17 47 112 194 213 227 236 253 267 276
13
2 19 22 38 96 102 107 179 182 195 206 254 294
18
1 48 51 57 110 115 136 145 160 161 168 192 219 244 261 269 278 285
12
85 109 124 190 199 209 219 230 242 256 266 282
20
14 30 57 63 75 77 143 157 164 183 192 197 230 236 237 267 268 277 286 297
19
71 73 74 92 97 103 121 131 140 170 172 173 215 217 230 231 232 259 284
12
18 35 49 58 64 72 100 109 139 147 169 203
19
1 4 23 43 93 128 147 149 150 162 192 195 196 206 208 216 272 279 284
15
10 16 39 47 52 107 117 132 156 221 236 252 255 274 281
15
17 57 61 70 82 88 106 118 170 190 248 251 252 267 276
15
9 37 43 97 104 107 116 134 139 157 230 233 255 284 290
20
6 32 45 47 76 77 107 111 116 121 122 135 168 176 189 201 210 266 277 297
13
4 65 144 159 169 174 193 197 231 276 278 281 290
11
5 37 42 95 109 146 170 181 196 258 279
14
13 25 57 75 81 84 111 117 160 162 166 231 247 255
25
4 5 9 10 48 59 67 71 72 79 83 103 110 146 151 154 159 175 192 196 202 216 234 251 254
15
3 41 52 76 85 98 122 130 131 163 199 254 257 264 273
11
45 64 72 103 115 150 192 245 270 271 288
18
9 18 21 56 59 81 96 97 98 112 152 163 164 201 208 210 260 274
11
115 129 134 136 149 151 178 181 191 251 282
16
9 19 33 46 70 76 101 156 159 185 230 241 273 278 280 283
12
25 39 40 53 70 81 126 128 133 197 211 268
11
15 36 75 80 91 114 143 165 183 236 240
16
15 28 43 59 69 91 136 162 169 194 201 232 235 258 287 288
16
16 23 65 71 80 83 88 100 119 134 198 201 258 285 294 296
11
9 16 44 85 122 125 157 166 213 229 299
15
2 68 79 94 95 97 98 156 175 215 216 244 260 264 293
16
7 45 47 55 92 118 119 126 171 178 184 209 234 236 260 285
10
68 94 98 145 151 159 183 200 259 296
22
7 11 14 44 66 68 81 89 94 100 108 130 135 142 189 200 203 243 246 249 251 288
14
39 49 62 73 75 107 123 135 158 164 190 196 231 289
22
36 55 79 80 86 91 107 122 123 155 171 173 176 179 192 203 231 233 237 267 270 288
15
14 16 21 25 52 88 173 184 191 208 212 231 239 268 274
12
57 67 80 95 108 136 234 238 240 245 260 297
16
21 26 69 81 122 123 125 128 132 155 159 197 206 221 251 281
15
4 23 53 62 66 69 88 96 116 118 138 147 205 222 283
15
5 9 16 22 57 95 101 118 215 233 240 242 250 257 258
14
11 39 52 68 108 111 126 141 150 185 198 214 233 252
17
3 44 45 57 62 91 127 160 170 192 222 238 250 265 268 279 290
10
14 25 80 93 124 138 151 216 240 275
10
27 31 46 55 69 95 143 151 193 270
14
4 8 89 98 106 136 181 194 203 233 246 265 275 287
9
57 60 111 150 173 197 212 243 258
15
2 6 30 52 86 103 105 117 151 179 197 212 266 283 285
24
10 29 37 46 53 54 58 83 111 131 134 137 151 173 184 205 216 232 233 243 264 275 276 292
14
9 126 170 173 176 179 212 220 237 252 264 284 290 296
11
9 20 29 33 83 114 130 155 157 233 252
13
14 69 95 98 121 165 187 192 195 231 249 252 264
8
29 82 106 118 130 230 264 281
20
28 36 74 80 103 106 133 137 141 191 195 206 211 240 249 254 260 279 281 296
17
2 27 39 42 47 66 76 95 96 106 116 138 153 218 260 269 284
23
8 15 28 49 66 89 96 109 127 129 140 144 151 174 185 202 204 247 257 261 266 275 277
15
2 46 50 54 70 122 134 157 167 200 202 220 274 281 297
23
14 21 23 26 46 47 50 58 73 121 124 126 127 136 144 164 195 215 245 249 271 275 288
10
67 145 151 187 191 209 215 226 250 280
16
9 54 56 57 92 95 110 134 157 172 178 183 187 205 271 291
12
34 37 114 128 135 142 166 172 180 181 190 202
19
21 25 61 91 119 132 139 143 146 166 192 210 216 223 226 229 261 280 289
17
54 73 95 107 127 133 160 163 185 199 213 219 244 246 265 279 280
7
22 23 93 108 109 124 225
19
9 75 96 108 113 140 144 149 176 178 179 185 188 191 245 246 257 271 297
22
4 5 26 44 46 71 74 78 90 93 109 148 159 160 162 163 166 173 185 288 290 292
13
14 21 22 40 49 59 156 172 199 201 204 212 232
17
4 18 33 60 95 125 157 163 164 168 192 210 224 241 262 277 288
15
5 9 25 60 64 82 94 165 225 238 251 254 258 265 281
7
10 61 65 67 86 119 154
11
4 89 136 161 164 174 204 206 215 264 296
16
1 25 26 82 147 148 150 161 169 185 225 228 235 248 289 290
14
51 80 101 106 109 111 174 181 194 195 226 245 246 253
11
10 46 65 100 124 129 182 247 258 267 285
11
38 79 106 111 155 156 198 199 212 226 282
12
16 41 115 139 171 205 225 241 252 260 274 283
18
10 23 36 41 103 124 136 139 156 196 230 243 250 259 261 264 278 291
9
31 55 102 127 206 219 226 258 290
10
1 12 30 47 71 99 103 110 155 245
20
2 10 20 26 43 71 78 87 111 116 120 126 141 161 163 173 236 240 260 278
13
18 28 94 129 140 148 158 161 223 232 254 283 292
20
18 27 58 66 71 72 76 88 102 130 151 154 167 171 179 189 213 219 276 280
15
6 28 36 40 53 59 64 88 92 161 229 230 232 256 260
14
49 67 69 79 81 100 116 119 161 172 241 257 263 267
12
22 28 51 56 77 79 154 189 220 238 241 268
17
6 22 30 48 75 88 91 99 110 121 133 134 141 161 186 241 278
13
2 9 37 42 54 117 148 207 222 245 253 285 296
15
2 27 40 61 91 122 127 138 174 178 181 259 283 294 299
6
33 76 139 216 218 245
11
6 19 49 106 115 166 210 228 260 263 278
18
32 33 43 47 48 69 78 87 88 128 152 205 214 215 223 243 267 281
10
21 29 55 124 133 134 206 264 267 290
12
22 65 83 129 147 170 176 186 216 250 286 299
15
52 56 69 85 109 129 170 181 232 240 245 270 273 298 300
17
31 37 42 47 49 71 87 90 130 150 153 174 186 187 202 228 292
13
13 15 32 50 96 188 212 233 234 249 254 279 286
16
32 35 72 96 99 132 135 160 188 189 199 208 235 249 276 291
11
14 50 88 167 171 198 206 233 239 263 281
17
33 38 44 50 86 89 104 108 144 146 152 164 191 229 235 255 291
13
48 87 94 112 114 149 197 199 201 209 227 249 250
14
19 54 61 88 92 97 195 206 226 228 249 258 271 284
