50 100
1.0 1.0 1.0 1.0 1.0 1.0 1.0 1.0 1.0 1.0 1.0 1.0 1.0 1.0 1.0 1.0 1.0 1.0 1.0 1.0 1.0 1.0 1.0 1.0 1.0 1.0 1.0 1.0 1.0 1.0 1.0 1.0 1.0 1.0 1.0 1.0 1.0 1.0 1.0 1.0 1.0 1.0 1.0 1.0 1.0 1.0 1.0 1.0 1.0 1.0 1.0 1.0 1.0 1.0 1.0 1.0 1.0 1.0 1.0 1.0 1.0 1.0 1.0 1.0 1.0 1.0 1.0 1.0 1.0 1.0 1.0 1.0 1.0 1.0 1.0 1.0 1.0 1.0 1.0 1.0 1.0 1.0 1.0 1.0 1.0 1.0 1.0 1.0 1.0 1.0 1.0 1.0 1.0 1.0 1.0 1.0 1.0 1.0 1.0 1.0
21
6 12 22 23 26 29 33 35 37 47 48 54 64 66 68 70 77 78 89 92 96
18
4 6 11 12 21 32 37 52 55 64 68 71 76 79 85 91 93 97
16
3 5 11 20 22 28 30 40 48 53 57 58 59 70 84 90
15
2 4 5 11 21 22 49 64 67 70 71 78 82 94 95
22
1 4 10 14 16 20 24 27 29 38 40 42 48 49 55 59 65 67 73 76 81 89
26
10 13 17 18 19 20 23 24 26 30 32 39 40 47 48 52 53 56 58 66 69 71 72 74 77 91
17
1 4 7 20 32 37 43 44 51 54 55 59 74 85 92 95 99
17
7 9 10 11 15 19 28 37 39 42 47 51 64 84 87 90 99
28
4 5 10 11 15 24 25 27 35 36 38 40 44 46 47 48 51 59 64 65 69 73 74 78 80 86 91 96
27
1 2 8 13 16 17 24 30 35 41 42 43 44 47 51 55 61 62 71 72 78 79 81 90 95 99 100
26
7 12 17 24 27 31 34 39 40 42 47 48 53 58 60 68 71 73 77 78 79 81 83 85 90 99
20
5 12 13 15 18 25 29 31 36 55 68 71 73 74 78 80 86 89 95 96
16
9 16 22 25 31 45 49 52 56 58 60 69 72 78 80 89
20
2 7 16 21 31 32 35 36 38 42 44 45 48 51 58 59 65 66 79 98
23
7 10 23 24 26 28 29 33 37 46 49 50 52 58 67 71 72 73 84 87 89 93 99
21
2 3 6 11 14 42 43 48 49 52 58 61 69 70 74 78 79 81 90 98 99
27
3 6 7 15 19 23 24 29 37 38 41 42 43 45 54 56 61 62 64 66 67 71 76 83 90 95 97
18
3 14 23 26 31 33 34 40 44 47 48 58 64 81 88 95 96 99
19
2 9 40 43 49 53 54 64 67 68 73 82 84 85 88 94 95 99 100
20
13 14 17 24 25 26 27 31 32 35 42 53 54 55 59 60 65 75 85 94
14
8 11 16 22 23 27 36 42 44 52 73 76 86 91
19
3 13 27 29 37 43 44 51 52 54 55 65 66 68 73 75 91 96 99
20
2 7 11 13 20 22 24 30 37 38 39 41 46 62 71 76 80 82 85 86
24
9 13 19 27 33 35 37 38 39 45 51 54 56 58 66 68 69 70 79 88 95 97 98 99
18
8 9 22 26 29 32 48 53 56 60 61 69 72 75 85 92 95 99
19
1 5 7 10 12 23 27 36 52 56 63 66 71 83 86 87 88 89 100
13
2 9 10 13 35 38 41 45 47 67 69 79 86
20
1 2 18 19 22 24 36 46 47 56 61 71 72 79 81 83 85 86 90 99
18
7 16 18 28 29 44 49 53 54 60 63 66 69 77 78 82 89 90
24
2 11 13 15 17 22 24 29 45 51 52 57 60 64 72 76 80 81 82 88 92 94 97 98
16
2 5 10 15 26 44 45 46 52 73 76 77 82 93 95 97
23
4 6 8 10 13 23 34 45 48 54 56 59 64 65 66 67 70 82 85 93 94 95 96
22
1 13 18 27 28 30 32 34 35 44 52 61 62 63 65 67 70 73 76 81 82 98
18
2 5 6 11 13 15 19 21 26 31 39 46 66 72 74 84 87 92
18
4 12 18 30 35 41 42 44 45 47 60 61 62 65 73 74 80 99
23
3 4 10 18 22 23 24 26 32 33 41 69 71 73 75 76 78 80 81 84 86 90 96
16
1 7 8 20 24 26 30 32 41 52 62 65 69 71 91 94
15
8 10 13 27 32 33 41 56 57 64 79 94 95 97 99
22
1 2 13 16 17 19 26 31 33 43 60 61 63 65 70 75 80 86 91 97 99 100
20
3 10 12 18 24 26 38 41 43 49 52 59 68 70 72 84 89 94 98 99
21
6 8 10 11 13 15 19 24 34 36 38 41 51 55 57 59 70 75 76 90 99
17
7 8 29 30 31 33 50 58 62 67 69 77 80 85 89 93 100
17
2 6 7 15 22 25 32 36 40 44 45 50 58 59 64 96 100
18
8 11 26 28 32 43 46 47 53 56 65 66 68 74 84 92 99 100
27
2 3 8 9 12 13 18 20 22 28 30 32 36 38 42 44 47 53 55 59 66 67 69 73 74 78 93
20
2 7 9 11 12 14 21 23 30 31 33 39 56 59 67 68 86 88 91 98
22
2 13 17 19 20 37 43 44 45 55 56 61 65 66 72 76 77 78 80 91 99 100
21
3 6 14 17 22 28 30 42 47 52 60 61 64 66 74 77 78 79 83 91 99
22
5 17 18 19 22 26 30 36 43 47 49 55 60 63 65 66 74 77 84 86 89 93
19
8 15 27 29 34 36 48 51 56 66 67 71 72 74 75 81 84 91 99
