150 300
1.0 1.0 1.0 1.0 1.0 1.0 1.0 1.0 1.0 1.0 1.0 1.0 1.0 1.0 1.0 1.0 1.0 1.0 1.0 1.0 1.0 1.0 1.0 1.0 1.0 1.0 1.0 1.0 1.0 1.0 1.0 1.0 1.0 1.0 1.0 1.0 1.0 1.0 1.0 1.0 1.0 1.0 1.0 1.0 1.0 1.0 1.0 1.0 1.0 1.0 1.0 1.0 1.0 1.0 1.0 1.0 1.0 1.0 1.0 1.0 1.0 1.0 1.0 1.0 1.0 1.0 1.0 1.0 1.0 1.0 1.0 1.0 1.0 1.0 1.0 1.0 1.0 1.0 1.0 1.0 1.0 1.0 1.0 1.0 1.0 1.0 1.0 1.0 1.0 1.0 1.0 1.0 1.0 1.0 1.0 1.0 1.0 1.0 1.0 1.0 1.0 1.0 1.0 1.0 1.0 1.0 1.0 1.0 1.0 1.0 1.0 1.0 1.0 1.0 1.0 1.0 1.0 1.0 1.0 1.0 1.0 1.0 1.0 1.0 1.0 1.0 1.0 1.0 1.0 1.0 1.0 1.0 1.0 1.0 1.0 1.0 1.0 1.0 1.0 1.0 1.0 1.0 1.0 1.0 1.0 1.0 1.0 1.0 1.0 1.0 1.0 1.0 1.0 1.0 1.0 1.0 1.0 1.0 1.0 1.0 1.0 1.0 1.0 1.0 1.0 1.0 1.0 1.0 1.0 1.0 1.0 1.0 1.0 1.0 1.0 1.0 1.0 1.0 1.0 1.0 1.0 1.0 1.0 1.0 1.0 1.0 1.0 1.0 1.0 1.0 1.0 1.0 1.0 1.0 1.0 1.0 1.0 1.0 1.0 1.0 1.0 1.0 1.0 1.0 1.0 1.0 1.0 1.0 1.0 1.0 1.0 1.0 1.0 1.0 1.0 1.0 1.0 1.0 1.0 1.0 1.0 1.0 1.0 1.0 1.0 1.0 1.0 1.0 1.0 1.0 1.0 1.0 1.0 1.0 1.0 1.0 1.0 1.0 1.0 1.0 1.0 1.0 1.0 1.0 1.0 1.0 1.0 1.0 1.0 1.0 1.0 1.0 1.0 1.0 1.0 1.0 1.0 1.0 1.0 1.0 1.0 1.0 1.0 1.0 1.0 1.0 1.0 1.0 1.0 1.0 1.0 1.0 1.0 1.0 1.0 1.0 1.0 1.0 1.0 1.0 1.0 1.0 1.0 1.0 1.0 1.0 1.0 1.0 1.0 1.0 1.0 1.0 1.0 1.0 1.0 1.0 1.0 1.0 1.0 1.0
14
20 36 50 75 93 131 143 156 172 207 220 234 261 271
22
7 11 64 74 109 110 117 121 123 125 143 149 160 162 168 196 216 220 232 266 282 294
18
14 62 75 77 104 105 112 132 167 185 234 240 242 266 282 283 289 293
19
9 10 48 69 97 148 168 188 193 232 239 240 241 251 254 266 269 291 293
10
84 126 132 173 194 214 244 253 265 289
12
29 39 42 94 106 111 120 141 156 166 193 203
15
31 47 55 70 73 130 148 159 165 190 193 208 221 242 250
18
2 28 62 69 75 88 96 103 111 147 189 191 201 242 247 251 267 289
11
2 6 28 61 64 88 98 151 165 256 260
13
24 39 43 46 62 152 154 156 171 178 188 238 278
13
99 120 140 144 146 157 158 176 222 229 237 255 293
12
15 77 84 104 127 145 146 157 166 180 219 264
11
29 34 50 71 83 124 160 259 260 269 280
13
16 19 25 71 79 98 155 156 190 202 240 267 288
12
38 61 101 127 129 136 177 216 249 280 287 298
19
1 49 57 66 85 96 114 145 159 187 189 205 258 273 278 282 283 287 298
14
20 37 57 88 90 93 102 104 155 171 225 227 276 280
15
121 122 155 156 161 195 197 217 239 243 254 268 274 276 293
20
28 37 45 73 119 123 125 126 133 144 153 167 191 237 254 258 267 272 273 289
14
1 10 78 90 110 115 123 149 185 187 231 234 237 299
18
9 10 12 13 77 98 126 136 183 195 198 235 246 247 265 279 283 294
11
102 106 113 114 127 128 146 163 172 181 292
14
6 14 56 57 70 96 139 147 159 216 222 238 296 298
20
4 51 68 80 93 96 123 130 147 152 158 173 187 208 214 218 241 250 258 292
10
20 40 52 74 138 139 229 260 265 278
6
77 91 110 124 235 245
19
6 13 15 20 23 34 52 62 65 71 76 112 131 164 197 198 216 222 272
13
2 24 29 54 105 115 133 193 213 217 239 249 299
14
11 18 19 21 79 84 114 120 156 212 258 259 271 281
18
1 7 8 28 38 48 49 64 144 177 189 190 197 231 265 278 280 284
14
45 50 56 103 129 137 142 159 178 216 230 232 267 280
16
21 39 98 114 132 147 166 186 187 212 235 238 242 249 272 291
22
6 11 17 19 27 65 79 85 122 140 141 167 170 175 185 194 195 232 242 251 268 298
12
20 38 50 55 107 110 158 162 194 198 212 233
24
6 10 11 42 51 66 87 103 105 111 119 150 165 170 180 190 199 206 224 229 254 285 298 300
16
4 5 8 18 25 92 93 127 155 165 177 187 200 221 247 278
13
42 68 87 136 162 164 169 171 205 224 252 261 274
15
1 34 44 55 115 116 181 183 191 197 201 203 233 258 262
10
13 84 124 184 210 216 241 280 288 291
19
9 33 64 79 81 103 104 106 112 168 185 191 219 240 246 247 248 274 300
16
15 38 67 82 89 97 118 144 162 167 171 185 221 222 237 284
19
11 19 29 31 44 58 135 169 177 207 224 237 247 252 263 272 279 289 295
14
13 49 50 53 79 131 136 160 166 170 240 256 267 281
20
1 5 50 54 56 62 65 90 101 121 135 159 192 206 220 227 230 238 256 300
9
7 15 188 197 201 221 247 258 276
18
7 65 82 120 129 179 182 192 199 201 209 210 218 232 247 251 264 300
16
8 16 21 22 25 41 54 59 71 110 159 182 204 258 283 297
21
22 33 43 74 99 103 114 116 117 121 125 128 136 146 171 206 222 228 282 295 297
11
4 39 42 69 88 128 193 213 218 235 262
9
29 77 99 115 174 179 248 249 290
18
27 70 85 90 96 109 131 171 174 180 184 191 193 211 243 270 284 292
14
35 51 55 76 135 191 207 224 251 262 268 273 284 291
10
32 55 66 73 110 118 121 133 226 227
16
25 40 44 46 53 65 77 99 104 125 131 211 220 254 280 288
10
3 25 100 103 104 206 240 263 273 274
17
12 20 28 45 127 134 137 155 164 174 195 230 255 256 274 276 278
12
9 29 87 99 131 145 167 182 188 209 260 290
21
45 54 60 64 78 81 85 113 117 119 122 123 138 159 170 187 193 226 249 267 276
7
5 112 151 273 274 281 285
11
4 22 80 90 127 135 141 150 179 181 258
21
4 8 18 53 58 64 87 93 107 108 129 175 181 187 213 214 245 272 283 293 295
18
24 61 70 72 95 96 97 106 130 140 149 161 178 182 188 198 230 293
16
5 13 45 47 66 77 78 82 105 115 149 171 191 208 224 279
11
2 65 77 89 95 103 120 140 170 240 271
13
34 41 66 72 73 102 106 108 179 197 202 284 291
13
4 19 42 88 130 137 138 175 176 190 217 253 268
12
7 67 104 110 149 190 204 212 243 253 280 289
10
54 55 68 80 153 187 224 241 276 287
12
21 47 52 85 106 114 123 194 222 246 249 290
14
32 35 60 139 174 175 203 214 227 233 263 265 282 288
14
38 44 49 111 118 124 171 182 184 220 224 250 271 294
15
11 34 101 110 111 117 125 140 172 203 208 219 223 277 300
14
3 14 18 29 35 72 74 114 251 256 263 265 276 289
12
37 119 134 167 177 205 232 238 249 260 268 289
16
13 34 52 66 85 114 146 150 158 165 196 214 220 271 273 293
12
12 14 121 125 140 149 167 215 234 239 277 290
8
119 123 192 194 214 219 232 241
14
28 82 94 132 143 152 155 159 185 220 234 282 290 296
14
8 9 20 26 56 60 146 168 169 179 194 224 245 285
15
6 8 50 58 81 89 123 129 139 148 175 190 194 201 250
14
1 48 52 63 97 131 145 152 170 198 218 254 263 276
10
1 38 75 157 160 213 215 222 232 292
17
18 29 33 39 66 71 89 134 171 175 179 211 221 227 245 285 293
10
79 104 111 112 121 158 172 190 206 251
16
9 33 35 41 56 84 95 107 147 196 213 232 239 259 275 299
21
14 32 44 45 58 104 115 118 148 155 156 170 173 175 178 207 247 263 271 274 275
18
3 16 31 54 58 128 152 153 175 185 200 201 211 216 266 285 288 297
16
26 36 48 60 81 98 101 112 124 139 231 249 259 260 265 292
15
6 27 33 38 91 96 126 135 145 178 183 211 212 217 252
17
17 32 43 45 50 76 82 95 115 122 128 183 194 216 223 263 299
15
23 48 54 55 80 125 146 149 161 176 200 203 204 234 286
14
15 49 61 65 70 89 96 113 121 127 135 189 238 271
18
3 21 25 40 57 98 106 128 145 167 170 189 193 237 259 276 278 296
15
15 49 80 81 94 104 116 151 166 191 205 227 267 295 298
6
29 140 172 183 255 279
15
14 20 21 56 96 101 122 167 176 188 190 232 279 283 293
7
136 140 193 231 234 257 277
12
20 86 97 125 134 145 159 164 169 223 279 299
13
33 45 54 99 165 183 196 232 279 281 286 288 293
21
16 24 28 30 56 57 60 63 92 171 190 215 218 222 237 241 242 263 277 287 297
16
30 59 61 81 91 104 117 135 144 161 181 189 242 251 264 295
12
17 24 96 109 126 172 178 183 185 260 273 298
13
16 17 57 76 145 167 196 205 206 229 276 278 286
12
20 49 60 95 135 156 175 185 208 215 284 288
14
15 20 59 80 119 126 174 193 199 223 274 280 288 298
12
36 116 134 142 156 161 193 204 210 212 221 227
16
10 53 61 67 76 130 131 156 169 170 200 217 232 274 280 298
13
29 73 76 103 121 127 159 161 233 247 273 296 297
23
34 36 54 67 68 81 92 97 103 134 153 160 174 179 214 221 225 228 237 243 250 293 295
10
57 76 91 143 164 201 262 272 285 288
11
24 53 74 87 102 140 164 168 184 261 293
16
1 10 47 74 142 145 171 174 211 214 232 238 240 247 248 253
18
24 33 34 47 49 95 111 126 141 155 156 177 185 198 212 243 272 290
17
6 9 34 35 67 91 100 102 105 123 131 157 162 182 204 213 240
13
6 23 30 96 128 133 138 165 195 202 203 243 266
20
10 22 35 40 42 75 90 111 117 125 127 129 134 144 156 209 214 219 266 280
13
12 37 66 106 127 128 153 156 175 215 239 250 296
11
80 83 110 128 142 208 248 260 263 279 290
14
3 10 28 29 32 38 59 82 137 157 201 204 219 244
10
21 53 67 88 151 158 198 260 267 286
14
20 44 52 61 67 77 84 104 169 208 225 227 244 300
17
14 17 55 58 96 97 98 99 114 173 190 192 196 205 219 233 238
19
12 16 22 24 33 47 49 70 71 158 162 169 175 187 230 234 273 297 298
15
32 40 50 78 93 102 153 155 162 179 204 209 219 256 263
11
54 62 90 147 190 200 203 219 254 265 281
13
15 24 34 46 103 105 142 144 226 235 281 289 297
13
45 57 102 127 140 176 185 219 221 230 234 246 285
7
1 114 117 122 186 277 294
14
1 17 60 145 196 199 206 221 235 238 287 288 294 298
15
20 22 85 92 106 114 131 132 150 154 167 170 184 249 290
15
33 51 52 58 84 98 134 156 178 191 202 239 278 299 300
12
7 25 44 48 83 84 119 133 192 224 287 290
20
2 11 23 28 39 46 71 74 93 104 144 154 169 191 224 227 230 250 285 298
14
48 52 91 100 135 144 149 157 206 240 268 272 282 285
12
22 49 82 119 135 142 162 168 175 200 241 247
16
22 24 51 54 67 85 126 135 139 167 212 234 261 267 269 300
17
12 24 36 62 97 100 108 115 146 162 207 238 239 270 272 282 285
13
17 22 28 64 90 110 113 157 160 186 208 235 250
11
1 28 42 54 56 114 146 157 207 217 294
22
5 39 53 54 67 68 83 89 102 135 136 168 185 222 223 225 232 262 282 294 295 297
15
3 17 24 79 84 86 114 116 122 137 166 169 197 201 225
17
28 67 68 94 131 145 147 166 172 185 195 208 225 237 259 261 270
15
39 72 98 99 102 131 185 190 191 206 222 228 245 283 294
14
41 62 65 104 118 120 123 162 192 217 223 257 258 262
14
32 39 44 82 89 103 109 115 142 158 170 188 235 280
22
28 37 62 75 89 116 130 153 163 165 171 181 183 188 191 206 210 232 236 238 294 300
20
1 3 6 36 75 85 101 162 197 210 217 219 223 231 242 243 250 254 272 276
12
15 16 49 65 70 77 125 180 209 253 264 290
9
33 52 111 113 192 204 275 290 292
18
29 56 64 65 71 81 100 126 139 143 153 212 231 265 281 285 295 300
