100 200
1.0 1.0 1.0 1.0 1.0 1.0 1.0 1.0 1.0 1.0 1.0 1.0 1.0 1.0 1.0 1.0 1.0 1.0 1.0 1.0 1.0 1.0 1.0 1.0 1.0 1.0 1.0 1.0 1.0 1.0 1.0 1.0 1.0 1.0 1.0 1.0 1.0 1.0 1.0 1.0 1.0 1.0 1.0 1.0 1.0 1.0 1.0 1.0 1.0 1.0 1.0 1.0 1.0 1.0 1.0 1.0 1.0 1.0 1.0 1.0 1.0 1.0 1.0 1.0 1.0 1.0 1.0 1.0 1.0 1.0 1.0 1.0 1.0 1.0 1.0 1.0 1.0 1.0 1.0 1.0 1.0 1.0 1.0 1.0 1.0 1.0 1.0 1.0 1.0 1.0 1.0 1.0 1.0 1.0 1.0 1.0 1.0 1.0 1.0 1.0 1.0 1.0 1.0 1.0 1.0 1.0 1.0 1.0 1.0 1.0 1.0 1.0 1.0 1.0 1.0 1.0 1.0 1.0 1.0 1.0 1.0 1.0 1.0 1.0 1.0 1.0 1.0 1.0 1.0 1.0 1.0 1.0 1.0 1.0 1.0 1.0 1.0 1.0 1.0 1.0 1.0 1.0 1.0 1.0 1.0 1.0 1.0 1.0 1.0 1.0 1.0 1.0 1.0 1.0 1.0 1.0 1.0 1.0 1.0 1.0 1.0 1.0 1.0 1.0 1.0 1.0 1.0 1.0 1.0 1.0 1.0 1.0 1.0 1.0 1.0 1.0 1.0 1.0 1.0 1.0 1.0 1.0 1.0 1.0 1.0 1.0 1.0 1.0 1.0 1.0 1.0 1.0 1.0 1.0 1.0 1.0 1.0 1.0 1.0 1.0
46
1 7 9 10 17 23 24 39 41 42 47 48 52 53 54 57 63 64 72 78 83 86 92 93 100 102 109 113 114 120 123 126 132 146 148 150 153 155 156 170 179 185 186 189 191 199
29
12 21 26 33 53 54 57 69 70 75 81 88 93 101 102 112 116 119 122 136 151 152 154 155 164 188 194 197 199
40
2 4 5 27 28 38 47 49 52 59 62 63 64 67 79 83 87 88 90 94 98 104 107 109 112 121 123 125 129 138 143 147 149 158 164 171 180 190 194 195
28
5 20 29 56 61 74 77 82 85 99 105 120 138 141 144 148 154 158 161 164 173 175 177 192 193 198 199 200
37
7 8 30 31 32 40 42 52 56 65 70 74 76 92 93 96 97 99 106 111 116 127 129 130 133 146 149 150 157 158 165 169 170 174 178 183 189
37
1 3 35 37 38 47 50 52 55 56 67 68 73 74 82 86 91 93 100 101 102 106 119 121 130 137 145 162 165 167 168 173 188 190 192 199 200
32
4 22 29 35 36 38 49 50 54 85 97 101 117 123 128 129 132 146 147 150 155 156 163 164 166 168 172 180 182 183 192 194
35
1 2 10 12 18 23 24 26 35 50 51 53 57 58 66 68 84 92 94 96 97 103 112 124 133 137 138 141 148 154 165 171 173 188 189
36
4 8 18 20 23 24 31 32 39 46 54 72 83 88 93 97 99 105 109 112 120 121 124 131 136 137 139 141 167 168 171 175 177 181 189 199
38
10 21 22 28 33 35 43 50 53 55 56 57 58 77 84 85 86 91 93 94 98 104 107 108 124 126 139 149 160 170 178 180 183 185 188 194 199 200
29
13 18 24 26 41 44 45 48 67 81 82 85 89 90 92 96 97 98 100 106 108 114 116 127 130 149 150 169 186
35
3 4 8 12 16 25 29 38 49 50 68 81 87 90 91 92 97 102 118 121 128 136 138 140 141 143 151 159 172 176 177 181 189 196 197
41
1 3 14 18 21 25 28 29 34 36 37 49 55 62 65 67 68 73 93 106 107 108 109 113 124 126 130 141 143 147 150 153 154 159 166 167 170 186 191 192 194
36
10 18 29 32 37 44 45 48 49 58 63 65 73 86 93 95 106 108 110 125 126 135 138 142 143 146 152 161 162 163 168 171 181 189 197 200
46
2 4 7 13 18 20 24 26 27 30 33 43 46 47 50 56 59 61 62 65 66 73 75 89 92 96 101 104 107 113 116 118 134 144 146 148 151 153 159 163 167 169 183 185 194 196
32
17 19 20 33 43 52 53 55 58 63 74 75 76 86 92 104 110 113 127 133 135 137 142 146 152 162 167 174 184 185 193 197
41
13 23 28 30 34 36 40 41 42 46 47 48 57 69 71 82 87 96 101 102 104 107 109 113 114 116 117 121 123 132 137 138 149 161 167 168 174 185 188 195 198
40
1 6 7 9 11 13 18 22 24 42 48 58 72 74 87 96 99 100 105 107 109 110 117 126 127 129 130 139 141 144 145 149 151 163 174 179 182 184 193 198
41
3 7 13 16 17 18 21 22 25 26 28 31 48 52 68 73 76 81 93 94 97 101 103 105 107 108 111 125 137 146 155 159 160 162 165 175 181 189 192 194 200
41
6 18 22 25 33 37 40 51 52 59 62 63 66 68 78 87 92 96 97 105 106 107 118 119 126 138 145 146 147 148 155 157 165 168 174 176 191 193 194 195 197
40
7 19 21 22 24 26 27 28 34 36 37 45 47 48 51 52 55 59 63 70 78 82 86 89 104 119 121 128 132 134 138 146 153 158 172 174 181 189 193 200
47
3 4 9 11 16 21 26 29 34 47 48 51 58 61 66 69 78 79 85 94 95 96 97 111 113 119 122 128 133 135 137 142 144 145 153 156 158 166 167 170 174 175 177 186 194 198 199
37
6 22 32 34 40 42 44 45 47 48 61 63 67 70 72 73 78 79 80 82 86 89 95 104 108 110 111 115 116 129 149 158 164 175 180 193 197
39
1 2 4 12 13 18 24 25 30 40 41 53 71 73 75 84 85 90 93 98 106 107 110 121 124 125 131 138 147 148 154 158 168 174 176 177 184 190 198
46
8 12 15 21 22 23 39 40 52 53 56 57 61 62 68 70 73 76 81 82 84 85 94 110 116 119 122 126 130 132 135 138 142 156 157 159 160 163 177 181 184 191 192 195 196 198
46
2 11 21 22 24 39 49 50 54 61 72 73 74 78 84 91 100 101 103 106 114 115 116 121 124 127 132 134 139 144 145 147 148 152 154 155 157 166 168 174 179 181 182 184 190 199
42
13 15 27 37 40 42 60 68 70 73 74 75 81 83 90 93 100 102 103 106 107 110 116 124 126 136 154 155 156 157 158 161 166 167 173 179 181 186 187 190 192 199
34
6 7 10 12 17 26 27 29 39 43 48 49 56 60 67 70 78 84 86 92 113 119 126 133 136 138 145 152 160 163 175 183 190 194
46
6 8 9 13 26 31 38 43 46 49 51 53 63 64 67 68 69 76 83 92 94 95 98 99 102 104 109 112 119 120 123 138 140 141 143 148 153 154 166 168 172 175 177 186 192 199
42
4 6 8 27 33 39 47 48 49 51 57 58 63 67 71 77 81 84 89 92 106 107 111 114 116 117 123 124 133 136 138 141 150 154 156 160 167 170 171 181 183 195
47
9 11 26 33 37 38 42 48 53 60 63 67 73 75 78 81 84 91 92 95 98 101 103 105 111 113 116 122 130 138 141 152 159 161 163 164 165 167 169 174 176 178 180 193 194 196 199
32
1 20 21 23 34 43 46 47 54 65 71 84 85 89 95 97 104 114 118 140 141 144 147 150 152 156 160 163 165 182 187 193
34
1 11 12 25 30 32 39 50 59 72 87 91 94 101 103 105 107 108 111 123 124 129 132 140 143 144 154 162 169 172 176 177 182 198
34
1 3 5 27 31 46 49 62 68 75 76 88 89 97 103 105 113 114 121 125 136 137 138 144 158 162 167 168 184 186 191 194 195 199
51
5 11 15 16 20 21 26 27 29 35 39 40 42 44 47 49 50 51 54 55 59 62 65 66 69 73 80 88 98 100 103 112 117 132 141 147 149 155 160 165 167 174 175 179 182 183 187 189 190 194 198
47
10 22 24 25 30 31 39 40 45 50 51 52 54 55 59 61 68 74 90 93 94 98 101 105 111 112 117 121 123 125 128 134 138 147 148 151 152 153 165 170 179 180 185 188 193 194 195
41
2 3 8 20 22 24 28 31 38 39 46 47 51 54 62 66 70 77 78 87 104 107 113 122 125 126 135 136 144 147 150 158 166 168 171 172 175 179 181 185 186
37
3 20 21 23 25 35 48 52 53 54 67 75 77 81 87 88 93 100 102 112 116 117 118 127 141 144 151 154 162 165 178 181 186 190 194 196 200
31
3 8 12 42 44 53 65 72 74 75 77 83 88 89 91 93 108 134 145 161 163 169 171 173 174 179 182 183 185 195 199
43
3 9 11 25 39 44 51 58 59 61 66 69 70 75 76 77 88 91 92 94 97 98 102 105 108 109 114 123 124 126 131 136 139 160 163 167 168 173 175 176 179 192 196
41
2 7 12 18 23 33 36 44 47 48 50 52 54 59 66 73 74 92 100 106 112 117 122 125 127 128 133 134 137 141 142 147 150 153 157 163 165 169 172 181 189
40
10 14 16 17 21 23 26 27 45 50 51 56 63 67 69 70 75 78 79 88 94 97 98 100 102 105 122 127 145 148 153 167 170 175 184 189 190 195 198 200
32
2 4 5 7 12 14 43 60 63 69 70 73 81 84 86 102 110 113 115 118 123 126 137 153 157 158 167 171 180 183 189 191
45
4 8 10 11 18 19 23 25 27 33 40 41 47 52 54 56 57 58 67 70 71 73 95 98 102 105 107 122 131 132 138 143 147 148 149 151 157 159 163 170 171 173 183 188 196
37
8 9 19 32 34 39 41 57 60 62 67 68 70 76 80 85 91 106 110 113 116 118 120 123 135 138 146 153 154 157 166 173 175 182 183 184 197
30
8 11 14 16 18 32 39 49 56 60 74 97 107 109 110 117 120 123 141 142 150 167 169 173 174 183 185 186 192 197
48
3 5 8 10 11 14 17 24 28 38 45 47 48 49 50 53 54 56 58 63 68 84 86 88 91 93 105 108 109 112 121 129 132 144 146 148 149 150 151 152 155 156 158 167 174 188 189 196
36
2 7 10 11 40 44 47 59 61 62 72 73 74 76 80 81 91 95 97 99 100 108 118 128 129 131 134 147 154 156 162 170 172 174 180 194
49
4 9 10 23 31 32 34 35 39 46 55 60 63 65 68 73 76 91 93 94 103 106 111 117 123 124 125 126 130 133 136 146 147 151 158 160 164 165 166 170 175 180 181 182 183 187 192 197 200
43
3 6 7 12 21 28 30 43 45 50 55 59 60 61 63 69 71 74 75 78 81 85 86 88 92 103 107 114 118 122 126 127 129 131 133 141 142 146 163 190 195 198 199
40
5 7 15 17 28 31 33 35 40 41 47 50 60 66 70 77 81 83 88 90 99 104 108 110 126 131 135 137 138 140 147 148 149 156 160 161 171 180 185 188
39
1 2 3 21 29 47 49 55 58 61 62 64 66 69 73 86 89 92 96 100 103 104 113 115 132 136 138 154 156 159 162 163 164 168 179 184 186 190 194
34
15 18 31 33 44 52 56 57 60 64 65 66 67 88 91 92 95 98 119 128 134 144 153 154 155 157 158 160 161 165 171 190 195 196
36
2 4 7 8 11 20 27 43 50 66 70 77 83 86 90 94 103 122 126 129 133 134 135 141 144 146 150 151 156 163 167 176 182 190 194 196
47
1 15 16 23 32 36 40 42 43 44 45 46 49 51 52 54 61 72 73 80 93 94 103 107 110 117 118 120 121 123 128 132 134 135 136 145 147 149 153 154 160 161 163 167 168 185 194
40
3 5 9 12 16 18 34 36 47 53 63 64 71 73 79 82 83 88 95 107 112 120 122 125 133 134 137 151 157 160 161 164 167 172 174 178 179 180 181 197
47
10 15 16 18 19 22 23 27 31 43 46 47 62 67 71 75 82 86 95 99 104 107 114 127 130 131 134 137 143 144 145 155 156 166 174 175 176 177 183 184 187 189 191 192 193 195 196
43
8 10 17 18 21 23 32 33 35 41 51 57 61 63 67 68 75 77 90 97 103 105 106 113 122 123 124 126 131 134 136 137 143 155 161 167 177 178 179 184 186 196 197
38
1 2 7 9 21 30 33 44 48 56 72 73 76 81 83 85 87 92 104 115 116 126 131 132 133 139 144 147 152 161 166 169 171 182 186 191 197 200
43
16 22 27 29 38 42 45 46 50 78 91 95 99 100 105 106 108 119 121 122 133 135 136 138 142 144 145 147 153 157 161 162 165 169 172 175 180 181 182 185 188 193 196
37
13 19 27 28 36 41 45 46 51 65 80 90 91 106 108 111 112 117 120 121 123 126 127 133 136 137 152 153 160 175 179 187 188 189 195 196 197
38
4 12 26 30 45 46 50 56 58 64 66 72 74 77 91 101 111 119 120 121 122 124 127 139 146 148 150 157 160 162 164 171 174 177 182 189 196 200
40
1 3 11 12 29 33 36 38 57 58 59 61 63 68 77 93 101 109 110 113 115 117 128 139 145 148 149 150 152 153 157 166 171 174 177 181 187 190 192 193
33
3 8 14 17 22 23 25 27 28 35 38 39 45 47 62 66 76 77 93 97 98 103 113 116 119 149 178 187 192 194 195 198 200
41
4 10 12 13 15 28 31 33 48 57 59 66 67 71 74 75 91 96 97 104 110 116 123 127 131 141 142 144 149 161 162 167 168 172 174 176 178 179 182 187 193
36
2 8 11 14 15 16 26 32 36 50 56 62 70 71 79 83 105 106 118 121 122 129 144 147 151 152 153 155 161 171 174 189 193 194 195 200
46
1 3 19 24 28 32 38 39 42 43 51 56 62 63 67 70 73 74 77 78 81 89 90 101 103 113 122 123 124 125 129 130 132 133 137 141 147 150 152 160 169 175 178 180 196 200
42
25 26 27 28 30 32 50 51 53 54 60 63 66 67 71 72 88 91 92 94 115 126 127 135 136 142 144 146 147 150 152 154 159 162 176 177 178 181 184 192 197 200
40
2 3 14 18 23 24 25 30 43 44 54 57 58 62 65 75 79 80 82 90 92 96 99 106 118 119 129 131 132 148 150 151 158 169 170 171 176 187 191 198
36
11 20 27 31 42 46 56 63 64 76 77 80 81 88 92 93 95 98 100 101 103 117 120 121 122 127 132 135 146 152 156 182 186 188 196 198
43
5 6 11 17 22 29 37 40 41 50 54 59 65 71 72 79 82 86 88 90 96 97 104 106 109 115 117 121 123 128 129 142 145 155 159 164 165 171 172 175 181 187 199
41
2 4 16 23 30 43 51 62 64 66 73 75 79 82 85 89 92 101 105 106 108 109 113 115 116 117 118 121 122 124 162 163 167 170 171 176 187 194 195 197 200
58
5 8 10 16 25 28 31 34 41 46 51 57 59 60 61 62 63 66 68 69 72 77 78 85 87 92 95 97 99 100 102 108 110 114 115 116 117 119 121 122 124 126 130 140 144 145 150 153 154 159 165 167 170 181 184 194 195 200
44
4 9 11 15 16 17 18 22 26 28 30 44 45 50 56 72 74 75 78 79 81 87 92 93 97 98 109 117 121 124 125 126 137 140 143 149 162 170 182 187 190 195 197 200
43
4 7 8 11 12 23 36 46 49 58 63 65 66 72 76 77 81 83 86 88 96 101 102 103 107 116 121 124 133 134 138 141 143 154 162 165 177 181 183 185 193 196 197
38
4 17 34 41 43 44 45 57 59 65 75 79 82 92 93 97 101 108 112 121 122 129 132 133 134 135 151 161 172 179 180 182 183 186 187 188 191 199
41
2 9 18 19 30 53 55 58 61 62 65 68 70 71 74 77 78 79 87 94 96 97 99 101 108 113 117 118 129 131 132 135 150 162 169 171 173 177 178 181 182
53
3 4 6 9 21 23 24 31 32 36 37 39 44 51 52 54 60 61 64 68 70 72 77 81 84 85 94 114 116 118 122 124 128 129 133 137 138 143 146 151 155 168 172 175 176 178 182 183 189 192 195 196 199
40
11 12 14 19 24 34 36 49 53 69 74 76 82 85 89 92 93 95 105 113 116 118 121 122 123 129 131 132 136 137 143 155 160 161 162 168 173 176 187 192
51
2 4 7 9 22 23 26 28 30 35 45 48 52 53 56 64 67 72 84 85 89 102 103 108 111 112 119 122 123 124 131 132 141 143 151 153 155 162 163 170 171 174 183 184 187 188 190 193 196 198 200
49
1 5 8 12 14 16 19 33 47 49 58 60 68 71 76 77 84 90 91 92 93 96 98 107 111 115 117 118 121 124 125 128 129 136 137 141 143 145 146 149 157 159 163 165 174 183 185 186 192
42
4 15 20 25 27 33 35 40 51 53 55 58 60 76 77 93 104 105 110 117 123 126 128 133 135 138 147 149 150 151 160 166 169 170 176 185 189 190 195 196 198 200
44
6 7 13 19 22 24 28 30 32 33 38 39 41 42 44 45 48 51 56 61 65 86 89 91 92 99 107 109 111 115 119 127 129 140 143 152 153 162 163 164 169 183 186 199
52
2 5 6 14 17 22 24 32 35 36 37 39 43 46 49 51 55 56 63 64 68 75 79 83 85 86 89 90 93 106 108 116 117 118 125 128 138 142 147 149 151 159 160 161 163 164 166 167 168 171 182 185
32
3 10 13 26 27 28 30 32 36 37 38 45 56 57 68 69 71 90 92 100 111 114 121 134 136 139 148 150 153 156 162 183
41
3 7 9 10 14 20 21 23 24 28 32 43 53 55 61 64 67 70 72 75 77 78 80 81 86 88 98 106 112 116 123 127 136 137 153 166 174 185 190 191 199
38
4 5 11 23 28 41 50 53 60 61 64 76 80 81 83 84 87 90 91 98 112 117 123 125 153 156 158 160 166 173 174 178 180 184 186 187 197 200
35
10 13 35 41 42 43 47 48 55 74 80 84 87 91 96 97 104 105 121 122 126 129 145 151 152 156 168 169 171 178 182 183 185 195 199
40
11 13 15 21 22 24 25 32 33 35 39 41 47 59 65 70 74 81 82 84 94 96 99 102 109 110 114 122 133 155 157 170 176 177 180 182 183 193 197 199
40
3 11 17 29 43 50 58 70 72 76 81 89 90 91 92 93 94 109 115 117 118 121 122 126 132 133 134 136 141 142 146 162 164 174 175 179 182 183 184 185
45
3 4 6 12 15 16 21 25 29 30 35 36 46 48 50 54 55 59 63 66 71 89 98 103 116 118 123 125 128 132 135 136 137 139 142 144 149 155 159 160 169 184 185 190 196
40
1 16 20 23 28 30 33 40 42 44 46 49 56 64 77 95 99 101 102 109 110 111 113 118 121 128 134 137 139 145 146 156 162 163 166 167 185 191 192 199
37
3 15 16 28 30 46 47 48 53 72 74 76 78 80 92 102 115 116 129 133 134 140 142 149 150 151 152 153 156 159 162 167 176 178 185 187 198
35
2 3 10 19 25 41 43 59 61 63 77 79 81 99 104 116 119 124 128 130 134 137 139 140 141 143 144 146 153 157 181 189 193 197 199
38
7 13 14 22 29 32 40 42 45 54 58 63 66 71 78 79 84 88 89 92 93 108 113 118 123 129 130 131 135 151 159 170 184 185 187 189 192 199
38
1 6 18 29 32 33 37 39 43 46 53 57 62 66 69 71 79 92 108 110 113 120 128 134 142 143 146 149 159 165 168 169 175 176 185 186 194 200
35
14 15 16 34 39 40 47 54 55 76 78 82 89 96 98 99 114 118 123 135 143 150 156 159 165 167 168 169 173 174 179 191 193 199 200
30
5 17 22 27 29 37 46 47 50 69 78 80 103 117 119 123 135 136 140 142 143 152 160 162 163 169 175 187 193 199
37
8 9 12 22 37 40 42 45 48 57 60 69 84 88 89 93 94 98 109 115 128 131 139 142 144 146 149 159 160 163 166 180 182 188 190 196 197
40
10 12 17 36 41 45 47 50 51 52 58 59 67 68 74 76 81 83 85 90 95 99 101 109 121 127 147 148 152 158 161 163 176 177 180 186 189 193 198 199
