100 200
1.0 1.0 1.0 1.0 1.0 1.0 1.0 1.0 1.0 1.0 1.0 1.0 1.0 1.0 1.0 1.0 1.0 1.0 1.0 1.0 1.0 1.0 1.0 1.0 1.0 1.0 1.0 1.0 1.0 1.0 1.0 1.0 1.0 1.0 1.0 1.0 1.0 1.0 1.0 1.0 1.0 1.0 1.0 1.0 1.0 1.0 1.0 1.0 1.0 1.0 1.0 1.0 1.0 1.0 1.0 1.0 1.0 1.0 1.0 1.0 1.0 1.0 1.0 1.0 1.0 1.0 1.0 1.0 1.0 1.0 1.0 1.0 1.0 1.0 1.0 1.0 1.0 1.0 1.0 1.0 1.0 1.0 1.0 1.0 1.0 1.0 1.0 1.0 1.0 1.0 1.0 1.0 1.0 1.0 1.0 1.0 1.0 1.0 1.0 1.0 1.0 1.0 1.0 1.0 1.0 1.0 1.0 1.0 1.0 1.0 1.0 1.0 1.0 1.0 1.0 1.0 1.0 1.0 1.0 1.0 1.0 1.0 1.0 1.0 1.0 1.0 1.0 1.0 1.0 1.0 1.0 1.0 1.0 1.0 1.0 1.0 1.0 1.0 1.0 1.0 1.0 1.0 1.0 1.0 1.0 1.0 1.0 1.0 1.0 1.0 1.0 1.0 1.0 1.0 1.0 1.0 1.0 1.0 1.0 1.0 1.0 1.0 1.0 1.0 1.0 1.0 1.0 1.0 1.0 1.0 1.0 1.0 1.0 1.0 1.0 1.0 1.0 1.0 1.0 1.0 1.0 1.0 1.0 1.0 1.0 1.0 1.0 1.0 1.0 1.0 1.0 1.0 1.0 1.0 1.0 1.0 1.0 1.0 1.0 1.0
43
4 10 11 15 21 24 35 42 47 48 49 51 52 54 55 58 64 69 83 85 86 88 95 96 98 101 108 114 115 116 120 123 125 128 143 154 157 161 162 165 171 194 199
41
2 3 6 8 22 23 25 28 37 39 46 51 53 61 65 66 72 85 88 99 100 102 106 111 113 133 138 142 145 146 160 161 163 177 178 182 189 195 198 199 200
42
7 12 20 26 28 31 33 45 49 53 58 60 65 69 73 86 91 94 96 97 99 100 103 106 109 111 133 136 137 139 148 153 154 160 162 163 170 182 183 189 192 193
39
8 12 15 16 19 24 25 27 32 37 48 51 59 69 77 95 98 100 105 107 108 114 120 123 130 137 140 150 151 153 158 160 163 167 170 175 192 194 200
39
8 29 31 34 39 45 46 47 65 66 70 72 74 76 77 84 86 90 92 93 105 107 108 118 120 124 127 132 142 161 162 166 173 176 182 183 191 194 198
37
14 15 16 18 19 23 32 35 36 46 53 56 58 60 75 91 92 95 100 110 116 122 134 142 147 156 157 171 173 175 177 179 180 181 185 189 200
40
1 2 7 24 25 26 34 46 50 56 70 71 76 81 84 88 91 93 106 115 116 117 121 122 125 126 130 132 136 139 143 151 154 156 160 170 182 190 193 197
42
8 9 21 28 30 31 32 35 42 49 51 52 53 54 63 67 69 73 82 85 90 91 94 98 108 116 128 130 139 142 146 155 159 168 172 173 178 181 182 183 191 197
37
4 6 20 24 26 32 34 49 50 53 54 63 76 81 82 95 97 101 103 104 114 127 133 140 153 159 162 164 169 174 178 182 187 191 195 197 200
44
2 3 10 14 35 36 44 49 50 53 58 73 76 77 79 80 95 97 105 106 108 112 116 118 124 129 130 131 141 142 145 152 155 157 163 168 170 172 173 185 187 191 198 199
39
6 12 13 16 17 20 29 31 37 50 52 54 62 67 68 74 81 95 98 99 103 120 124 134 135 143 147 156 158 160 162 163 168 173 185 186 192 195 199
47
1 15 16 19 28 37 38 40 49 56 58 59 64 71 74 78 82 83 84 89 94 97 99 109 112 118 120 124 136 141 146 148 151 153 156 158 159 161 162 163 166 170 174 177 178 192 199
44
4 6 12 18 20 31 34 44 45 51 57 59 66 68 75 83 89 98 100 104 109 112 117 118 121 122 126 127 130 133 136 147 152 156 170 177 178 182 184 185 187 189 190 195
38
4 6 8 9 13 18 26 40 41 45 66 70 72 73 75 84 91 92 101 102 107 111 123 128 129 138 143 147 154 161 165 170 173 175 186 187 195 196
41
6 12 15 16 21 30 34 37 38 49 50 53 61 65 69 71 76 80 83 85 88 97 99 104 110 113 115 126 127 135 141 142 153 156 161 165 167 169 178 181 191
51
2 3 10 12 16 17 18 26 29 30 31 36 42 48 52 62 74 76 77 92 94 95 102 103 109 110 112 114 120 127 130 131 132 145 148 155 161 163 164 165 166 167 169 171 173 177 182 189 195 197 200
36
6 12 13 18 24 35 37 41 42 48 50 58 60 79 80 88 90 91 109 133 136 139 147 148 150 151 159 163 169 172 174 178 180 188 189 196
32
2 3 5 8 12 13 23 24 27 53 56 57 65 66 67 68 69 76 81 89 90 92 101 119 120 138 165 182 189 192 196 199
40
6 8 13 19 21 34 39 48 52 56 60 64 68 73 86 87 93 94 95 100 110 112 119 122 143 147 151 153 158 165 170 175 178 181 182 184 186 187 192 193
35
1 4 5 6 7 14 15 28 35 36 39 40 42 43 46 54 76 82 84 86 99 100 134 135 143 149 152 159 161 169 177 181 187 192 197
38
3 7 10 13 14 15 23 24 25 33 43 44 53 54 68 77 79 82 83 86 88 98 103 106 112 122 128 135 149 151 157 163 167 170 181 184 197 198
53
7 8 9 16 23 26 27 28 29 44 45 47 51 54 57 65 68 69 70 72 73 74 82 85 88 89 93 98 101 104 106 107 112 113 120 131 132 140 145 148 149 154 159 168 170 181 183 185 189 190 192 193 200
49
4 11 12 13 15 17 25 27 28 29 32 36 44 49 53 56 58 61 63 66 72 73 76 77 79 82 103 114 120 121 127 129 130 135 136 138 143 147 149 158 161 163 165 169 175 178 179 188 194
33
6 7 12 17 18 21 24 26 28 32 35 38 45 49 50 72 73 74 81 88 89 121 137 142 144 145 161 167 169 171 174 175 178
45
1 2 4 15 21 23 30 33 47 49 60 64 67 70 72 74 88 90 92 101 103 104 110 112 116 124 129 135 136 139 140 144 147 148 150 153 167 170 176 177 180 188 189 192 195
48
6 7 8 11 14 17 22 27 36 39 44 46 56 57 60 65 68 69 70 88 90 96 99 103 107 110 112 114 115 121 122 127 141 158 159 162 164 171 175 179 184 186 189 194 195 196 197 199
43
2 4 5 13 20 27 28 29 31 45 52 54 60 61 71 72 75 77 78 80 86 88 91 93 106 110 112 118 120 125 126 142 143 154 163 166 170 177 186 191 193 194 199
35
4 18 20 25 33 47 65 68 73 74 76 78 88 89 93 97 103 107 108 109 110 113 115 127 135 155 157 161 163 164 168 170 176 179 185
24
5 9 23 25 33 34 35 38 51 55 66 77 80 98 127 146 152 159 164 170 175 181 182 188
35
9 12 13 14 24 25 36 39 48 62 64 65 67 69 80 84 89 94 103 111 112 119 127 133 134 140 141 172 174 177 185 190 194 197 198
29
5 7 11 14 21 25 26 37 39 47 51 65 76 88 100 112 113 116 118 129 148 157 170 171 175 176 186 191 198
36
3 8 11 12 18 19 22 26 28 37 41 42 43 51 52 54 64 65 73 78 84 85 92 121 124 126 127 128 144 146 147 157 177 186 198 199
34
3 13 18 20 23 24 34 58 60 66 70 89 90 92 95 97 100 107 119 122 128 132 139 141 143 145 161 167 170 172 173 179 194 195
35
7 11 19 20 29 50 56 58 64 67 72 78 82 96 106 110 116 121 126 127 130 139 140 143 148 150 153 164 165 173 175 185 195 196 199
46
1 3 7 10 16 18 19 23 30 39 41 44 49 60 66 67 74 77 80 91 92 94 97 100 108 109 111 118 119 126 127 131 134 135 147 155 157 162 166 171 172 173 181 184 185 197
39
7 8 10 11 19 22 29 33 35 38 60 61 79 82 93 94 97 106 107 109 115 116 122 132 137 138 141 144 149 153 158 160 165 170 172 176 185 188 193
35
4 7 10 11 40 41 60 64 65 68 72 75 93 96 104 106 108 115 116 119 126 131 135 137 140 142 146 147 149 158 163 169 170 185 200
56
4 10 17 18 19 21 22 25 26 28 38 39 44 49 57 60 65 73 75 76 77 80 83 84 90 91 96 99 103 109 114 116 122 125 128 130 135 138 140 143 145 149 150 152 153 156 163 166 175 177 181 187 194 197 199 200
36
3 4 20 23 26 28 30 45 48 56 62 63 66 67 82 86 94 101 110 114 126 131 133 137 139 142 143 148 151 157 163 167 175 178 191 196
38
4 6 25 28 32 33 38 52 53 54 57 67 69 71 72 75 79 85 94 96 97 107 122 123 127 135 139 142 143 148 149 152 155 158 178 188 189 195
27
1 9 10 11 30 56 62 85 90 94 96 105 107 116 120 138 145 148 149 150 154 157 167 173 181 191 193
48
13 33 36 37 40 51 55 58 63 64 69 70 76 79 81 82 83 86 88 89 94 96 100 107 115 116 118 129 135 142 145 146 147 150 153 155 156 160 173 177 180 182 184 188 190 191 196 197
36
3 5 7 11 18 21 30 42 43 47 53 56 59 67 82 85 86 89 101 105 107 112 122 126 144 150 157 167 168 172 185 186 193 194 197 200
40
7 9 11 13 19 22 25 35 37 39 42 44 49 64 78 79 82 83 84 94 99 104 110 113 115 119 122 124 134 141 148 151 169 175 179 183 184 185 192 193
50
6 12 15 19 32 38 39 43 47 50 51 52 53 54 55 63 67 69 71 72 73 79 84 85 90 94 98 100 107 109 110 112 126 136 138 144 148 150 155 158 162 163 172 177 179 181 183 186 192 196
32
3 4 19 21 25 28 37 50 51 60 68 99 100 113 115 116 123 128 135 140 143 147 151 156 158 160 165 168 170 187 189 197
42
3 4 6 7 9 11 15 19 23 25 34 36 64 76 79 80 83 84 94 96 105 116 119 125 127 138 139 141 144 149 152 157 158 159 162 164 168 172 174 186 189 194
31
12 27 33 46 59 66 68 70 74 82 83 88 92 95 108 114 118 122 123 125 132 136 142 145 149 150 151 154 175 184 197
47
3 16 29 41 45 47 48 49 52 54 59 61 64 65 66 75 76 78 79 86 90 97 101 105 106 108 114 115 125 130 131 144 145 152 156 158 162 167 174 179 180 181 182 185 189 193 197
34
1 22 26 27 39 43 44 46 51 52 60 61 64 66 80 88 93 94 99 115 119 128 142 155 159 163 164 165 175 177 181 185 193 195
51
2 5 7 8 10 14 36 38 41 44 48 51 55 56 57 60 74 81 83 88 90 101 103 104 106 107 108 110 120 122 123 128 154 157 160 162 163 165 170 172 173 177 180 183 187 189 190 192 194 195 200
33
3 6 9 10 31 38 40 44 45 51 52 63 70 73 77 82 91 96 97 118 120 126 147 148 152 153 160 177 179 181 189 190 195
36
2 3 4 5 11 25 29 35 37 41 46 47 48 49 50 53 55 56 75 79 96 105 107 110 111 119 123 151 153 154 157 174 181 184 197 199
37
3 4 9 10 11 18 19 27 32 36 41 45 59 71 72 75 78 79 90 91 93 99 104 108 110 113 129 138 143 158 167 170 183 186 189 194 196
41
4 5 12 16 22 26 44 49 50 53 59 61 69 71 72 74 77 81 83 88 96 107 115 116 123 128 143 144 146 149 151 157 163 166 183 186 187 188 191 194 198
36
2 5 11 17 19 29 32 40 45 46 47 56 67 68 82 84 85 87 103 107 111 115 117 119 123 141 143 146 147 148 157 173 174 186 193 200
42
1 5 6 11 15 25 32 43 46 51 58 60 63 68 73 74 81 87 91 99 108 112 115 121 126 128 132 134 137 140 141 148 155 156 158 159 164 171 177 184 189 199
39
1 4 10 12 16 18 20 25 32 33 35 44 52 72 76 86 91 95 97 100 101 108 112 121 122 132 133 135 139 145 156 169 170 180 187 193 194 195 196
39
5 11 19 25 26 31 35 38 40 47 52 58 61 65 69 73 79 83 87 89 90 93 97 101 109 113 114 119 123 131 137 147 148 154 163 183 188 189 191
38
6 7 9 15 16 17 19 23 30 32 36 37 43 49 52 60 61 63 64 71 73 80 83 85 92 101 103 116 130 132 139 141 151 153 156 165 191 194
48
2 12 19 22 28 34 36 40 43 48 51 55 57 61 66 77 83 90 97 99 100 103 108 110 111 113 116 119 121 129 134 139 140 146 147 154 156 158 163 167 178 182 183 184 186 190 194 197
34
7 27 28 39 47 48 49 50 55 58 63 66 70 71 79 97 100 107 112 117 124 130 134 140 162 164 166 170 173 188 191 195 197 198
46
3 7 18 20 22 24 29 32 35 42 52 55 58 61 62 69 73 77 78 85 88 89 94 98 109 111 117 127 128 132 135 143 145 146 147 148 157 158 159 162 163 170 176 177 191 194
40
3 4 16 17 21 22 24 26 37 41 55 58 67 73 76 77 78 83 90 96 99 100 122 123 124 125 129 137 152 158 159 166 169 170 174 175 180 193 198 200
51
4 9 16 23 27 28 30 31 34 46 47 56 61 64 75 77 83 85 88 89 93 94 102 109 111 114 115 116 118 127 129 130 133 135 138 144 145 147 151 154 156 158 159 160 163 168 170 172 175 187 192
37
3 4 19 35 41 55 58 61 63 67 68 73 74 75 77 78 81 83 88 97 103 119 122 124 132 138 141 147 148 152 157 160 163 172 174 178 200
46
4 5 8 16 20 25 28 32 34 39 43 53 57 62 63 68 69 72 73 76 80 82 84 93 122 123 126 129 131 139 141 143 146 151 154 156 159 173 174 177 180 181 183 186 187 194
36
5 8 9 10 17 20 21 26 29 34 42 51 52 53 56 63 76 87 90 95 99 101 103 106 114 120 125 131 137 140 149 160 162 180 181 198
43
1 7 20 21 27 30 31 37 38 45 47 55 57 63 69 73 74 80 90 93 94 95 97 102 106 109 115 118 120 121 123 134 138 142 157 163 167 169 171 175 177 183 188
44
3 4 5 14 17 25 36 42 44 47 50 60 63 80 81 82 83 85 91 92 102 103 110 122 123 129 133 134 135 137 142 155 157 161 164 165 166 176 182 183 187 190 195 197
44
3 7 11 16 18 25 32 41 42 61 64 76 77 79 80 86 93 96 99 101 107 108 115 117 122 130 131 137 138 139 142 143 144 155 157 158 160 161 168 171 180 185 186 192
31
2 11 20 28 36 37 39 42 47 57 69 81 83 88 101 107 108 116 129 140 141 145 146 158 159 163 166 168 169 170 189
28
15 35 36 47 58 60 63 64 71 73 74 79 97 99 102 104 108 122 146 148 149 160 174 178 179 182 190 198
39
4 8 12 17 19 20 23 32 34 44 47 52 55 56 58 60 61 80 82 84 102 107 121 126 129 130 134 136 137 149 150 155 156 165 168 172 175 184 196
41
2 5 6 8 9 22 24 27 32 35 36 38 39 44 48 51 52 53 56 63 68 70 83 86 95 100 103 110 112 120 121 123 129 142 145 150 162 179 183 194 197
32
1 4 8 10 13 14 15 19 25 29 30 31 38 57 70 74 76 77 79 86 96 115 127 137 139 141 163 166 177 178 181 194
38
4 8 9 13 14 15 17 28 30 31 34 35 44 47 48 59 60 61 67 76 89 99 111 124 129 134 136 138 142 148 159 160 171 183 185 186 188 192
39
10 14 19 28 29 30 37 39 44 51 53 68 83 91 93 95 98 103 106 112 113 114 116 129 135 136 144 158 161 166 167 171 173 175 176 187 189 192 195
41
12 21 22 32 37 46 51 55 60 65 67 69 75 76 83 85 94 99 100 104 106 107 114 118 119 120 122 132 152 153 156 157 162 165 168 174 182 183 189 191 195
33
6 18 19 20 34 35 43 59 80 84 88 94 96 112 119 121 123 126 127 130 137 142 147 164 170 171 186 189 193 194 195 197 199
40
2 6 9 10 19 20 21 25 36 37 41 48 50 52 57 59 69 81 86 89 107 109 115 117 120 123 125 128 133 134 135 137 138 139 151 152 161 168 182 193
27
2 3 8 16 19 23 25 27 29 35 44 50 70 78 85 91 107 112 141 143 144 147 168 173 178 189 199
33
2 19 37 38 39 45 46 52 56 59 61 62 64 70 84 101 105 116 119 129 131 141 142 158 159 171 173 178 186 188 192 193 196
46
2 6 17 24 25 36 44 45 56 58 61 62 64 65 68 71 76 79 81 82 89 92 95 96 97 104 105 107 109 115 124 125 126 128 132 134 140 142 147 150 155 171 174 182 183 198
33
12 13 26 27 31 32 38 42 45 48 49 57 59 60 75 77 97 112 114 117 120 122 124 161 170 174 175 177 179 181 184 196 198
33
7 10 24 30 34 39 57 59 65 66 71 75 80 85 102 103 108 111 114 118 121 123 128 134 141 144 145 150 157 165 176 186 189
34
4 5 10 21 23 26 28 35 37 41 42 43 47 55 63 70 72 77 93 96 98 104 111 114 115 119 120 128 131 147 173 177 196 197
47
9 10 11 12 14 20 23 26 28 29 35 42 44 51 52 57 63 71 76 78 79 80 81 83 88 89 94 95 98 99 107 112 113 115 122 124 133 139 148 149 162 164 176 181 190 192 196
43
11 18 19 27 35 37 39 41 43 50 54 57 60 62 72 83 85 88 96 107 111 112 113 128 129 130 136 138 145 146 151 155 163 165 166 168 172 173 176 185 188 196 198
37
2 10 19 21 24 30 39 42 44 46 50 55 67 75 79 97 100 102 105 109 115 116 129 132 143 145 151 155 157 159 171 173 177 178 187 191 196
38
3 8 12 13 16 17 21 27 29 37 39 49 71 72 77 82 84 85 96 101 112 121 122 135 138 142 146 152 156 162 164 172 175 177 183 185 189 194
47
8 14 15 20 27 28 33 35 42 45 46 49 51 52 55 59 69 87 88 91 96 97 99 100 109 117 124 127 129 133 149 153 154 159 164 165 169 171 174 180 182 185 191 194 197 198 200
40
1 2 11 12 14 15 17 21 22 31 33 35 37 46 52 54 61 63 66 83 88 93 101 115 119 120 121 124 126 138 141 142 143 152 160 164 177 186 195 197
46
2 3 14 15 16 17 19 29 31 35 39 45 58 60 62 63 71 72 74 79 95 98 99 112 124 127 129 133 134 135 136 138 144 146 148 156 158 166 167 168 177 181 182 185 186 194
49
1 3 11 15 17 19 20 26 27 29 43 44 48 73 78 79 82 86 88 91 93 101 103 109 110 116 118 128 129 130 135 136 137 138 139 141 151 153 156 166 168 172 181 184 185 188 189 191 193
42
1 4 10 21 24 27 33 35 37 39 40 44 45 59 60 65 68 73 74 79 86 91 98 109 116 118 132 140 141 142 146 147 154 155 157 158 159 165 169 173 174 191
39
1 2 11 14 20 21 25 28 32 40 45 52 55 64 74 84 85 87 97 100 104 109 113 114 122 123 126 130 136 146 151 152 158 162 166 170 184 189 194
41
13 14 16 20 21 28 31 34 37 40 42 54 58 62 72 77 79 82 100 101 109 114 116 120 125 128 133 134 138 144 151 154 163 172 174 178 185 190 193 194 200
39
7 8 10 18 19 28 34 36 40 49 52 61 64 84 87 91 93 97 104 112 114 121 125 128 129 130 136 137 139 145 156 158 161 163 173 175 186 190 198
45
15 26 27 29 30 32 36 46 55 56 57 68 70 71 74 75 80 83 84 91 104 105 107 122 127 133 138 142 146 148 149 150 158 159 160 171 173 175 176 180 181 183 190 192 199
