50 100
1.0 1.0 1.0 1.0 1.0 1.0 1.0 1.0 1.0 1.0 1.0 1.0 1.0 1.0 1.0 1.0 1.0 1.0 1.0 1.0 1.0 1.0 1.0 1.0 1.0 1.0 1.0 1.0 1.0 1.0 1.0 1.0 1.0 1.0 1.0 1.0 1.0 1.0 1.0 1.0 1.0 1.0 1.0 1.0 1.0 1.0 1.0 1.0 1.0 1.0 1.0 1.0 1.0 1.0 1.0 1.0 1.0 1.0 1.0 1.0 1.0 1.0 1.0 1.0 1.0 1.0 1.0 1.0 1.0 1.0 1.0 1.0 1.0 1.0 1.0 1.0 1.0 1.0 1.0 1.0 1.0 1.0 1.0 1.0 1.0 1.0 1.0 1.0 1.0 1.0 1.0 1.0 1.0 1.0 1.0 1.0 1.0 1.0 1.0 1.0
5
11 24 45 64 66
5
16 27 79 87 96
6
6 7 24 69 75 98
6
15 22 32 37 55 89
13
7 10 17 25 34 41 44 58 63 64 66 84 91
3
13 40 85
2
87 94
4
38 42 57 97
7
48 49 56 60 79 97 98
6
11 27 30 55 82 88
4
16 27 35 72
3
35 46 87
4
36 40 92 98
7
7 13 17 22 45 64 80
4
12 22 54 68
3
11 52 81
5
36 52 73 85 88
4
32 42 58 73
2
43 60
3
36 76 78
10
37 41 50 55 56 57 67 71 78 95
3
51 78 93
7
17 44 74 77 79 82 87
1
70
4
12 61 92 99
3
23 34 88
11
5 18 27 32 38 54 62 64 81 84 100
7
12 29 36 48 53 79 91
5
18 49 63 81 90
6
21 24 30 61 65 81
7
5 6 17 21 37 71 79
3
8 19 31
5
16 32 38 87 95
8
9 28 39 46 58 59 60 95
3
31 66 95
4
15 21 23 88
5
1 65 67 77 79
4
13 51 75 85
7
17 32 39 40 50 70 79
12
8 12 28 30 36 48 50 52 61 62 67 68
2
21 76
4
33 55 57 98
2
82 100
3
17 34 87
2
37 63
5
8 29 58 71 98
3
7 51 64
6
5 17 23 32 51 73
6
1 15 55 56 74 92
5
48 53 54 70 73
