150 300
1.0 1.0 1.0 1.0 1.0 1.0 1.0 1.0 1.0 1.0 1.0 1.0 1.0 1.0 1.0 1.0 1.0 1.0 1.0 1.0 1.0 1.0 1.0 1.0 1.0 1.0 1.0 1.0 1.0 1.0 1.0 1.0 1.0 1.0 1.0 1.0 1.0 1.0 1.0 1.0 1.0 1.0 1.0 1.0 1.0 1.0 1.0 1.0 1.0 1.0 1.0 1.0 1.0 1.0 1.0 1.0 1.0 1.0 1.0 1.0 1.0 1.0 1.0 1.0 1.0 1.0 1.0 1.0 1.0 1.0 1.0 1.0 1.0 1.0 1.0 1.0 1.0 1.0 1.0 1.0 1.0 1.0 1.0 1.0 1.0 1.0 1.0 1.0 1.0 1.0 1.0 1.0 1.0 1.0 1.0 1.0 1.0 1.0 1.0 1.0 1.0 1.0 1.0 1.0 1.0 1.0 1.0 1.0 1.0 1.0 1.0 1.0 1.0 1.0 1.0 1.0 1.0 1.0 1.0 1.0 1.0 1.0 1.0 1.0 1.0 1.0 1.0 1.0 1.0 1.0 1.0 1.0 1.0 1.0 1.0 1.0 1.0 1.0 1.0 1.0 1.0 1.0 1.0 1.0 1.0 1.0 1.0 1.0 1.0 1.0 1.0 1.0 1.0 1.0 1.0 1.0 1.0 1.0 1.0 1.0 1.0 1.0 1.0 1.0 1.0 1.0 1.0 1.0 1.0 1.0 1.0 1.0 1.0 1.0 1.0 1.0 1.0 1.0 1.0 1.0 1.0 1.0 1.0 1.0 1.0 1.0 1.0 1.0 1.0 1.0 1.0 1.0 1.0 1.0 1.0 1.0 1.0 1.0 1.0 1.0 1.0 1.0 1.0 1.0 1.0 1.0 1.0 1.0 1.0 1.0 1.0 1.0 1.0 1.0 1.0 1.0 1.0 1.0 1.0 1.0 1.0 1.0 1.0 1.0 1.0 1.0 1.0 1.0 1.0 1.0 1.0 1.0 1.0 1.0 1.0 1.0 1.0 1.0 1.0 1.0 1.0 1.0 1.0 1.0 1.0 1.0 1.0 1.0 1.0 1.0 1.0 1.0 1.0 1.0 1.0 1.0 1.0 1.0 1.0 1.0 1.0 1.0 1.0 1.0 1.0 1.0 1.0 1.0 1.0 1.0 1.0 1.0 1.0 1.0 1.0 1.0 1.0 1.0 1.0 1.0 1.0 1.0 1.0 1.0 1.0 1.0 1.0 1.0 1.0 1.0 1.0 1.0 1.0 1.0 1.0 1.0 1.0 1.0 1.0 1.0
61
2 9 15 17 18 19 20 25 26 27 29 30 38 46 62 66 74 79 82 83 84 85 87 89 95 99 105 109 116 117 137 139 142 155 164 165 169 187 188 208 209 210 214 216 225 227 229 235 236 246 247 249 260 262 266 275 281 285 287 288 298
69
1 7 8 11 14 15 16 24 30 31 40 46 52 54 55 63 70 74 76 82 100 108 111 113 114 116 122 132 133 140 141 142 143 144 146 149 152 153 173 176 177 181 188 197 198 210 215 216 218 221 225 235 240 241 248 250 252 254 257 259 261 267 271 276 279 280 282 283 285
74
1 12 15 20 21 28 36 38 40 41 42 47 58 65 69 70 75 80 88 89 93 96 98 99 101 102 105 114 115 119 122 127 136 138 140 144 146 149 153 155 159 160 161 162 171 175 177 183 184 191 192 193 196 199 204 212 213 214 217 220 233 247 250 262 265 266 273 274 276 279 281 287 292 297
57
1 3 7 9 11 20 26 31 47 50 53 54 56 67 68 69 79 84 98 103 108 114 121 126 142 155 156 157 161 168 180 181 182 191 197 211 215 226 230 243 247 252 254 257 260 265 266 267 269 270 273 274 287 288 289 292 297
64
2 7 8 22 25 32 36 38 46 52 58 63 68 73 74 79 83 93 94 96 97 101 104 116 117 129 131 133 138 139 140 141 151 155 156 170 178 183 193 196 199 211 218 219 223 226 229 231 234 235 237 240 244 245 254 268 275 276 280 284 290 291 292 298
52
7 14 16 17 19 35 42 43 45 57 64 66 69 70 78 80 81 85 88 94 95 96 97 112 114 116 131 139 149 163 172 174 179 189 197 201 203 212 220 221 224 235 241 251 265 266 274 277 285 288 293 298
60
6 9 17 32 45 46 47 55 57 60 63 69 70 74 79 80 82 83 87 91 93 102 106 108 110 111 115 128 130 137 141 144 149 150 152 167 174 184 185 190 197 199 201 215 223 229 240 241 244 248 254 264 265 270 273 274 275 279 293 299
69
10 19 22 25 27 28 29 37 38 42 46 48 59 70 74 78 81 82 88 89 90 98 106 114 119 123 125 128 129 135 139 142 144 149 156 165 173 174 182 183 185 187 188 190 195 197 201 215 225 227 233 235 236 242 250 251 254 261 265 276 277 278 279 281 283 285 289 293 299
57
1 2 5 10 33 37 39 40 41 44 48 51 59 67 79 80 81 82 89 93 99 107 114 133 135 157 166 168 169 172 176 179 181 190 197 201 205 212 213 214 225 228 229 231 234 236 241 243 249 255 258 268 270 286 288 292 298
54
8 9 12 23 45 47 57 70 73 85 86 91 96 101 102 110 126 130 136 154 165 166 167 168 169 172 174 177 180 187 195 199 205 207 209 210 222 226 227 229 231 232 236 237 256 261 275 281 282 284 285 290 294 300
56
3 6 14 15 17 19 22 26 41 44 46 58 73 96 103 104 107 112 113 114 117 118 119 122 128 136 141 151 156 157 163 164 168 173 176 177 183 197 215 219 224 229 235 250 252 259 264 265 272 276 277 279 285 287 292 294
67
1 5 8 10 15 18 20 25 32 42 47 53 60 65 70 74 81 82 85 87 90 92 97 106 114 116 122 124 127 128 130 132 133 144 147 150 163 166 168 170 171 183 187 191 192 195 204 210 211 215 218 225 228 233 234 237 238 240 242 244 257 267 273 274 277 286 295
69
4 6 7 11 25 32 48 56 57 58 59 60 63 67 73 74 80 81 86 96 97 98 100 101 103 107 108 115 119 121 122 124 133 137 145 146 151 152 155 156 171 175 178 187 191 199 201 203 210 213 214 215 219 228 229 234 240 242 243 251 253 258 262 263 266 269 275 292 295
39
1 4 14 17 19 23 33 41 43 53 61 78 105 114 135 145 147 149 151 164 169 173 180 186 193 203 213 215 218 222 224 231 255 269 270 272 274 297 298
65
1 2 3 7 8 11 21 25 26 29 38 45 50 55 59 60 67 72 74 78 82 88 109 114 118 125 127 128 131 132 138 139 142 160 163 168 174 176 177 178 179 183 188 199 201 203 210 213 218 220 224 225 233 236 249 251 262 264 266 267 269 270 283 290 292
65
8 12 14 23 37 43 46 50 53 62 66 72 74 76 89 91 92 102 104 120 122 124 128 133 138 139 153 158 164 167 173 174 179 190 199 202 204 210 211 213 214 217 218 220 224 227 231 235 238 244 252 258 259 260 261 266 267 269 272 278 279 284 285 295 296
58
4 9 10 12 14 16 17 23 32 34 35 48 52 53 56 58 72 78 81 93 95 96 101 114 116 119 125 127 135 142 149 155 157 163 164 167 171 175 177 184 187 189 192 217 221 222 226 227 230 231 237 239 244 272 274 279 297 298
52
15 20 22 27 29 37 38 45 50 51 52 73 77 84 87 94 100 102 104 117 125 131 133 136 139 142 143 144 150 156 159 163 165 169 171 180 197 199 201 203 204 222 224 235 242 247 254 268 278 285 291 300
59
2 18 19 26 42 48 56 58 59 72 75 79 86 89 91 93 95 102 105 110 113 115 117 124 129 130 134 144 145 149 152 155 164 167 170 173 178 181 190 201 216 217 220 223 231 233 261 265 267 270 279 284 285 287 289 290 292 293 296
65
9 19 20 22 23 32 35 36 38 52 60 61 65 68 70 82 83 84 91 97 100 101 112 115 119 121 126 134 142 143 144 146 148 150 152 160 169 172 175 176 180 184 189 192 197 200 207 211 223 226 229 241 244 245 251 256 258 261 268 273 275 276 280 288 290
56
7 8 9 10 16 19 21 25 31 33 39 40 46 49 65 66 78 79 88 92 106 118 125 126 131 140 141 148 152 164 168 174 177 180 182 184 185 191 202 205 206 210 215 224 240 241 259 262 269 271 275 280 289 290 295 299
51
7 14 19 29 32 36 44 46 63 77 85 88 97 100 102 103 105 108 111 113 116 133 136 140 145 148 150 152 156 158 160 170 175 177 201 203 205 218 221 222 224 225 227 238 262 264 272 282 290 296 297
59
5 15 21 26 31 34 40 52 56 61 67 71 73 75 77 93 96 97 101 104 112 115 120 127 128 129 135 137 146 147 151 155 161 165 168 169 171 173 178 179 180 191 203 208 210 211 223 224 229 231 233 238 252 254 265 271 274 284 288
68
5 6 7 10 21 30 32 36 47 54 61 62 64 66 73 90 91 98 100 101 102 108 109 120 125 129 132 136 137 138 141 145 147 148 149 154 158 167 169 171 175 182 187 189 192 193 195 196 201 202 203 204 218 220 230 235 242 245 246 247 255 276 277 287 290 291 297 300
65
5 6 8 11 15 16 17 29 49 53 55 60 68 71 74 78 79 84 89 90 95 96 97 105 111 117 118 121 129 133 134 138 143 156 165 169 171 175 177 179 188 189 193 197 201 203 204 205 209 211 223 224 235 238 241 243 244 260 263 269 277 285 291 293 300
56
6 7 11 14 19 20 26 43 53 58 59 76 78 85 91 97 102 104 119 122 124 133 137 143 146 147 150 155 157 164 165 168 172 173 175 178 183 192 197 204 224 227 236 243 248 251 264 265 268 269 274 277 279 281 282 287
66
16 19 26 30 31 34 35 41 43 48 49 50 51 52 54 61 66 71 75 77 82 89 92 95 96 97 100 102 111 114 126 134 137 140 144 152 153 155 157 163 171 172 174 177 179 180 185 198 209 222 223 242 243 246 249 251 255 259 276 278 281 283 287 292 293 295
49
2 27 49 51 65 72 73 82 85 87 90 93 99 100 106 107 112 120 124 125 128 134 135 136 148 154 167 180 190 194 195 208 217 218 225 228 234 238 245 251 260 262 264 266 272 273 288 289 298
53
14 16 26 32 40 50 53 58 75 79 98 102 105 107 109 110 112 115 122 126 127 131 136 137 144 147 154 165 173 185 186 188 190 201 203 210 215 220 221 224 230 235 247 250 255 263 267 269 277 280 281 295 300
39
2 5 9 20 30 31 46 61 64 69 71 74 79 84 99 100 119 122 132 135 153 158 179 186 199 206 207 210 223 233 235 250 254 257 276 280 289 290 292
44
2 15 18 21 22 41 44 54 58 61 63 71 72 75 85 90 94 99 106 108 118 127 130 134 137 139 140 150 153 154 173 191 195 203 211 216 221 224 232 258 274 286 289 290
62
1 2 11 13 14 17 22 29 43 48 49 50 53 73 75 79 80 91 94 104 106 119 120 124 127 128 131 138 141 147 149 151 158 163 168 175 176 177 183 185 191 197 198 202 204 206 213 219 221 222 240 244 250 252 262 267 271 274 277 287 294 295
66
7 11 12 15 16 17 18 26 27 30 31 35 40 48 51 54 59 62 76 79 81 85 90 91 93 103 110 112 113 114 122 124 126 128 130 131 141 147 148 149 150 156 164 178 184 194 199 201 208 217 225 230 234 237 238 243 246 247 252 259 264 269 277 281 284 298
75
1 6 12 13 14 21 22 26 29 33 36 40 45 48 50 54 64 66 68 69 76 82 84 91 92 94 99 102 113 114 116 119 121 122 125 131 137 143 154 163 167 172 176 190 200 207 210 214 217 219 221 222 225 230 234 239 240 246 248 252 253 256 258 260 262 265 266 267 268 273 282 284 288 299 300
58
6 7 8 11 20 24 25 26 35 37 46 47 64 67 70 71 87 98 100 102 106 107 111 113 116 119 121 130 143 144 145 147 149 156 162 165 170 171 195 208 221 225 228 231 234 244 251 254 255 258 266 270 271 277 278 279 291 294
68
7 10 13 24 26 27 32 33 38 44 45 47 63 64 69 70 71 78 79 84 86 88 102 107 109 112 117 118 119 123 126 130 134 135 137 139 140 143 144 147 153 164 165 166 167 177 184 185 190 191 203 204 205 210 213 243 244 254 255 256 260 278 280 285 288 294 298 300
57
2 11 14 17 19 27 34 44 48 50 55 57 63 65 68 71 85 91 97 104 107 128 130 132 148 156 177 190 193 195 197 198 201 202 208 221 225 233 237 238 241 248 253 255 260 261 264 268 272 273 274 277 281 282 289 295 298
67
18 19 22 27 33 38 41 44 49 61 62 64 68 69 72 92 98 102 106 107 108 109 120 122 129 138 144 149 151 153 155 160 167 168 169 170 172 178 191 192 193 197 200 203 207 211 212 222 229 230 232 237 241 242 246 254 258 262 263 267 268 269 276 277 291 295 300
70
1 5 6 12 14 18 22 27 28 29 32 39 57 58 61 66 68 71 75 77 80 81 83 84 91 93 95 99 114 116 117 125 131 133 139 145 164 179 183 184 188 189 199 200 209 215 219 224 229 233 235 236 238 240 242 251 252 253 254 257 259 260 262 266 271 278 285 291 298 299
57
2 7 9 26 28 29 34 48 50 57 64 66 78 79 80 81 86 97 100 104 107 117 118 119 128 131 136 137 140 142 143 147 153 160 164 167 177 183 195 207 215 217 220 223 225 226 236 249 251 252 256 258 262 268 281 286 293
57
2 14 24 42 49 57 58 64 68 94 96 97 108 109 118 121 126 131 135 138 143 149 150 157 163 164 176 179 184 189 191 192 195 197 199 203 206 211 227 229 236 237 239 240 244 247 248 255 261 262 265 274 287 289 292 296 297
55
4 10 19 28 29 31 32 33 37 39 40 45 49 53 58 60 61 66 75 90 91 100 104 106 109 116 118 127 138 147 150 155 159 167 183 189 190 194 204 207 226 227 228 231 257 259 262 266 271 274 284 285 293 294 298
55
2 12 18 20 21 23 24 30 36 41 42 48 56 61 70 85 94 100 107 123 128 135 143 146 150 153 159 165 167 168 173 174 175 185 186 189 195 196 198 201 210 214 215 220 229 240 243 251 265 268 269 271 273 276 284
54
1 5 7 8 12 15 16 28 45 53 62 65 68 83 100 122 124 129 131 133 138 139 145 155 160 161 164 172 185 203 204 207 211 218 225 232 233 234 240 242 253 257 260 263 265 267 275 278 280 281 284 291 294 297
57
13 17 18 23 34 43 44 50 52 55 60 61 68 72 81 86 88 92 93 95 100 104 105 113 114 115 134 137 141 142 150 160 163 165 166 170 176 186 187 190 194 199 206 209 216 222 225 228 233 246 259 261 262 287 290 294 295
62
1 12 20 21 27 31 33 42 45 52 53 56 59 66 77 78 84 88 93 101 102 108 114 115 120 125 126 128 129 130 131 134 138 142 148 156 159 161 167 179 180 186 187 195 202 207 211 212 216 218 220 226 234 242 244 248 251 279 283 289 293 296
59
4 5 6 7 10 13 18 31 34 35 36 49 55 63 64 67 72 74 95 100 115 121 122 131 132 134 146 156 158 170 175 176 180 183 190 191 193 198 202 205 220 227 228 236 240 242 245 250 251 256 261 262 263 267 271 273 276 295 296
68
8 14 16 24 25 32 37 39 54 58 61 63 64 68 70 74 79 80 81 84 85 91 93 96 106 122 123 125 131 133 134 136 137 139 140 142 145 150 161 166 167 169 171 177 181 182 184 186 204 205 217 240 248 249 250 251 254 258 262 279 281 282 285 289 290 291 295 299
61
1 3 5 7 10 13 15 20 25 32 36 52 53 56 61 64 70 75 76 84 91 97 99 101 108 111 121 124 134 136 142 143 144 156 157 158 161 168 176 183 185 193 200 201 202 204 208 213 218 225 246 255 257 259 269 274 281 282 289 293 298
62
2 3 5 12 25 37 38 47 52 56 58 62 73 75 79 90 91 92 102 105 111 117 120 121 125 131 132 136 137 144 148 153 163 164 166 170 172 178 179 181 184 187 193 194 205 211 213 215 218 221 225 236 258 261 262 268 271 273 287 289 292 299
54
6 7 16 17 21 22 23 24 25 27 34 39 54 57 58 64 75 76 80 87 90 95 102 105 110 113 120 137 152 164 165 171 173 174 178 194 199 206 208 209 219 222 226 230 246 247 253 269 277 278 279 281 292 295
56
6 14 20 22 23 27 42 44 46 47 54 61 66 77 79 81 82 84 92 93 99 101 104 106 120 124 129 131 134 165 193 194 195 197 200 205 206 207 210 216 223 225 226 236 243 252 267 268 269 271 273 277 282 292 296 300
71
3 5 9 27 30 31 40 44 48 62 63 64 69 70 71 73 79 86 87 89 103 106 109 111 119 120 139 143 158 162 168 170 175 183 186 187 193 194 197 198 209 212 213 219 221 222 224 227 229 231 235 240 244 245 246 247 248 252 254 255 256 258 262 264 266 269 271 274 276 280 293
61
12 13 14 26 27 29 35 41 47 50 57 62 63 68 70 74 75 76 81 82 86 93 96 102 103 106 117 122 126 128 137 141 148 155 160 167 180 181 188 193 194 201 206 213 216 222 245 248 252 255 259 265 267 270 273 278 279 281 285 289 294
65
5 6 23 26 35 43 46 47 48 50 51 55 63 71 83 84 96 97 99 100 105 109 112 113 120 122 123 126 128 130 135 142 148 154 155 160 175 176 178 190 194 198 200 207 209 211 213 225 236 238 243 248 257 260 261 264 265 274 280 282 285 287 291 294 299
57
2 8 10 11 14 21 22 25 32 37 42 48 55 58 59 60 72 85 88 89 90 93 104 115 116 118 120 121 143 144 150 154 171 173 178 180 183 191 194 199 202 206 209 216 225 226 231 239 245 252 253 254 256 286 289 294 297
41
9 15 18 38 51 55 62 66 67 74 82 84 88 94 105 116 118 126 133 139 147 154 171 179 181 182 186 187 189 190 198 202 203 214 219 222 256 271 279 290 291
52
4 5 20 24 27 30 35 36 47 48 52 75 79 86 90 92 94 96 97 98 100 130 138 140 154 163 170 172 177 183 192 193 200 202 204 210 215 227 229 237 238 256 262 266 270 275 277 280 284 294 296 300
56
3 10 14 19 21 23 24 29 38 45 46 61 76 87 91 95 99 104 105 107 115 125 126 127 141 142 144 145 149 162 163 173 187 219 225 226 229 231 232 240 241 243 245 249 252 253 255 261 264 265 271 276 283 284 285 288
51
1 3 5 8 12 13 14 16 18 33 35 43 65 75 76 77 80 86 87 88 97 101 111 122 134 135 140 150 151 156 170 171 180 184 185 186 200 202 212 215 223 235 253 255 259 261 271 286 289 291 294
54
13 14 16 19 26 29 37 46 49 54 63 66 68 69 78 79 83 89 93 98 108 115 128 133 135 137 143 145 157 169 170 177 181 205 206 209 213 215 217 220 223 224 228 237 241 248 259 261 265 268 271 279 285 299
58
13 17 22 31 32 35 37 41 44 52 54 55 56 62 64 68 71 75 90 95 100 107 109 111 115 116 123 132 135 138 139 140 142 143 151 156 160 178 192 193 194 196 198 199 210 219 225 234 253 254 274 275 283 285 287 297 298 299
59
5 6 9 11 26 30 36 37 44 45 46 56 60 67 68 69 72 83 91 97 100 101 106 109 111 119 126 137 146 147 148 156 163 165 166 175 177 179 196 198 201 207 212 213 214 216 219 231 232 233 242 251 254 261 263 270 272 275 286
74
1 3 6 8 12 13 15 21 27 34 38 41 44 49 51 58 64 68 69 70 73 77 82 86 88 91 94 101 104 107 108 109 113 127 147 148 149 151 153 154 168 173 174 183 184 189 190 192 193 201 205 208 215 216 221 223 224 230 239 240 245 247 253 255 256 260 264 266 268 278 281 290 295 296
71
6 8 19 34 35 37 42 55 58 59 62 64 65 70 72 77 79 82 91 92 102 103 115 116 118 122 123 125 126 130 132 136 137 138 139 142 146 150 152 162 163 165 170 175 179 181 185 195 196 197 204 210 217 219 225 238 239 240 241 246 259 268 271 277 281 290 293 294 296 298 299
63
4 8 12 16 20 28 38 43 44 46 50 58 65 72 73 76 84 90 95 96 98 99 105 116 125 126 129 140 144 146 147 150 158 165 169 180 182 186 187 191 194 196 207 213 214 218 220 222 225 232 242 253 255 258 263 264 274 275 277 284 285 286 294
62
17 24 25 31 34 35 38 41 48 57 61 68 69 70 72 74 78 90 91 93 95 103 110 112 114 123 124 125 139 144 162 164 169 170 172 175 178 185 202 208 211 212 214 215 220 222 224 225 227 239 240 242 248 251 255 257 265 269 279 280 288 294
52
11 16 18 26 27 29 41 48 49 55 59 65 70 85 87 90 102 109 111 113 114 120 127 132 133 136 150 157 160 167 174 191 207 216 222 228 232 233 235 238 239 248 252 264 271 275 276 285 286 287 291 300
66
7 10 23 24 27 42 43 48 52 56 62 65 66 71 79 84 88 92 93 94 102 107 109 111 125 126 130 134 142 144 151 155 158 169 175 177 178 181 182 190 192 199 200 204 205 206 208 210 211 212 218 222 235 240 243 244 248 251 254 259 263 266 269 277 288 291
64
4 7 8 24 25 30 37 76 81 82 83 88 92 98 103 106 116 118 120 122 126 129 134 137 139 142 149 164 165 168 170 176 177 178 182 184 193 195 199 202 205 206 208 215 227 228 230 236 240 242 243 247 249 259 265 266 268 271 273 274 279 285 286 298
56
6 12 15 19 26 28 35 60 61 63 74 77 80 86 88 93 99 103 111 115 118 119 121 128 130 140 148 157 167 170 173 174 176 178 180 196 198 199 204 207 221 225 229 237 239 240 243 257 261 264 270 274 284 286 291 294
52
1 2 7 21 26 29 37 51 56 59 63 73 81 91 97 98 110 121 128 132 133 134 141 143 155 162 164 171 174 178 182 186 193 197 198 200 201 207 208 223 247 249 255 256 258 263 271 276 278 280 287 300
57
7 12 13 25 26 31 39 54 68 75 80 83 84 85 86 88 91 96 97 99 103 105 107 113 114 116 137 140 160 164 167 177 178 179 182 183 185 190 193 206 223 227 228 235 240 245 249 252 256 258 259 260 265 266 269 290 295
70
4 15 26 27 30 31 34 35 49 50 54 60 62 65 69 71 72 75 79 80 82 89 95 96 98 106 113 114 117 118 120 122 126 134 145 150 162 173 174 181 184 187 190 192 193 195 205 210 218 223 225 231 239 242 253 264 265 266 267 269 271 274 275 280 282 284 285 297 298 300
68
8 9 12 13 14 15 18 19 21 24 32 34 35 36 48 50 52 53 54 61 63 64 65 73 81 82 86 88 90 95 101 104 121 131 135 136 137 145 151 156 157 160 163 182 195 200 204 205 211 212 213 216 221 229 232 233 237 242 249 257 261 266 271 278 281 285 289 297
51
3 5 7 16 18 22 23 45 55 66 77 79 82 88 94 104 105 107 111 123 128 140 146 150 154 155 160 162 168 172 175 199 205 209 222 231 234 238 246 247 248 258 267 270 282 287 288 290 291 294 295
57
2 4 6 9 12 16 17 21 35 44 63 65 69 73 82 83 94 103 104 116 124 129 132 133 135 138 144 146 152 153 154 162 163 165 166 171 174 181 186 198 200 215 216 217 223 231 232 242 247 250 265 266 271 281 284 289 295
69
7 9 12 13 15 18 24 30 32 40 43 44 46 69 71 72 76 77 82 84 93 96 99 100 101 109 111 112 113 116 118 126 128 132 136 139 142 156 160 164 166 168 172 174 203 207 208 229 231 232 233 235 239 243 244 247 249 250 251 256 257 258 261 262 265 276 281 283 294
62
4 6 7 11 22 23 27 28 29 30 38 51 56 58 62 65 68 76 78 80 81 90 95 108 113 114 119 120 127 128 134 137 161 166 171 177 181 185 193 196 197 202 204 217 227 230 234 235 237 241 246 247 250 251 263 264 274 275 277 284 289 294
62
2 7 13 14 18 20 27 35 38 40 48 49 50 58 62 63 67 68 71 76 81 82 89 90 97 98 101 106 107 113 117 121 124 131 141 142 143 145 157 162 166 168 184 192 196 203 208 211 213 218 221 229 235 236 241 244 255 258 271 272 276 286
69
8 10 13 16 17 21 28 29 30 31 36 40 41 45 51 58 62 66 77 82 85 86 91 101 103 106 109 113 130 131 132 137 139 140 142 149 150 152 153 154 156 157 173 175 189 191 198 203 205 206 216 217 225 232 233 238 240 245 247 260 261 262 269 272 275 280 289 291 293
58
10 18 21 24 26 29 32 36 53 55 64 72 76 85 87 92 97 103 104 109 112 116 122 124 131 132 135 137 139 144 145 155 159 162 167 169 171 190 192 193 194 208 216 223 224 233 238 241 243 244 245 249 256 273 274 278 286 299
62
17 18 25 29 34 41 45 46 51 54 64 78 80 82 83 88 90 92 94 96 103 104 106 107 111 114 121 126 128 132 135 136 139 143 146 152 153 157 158 164 165 178 182 185 197 199 202 210 211 215 223 235 236 238 256 262 266 270 273 281 288 298
65
3 8 9 13 18 19 20 28 30 38 41 48 55 58 80 95 99 108 119 120 126 128 129 139 140 141 147 157 158 159 160 164 166 168 175 176 178 179 190 192 198 203 210 215 217 219 224 229 231 247 250 254 257 258 260 264 273 275 276 281 286 287 289 294 300
54
3 5 7 25 31 36 37 45 55 58 65 71 72 74 75 78 89 96 109 121 122 124 127 129 132 136 138 139 144 168 170 190 193 194 198 199 205 206 208 216 220 234 235 239 246 256 260 261 263 264 267 269 295 296
61
15 17 20 24 27 36 49 51 54 60 61 62 66 69 71 72 90 92 104 111 113 115 116 117 128 134 142 145 148 154 155 162 166 171 176 180 193 197 200 202 203 208 216 218 219 220 227 242 243 244 251 252 260 263 267 270 276 287 291 292 293
53
1 8 11 15 28 37 41 45 49 53 60 61 77 83 94 98 104 111 113 122 125 134 141 145 150 152 153 156 159 164 172 181 182 183 190 199 201 209 224 228 229 243 252 255 265 267 269 275 277 280 292 297 298
66
1 4 5 6 9 11 18 19 24 25 30 32 41 45 47 49 53 54 55 56 65 67 68 69 71 76 77 79 87 94 96 97 98 100 112 113 118 127 136 138 143 149 152 170 173 174 184 190 197 200 203 219 240 253 257 262 263 271 273 277 282 284 285 289 295 296
60
4 5 16 17 23 24 35 36 37 42 55 57 59 67 69 74 92 93 95 98 99 103 108 112 114 115 119 122 123 124 133 139 144 152 157 169 180 183 184 195 196 200 202 206 209 210 212 225 226 231 238 239 252 255 262 272 274 282 286 294
46
15 24 31 32 37 39 40 42 46 49 55 64 67 81 83 85 86 91 95 97 110 113 117 121 124 126 128 153 159 162 166 180 186 190 201 214 239 241 245 252 257 262 264 268 287 295
68
1 7 14 15 16 17 21 22 27 28 39 43 47 59 64 65 66 69 74 87 91 93 100 103 106 107 108 110 115 122 124 133 138 150 151 152 154 156 160 161 166 167 174 190 197 199 201 204 208 209 210 218 221 234 238 239 240 243 246 248 257 260 265 269 275 276 286 288
65
5 10 13 14 20 25 34 42 43 56 58 64 70 80 81 89 91 96 98 100 102 110 126 127 131 133 136 137 138 146 157 162 163 165 167 171 172 175 179 214 215 216 217 228 230 233 234 236 238 241 242 246 249 250 251 254 255 259 268 270 273 276 284 293 300
64
5 7 12 17 18 22 35 42 45 49 57 58 59 66 67 68 79 80 85 89 91 92 93 94 104 105 107 114 117 118 120 132 138 139 143 147 150 153 154 164 170 173 184 191 205 213 221 224 240 244 255 259 266 275 276 278 279 280 282 284 290 291 292 295
69
3 7 8 21 27 30 33 37 46 51 58 62 71 72 75 79 81 82 88 89 91 97 102 105 120 121 126 128 134 141 148 151 163 165 168 169 181 182 183 184 186 199 204 207 209 217 219 221 228 231 236 238 243 245 246 250 255 257 263 268 269 270 274 288 293 294 296 299 300
63
3 8 9 16 23 43 44 61 63 66 67 68 70 71 82 86 88 93 100 107 115 117 127 131 133 141 144 146 147 148 153 163 164 167 172 175 177 184 187 192 195 199 206 208 212 215 216 222 238 240 241 251 259 267 268 269 272 274 277 291 294 296 300
66
8 14 20 25 27 40 43 44 51 52 53 62 64 66 77 78 79 81 82 91 94 95 97 99 104 107 129 137 139 151 154 155 162 173 178 196 198 199 209 210 213 225 227 228 229 232 242 243 244 247 251 254 260 261 269 277 279 282 285 288 290 291 295 297 298 300
55
5 17 19 23 26 29 31 44 45 48 54 57 64 68 70 75 91 93 94 98 108 116 126 127 130 131 139 140 141 158 172 174 177 181 190 192 195 208 209 213 214 219 231 239 243 246 247 253 267 280 285 288 292 293 299
67
12 13 15 21 22 24 27 28 34 37 38 45 53 54 62 68 70 72 76 78 86 87 94 95 105 109 112 116 117 118 121 127 133 136 137 138 139 147 155 166 168 170 171 174 180 181 187 196 203 204 213 214 251 254 256 260 263 265 266 270 274 282 287 292 298 299 300
66
4 7 11 17 29 35 36 39 53 56 60 63 67 69 74 79 90 91 100 101 107 110 118 125 130 145 147 151 162 163 164 172 180 181 184 187 194 199 203 205 206 209 219 223 224 232 234 235 237 238 240 246 247 250 252 254 257 260 261 262 276 290 291 292 293 298
56
1 3 20 22 40 43 46 57 64 73 74 75 80 88 99 103 105 117 138 146 148 151 163 165 167 170 175 179 183 193 199 202 204 205 210 211 212 223 238 240 245 246 247 249 251 254 257 263 265 269 271 272 275 280 284 292
63
1 2 4 6 8 11 12 22 24 27 33 35 45 63 65 69 77 78 79 84 89 91 92 95 108 111 113 119 122 126 134 144 145 154 157 163 168 172 177 190 192 193 194 200 210 218 219 225 229 239 241 242 244 245 250 252 254 259 267 274 279 289 292
60
4 13 14 15 16 19 21 24 38 39 46 67 71 76 86 89 96 104 110 111 115 116 120 124 129 130 133 135 137 151 164 176 178 181 185 197 214 216 217 218 222 226 234 239 247 248 251 252 254 264 268 276 278 280 283 294 295 296 297 298
56
4 16 17 25 27 30 31 55 56 57 59 60 64 67 70 71 72 80 85 86 94 113 117 118 129 130 139 149 152 157 159 160 161 164 166 167 174 176 184 186 189 190 206 208 216 235 244 248 253 255 265 268 275 282 283 296
53
2 7 8 9 11 21 28 30 31 32 37 48 49 61 67 69 78 80 86 87 101 104 109 127 135 136 139 147 151 153 173 175 183 192 201 207 209 213 214 215 228 230 250 255 256 273 277 279 280 281 290 295 300
68
1 2 5 16 31 34 35 42 43 48 51 52 54 56 66 72 73 74 76 79 84 109 113 118 119 121 127 142 144 148 152 163 165 170 172 173 174 175 176 177 181 183 184 187 195 196 200 202 209 221 224 233 237 239 240 244 249 254 259 261 262 266 269 282 288 289 292 298
62
13 20 27 31 35 36 39 41 47 48 61 62 64 70 75 76 78 83 92 113 115 126 127 133 134 137 140 141 142 144 149 153 154 158 159 161 165 171 179 187 192 193 197 198 200 202 204 207 209 210 222 230 237 241 248 260 263 270 273 278 282 289
63
1 5 7 11 17 19 20 24 25 27 35 36 38 40 42 47 50 54 55 61 64 69 75 78 80 88 94 106 111 115 116 117 126 128 133 141 142 146 160 164 166 167 174 177 190 203 204 207 214 216 220 228 233 235 247 251 253 259 260 275 288 290 299
53
1 7 10 28 31 36 38 40 48 72 73 87 91 92 94 99 102 104 128 132 142 148 149 150 159 160 161 165 170 172 184 188 197 205 206 213 215 222 230 232 237 239 243 250 251 263 265 267 269 276 279 281 288
50
8 12 14 21 26 28 30 37 38 45 49 51 55 60 61 62 71 73 82 89 94 103 104 105 110 116 117 126 130 134 152 160 167 170 176 181 193 194 197 204 212 219 224 242 253 257 265 270 292 298
66
3 5 8 17 29 32 34 35 43 44 49 53 57 68 70 71 74 75 79 84 88 90 92 93 94 99 103 106 117 121 128 130 134 135 137 138 140 143 145 148 153 154 162 179 181 183 184 189 192 207 210 212 228 229 236 241 243 247 253 258 264 266 277 280 284 293
55
5 7 11 14 20 27 29 32 40 43 44 52 58 62 65 89 96 98 109 111 117 120 124 126 136 138 152 156 157 160 161 164 176 181 184 193 204 210 216 223 228 237 238 245 248 253 262 265 271 280 284 285 287 290 297
56
2 8 13 18 25 28 30 33 36 37 51 65 70 72 86 91 93 94 97 99 103 113 126 130 133 145 149 154 155 172 177 183 190 193 205 211 217 219 232 237 244 250 251 254 257 262 268 269 270 272 275 277 279 285 289 299
57
6 10 18 19 31 34 40 51 63 75 82 89 94 97 100 110 111 112 117 122 129 134 136 140 147 148 149 150 152 154 157 160 166 174 179 183 184 188 194 200 222 231 234 236 240 244 248 251 262 267 279 281 286 287 290 292 295
55
1 11 23 24 30 36 38 39 40 41 42 44 46 48 49 52 60 70 73 98 99 100 110 117 125 126 128 131 137 139 140 144 149 154 180 182 187 196 202 206 210 211 213 215 228 230 251 257 264 265 266 271 282 283 297
54
9 18 36 38 41 49 59 64 67 70 72 73 84 86 92 99 105 107 112 121 125 134 140 142 149 150 158 162 171 181 185 189 194 199 200 206 214 220 222 224 226 232 246 254 257 261 268 273 274 275 283 284 285 298
62
4 5 9 15 20 21 28 29 32 36 51 70 72 74 79 83 94 97 98 100 103 107 108 112 117 120 144 149 160 164 165 167 171 174 176 180 189 190 191 194 199 210 212 214 231 238 239 244 250 257 258 266 269 274 278 280 281 284 287 289 294 297
56
9 13 17 20 22 28 37 57 58 68 73 91 96 109 112 114 115 121 127 139 141 147 155 178 179 181 183 186 187 195 198 201 207 212 216 223 225 226 228 233 235 238 244 249 254 259 266 267 268 269 271 276 278 282 286 292
56
1 7 9 22 29 43 45 47 50 66 67 72 77 78 80 93 99 104 105 109 114 116 117 123 129 135 136 142 162 166 167 173 176 179 189 190 194 203 205 212 216 217 219 224 230 236 238 245 251 252 253 262 264 270 276 292
65
3 4 6 12 14 15 20 28 31 37 38 44 56 58 60 70 92 96 97 99 108 111 112 115 117 133 135 144 153 154 155 156 158 162 163 174 180 187 190 191 193 201 202 203 205 220 224 228 235 238 245 247 252 254 257 266 278 282 284 286 292 293 295 297 298
66
2 4 6 11 13 17 23 33 34 38 39 40 43 47 54 58 71 72 73 87 88 90 107 113 116 118 123 124 128 131 136 138 141 144 146 148 159 160 165 168 169 172 187 196 199 202 208 217 230 237 238 240 250 256 257 258 260 270 274 281 284 285 287 289 295 300
64
4 5 13 18 36 37 38 39 52 53 55 61 64 69 70 73 74 81 92 96 106 113 121 126 130 132 136 137 138 139 148 149 156 161 164 165 172 184 189 195 199 200 211 213 216 222 223 233 236 240 243 244 246 249 254 255 259 262 264 267 271 273 278 280
60
1 3 4 5 6 10 16 18 20 21 22 30 32 35 53 80 83 94 95 100 102 112 114 120 121 134 146 148 150 152 164 171 172 176 177 179 185 189 191 192 194 195 200 201 207 226 228 229 235 240 253 257 260 263 264 277 278 285 291 293
53
6 14 21 35 40 41 42 48 49 50 53 58 59 68 70 88 89 93 101 104 106 109 112 118 121 122 125 127 136 147 151 153 158 161 178 183 196 218 226 227 235 237 255 258 259 268 276 277 278 284 286 292 299
62
4 10 25 31 35 37 40 42 43 45 53 60 69 70 71 76 85 91 98 101 106 113 121 123 126 133 137 156 165 167 168 178 180 182 187 194 195 197 199 202 216 217 218 225 229 230 232 233 236 240 247 261 262 266 268 269 274 276 291 293 294 295
56
2 3 8 14 20 21 24 28 34 39 40 55 58 61 81 87 92 94 95 100 102 108 110 116 117 123 131 147 156 159 160 161 170 172 175 182 184 186 202 210 211 219 225 228 237 238 247 251 258 271 274 278 282 285 289 298
62
9 10 14 22 25 32 43 60 69 70 73 75 76 77 82 91 96 97 104 111 113 118 133 140 141 151 152 157 160 169 170 174 177 180 181 186 195 197 204 208 210 211 214 218 220 227 237 249 250 251 254 255 256 259 263 264 269 274 281 283 284 289
58
3 6 9 11 16 19 23 24 25 29 37 39 45 50 52 62 68 71 73 75 78 85 87 94 101 105 111 113 115 117 118 125 135 139 146 149 158 168 173 186 191 195 206 211 212 222 224 238 242 243 248 258 259 265 274 284 286 297
56
19 32 35 51 56 57 63 68 78 81 88 90 92 96 99 100 105 134 135 142 143 145 149 157 168 175 177 183 187 188 189 191 194 198 199 206 211 215 231 234 237 238 242 245 247 265 271 275 278 281 291 292 293 294 297 300
62
7 14 16 19 29 32 39 44 50 52 57 67 79 80 82 85 89 95 99 101 109 113 125 126 128 133 140 142 144 148 152 154 160 165 168 170 186 200 201 202 204 211 214 217 219 225 228 230 236 242 251 256 258 259 262 263 268 274 277 278 290 293
68
3 9 27 28 31 35 38 40 47 48 59 60 61 64 74 76 85 93 95 98 100 101 103 107 108 109 120 122 123 133 137 139 145 165 166 167 169 171 191 197 205 206 211 213 216 220 228 231 232 233 242 249 253 254 256 258 261 268 269 271 273 277 286 288 289 291 298 300
47
5 17 20 26 31 41 42 48 52 71 78 83 86 96 98 108 110 111 114 124 131 152 161 168 171 172 182 183 187 198 205 207 208 214 221 226 238 241 249 250 254 255 267 273 278 285 287
64
3 4 12 15 24 26 30 43 44 47 54 60 61 64 71 73 75 82 87 96 97 102 109 117 123 125 126 128 130 134 142 147 153 156 162 174 176 177 178 185 187 192 195 198 206 207 208 223 228 239 241 242 243 247 250 253 255 264 268 279 286 287 292 293
56
9 17 27 30 40 48 49 52 53 58 61 67 71 76 79 95 99 105 107 108 123 124 128 140 142 143 148 153 162 163 166 168 173 174 175 187 199 207 216 217 218 221 229 232 244 251 253 259 261 263 264 276 279 280 283 288
64
6 13 18 30 31 33 52 53 54 73 77 81 82 91 95 106 114 119 120 121 122 125 129 130 133 134 138 154 160 166 176 178 183 187 192 193 197 205 211 216 229 232 237 239 241 243 254 257 258 262 263 265 272 276 278 280 281 282 284 287 288 297 298 300
60
3 4 7 13 16 22 31 44 55 62 65 67 68 73 74 77 80 83 94 98 103 121 127 129 130 135 141 143 146 152 153 163 166 170 178 181 188 193 195 198 219 224 229 230 240 241 242 249 252 261 266 268 274 281 282 283 284 286 287 298
58
5 6 24 27 38 40 47 55 61 63 69 84 91 94 95 96 100 109 110 111 113 115 116 123 124 131 142 148 151 166 167 169 176 184 187 193 200 202 210 220 222 237 239 244 246 249 253 256 263 264 270 271 274 279 290 291 293 296
59
10 11 16 22 24 27 44 52 55 57 59 64 65 75 77 85 88 89 92 100 111 115 118 119 129 131 138 139 141 145 148 149 151 157 168 178 180 182 187 194 195 197 216 220 222 225 227 230 236 237 251 258 268 269 272 274 277 279 283
66
4 13 14 19 22 23 24 35 42 44 62 65 70 74 80 83 84 86 87 88 101 112 118 127 137 138 141 151 152 156 157 162 165 166 169 182 185 189 190 194 197 200 206 207 210 213 220 222 225 226 228 233 238 240 242 243 251 259 261 264 268 271 272 273 276 288
64
8 10 19 21 23 24 25 31 33 35 53 60 67 70 72 74 75 81 90 95 97 104 119 121 128 142 145 147 154 159 162 167 184 185 188 191 194 199 203 207 209 210 214 218 224 225 227 228 230 231 237 238 239 244 250 253 258 259 269 271 280 284 286 288
74
3 4 8 15 17 18 20 23 24 27 28 31 34 36 41 43 44 46 50 56 57 66 70 71 73 78 82 90 92 96 100 102 110 129 130 136 142 149 151 153 156 157 164 170 173 176 178 181 186 190 192 195 198 208 210 218 223 224 226 238 249 251 254 257 261 264 266 267 278 280 281 290 298 299
67
4 8 10 13 14 15 16 18 26 27 34 47 48 51 53 64 67 72 73 80 94 98 99 104 109 110 112 119 121 134 136 142 148 149 159 161 163 169 173 177 185 190 193 194 197 198 211 212 215 222 223 234 235 238 241 245 247 254 260 261 263 265 266 269 284 288 299
67
13 17 29 34 37 40 45 52 58 61 63 64 74 75 76 77 89 92 99 103 105 110 116 119 120 130 140 144 149 150 164 166 169 176 180 181 189 190 197 203 204 206 216 218 225 226 230 236 239 250 252 257 259 261 262 263 267 272 274 275 276 284 285 289 294 295 300
71
10 12 14 18 20 32 33 43 44 45 47 54 63 64 72 75 80 83 84 87 90 91 94 97 98 106 116 120 121 123 125 132 134 141 142 144 145 153 157 164 167 168 171 175 178 182 185 194 195 200 202 211 217 218 221 226 230 234 238 244 252 258 260 266 267 269 270 277 278 285 300
71
5 10 11 22 29 33 36 37 43 44 46 49 59 63 66 75 83 84 91 93 95 96 97 103 108 109 111 112 113 115 118 123 127 142 143 145 151 156 158 163 171 176 181 194 195 197 200 203 207 214 222 225 232 233 235 238 240 243 245 253 257 261 268 269 271 276 279 286 289 291 299
69
2 3 14 18 20 27 28 35 38 39 40 42 51 53 55 58 63 64 66 72 75 80 81 82 85 89 95 96 97 109 118 119 122 134 140 143 144 146 148 153 157 158 161 162 165 172 192 193 196 197 201 203 217 220 225 233 234 241 242 243 245 254 260 261 274 277 283 294 299
61
4 12 20 26 29 32 35 38 47 49 54 55 56 69 71 78 79 83 84 85 90 97 110 114 121 140 142 150 159 161 169 171 173 177 178 180 185 186 193 195 196 206 216 217 221 226 247 250 252 256 260 268 272 274 276 280 286 287 292 293 297
65
6 9 12 15 28 32 39 40 50 60 63 66 76 79 80 81 87 90 95 98 100 105 108 112 115 118 119 122 126 133 139 158 160 166 167 170 172 180 181 183 184 186 199 202 208 209 221 224 226 232 233 236 238 243 248 253 255 257 260 266 271 282 285 294 298
53
3 9 18 19 21 23 33 38 43 57 61 64 73 75 78 81 87 88 89 97 103 117 120 135 139 144 146 149 153 155 165 183 186 197 202 204 209 212 213 217 232 233 237 238 239 249 255 257 277 279 282 295 296
58
3 12 23 24 28 30 32 33 36 39 43 51 64 71 74 80 85 88 92 94 96 106 114 119 124 125 136 137 143 144 148 150 155 166 174 176 177 185 190 196 200 201 205 210 216 221 225 227 231 233 248 262 269 276 284 290 296 299
53
9 12 14 23 26 28 35 36 42 43 57 68 72 77 84 87 95 105 107 109 121 124 128 129 134 137 144 149 156 166 168 174 197 198 202 204 212 216 220 222 234 238 244 253 260 266 278 279 283 286 287 292 299
