100 200
1.0 1.0 1.0 1.0 1.0 1.0 1.0 1.0 1.0 1.0 1.0 1.0 1.0 1.0 1.0 1.0 1.0 1.0 1.0 1.0 1.0 1.0 1.0 1.0 1.0 1.0 1.0 1.0 1.0 1.0 1.0 1.0 1.0 1.0 1.0 1.0 1.0 1.0 1.0 1.0 1.0 1.0 1.0 1.0 1.0 1.0 1.0 1.0 1.0 1.0 1.0 1.0 1.0 1.0 1.0 1.0 1.0 1.0 1.0 1.0 1.0 1.0 1.0 1.0 1.0 1.0 1.0 1.0 1.0 1.0 1.0 1.0 1.0 1.0 1.0 1.0 1.0 1.0 1.0 1.0 1.0 1.0 1.0 1.0 1.0 1.0 1.0 1.0 1.0 1.0 1.0 1.0 1.0 1.0 1.0 1.0 1.0 1.0 1.0 1.0 1.0 1.0 1.0 1.0 1.0 1.0 1.0 1.0 1.0 1.0 1.0 1.0 1.0 1.0 1.0 1.0 1.0 1.0 1.0 1.0 1.0 1.0 1.0 1.0 1.0 1.0 1.0 1.0 1.0 1.0 1.0 1.0 1.0 1.0 1.0 1.0 1.0 1.0 1.0 1.0 1.0 1.0 1.0 1.0 1.0 1.0 1.0 1.0 1.0 1.0 1.0 1.0 1.0 1.0 1.0 1.0 1.0 1.0 1.0 1.0 1.0 1.0 1.0 1.0 1.0 1.0 1.0 1.0 1.0 1.0 1.0 1.0 1.0 1.0 1.0 1.0 1.0 1.0 1.0 1.0 1.0 1.0 1.0 1.0 1.0 1.0 1.0 1.0 1.0 1.0 1.0 1.0 1.0 1.0 1.0 1.0 1.0 1.0 1.0 1.0
9
24 35 40 60 64 75 154 186 192
12
8 41 57 70 79 117 132 160 165 181 198 199
7
6 20 55 102 157 171 188
11
2 21 24 35 46 78 84 138 176 189 190
6
18 28 64 145 175 199
9
7 14 24 33 42 43 141 159 179
11
3 9 30 31 33 84 111 121 130 155 170
15
4 27 51 61 62 66 70 81 83 94 123 124 132 159 199
9
25 28 108 117 129 153 168 189 191
15
29 44 49 57 59 75 89 98 107 124 143 145 153 161 179
7
21 35 38 64 90 134 148
4
4 64 95 195
7
19 21 25 85 135 141 184
10
56 92 102 106 130 145 147 168 186 187
10
28 37 43 71 89 108 114 120 126 187
12
1 8 15 57 75 77 89 117 139 150 153 175
10
2 25 34 36 38 76 111 137 159 192
10
15 63 64 71 74 114 158 173 181 186
12
21 39 42 49 53 56 68 90 92 130 191 194
8
66 88 91 123 140 150 153 171
10
76 85 95 105 109 110 114 123 124 151
15
6 36 44 45 46 63 91 100 105 113 140 149 150 168 182
11
2 12 32 64 84 92 132 149 154 187 189
13
23 35 36 52 53 92 108 112 113 130 137 145 178
11
45 57 60 84 93 117 145 155 175 184 193
9
58 73 84 86 115 116 134 184 186
7
64 67 95 97 102 143 198
2
79 175
17
1 3 8 29 35 40 54 70 81 88 91 151 164 173 181 191 192
12
13 23 28 32 39 57 61 110 129 152 158 182
13
40 55 67 79 114 120 131 140 149 154 183 197 200
10
10 27 35 44 83 123 145 162 188 196
15
4 9 12 68 79 90 104 106 126 127 147 153 154 192 200
11
5 10 55 73 100 103 140 151 168 175 191
14
12 20 21 29 32 34 45 84 101 106 111 148 175 182
7
15 33 95 111 120 140 199
14
17 54 55 69 73 84 91 104 112 128 146 154 162 165
13
1 5 12 19 25 35 41 55 76 79 81 85 200
9
15 36 71 74 78 79 81 100 149
6
12 37 67 134 188 192
17
1 18 39 49 57 72 74 88 91 115 120 132 135 147 176 190 195
8
5 7 15 34 96 138 149 170
8
20 41 58 88 129 137 170 187
13
26 60 61 63 69 79 81 114 125 130 148 152 178
10
37 47 48 62 63 66 98 145 174 180
8
27 28 35 80 88 106 157 200
7
25 34 93 105 136 145 151
11
13 25 57 78 83 86 112 115 136 137 178
12
52 57 64 113 114 122 124 129 130 146 197 200
8
54 63 104 110 123 128 176 190
7
8 23 37 99 183 186 194
10
4 14 43 89 114 132 142 144 148 156
7
25 59 71 83 105 136 163
11
12 25 50 73 91 101 118 139 155 168 173
10
36 46 60 73 113 116 135 143 163 193
5
17 32 73 105 186
17
17 28 64 76 94 96 121 123 141 155 159 162 171 172 186 187 194
8
13 50 108 110 113 145 193 195
10
9 33 43 44 67 72 96 107 167 197
11
17 27 45 62 63 102 106 125 129 152 174
14
7 25 30 41 45 59 80 90 98 107 146 188 191 195
12
33 40 68 102 109 110 136 139 161 175 188 195
4
22 99 166 168
10
15 18 41 76 77 84 101 103 134 196
9
74 90 111 132 148 152 153 160 177
6
21 47 84 92 153 175
12
20 34 36 43 76 79 98 101 108 115 126 185
5
10 36 81 90 198
8
13 23 30 94 121 140 150 167
10
5 25 31 46 55 102 109 121 147 188
10
43 111 113 118 128 134 175 182 188 197
9
11 67 82 121 141 173 182 185 195
17
5 23 36 39 57 61 79 82 102 109 120 127 138 163 166 179 187
8
11 73 84 121 132 142 164 184
7
12 23 25 113 146 164 197
6
11 28 49 88 109 190
14
5 29 34 70 75 78 79 96 106 116 127 132 180 192
13
25 28 70 84 105 106 111 120 121 126 170 174 178
9
10 13 106 135 147 170 172 179 198
8
20 28 48 52 74 80 99 113
7
11 22 64 83 119 138 147
13
6 8 30 40 84 113 159 168 178 184 193 195 199
10
54 58 97 109 134 139 141 167 181 195
8
47 77 85 96 109 126 157 173
13
15 31 53 71 102 110 121 135 139 189 194 197 200
13
5 6 18 26 33 55 84 112 117 143 144 153 197
13
25 31 58 62 85 91 95 131 158 170 191 194 195
11
4 29 35 60 73 74 98 145 160 178 184
5
37 56 93 119 121
8
30 41 135 136 148 164 182 194
8
6 47 77 80 118 123 127 165
7
33 39 91 143 148 160 177
8
32 33 68 75 79 151 183 186
16
6 27 52 56 96 110 121 126 128 138 139 153 160 181 186 190
15
20 64 68 79 88 98 107 129 135 140 158 165 167 178 196
13
26 35 52 86 97 108 134 158 169 172 183 185 198
19
8 14 19 25 37 52 80 92 98 112 118 133 139 143 160 178 179 191 194
11
33 49 64 101 123 125 134 157 158 166 190
12
3 19 33 90 98 125 132 141 147 156 179 184
16
3 9 36 38 44 63 84 91 106 117 124 137 143 147 162 198
