50 100
1.0 1.0 1.0 1.0 1.0 1.0 1.0 1.0 1.0 1.0 1.0 1.0 1.0 1.0 1.0 1.0 1.0 1.0 1.0 1.0 1.0 1.0 1.0 1.0 1.0 1.0 1.0 1.0 1.0 1.0 1.0 1.0 1.0 1.0 1.0 1.0 1.0 1.0 1.0 1.0 1.0 1.0 1.0 1.0 1.0 1.0 1.0 1.0 1.0 1.0 1.0 1.0 1.0 1.0 1.0 1.0 1.0 1.0 1.0 1.0 1.0 1.0 1.0 1.0 1.0 1.0 1.0 1.0 1.0 1.0 1.0 1.0 1.0 1.0 1.0 1.0 1.0 1.0 1.0 1.0 1.0 1.0 1.0 1.0 1.0 1.0 1.0 1.0 1.0 1.0 1.0 1.0 1.0 1.0 1.0 1.0 1.0 1.0 1.0 1.0
29
1 2 11 12 13 21 27 36 38 39 40 41 44 46 51 62 63 64 70 72 77 79 81 82 83 88 91 94 96
21
7 15 16 17 27 35 38 39 41 42 43 44 48 51 55 56 65 71 74 85 90
18
6 10 18 22 25 27 36 41 45 54 70 76 83 85 87 88 91 97
26
2 4 10 19 23 25 28 35 36 40 45 47 48 50 51 53 54 55 63 72 76 77 78 88 90 93
30
1 2 4 6 9 16 17 21 25 26 27 29 33 39 45 46 47 51 58 62 64 65 66 77 85 86 89 91 94 98
15
8 17 20 35 39 40 43 48 58 69 70 82 84 86 100
20
7 13 16 24 36 39 48 49 50 52 59 66 67 68 70 77 82 95 97 100
21
5 20 23 25 26 35 36 40 58 59 61 62 72 73 76 81 86 87 91 95 98
21
3 13 14 25 26 27 32 37 40 41 43 46 51 60 61 68 69 75 87 96 97
15
4 11 12 15 16 25 37 40 44 47 49 52 63 72 93
18
1 7 9 18 21 32 38 41 43 46 48 50 55 65 67 74 92 100
17
4 6 9 17 18 23 24 26 41 42 44 53 72 74 77 81 91
18
1 3 4 11 12 19 21 24 27 36 42 51 65 67 78 88 93 97
18
18 24 35 41 47 49 51 52 56 58 61 73 75 80 91 94 95 100
27
3 10 13 15 24 25 26 30 37 38 41 52 53 55 56 63 69 71 78 80 86 90 93 94 95 96 97
14
6 12 24 26 32 36 40 47 59 71 72 87 93 99
13
5 15 22 30 49 67 69 71 72 83 86 92 93
22
2 16 18 20 21 35 39 49 50 53 58 63 65 70 76 78 81 84 90 95 97 100
18
18 20 25 27 28 31 32 33 39 44 47 49 52 53 65 90 92 96
24
4 9 24 28 38 42 46 48 59 60 64 65 67 68 77 78 79 81 85 86 94 95 97 100
25
1 4 5 9 12 22 26 29 34 35 36 41 42 43 47 55 58 70 79 82 83 86 87 93 97
19
3 8 13 18 23 27 29 30 46 49 57 58 65 68 69 74 80 82 95
14
2 17 20 31 43 46 49 52 59 71 76 80 84 89
16
7 8 17 21 23 26 37 41 43 56 61 70 71 80 85 93
17
11 22 25 31 36 38 39 47 51 55 66 70 71 78 84 90 96
20
3 10 11 24 29 30 37 43 45 49 58 66 67 70 74 75 79 87 89 98
16
1 16 23 40 44 50 68 69 72 79 83 85 89 91 96 97
21
2 4 12 16 20 22 31 32 35 36 48 51 52 58 64 67 70 71 74 86 97
20
14 23 25 27 34 35 37 38 44 66 71 74 75 80 85 89 92 94 98 99
15
3 6 9 10 19 32 34 45 54 63 81 89 92 96 98
17
1 3 6 13 17 23 26 31 36 42 60 64 74 84 90 94 97
24
6 7 11 14 33 37 39 41 44 45 47 51 53 61 63 67 69 71 82 88 91 94 95 98
16
3 14 20 33 36 39 51 59 67 68 71 75 82 84 85 98
20
1 2 6 14 20 21 23 33 36 41 52 53 57 60 61 63 68 70 72 79
19
6 7 12 13 16 18 32 36 47 63 74 75 76 79 80 84 94 95 96
21
3 5 17 19 21 22 23 24 29 30 31 37 48 55 59 61 62 70 78 91 99
21
2 5 13 21 22 35 49 52 53 54 58 60 61 62 63 70 74 78 88 90 100
20
2 5 8 11 12 17 22 24 25 38 39 42 43 46 51 53 56 65 82 98
15
5 25 29 32 34 43 49 50 57 58 61 62 70 82 84
27
3 5 8 18 20 24 31 34 35 38 43 44 51 53 54 55 57 66 67 74 84 87 88 91 93 94 97
24
2 3 4 17 19 20 25 28 35 41 42 44 45 46 48 55 60 66 68 69 71 75 77 78
23
1 2 3 10 17 23 30 32 36 42 48 53 55 56 59 60 63 69 70 71 80 84 99
19
4 7 8 28 38 46 54 62 63 64 65 69 72 78 84 85 90 91 95
20
5 22 28 30 37 40 57 59 62 66 67 76 83 84 85 88 91 93 97 98
20
6 14 15 20 25 31 47 48 50 54 55 57 63 68 71 75 84 90 96 98
18
6 15 17 20 44 50 55 56 61 68 71 74 80 85 93 94 96 97
29
2 5 10 15 19 20 22 25 27 32 34 35 45 48 50 53 54 57 66 69 71 73 81 82 84 87 94 99 100
21
9 18 22 27 38 40 42 45 48 49 50 53 60 64 69 71 73 74 79 86 97
20
8 10 22 32 36 57 68 71 73 75 78 81 84 88 89 90 92 93 95 97
32
1 2 4 7 9 17 21 25 26 27 32 33 34 36 41 43 45 50 57 58 61 66 67 72 75 81 82 84 85 87 92 93
