150 300
1.0 1.0 1.0 1.0 1.0 1.0 1.0 1.0 1.0 1.0 1.0 1.0 1.0 1.0 1.0 1.0 1.0 1.0 1.0 1.0 1.0 1.0 1.0 1.0 1.0 1.0 1.0 1.0 1.0 1.0 1.0 1.0 1.0 1.0 1.0 1.0 1.0 1.0 1.0 1.0 1.0 1.0 1.0 1.0 1.0 1.0 1.0 1.0 1.0 1.0 1.0 1.0 1.0 1.0 1.0 1.0 1.0 1.0 1.0 1.0 1.0 1.0 1.0 1.0 1.0 1.0 1.0 1.0 1.0 1.0 1.0 1.0 1.0 1.0 1.0 1.0 1.0 1.0 1.0 1.0 1.0 1.0 1.0 1.0 1.0 1.0 1.0 1.0 1.0 1.0 1.0 1.0 1.0 1.0 1.0 1.0 1.0 1.0 1.0 1.0 1.0 1.0 1.0 1.0 1.0 1.0 1.0 1.0 1.0 1.0 1.0 1.0 1.0 1.0 1.0 1.0 1.0 1.0 1.0 1.0 1.0 1.0 1.0 1.0 1.0 1.0 1.0 1.0 1.0 1.0 1.0 1.0 1.0 1.0 1.0 1.0 1.0 1.0 1.0 1.0 1.0 1.0 1.0 1.0 1.0 1.0 1.0 1.0 1.0 1.0 1.0 1.0 1.0 1.0 1.0 1.0 1.0 1.0 1.0 1.0 1.0 1.0 1.0 1.0 1.0 1.0 1.0 1.0 1.0 1.0 1.0 1.0 1.0 1.0 1.0 1.0 1.0 1.0 1.0 1.0 1.0 1.0 1.0 1.0 1.0 1.0 1.0 1.0 1.0 1.0 1.0 1.0 1.0 1.0 1.0 1.0 1.0 1.0 1.0 1.0 1.0 1.0 1.0 1.0 1.0 1.0 1.0 1.0 1.0 1.0 1.0 1.0 1.0 1.0 1.0 1.0 1.0 1.0 1.0 1.0 1.0 1.0 1.0 1.0 1.0 1.0 1.0 1.0 1.0 1.0 1.0 1.0 1.0 1.0 1.0 1.0 1.0 1.0 1.0 1.0 1.0 1.0 1.0 1.0 1.0 1.0 1.0 1.0 1.0 1.0 1.0 1.0 1.0 1.0 1.0 1.0 1.0 1.0 1.0 1.0 1.0 1.0 1.0 1.0 1.0 1.0 1.0 1.0 1.0 1.0 1.0 1.0 1.0 1.0 1.0 1.0 1.0 1.0 1.0 1.0 1.0 1.0 1.0 1.0 1.0 1.0 1.0 1.0 1.0 1.0 1.0 1.0 1.0 1.0 1.0 1.0 1.0 1.0 1.0 1.0
14
14 49 71 72 80 90 97 111 118 126 127 203 275 295
17
18 24 39 41 111 140 164 171 186 207 219 227 235 261 276 279 286
9
19 29 39 40 63 93 142 152 203
14
30 56 57 78 127 130 210 211 223 249 261 271 276 278
16
29 33 43 46 53 72 95 102 107 123 130 147 153 192 271 288
19
8 13 30 31 94 95 112 157 162 172 212 228 235 241 252 264 267 290 293
13
25 36 89 91 115 137 138 154 174 197 202 254 279
11
15 22 34 46 57 89 143 174 221 244 282
14
3 23 49 50 54 61 139 153 163 227 247 249 252 299
19
12 21 31 35 46 63 67 71 84 99 138 153 159 161 182 249 274 286 289
16
19 32 65 75 101 106 124 139 162 180 182 244 253 271 274 295
14
4 107 118 173 179 180 194 262 264 266 273 277 283 287
16
18 33 46 98 114 122 126 155 173 224 230 232 255 286 292 295
17
54 79 85 117 133 141 147 154 164 172 175 196 218 242 244 270 273
16
32 69 71 92 112 114 126 128 162 223 241 244 253 274 279 297
15
7 13 39 91 106 134 142 144 183 195 210 224 229 273 280
14
14 30 68 77 79 83 114 117 118 155 167 207 240 244
24
13 15 43 52 57 68 83 96 103 129 133 144 196 207 216 219 223 231 250 258 259 262 280 294
13
19 29 30 35 68 144 180 211 226 252 267 269 277
15
20 22 54 64 65 88 94 103 109 143 167 191 249 250 274
13
36 41 77 119 148 168 191 196 229 258 267 272 278
15
10 29 30 44 48 53 56 187 203 232 250 267 273 286 298
16
3 6 30 47 92 97 106 124 148 160 172 178 187 188 270 284
13
29 35 45 62 66 129 146 156 179 189 215 239 298
16
10 12 93 103 134 139 147 148 156 171 198 212 213 248 284 299
11
4 50 76 104 115 146 197 201 220 222 223
14
22 32 65 68 122 127 200 203 204 222 232 275 290 292
16
15 17 35 63 65 131 140 166 170 174 188 201 209 224 240 243
12
2 10 54 77 93 102 137 152 168 230 254 262
18
2 19 26 40 47 55 56 72 99 112 118 138 189 204 216 239 288 300
17
34 58 83 88 90 99 155 175 177 193 195 215 218 239 260 269 298
13
2 12 26 63 69 118 151 165 166 183 184 267 286
17
17 22 44 51 55 64 106 128 162 166 169 200 217 226 227 254 261
14
9 33 83 131 132 149 151 172 174 175 207 240 248 268
20
24 26 44 54 113 125 138 154 185 189 206 209 251 255 261 270 273 274 282 291
13
62 70 92 132 135 137 179 181 203 226 282 285 296
14
29 81 104 160 163 165 185 197 203 209 224 244 276 299
17
12 28 41 62 87 136 142 145 148 170 177 215 242 245 247 249 258
18
31 35 46 56 73 102 151 195 197 211 237 239 252 260 264 267 279 286
16
9 25 27 71 89 94 96 143 153 211 237 247 251 268 299 300
13
18 56 64 75 99 108 111 119 131 148 189 269 285
16
1 12 66 90 101 116 166 188 198 224 252 258 267 287 288 292
18
2 12 31 38 61 83 101 147 162 167 208 216 244 272 276 282 287 291
9
32 44 55 130 171 198 203 262 274
14
27 32 35 71 80 84 95 138 147 157 176 202 204 277
15
4 8 36 91 93 114 133 147 164 189 192 203 207 252 292
24
11 33 56 61 76 79 90 95 102 104 106 114 129 133 138 144 153 175 186 222 245 265 275 284
14
18 26 80 106 108 128 136 152 166 207 244 252 275 295
11
14 37 44 46 86 114 145 173 201 205 218
13
5 17 47 104 133 158 172 176 188 209 238 256 294
20
4 15 32 34 55 58 67 74 86 94 111 116 126 152 157 163 177 196 281 299
15
47 54 59 79 96 101 104 139 152 167 184 195 207 212 283
14
22 25 70 80 85 140 176 181 201 240 256 257 274 296
13
2 3 24 53 75 90 120 127 131 164 172 281 287
20
3 14 20 29 41 50 88 90 104 116 129 134 150 171 186 203 241 245 281 297
14
25 37 89 110 123 138 167 212 228 231 234 281 287 293
17
9 26 29 53 64 98 136 138 148 186 212 223 225 280 284 286 289
14
13 51 61 98 105 131 146 172 188 221 229 266 269 279
13
5 19 31 43 63 68 73 82 96 106 146 158 293
15
1 38 80 87 89 102 108 114 145 159 258 266 275 298 300
13
16 19 24 50 62 75 96 100 161 246 264 274 283
19
23 28 55 63 79 87 107 134 179 202 211 221 233 242 248 276 282 299 300
12
49 61 93 107 112 118 126 164 197 229 284 296
13
3 11 37 76 102 120 121 126 139 169 226 227 271
19
12 30 32 48 59 65 95 102 117 169 174 189 201 213 221 225 230 245 270
18
18 19 27 87 94 111 112 133 134 154 159 168 181 198 199 212 243 291
17
46 64 73 90 92 140 151 159 170 187 211 219 242 257 268 288 294
17
5 9 13 47 56 69 104 124 138 154 180 195 210 212 269 277 280
17
7 30 43 101 122 126 152 161 168 206 217 224 240 266 277 279 280
16
9 63 68 95 100 108 128 141 155 168 183 213 218 229 234 272
22
13 19 46 49 54 68 89 95 110 132 138 139 168 186 203 204 205 215 234 251 261 286
20
8 15 24 55 98 111 114 151 156 160 174 181 202 234 235 239 244 263 273 288
9
33 38 56 69 78 117 167 187 234
18
11 38 49 52 64 113 118 155 182 193 209 212 220 237 250 262 284 291
14
19 29 45 48 111 123 163 175 178 188 199 214 243 257
10
24 80 104 130 170 175 197 234 261 291
14
2 10 12 19 42 64 118 179 208 240 250 251 287 298
16
9 28 34 47 51 52 94 126 147 150 158 203 236 246 282 286
15
17 28 36 48 55 61 68 90 142 154 198 214 241 249 284
18
5 82 117 129 152 158 174 177 196 206 208 221 251 258 260 268 271 273
14
23 26 29 41 43 47 124 136 229 234 235 273 274 285
15
10 24 26 55 60 85 118 140 165 191 226 257 259 268 297
17
3 7 12 23 35 46 49 83 90 102 110 146 200 227 252 288 297
21
4 25 55 82 90 103 105 110 121 128 143 147 166 186 204 224 249 251 258 270 292
9
62 144 150 179 204 205 228 230 237
16
24 31 34 41 63 70 82 108 113 123 129 136 195 223 235 243
14
19 28 59 91 120 137 146 149 151 190 203 257 262 290
18
9 11 17 24 32 43 74 89 101 123 139 146 150 201 230 238 268 284
19
2 9 17 42 49 77 81 96 104 107 114 125 137 143 175 178 185 200 205
22
10 14 34 36 57 60 82 110 129 142 149 164 168 170 201 227 240 242 250 271 280 281
7
5 14 104 109 221 255 263
13
11 33 46 87 113 114 121 126 136 158 203 248 252
25
22 23 28 51 62 73 103 108 134 137 152 161 173 177 181 188 212 229 248 253 261 271 274 285 296
10
4 38 62 75 114 118 143 257 287 288
16
5 17 60 67 78 88 97 104 136 161 226 244 280 284 287 289
11
2 16 42 109 123 129 201 231 235 275 290
19
7 69 78 92 103 109 131 138 140 141 147 180 187 201 232 233 253 264 267
13
9 48 134 135 149 151 154 166 170 199 244 246 300
18
13 38 41 48 78 107 113 122 127 156 160 174 220 221 223 231 253 290
19
40 48 61 86 89 92 98 110 118 142 143 144 194 210 214 218 240 253 283
22
10 12 13 18 29 37 43 47 48 61 68 77 89 100 110 166 168 181 188 231 251 252
19
13 48 51 81 88 127 140 143 160 168 222 223 225 233 239 245 247 290 300
9
51 110 118 126 150 165 170 220 237
13
24 25 37 40 49 101 111 123 149 171 173 198 264
13
20 31 44 47 73 75 107 113 132 156 213 240 260
13
34 38 48 57 97 103 111 112 122 158 177 220 290
10
33 50 111 112 116 124 132 141 168 241
19
13 60 138 145 169 177 178 182 190 194 200 217 227 234 239 242 247 260 265
19
4 18 26 50 68 69 76 102 115 124 131 160 163 174 194 202 256 292 295
12
7 27 87 102 154 195 209 212 220 251 288 289
14
12 18 19 20 29 49 107 110 164 191 194 215 220 254
13
18 37 47 54 75 100 194 203 256 276 289 292 299
10
6 10 13 67 146 194 206 209 228 279
9
50 100 112 126 144 178 194 206 267
18
31 58 68 71 88 112 113 142 152 166 188 206 218 224 241 255 280 288
14
26 40 50 51 61 64 72 76 123 154 189 190 191 280
9
74 90 105 107 119 127 206 269 277
12
7 16 63 176 180 195 217 221 224 252 289 293
12
36 88 104 106 123 164 191 230 239 263 289 296
18
9 24 37 55 72 74 83 94 102 103 136 139 168 210 211 228 251 256
22
8 22 24 26 29 44 70 81 90 114 134 155 181 208 212 226 234 239 270 282 284 298
15
44 48 57 59 74 80 86 91 116 161 181 197 208 271 291
12
18 58 78 105 118 127 136 152 190 246 285 287
16
6 16 30 101 103 139 159 161 179 219 241 245 274 286 292 296
14
47 70 81 100 116 132 141 146 154 188 196 201 216 297
20
3 11 54 55 60 65 97 111 122 130 143 177 187 191 207 218 234 256 257 286
12
5 27 28 51 52 59 94 123 148 197 236 289
16
4 16 25 35 36 90 92 117 122 123 132 134 163 253 259 293
11
30 94 184 185 201 214 229 246 264 274 289
13
28 48 56 92 108 139 215 217 223 246 252 280 291
16
1 5 19 22 42 50 58 72 77 89 98 113 179 187 225 261
12
29 62 98 102 120 125 139 174 180 218 229 274
10
9 27 54 99 110 142 201 243 256 288
11
6 9 25 82 83 118 130 159 161 177 279
15
4 71 83 86 99 101 151 169 172 179 181 188 191 231 251
14
17 27 30 31 41 51 66 126 174 197 264 265 274 289
18
14 49 59 78 82 96 105 123 141 168 211 213 214 234 237 239 275 276
17
2 25 50 58 90 115 125 127 130 149 158 166 195 244 271 280 298
13
116 120 137 150 185 194 198 219 220 239 252 286 289
23
22 25 27 48 54 56 103 124 125 138 156 157 158 215 231 244 245 252 253 258 267 292 300
17
11 101 104 128 149 150 151 155 214 229 239 248 256 267 273 278 279
9
80 87 94 116 119 133 149 268 295
11
37 65 87 95 108 119 176 199 206 223 242
11
12 45 69 103 121 149 180 194 252 261 296
22
49 74 104 110 122 144 151 152 160 168 170 171 175 181 185 190 205 216 242 247 265 291
19
9 17 61 102 145 162 172 174 179 190 191 194 199 233 249 270 280 287 292
9
19 67 96 119 141 145 209 259 276
17
71 94 95 109 134 167 200 203 220 247 253 261 268 289 291 293 294
11
36 53 112 158 185 206 220 281 284 290 296
17
12 19 20 24 53 64 74 103 115 200 210 213 249 264 267 268 282
