150 300
1.0 1.0 1.0 1.0 1.0 1.0 1.0 1.0 1.0 1.0 1.0 1.0 1.0 1.0 1.0 1.0 1.0 1.0 1.0 1.0 1.0 1.0 1.0 1.0 1.0 1.0 1.0 1.0 1.0 1.0 1.0 1.0 1.0 1.0 1.0 1.0 1.0 1.0 1.0 1.0 1.0 1.0 1.0 1.0 1.0 1.0 1.0 1.0 1.0 1.0 1.0 1.0 1.0 1.0 1.0 1.0 1.0 1.0 1.0 1.0 1.0 1.0 1.0 1.0 1.0 1.0 1.0 1.0 1.0 1.0 1.0 1.0 1.0 1.0 1.0 1.0 1.0 1.0 1.0 1.0 1.0 1.0 1.0 1.0 1.0 1.0 1.0 1.0 1.0 1.0 1.0 1.0 1.0 1.0 1.0 1.0 1.0 1.0 1.0 1.0 1.0 1.0 1.0 1.0 1.0 1.0 1.0 1.0 1.0 1.0 1.0 1.0 1.0 1.0 1.0 1.0 1.0 1.0 1.0 1.0 1.0 1.0 1.0 1.0 1.0 1.0 1.0 1.0 1.0 1.0 1.0 1.0 1.0 1.0 1.0 1.0 1.0 1.0 1.0 1.0 1.0 1.0 1.0 1.0 1.0 1.0 1.0 1.0 1.0 1.0 1.0 1.0 1.0 1.0 1.0 1.0 1.0 1.0 1.0 1.0 1.0 1.0 1.0 1.0 1.0 1.0 1.0 1.0 1.0 1.0 1.0 1.0 1.0 1.0 1.0 1.0 1.0 1.0 1.0 1.0 1.0 1.0 1.0 1.0 1.0 1.0 1.0 1.0 1.0 1.0 1.0 1.0 1.0 1.0 1.0 1.0 1.0 1.0 1.0 1.0 1.0 1.0 1.0 1.0 1.0 1.0 1.0 1.0 1.0 1.0 1.0 1.0 1.0 1.0 1.0 1.0 1.0 1.0 1.0 1.0 1.0 1.0 1.0 1.0 1.0 1.0 1.0 1.0 1.0 1.0 1.0 1.0 1.0 1.0 1.0 1.0 1.0 1.0 1.0 1.0 1.0 1.0 1.0 1.0 1.0 1.0 1.0 1.0 1.0 1.0 1.0 1.0 1.0 1.0 1.0 1.0 1.0 1.0 1.0 1.0 1.0 1.0 1.0 1.0 1.0 1.0 1.0 1.0 1.0 1.0 1.0 1.0 1.0 1.0 1.0 1.0 1.0 1.0 1.0 1.0 1.0 1.0 1.0 1.0 1.0 1.0 1.0 1.0 1.0 1.0 1.0 1.0 1.0 1.0 1.0 1.0 1.0 1.0 1.0 1.0
15
3 6 33 34 38 70 73 84 106 201 225 229 244 256 282
9
43 66 81 104 107 130 195 278 294
18
55 57 62 69 84 99 123 131 157 179 187 192 201 206 224 235 273 285
18
5 18 40 50 84 91 112 132 145 174 177 215 223 226 228 243 272 281
9
44 60 71 96 143 166 211 213 248
21
3 57 80 87 89 98 110 125 128 144 146 187 196 203 215 216 237 242 243 283 290
19
1 9 20 40 90 119 137 145 150 177 188 190 198 206 213 244 256 261 282
17
5 11 21 50 112 114 115 128 139 148 153 158 201 231 232 235 236
16
29 30 35 44 52 53 99 122 171 245 250 252 257 272 278 296
8
50 55 83 142 183 239 253 260
17
9 38 61 67 68 76 79 95 128 146 152 171 185 215 217 243 248
14
7 16 53 58 70 72 92 120 142 152 169 180 199 260
19
6 7 21 24 58 61 69 75 136 147 180 183 188 205 208 214 219 269 280
25
26 36 57 68 70 77 94 98 110 149 151 167 173 182 192 194 206 231 249 277 284 286 290 292 300
18
19 26 30 31 37 49 61 73 76 78 92 160 237 244 285 291 293 295
21
6 27 28 51 85 133 135 151 155 173 176 187 201 219 220 235 256 257 263 268 281
15
34 67 139 142 152 164 171 183 188 211 221 249 258 265 296
20
1 2 30 33 40 49 51 53 103 108 113 116 146 147 180 200 213 233 276 299
21
21 23 29 52 53 109 115 129 134 171 175 196 219 229 238 240 242 251 252 276 298
16
33 84 85 92 95 99 119 120 135 141 156 168 203 232 237 245
15
7 43 46 62 73 78 93 119 140 190 201 223 239 292 297
13
28 133 148 169 172 185 190 196 205 208 236 257 260
19
44 54 66 85 93 97 99 102 123 124 139 141 142 159 162 183 187 222 224
10
17 23 35 40 115 181 220 270 277 285
15
6 8 49 51 93 97 114 116 119 171 191 193 212 254 274
18
5 34 41 51 76 101 126 149 166 183 224 229 234 242 247 258 292 293
14
50 81 90 108 114 131 132 205 237 250 265 283 294 296
17
1 16 20 30 53 70 85 113 140 147 170 207 228 230 242 250 286
11
15 70 93 123 195 214 221 229 237 255 275
20
25 30 58 59 73 85 139 155 161 173 175 177 192 211 215 242 249 289 291 295
26
3 7 15 27 35 42 46 47 76 103 107 112 114 119 128 159 160 168 186 188 196 225 254 272 273 290
13
1 41 54 63 69 94 101 119 121 124 209 216 222
18
26 55 56 105 147 189 204 226 233 238 251 255 268 270 271 273 276 287
12
5 42 43 116 135 137 148 198 205 211 244 289
12
17 55 90 120 163 194 195 201 209 251 275 292
16
21 27 35 46 53 55 84 93 105 110 157 169 170 182 190 239
17
14 23 106 113 118 140 143 187 221 225 239 268 273 278 281 290 298
13
4 68 69 108 124 129 140 189 204 215 243 270 281
14
15 18 50 56 63 84 111 129 142 184 195 196 201 219
22
5 28 30 33 35 50 53 56 63 115 130 153 159 174 187 189 190 196 235 260 261 283
10
6 9 75 87 100 118 157 168 208 239
16
1 43 49 65 94 122 126 130 132 148 149 205 227 278 280 282
13
5 16 31 139 149 164 191 214 229 246 262 264 288
11
14 16 31 141 184 224 241 253 271 272 284
17
14 36 57 63 75 86 90 95 115 141 163 173 178 185 220 279 291
19
5 15 17 27 37 97 104 108 129 140 159 184 206 224 233 250 259 264 265
12
66 69 73 108 118 127 171 186 219 249 251 259
12
30 32 59 70 159 164 221 233 261 267 276 278
7
63 66 123 196 259 281 292
11
2 34 67 91 135 169 182 199 206 229 284
12
21 61 149 151 181 188 211 225 244 266 272 281
13
21 50 83 92 108 116 131 132 135 167 172 198 209
12
17 27 50 102 109 110 133 164 195 228 233 264
12
40 82 90 107 144 184 215 221 259 265 290 300
7
2 164 169 174 220 237 256
17
13 19 43 47 65 66 75 103 118 169 170 173 184 186 202 257 286
17
5 6 30 36 89 119 131 139 150 151 178 188 190 204 236 245 270
15
32 37 38 51 56 83 97 160 225 228 235 243 257 279 292
18
89 93 96 102 135 176 191 193 214 215 220 229 232 252 256 260 286 299
15
31 34 42 56 92 101 107 115 127 132 138 143 197 198 283
16
11 24 30 35 65 81 98 150 185 235 240 260 263 269 288 290
19
12 30 37 38 40 51 76 108 133 140 141 143 145 182 236 245 271 279 290
14
92 95 107 113 118 149 163 166 181 194 218 220 224 272
15
29 65 70 76 137 156 178 190 225 228 245 266 275 291 294
17
6 7 10 22 30 42 89 96 98 121 158 204 211 223 226 278 289
12
5 16 45 67 70 94 101 138 144 160 272 275
14
1 22 28 43 86 90 94 116 165 192 237 257 275 299
13
10 24 31 43 120 122 140 191 201 207 213 229 269
14
23 31 56 62 80 97 102 137 138 192 204 229 234 239
9
17 87 89 110 167 171 224 232 250
12
8 25 42 53 96 146 193 199 234 242 277 298
17
11 15 49 63 64 88 121 141 174 182 185 188 194 210 240 271 283
18
9 15 54 76 82 104 139 143 154 166 168 207 242 246 269 276 280 287
15
28 31 57 76 113 126 135 137 142 195 205 226 271 280 300
9
29 86 103 114 158 208 235 252 260
20
11 28 31 44 65 72 101 121 137 139 159 162 170 194 239 240 273 284 290 295
13
9 17 62 105 119 129 170 200 212 248 283 288 298
11
56 62 73 101 174 189 210 252 265 276 290
8
25 43 57 98 229 245 268 290
19
10 20 99 104 109 128 147 165 178 194 206 211 225 226 227 255 273 287 298
21
40 57 59 62 63 75 84 90 103 107 112 139 146 147 158 171 184 191 217 236 252
10
3 42 77 83 122 156 162 250 273 281
10
47 130 166 208 213 221 222 241 243 251
12
15 18 25 47 63 94 101 129 154 160 202 248
25
2 4 23 46 47 63 79 91 101 109 110 117 118 122 165 176 187 197 215 219 228 245 275 286 289
10
34 63 75 136 151 203 228 244 255 263
14
18 88 138 149 184 199 220 223 242 243 244 251 253 276
16
19 27 32 33 51 73 80 91 154 158 194 225 232 243 260 271
15
61 62 102 107 111 159 160 183 218 242 244 245 255 291 295
16
10 37 49 52 63 70 82 90 118 126 131 169 173 227 264 286
18
4 14 36 52 54 113 145 148 149 168 169 176 200 201 204 206 274 297
14
15 74 89 96 101 118 139 148 153 204 229 233 249 280
10
32 34 68 129 133 167 236 250 266 271
13
41 53 86 94 116 169 190 205 222 233 234 242 293
18
5 9 25 33 64 83 92 98 102 107 119 154 176 185 200 246 253 273
19
8 11 14 27 28 49 64 89 91 94 199 210 216 226 238 252 282 286 290
14
22 63 105 128 155 157 173 191 192 193 233 243 267 289
12
7 21 127 131 134 136 252 253 271 272 291 294
20
5 9 21 97 99 100 102 151 162 174 193 200 203 211 259 262 266 272 277 298
23
15 59 69 73 84 86 111 130 144 146 150 155 163 184 198 211 231 233 238 246 247 273 298
13
16 67 76 110 118 142 149 151 196 216 217 225 261
17
10 35 42 54 99 110 120 127 131 149 155 192 223 235 236 255 287
10
20 36 122 143 155 161 170 177 286 290
9
6 8 40 65 73 225 276 277 289
16
11 12 66 131 165 186 201 205 225 229 245 267 277 280 287 300
16
64 71 79 112 123 131 157 158 179 197 208 240 247 251 252 270
23
5 36 59 65 84 85 103 138 155 180 196 198 221 229 232 235 238 249 252 286 292 294 300
16
14 22 50 55 61 63 76 125 139 190 200 228 240 251 287 297
15
9 15 17 28 80 87 114 153 174 202 231 248 280 288 290
15
18 19 38 39 71 74 117 133 153 157 163 165 183 188 259
20
49 66 93 96 97 100 115 181 183 185 191 202 227 231 236 250 251 263 264 291
17
32 38 39 58 77 92 105 123 126 132 142 153 177 204 238 246 276
14
13 41 77 87 90 127 129 146 165 180 207 229 260 269
19
5 40 59 117 122 152 160 165 173 194 201 203 220 237 245 251 268 272 286
14
61 82 114 164 172 213 215 219 221 225 232 252 260 293
20
18 54 68 73 80 86 99 114 119 132 171 179 182 192 225 227 247 251 272 274
21
4 15 31 39 41 46 60 87 132 141 143 169 183 188 210 236 238 258 274 277 298
22
10 32 34 51 71 74 108 136 142 156 166 173 202 218 223 235 249 273 291 294 298 299
11
52 63 89 137 162 165 179 218 223 277 287
18
12 27 36 90 95 99 125 130 166 167 191 195 203 205 220 236 281 291
16
40 43 45 54 116 165 171 172 213 222 228 237 238 258 265 268
12
25 48 63 78 123 151 163 246 275 278 297 298
17
17 36 43 49 60 67 83 96 114 123 141 148 160 182 208 215 224
21
5 23 55 80 108 120 121 134 155 164 171 178 190 193 226 238 239 243 246 247 284
10
16 30 43 45 97 112 156 218 221 259
15
11 14 21 24 55 91 97 134 158 174 197 202 242 264 278
14
20 29 35 48 57 77 78 129 149 234 248 266 275 287
19
46 53 78 84 91 95 98 99 114 119 121 146 172 185 196 215 273 283 300
14
1 12 56 59 74 77 82 98 106 116 119 179 193 293
8
18 59 127 178 198 201 206 248
13
51 75 78 138 157 168 174 183 198 202 223 243 285
11
25 44 114 149 160 180 205 248 256 261 276
14
48 52 89 114 118 127 175 197 201 202 216 244 245 262
18
33 66 84 128 141 163 192 196 197 202 205 209 227 236 252 267 284 286
17
1 9 15 50 52 102 105 136 138 178 245 248 253 280 290 291 296
16
3 5 15 34 39 50 127 129 169 179 207 228 236 263 265 294
19
20 31 39 48 49 63 69 70 72 92 108 144 197 209 211 244 249 267 279
17
26 70 99 115 122 149 154 164 184 213 215 227 237 249 257 291 295
27
8 16 26 31 39 41 52 56 71 87 90 93 95 96 108 134 135 137 143 172 182 218 258 262 266 272 281
17
5 8 9 11 48 125 139 143 181 189 192 218 258 270 279 280 297
12
30 63 64 109 125 138 140 166 173 200 260 279
13
15 26 56 60 62 131 144 160 168 189 212 266 279
21
4 16 80 89 118 130 138 139 146 154 158 163 171 178 180 181 187 194 255 259 296
20
21 60 61 80 92 116 137 140 146 159 181 182 188 197 201 207 234 255 271 275
23
3 34 45 74 76 83 88 104 110 112 126 141 157 164 189 200 208 213 214 240 269 271 293
15
17 59 85 87 98 141 162 167 182 197 200 208 219 248 253
16
4 27 37 47 51 53 59 65 88 90 123 125 147 217 250 272
17
48 51 57 69 102 107 147 149 179 194 217 230 235 236 239 271 274
14
4 13 39 48 108 125 144 149 161 204 208 223 267 291
16
40 82 106 107 130 141 161 222 234 244 246 264 265 284 286 288
