50 100
1.0 1.0 1.0 1.0 1.0 1.0 1.0 1.0 1.0 1.0 1.0 1.0 1.0 1.0 1.0 1.0 1.0 1.0 1.0 1.0 1.0 1.0 1.0 1.0 1.0 1.0 1.0 1.0 1.0 1.0 1.0 1.0 1.0 1.0 1.0 1.0 1.0 1.0 1.0 1.0 1.0 1.0 1.0 1.0 1.0 1.0 1.0 1.0 1.0 1.0 1.0 1.0 1.0 1.0 1.0 1.0 1.0 1.0 1.0 1.0 1.0 1.0 1.0 1.0 1.0 1.0 1.0 1.0 1.0 1.0 1.0 1.0 1.0 1.0 1.0 1.0 1.0 1.0 1.0 1.0 1.0 1.0 1.0 1.0 1.0 1.0 1.0 1.0 1.0 1.0 1.0 1.0 1.0 1.0 1.0 1.0 1.0 1.0 1.0 1.0
10
12 22 26 28 34 39 41 48 73 90
10
26 28 30 42 47 54 55 62 75 95
9
14 15 45 50 54 65 89 91 100
11
3 10 32 40 48 51 53 86 89 98 99
11
18 26 36 41 54 65 66 73 77 82 90
8
8 37 43 57 59 75 76 93
13
3 4 6 17 24 38 40 60 63 75 83 88 97
12
4 11 36 46 55 57 59 62 63 65 83 97
10
12 15 30 33 49 62 67 74 86 89
10
3 41 51 52 57 66 72 78 79 90
14
15 38 45 47 48 52 53 57 58 59 67 73 94 99
9
1 14 30 49 51 58 68 82 86
6
20 25 41 46 59 62
12
4 11 13 30 36 39 56 57 70 78 92 100
13
4 34 38 44 47 49 52 65 78 82 83 90 91
8
6 20 40 57 65 76 81 84
5
11 31 44 51 75
9
4 5 29 35 39 64 69 77 87
9
4 11 20 28 32 40 54 69 89
9
5 16 23 42 47 68 71 91 93
8
25 32 51 77 83 86 92 97
15
16 30 39 42 61 65 74 87 91 95 96 97 98 99 100
13
3 23 44 56 61 62 63 64 65 72 74 77 83
10
13 17 20 21 33 49 63 64 70 89
9
2 8 38 68 70 78 87 88 96
7
8 19 45 82 84 92 97
8
8 22 34 36 51 60 64 99
10
12 15 27 30 35 49 58 66 70 77
16
8 9 34 37 41 48 51 57 58 69 81 86 89 90 91 92
7
1 8 20 36 37 38 41
7
4 5 20 24 30 67 81
10
31 33 39 40 58 66 73 81 92 99
15
5 9 10 15 28 50 54 65 66 73 74 79 90 93 100
11
1 10 12 39 40 48 54 70 73 79 93
16
2 18 22 31 34 35 37 45 51 53 55 69 83 86 88 91
8
7 43 54 64 68 80 97 100
14
3 11 31 33 43 54 63 67 81 86 88 89 97 99
15
7 10 21 25 27 31 34 43 56 58 67 68 70 75 95
18
2 7 10 19 31 35 36 58 65 69 72 80 82 83 84 90 94 97
7
14 17 72 73 80 87 95
10
7 31 33 38 44 49 50 63 78 97
13
7 11 12 20 25 26 28 35 47 60 72 82 94
11
1 9 11 27 31 32 37 67 76 78 83
8
14 25 46 50 62 66 84 89
8
10 15 19 33 83 85 94 100
11
5 11 13 21 29 34 46 53 71 74 78
6
2 3 8 47 70 96
8
1 35 69 73 75 87 90 95
8
1 22 60 66 67 69 88 95
13
13 15 16 21 22 29 34 38 39 45 66 77 87
