100 200
1.0 1.0 1.0 1.0 1.0 1.0 1.0 1.0 1.0 1.0 1.0 1.0 1.0 1.0 1.0 1.0 1.0 1.0 1.0 1.0 1.0 1.0 1.0 1.0 1.0 1.0 1.0 1.0 1.0 1.0 1.0 1.0 1.0 1.0 1.0 1.0 1.0 1.0 1.0 1.0 1.0 1.0 1.0 1.0 1.0 1.0 1.0 1.0 1.0 1.0 1.0 1.0 1.0 1.0 1.0 1.0 1.0 1.0 1.0 1.0 1.0 1.0 1.0 1.0 1.0 1.0 1.0 1.0 1.0 1.0 1.0 1.0 1.0 1.0 1.0 1.0 1.0 1.0 1.0 1.0 1.0 1.0 1.0 1.0 1.0 1.0 1.0 1.0 1.0 1.0 1.0 1.0 1.0 1.0 1.0 1.0 1.0 1.0 1.0 1.0 1.0 1.0 1.0 1.0 1.0 1.0 1.0 1.0 1.0 1.0 1.0 1.0 1.0 1.0 1.0 1.0 1.0 1.0 1.0 1.0 1.0 1.0 1.0 1.0 1.0 1.0 1.0 1.0 1.0 1.0 1.0 1.0 1.0 1.0 1.0 1.0 1.0 1.0 1.0 1.0 1.0 1.0 1.0 1.0 1.0 1.0 1.0 1.0 1.0 1.0 1.0 1.0 1.0 1.0 1.0 1.0 1.0 1.0 1.0 1.0 1.0 1.0 1.0 1.0 1.0 1.0 1.0 1.0 1.0 1.0 1.0 1.0 1.0 1.0 1.0 1.0 1.0 1.0 1.0 1.0 1.0 1.0 1.0 1.0 1.0 1.0 1.0 1.0 1.0 1.0 1.0 1.0 1.0 1.0 1.0 1.0 1.0 1.0 1.0 1.0
48
2 3 8 12 15 16 30 32 39 41 45 48 53 58 64 71 73 79 81 84 96 98 106 109 111 112 116 121 124 133 136 137 138 139 142 145 147 150 161 164 165 168 169 172 186 191 196 197
43
3 12 18 21 30 37 39 45 46 47 49 51 54 58 63 64 65 67 74 76 79 82 87 88 96 99 114 115 117 119 120 127 132 134 139 145 155 156 157 162 170 178 182
38
2 14 17 21 28 30 38 50 52 55 57 65 74 92 95 101 104 113 116 129 130 131 148 150 151 154 158 162 170 172 173 176 180 184 186 193 194 197
45
2 3 11 19 21 33 34 38 39 53 68 74 77 80 81 84 88 90 104 109 111 112 115 126 132 133 143 145 148 157 159 161 170 172 173 174 176 177 179 183 189 191 193 194 195
44
5 6 11 34 37 42 45 46 52 56 58 64 70 78 83 84 89 91 101 102 104 106 111 118 120 130 136 140 141 144 146 151 153 154 157 158 159 161 163 164 171 179 198 200
31
16 18 19 25 28 73 81 84 85 91 100 127 132 135 137 138 143 147 151 152 153 155 161 162 164 166 171 181 183 191 193
32
3 5 12 18 22 24 41 45 48 60 69 70 84 87 95 101 107 122 127 129 139 150 156 157 178 179 180 182 186 188 192 200
46
1 2 7 8 27 29 32 41 43 49 53 55 64 75 82 90 93 95 100 108 109 115 116 120 121 123 126 127 128 131 139 144 150 152 154 155 156 159 166 174 176 177 178 188 192 199
33
15 24 27 32 41 57 74 80 83 90 92 102 109 116 120 121 126 127 131 134 135 136 146 161 163 165 174 177 180 184 187 193 196
32
2 7 11 15 18 23 32 41 46 51 60 61 63 64 73 82 88 100 104 110 128 131 133 136 138 141 142 153 161 182 194 199
40
1 6 9 30 38 43 45 56 63 71 80 84 86 87 94 95 98 100 101 105 111 119 133 136 139 141 143 145 153 164 166 167 168 171 174 180 185 188 193 195
28
6 26 39 57 60 62 65 71 85 87 90 93 105 108 112 124 138 146 148 152 155 170 177 178 181 185 190 192
43
1 3 12 13 26 27 29 30 55 57 59 60 63 67 69 78 81 83 84 90 93 101 104 106 115 116 117 121 125 132 133 142 152 156 159 166 172 177 178 182 188 189 193
39
6 7 10 15 24 25 40 42 49 62 68 70 72 74 86 90 92 95 101 107 108 121 122 126 134 139 145 151 153 155 163 171 172 179 182 185 190 192 196
39
1 6 8 11 15 20 24 27 30 40 41 48 54 63 66 71 72 75 80 81 84 91 93 95 97 104 111 115 118 121 130 143 151 153 158 167 169 179 195
41
8 15 24 31 34 37 38 45 46 48 58 60 61 69 79 87 94 98 101 104 106 110 114 120 121 125 133 135 136 142 148 152 153 159 169 175 177 178 179 181 200
37
1 6 37 44 45 48 57 58 60 63 65 76 78 79 81 86 87 91 92 94 95 96 101 105 114 135 143 147 157 159 160 166 178 196 197 198 199
42
5 19 20 21 22 24 26 29 38 47 48 49 50 51 53 56 60 61 66 67 80 84 87 97 105 114 138 140 142 144 154 155 157 161 167 170 171 172 178 191 195 197
41
1 4 10 13 20 26 27 28 31 34 45 47 52 53 55 57 58 59 70 82 86 91 96 103 117 120 126 133 137 142 143 148 162 166 169 180 186 192 194 197 200
46
2 6 12 14 15 16 19 29 31 36 48 50 54 64 65 76 77 79 81 83 96 97 101 103 112 120 128 129 130 131 132 137 148 149 159 160 166 172 177 178 181 187 188 190 195 197
48
7 10 14 15 16 21 23 24 34 35 38 41 50 51 55 61 62 67 68 71 72 73 75 81 106 110 116 123 127 128 134 137 139 142 144 146 154 157 161 163 166 180 181 184 186 196 198 199
39
7 9 11 12 22 31 33 34 38 40 55 61 63 69 74 81 85 92 93 101 105 106 107 110 114 119 125 126 132 146 150 156 161 164 168 171 189 193 197
44
1 9 16 21 29 30 37 38 40 47 51 62 67 68 72 73 76 81 86 90 91 94 99 100 101 110 111 115 116 125 132 133 135 143 164 165 171 173 176 178 179 188 190 197
41
6 10 19 21 31 32 37 39 53 54 61 65 67 69 71 75 77 90 97 98 102 110 116 119 120 122 130 131 144 151 152 154 156 159 160 162 163 176 178 181 199
30
12 21 23 28 30 54 55 61 72 75 84 86 87 90 96 114 116 122 134 156 159 160 167 169 178 182 184 189 192 199
39
1 6 10 21 32 42 55 58 59 61 64 67 71 74 75 76 80 84 85 89 94 109 112 115 118 123 132 135 138 150 157 160 164 165 171 175 187 188 196
25
5 8 35 40 49 57 72 100 109 115 116 118 119 123 127 130 131 159 160 163 168 174 186 190 191
46
1 9 10 12 18 20 23 36 37 44 49 50 52 53 54 58 62 65 66 67 72 73 74 77 78 83 93 95 98 103 116 126 127 128 129 132 134 142 143 147 157 180 181 188 195 200
39
1 5 13 16 27 33 38 41 43 45 49 54 59 65 71 78 84 88 91 94 97 102 107 108 113 115 116 121 122 125 129 139 168 171 172 176 183 191 196
50
3 6 8 13 14 15 16 17 18 19 20 22 27 29 35 38 39 42 43 45 46 52 53 57 65 84 94 96 104 113 124 127 129 135 139 140 142 148 149 152 156 159 160 162 167 179 183 185 187 197
41
4 10 11 16 19 26 32 46 48 50 52 62 69 75 76 77 80 81 83 85 87 93 95 114 115 116 119 120 122 133 138 150 152 154 155 164 167 174 185 189 198
41
5 9 12 14 16 27 28 36 56 61 63 65 66 68 69 77 89 90 94 96 103 109 113 119 120 122 123 136 138 143 153 161 167 171 172 178 184 186 194 197 199
46
4 5 8 9 13 17 19 23 26 28 32 33 34 38 39 41 43 46 48 53 57 73 74 75 76 81 86 100 106 107 114 116 117 121 131 147 161 162 164 166 172 174 188 190 197 200
38
2 5 12 20 22 28 39 40 41 47 50 56 65 66 69 71 72 78 80 86 95 101 127 130 136 148 157 161 172 176 180 182 190 191 192 193 194 200
38
1 3 4 6 12 13 29 38 41 53 55 59 65 68 79 82 96 97 107 109 115 117 118 121 122 127 128 133 136 140 145 152 161 170 180 183 185 199
38
1 3 9 10 20 34 44 54 59 65 67 69 74 83 84 106 108 109 112 119 121 139 143 145 147 149 158 165 168 170 177 178 179 181 184 188 191 200
55
3 7 13 15 16 18 20 22 33 34 37 38 41 44 46 48 51 54 56 59 61 80 83 85 86 87 91 94 97 98 99 104 113 119 120 122 126 128 132 140 147 151 152 154 158 170 176 178 181 186 187 190 196 198 199
43
1 3 6 7 8 10 12 14 15 16 17 22 24 29 31 33 43 45 50 57 82 83 86 88 90 94 95 107 114 115 120 123 135 137 151 156 160 170 185 186 187 197 198
33
4 7 19 25 27 31 33 51 57 61 66 69 76 90 103 116 136 138 139 143 147 150 152 154 155 156 158 166 167 169 174 186 196
32
3 10 12 28 39 49 53 55 64 82 83 88 89 95 98 106 107 110 111 117 122 142 144 158 169 170 172 173 180 186 189 199
43
3 6 12 17 19 21 26 41 52 56 58 60 66 68 71 77 80 83 91 99 100 104 110 120 122 125 127 137 139 156 158 161 163 167 168 170 179 187 189 194 197 198 200
40
6 13 25 26 31 36 45 47 48 51 52 55 62 64 70 82 87 93 100 102 105 120 131 134 136 137 139 143 148 153 156 158 159 160 169 170 173 176 185 193
45
3 14 15 16 17 21 29 44 48 50 54 64 65 70 72 76 78 81 87 91 101 102 105 112 114 128 129 138 141 143 155 159 165 166 168 177 181 183 184 187 189 191 192 193 199
42
7 12 15 17 22 25 27 30 33 35 48 51 53 57 62 71 76 78 84 92 103 115 116 121 123 130 135 145 155 165 166 168 169 170 172 176 177 182 187 188 193 200
31
5 13 16 37 41 52 63 67 71 73 76 97 98 111 114 123 132 137 146 150 151 155 157 160 172 175 179 181 183 192 200
37
3 4 15 16 20 24 36 40 45 51 54 59 65 68 82 83 87 94 108 117 128 129 139 141 144 151 155 156 157 159 160 175 181 184 186 195 199
41
3 17 26 28 33 38 45 46 54 64 65 69 75 78 86 87 94 97 100 105 108 117 124 126 137 141 146 147 150 153 155 157 165 167 172 179 184 194 197 198 199
51
10 12 13 15 16 17 41 47 49 50 51 52 57 62 64 65 67 68 69 74 77 81 88 90 93 96 99 101 102 104 114 115 128 131 132 136 140 143 144 149 151 158 161 162 168 171 176 178 179 180 184
33
2 7 9 13 15 18 23 30 31 32 49 54 68 75 81 85 88 90 92 97 101 106 110 120 123 145 146 167 168 186 191 196 197
37
8 9 11 12 18 21 38 41 42 47 54 67 70 77 78 86 96 98 99 106 114 121 125 134 147 151 159 163 166 176 178 180 182 184 186 197 200
38
11 12 16 22 29 36 46 53 57 66 68 73 75 81 82 84 98 103 114 126 130 133 138 144 145 146 153 156 158 159 162 166 167 170 176 177 178 181
42
3 5 20 21 27 39 40 42 63 64 68 75 77 91 95 101 103 106 107 109 110 114 117 124 129 135 154 155 156 159 161 163 164 174 176 179 182 185 188 189 198 199
46
8 10 15 17 25 26 28 32 35 37 45 47 49 56 57 62 63 68 69 72 80 84 92 94 105 108 109 115 122 124 128 142 143 146 147 150 154 160 174 185 188 189 190 192 193 199
34
5 6 11 14 19 29 31 46 47 55 57 62 66 69 73 76 87 93 99 100 103 123 134 148 163 166 168 179 180 181 185 188 194 198
49
4 7 8 9 10 12 13 21 23 27 33 37 46 48 49 51 53 63 65 81 82 87 91 96 97 103 108 109 123 130 131 139 141 145 146 153 155 158 160 162 167 168 172 175 179 183 190 191 200
41
4 12 13 25 32 38 40 42 45 51 52 54 55 62 64 65 70 73 76 78 87 98 99 104 105 106 121 132 150 151 152 155 158 159 160 161 180 187 188 198 199
47
11 16 18 26 36 42 44 54 55 57 59 67 72 73 77 79 80 81 84 90 93 94 95 102 106 108 109 110 113 114 115 116 119 120 121 126 129 131 143 145 161 166 179 183 186 188 198
43
5 9 10 15 17 18 36 38 39 44 46 47 51 60 64 71 75 88 92 93 103 107 110 111 113 130 131 135 137 140 143 150 153 154 155 157 158 160 164 173 183 184 194
39
5 7 9 11 15 22 23 25 30 31 34 36 39 40 43 46 58 59 61 62 68 73 88 89 91 94 111 127 151 152 156 159 162 167 173 177 178 185 199
43
8 17 34 39 40 42 52 54 56 64 65 76 88 91 101 104 108 114 115 119 125 127 129 132 135 138 139 150 154 159 161 164 166 171 180 181 185 188 191 193 195 196 197
39
1 6 16 18 21 25 27 33 40 54 60 63 72 73 78 90 95 96 100 112 116 118 120 124 126 137 140 147 148 150 151 159 166 170 171 173 174 179 189
42
1 11 20 24 28 30 31 37 38 40 41 51 54 59 66 76 77 80 81 85 89 99 104 108 118 120 126 130 131 132 139 141 143 148 161 164 170 180 187 189 190 198
41
4 24 28 29 31 33 36 38 49 50 57 75 78 80 92 100 104 114 135 139 140 141 143 147 149 151 152 154 159 160 161 162 166 167 168 171 172 173 182 190 194
40
1 5 9 14 19 21 38 41 42 44 47 49 51 55 58 62 64 72 76 79 102 109 115 117 118 120 126 131 140 142 151 154 162 170 175 180 192 194 198 200
48
3 4 14 25 27 28 37 42 50 51 55 58 64 69 71 73 74 79 84 85 88 95 103 105 107 109 113 121 122 123 124 128 130 134 140 144 145 146 151 152 162 167 170 181 189 196 198 200
40
3 4 16 18 19 20 24 31 34 38 39 51 54 59 64 67 80 82 84 90 91 92 104 113 114 117 121 126 129 136 138 139 145 147 150 153 161 162 171 189
38
3 13 18 22 25 43 44 49 53 58 61 72 80 95 98 103 112 114 122 127 128 135 139 140 144 145 150 161 163 165 168 180 182 184 187 189 191 192
49
3 7 12 13 16 18 29 30 34 36 38 44 49 59 64 68 72 76 85 86 94 97 104 115 117 118 119 121 126 131 137 138 142 143 148 150 155 157 161 163 172 174 176 177 178 181 188 193 198
43
5 9 10 18 21 27 28 31 37 42 58 61 68 80 82 83 85 91 92 101 103 108 111 112 116 117 119 122 125 126 127 130 133 147 149 153 155 159 169 172 180 187 191
38
2 7 11 16 18 23 28 30 34 37 45 48 49 50 56 71 73 74 81 84 85 91 92 95 100 101 107 110 124 126 136 152 167 176 183 187 188 190
52
4 6 14 19 20 26 27 32 39 55 57 63 71 81 83 91 94 100 109 120 121 122 125 127 128 129 130 132 141 142 147 148 154 157 163 164 166 167 168 171 173 178 179 181 182 184 189 190 192 194 197 199
39
10 18 20 25 32 38 41 44 45 54 62 64 70 76 77 78 82 83 90 93 94 97 104 107 112 117 118 124 127 132 135 139 175 182 183 190 192 193 198
34
7 23 24 33 40 42 43 54 58 62 65 66 79 84 98 104 105 116 119 121 134 135 146 147 152 153 156 163 164 165 171 174 192 200
42
5 8 12 21 25 37 40 47 48 49 51 54 56 61 62 65 69 78 80 81 87 88 90 96 102 111 113 114 137 144 146 149 155 168 171 172 175 183 188 189 191 200
40
3 14 21 23 25 27 31 32 42 44 45 48 50 51 67 71 95 96 97 107 118 120 126 128 136 137 145 146 153 161 162 163 164 167 174 175 177 180 181 200
32
9 12 15 18 19 28 38 39 41 50 53 63 66 81 95 97 99 107 108 109 133 145 157 161 170 175 181 182 184 185 187 200
39
9 14 25 30 31 36 46 52 55 64 70 80 96 97 102 105 108 115 119 133 137 138 140 142 154 156 163 165 171 174 176 177 179 182 184 193 194 196 198
53
1 2 3 7 17 19 20 24 29 31 35 37 40 44 46 50 57 58 61 62 66 67 70 80 81 90 97 100 102 103 105 106 107 112 114 130 132 136 140 141 155 160 163 166 167 170 173 176 177 187 193 197 198
31
4 16 26 44 45 53 65 68 69 84 95 98 105 108 110 111 115 124 143 144 146 152 170 171 174 176 185 186 191 193 196
42
1 10 11 13 14 24 31 32 33 41 44 53 55 64 65 68 72 73 74 87 95 99 106 116 117 121 125 126 129 131 132 133 134 164 185 187 188 189 190 194 198 199
32
23 27 31 32 33 34 39 46 60 64 65 71 75 79 82 83 88 89 97 99 105 106 132 139 141 147 154 155 163 166 185 199
45
12 18 21 26 29 35 43 46 50 54 55 56 58 63 64 66 67 72 77 86 87 91 93 96 97 101 105 113 115 122 123 125 132 142 147 150 152 154 159 160 163 172 182 187 192
30
2 17 21 26 35 38 42 45 48 49 50 51 54 65 79 81 82 94 107 109 121 131 133 136 164 172 180 181 184 198
45
13 14 15 16 17 28 36 39 44 47 48 52 53 58 70 80 82 86 97 99 101 103 106 107 108 109 110 112 114 122 123 130 137 139 146 152 157 158 159 170 172 177 185 186 190
42
3 11 14 15 16 29 30 35 39 44 50 54 58 60 63 68 81 87 95 98 104 109 110 111 112 115 125 126 133 134 138 140 142 144 152 160 164 185 188 193 195 200
35
9 14 15 22 26 36 39 60 65 67 72 81 84 90 96 103 104 121 123 144 145 153 155 160 171 174 175 177 182 184 185 186 189 195 200
42
2 3 15 30 37 38 50 60 63 66 68 70 84 86 98 101 103 105 106 107 109 112 114 115 117 133 134 141 144 152 164 169 172 183 184 186 188 189 191 197 198 199
46
3 7 10 12 14 15 17 18 19 24 25 32 39 45 52 74 79 81 82 84 88 92 93 95 102 109 114 116 120 121 124 126 130 131 133 134 141 152 157 160 166 168 172 175 193 199
47
7 8 9 10 11 15 16 19 20 22 34 35 40 43 44 58 65 66 94 95 97 99 102 109 114 119 121 125 127 129 131 132 138 142 147 151 153 154 158 160 166 180 187 190 195 197 199
40
21 23 24 32 39 44 46 48 58 64 66 68 73 76 79 80 84 91 92 93 103 109 117 124 128 129 132 144 145 150 154 158 160 168 170 171 182 185 186 187
40
5 10 15 17 18 20 23 24 28 36 41 57 67 70 72 79 82 87 100 102 106 120 121 126 130 132 133 136 139 148 158 162 168 170 176 178 180 185 190 196
36
13 28 33 34 42 44 46 52 56 64 66 67 68 72 73 83 95 98 107 111 112 116 117 130 134 135 147 149 151 168 171 179 180 184 191 192
40
4 11 17 18 39 45 46 49 50 52 54 60 64 69 70 73 78 87 91 100 108 112 115 116 119 124 134 139 146 153 154 160 161 165 170 181 184 185 191 193
33
5 13 24 31 35 41 45 50 81 83 88 98 106 108 109 115 121 124 126 127 133 134 136 152 158 163 164 165 177 179 183 184 194
42
9 17 24 32 47 50 51 53 56 59 60 68 69 73 75 81 88 94 96 98 102 106 111 113 114 124 125 130 138 139 143 145 148 150 156 158 159 183 187 190 192 198
33
1 11 17 22 28 32 40 51 52 54 60 87 89 95 101 107 108 122 138 141 147 169 171 177 186 188 190 192 193 194 195 196 200
42
8 15 17 22 28 33 36 37 38 46 48 53 67 69 76 87 96 97 98 102 109 115 116 117 121 124 126 127 140 142 145 148 154 158 165 170 171 173 178 187 188 195
42
1 7 13 24 25 28 29 33 34 37 38 39 49 62 71 76 79 85 96 103 109 111 123 127 132 140 142 144 145 149 152 158 162 163 165 168 169 175 185 190 194 196
38
1 6 7 9 21 39 41 48 50 56 63 79 81 84 91 104 108 114 121 124 140 141 142 144 146 158 159 160 173 174 176 178 179 181 190 195 197 200
42
3 4 16 21 23 25 26 30 33 34 38 41 43 45 47 53 65 66 70 77 78 101 113 118 123 124 136 149 150 152 154 165 168 173 178 183 184 188 189 194 196 200
