100 200
1.0 1.0 1.0 1.0 1.0 1.0 1.0 1.0 1.0 1.0 1.0 1.0 1.0 1.0 1.0 1.0 1.0 1.0 1.0 1.0 1.0 1.0 1.0 1.0 1.0 1.0 1.0 1.0 1.0 1.0 1.0 1.0 1.0 1.0 1.0 1.0 1.0 1.0 1.0 1.0 1.0 1.0 1.0 1.0 1.0 1.0 1.0 1.0 1.0 1.0 1.0 1.0 1.0 1.0 1.0 1.0 1.0 1.0 1.0 1.0 1.0 1.0 1.0 1.0 1.0 1.0 1.0 1.0 1.0 1.0 1.0 1.0 1.0 1.0 1.0 1.0 1.0 1.0 1.0 1.0 1.0 1.0 1.0 1.0 1.0 1.0 1.0 1.0 1.0 1.0 1.0 1.0 1.0 1.0 1.0 1.0 1.0 1.0 1.0 1.0 1.0 1.0 1.0 1.0 1.0 1.0 1.0 1.0 1.0 1.0 1.0 1.0 1.0 1.0 1.0 1.0 1.0 1.0 1.0 1.0 1.0 1.0 1.0 1.0 1.0 1.0 1.0 1.0 1.0 1.0 1.0 1.0 1.0 1.0 1.0 1.0 1.0 1.0 1.0 1.0 1.0 1.0 1.0 1.0 1.0 1.0 1.0 1.0 1.0 1.0 1.0 1.0 1.0 1.0 1.0 1.0 1.0 1.0 1.0 1.0 1.0 1.0 1.0 1.0 1.0 1.0 1.0 1.0 1.0 1.0 1.0 1.0 1.0 1.0 1.0 1.0 1.0 1.0 1.0 1.0 1.0 1.0 1.0 1.0 1.0 1.0 1.0 1.0 1.0 1.0 1.0 1.0 1.0 1.0 1.0 1.0 1.0 1.0 1.0 1.0
22
1 11 25 30 37 38 60 67 78 83 119 127 128 130 135 142 177 183 187 188 190 193
23
5 13 17 51 57 58 77 78 90 97 99 101 103 104 110 119 148 158 164 179 194 197 200
21
14 17 20 26 49 50 74 78 91 105 129 132 135 143 165 179 181 184 185 194 199
17
14 15 30 37 70 87 97 98 101 124 152 166 168 170 184 190 196
19
15 24 40 47 50 69 70 76 78 84 87 100 122 152 155 172 184 187 192
16
4 9 23 29 51 54 70 82 93 100 120 128 147 157 174 187
22
15 20 22 24 28 30 34 39 41 57 61 68 69 79 83 94 142 157 163 164 187 188
23
28 29 34 45 46 51 56 57 63 82 88 96 128 133 134 145 155 156 157 165 167 171 184
12
25 36 44 51 58 70 86 105 120 135 177 192
21
3 5 12 22 24 29 36 39 65 67 70 78 97 108 113 136 141 147 153 156 165
20
12 24 25 50 51 59 60 85 91 95 98 108 131 145 147 174 177 184 185 196
28
15 17 19 39 48 52 53 58 71 80 81 83 84 105 106 109 116 117 131 138 147 148 162 163 167 170 173 186
23
8 12 20 22 30 41 47 54 56 57 62 69 81 91 104 120 124 138 149 166 172 195 197
13
45 98 99 105 108 112 115 130 155 156 167 169 173
23
1 4 16 17 18 22 25 26 41 80 91 99 103 104 120 135 151 162 165 166 177 187 199
18
12 18 29 30 42 73 77 79 85 113 116 130 134 141 142 174 179 198
19
9 12 16 19 34 39 56 95 103 107 128 139 141 148 182 187 193 195 197
15
17 56 57 72 96 97 98 140 142 151 162 188 193 194 195
26
1 4 20 35 37 40 44 45 46 57 69 81 85 86 90 98 113 119 129 150 153 154 172 179 185 200
18
10 13 29 38 46 61 68 72 110 111 140 143 157 162 177 186 190 196
17
3 10 38 55 61 66 78 88 89 114 132 161 163 167 180 188 191
18
13 22 30 51 52 60 67 78 93 108 128 131 157 158 167 170 187 196
26
1 11 20 24 27 33 42 46 56 68 71 74 83 93 104 127 129 141 146 161 164 171 178 180 186 187
22
10 17 25 31 40 48 50 61 67 93 94 126 128 143 147 152 154 159 162 169 170 191
19
1 30 48 63 79 80 90 96 102 130 140 142 145 153 156 158 166 178 185
13
45 63 78 85 96 114 122 125 150 160 174 175 197
18
1 52 56 57 59 67 77 83 86 96 124 128 151 157 184 191 192 193
25
17 23 25 29 31 33 35 44 48 49 52 57 83 107 111 121 131 139 146 148 149 184 185 186 195
17
4 17 20 24 30 61 71 72 80 97 101 109 113 155 165 173 176
18
16 21 27 32 35 37 49 58 69 94 118 127 130 132 175 177 190 200
23
24 43 49 64 78 92 98 99 109 128 135 148 152 160 161 163 167 169 174 178 184 192 198
23
2 14 18 28 34 41 46 65 88 91 96 106 113 116 132 133 134 137 138 141 172 190 199
21
8 9 11 40 55 60 74 77 88 96 101 110 114 131 135 151 164 171 175 179 186
20
16 49 60 70 79 85 107 115 118 130 131 142 145 161 163 184 189 191 193 195
21
2 24 34 36 42 50 66 95 110 116 122 131 133 145 154 156 160 166 168 180 197
22
27 44 53 56 64 73 74 87 88 89 92 93 123 127 128 148 161 182 194 195 196 200
23
17 19 26 28 42 50 72 73 78 92 119 124 125 135 141 152 155 160 161 179 183 189 193
14
11 30 44 46 61 69 83 96 123 138 153 187 191 199
24
1 2 18 33 37 65 72 74 80 101 111 114 120 124 133 136 151 156 162 173 180 187 194 195
19
5 11 19 46 48 88 117 121 124 130 131 134 162 171 177 182 184 197 200
26
7 17 18 20 21 45 65 69 74 83 97 102 103 107 108 114 128 138 143 151 154 159 169 176 192 200
28
1 8 15 22 24 33 37 64 70 78 89 90 94 96 100 102 103 119 127 133 136 153 154 158 166 167 171 197
14
3 17 32 48 64 77 78 82 113 114 138 170 186 191
22
9 23 27 41 51 85 89 96 98 100 106 115 121 130 135 142 145 170 184 190 191 193
25
10 17 18 22 25 29 40 42 51 56 64 81 118 120 121 133 136 137 138 142 149 153 159 162 184
17
9 26 27 35 54 56 61 65 66 87 109 118 119 140 154 170 181
18
13 43 44 71 82 86 106 129 130 135 169 170 173 176 177 181 192 200
10
41 43 57 58 116 137 146 178 179 200
17
12 35 46 62 70 74 92 97 100 110 125 138 146 158 166 168 177
21
25 44 45 52 58 61 69 72 80 89 110 115 157 158 164 168 176 184 186 194 198
16
31 49 52 70 74 77 85 115 118 126 130 139 150 180 182 195
18
12 31 36 58 59 72 86 100 107 110 130 141 148 152 170 172 176 189
16
18 23 33 40 51 76 104 105 116 129 150 155 156 180 196 199
19
44 48 56 59 60 62 67 69 71 90 98 100 112 125 173 180 181 195 198
15
19 20 32 53 54 62 67 84 108 110 117 121 129 168 200
13
17 31 53 71 88 98 129 130 144 148 149 153 190
17
10 41 45 55 57 78 80 81 104 106 124 128 136 151 166 181 188
24
3 23 29 33 40 48 49 60 68 98 111 114 121 128 136 137 142 144 145 148 156 161 163 170
20
9 20 38 44 78 96 100 101 102 106 120 129 142 154 164 168 171 172 182 198
16
17 62 63 76 78 87 89 95 96 135 147 160 168 183 191 194
15
25 40 46 57 58 65 100 107 115 121 152 166 179 193 200
16
9 14 26 27 33 34 65 75 90 92 101 119 120 152 180 184
25
3 14 17 27 28 31 34 35 36 41 48 64 65 74 92 96 98 105 107 125 156 186 188 192 193
23
3 8 31 48 54 57 58 68 69 80 96 113 115 118 141 142 154 164 166 169 175 190 200
26
5 10 19 24 47 60 66 67 69 87 95 97 108 124 125 139 153 156 157 160 169 173 178 184 185 189
25
7 14 16 25 42 57 63 64 70 72 87 90 99 101 109 112 116 123 138 167 168 174 182 185 192
23
10 11 15 16 17 23 34 40 42 59 66 75 79 81 83 84 120 123 156 158 173 174 183
18
1 23 32 45 59 77 83 85 88 96 121 139 141 153 154 163 166 192
20
1 3 14 26 27 29 49 50 77 105 128 130 140 147 148 158 173 174 192 199
14
22 36 54 69 73 85 94 97 121 125 134 141 154 192
26
6 8 12 16 28 38 41 44 51 55 56 59 77 80 92 117 123 125 129 140 150 166 173 174 185 192
24
5 28 30 55 64 66 77 81 90 101 120 123 124 128 135 142 155 163 164 165 187 190 196 199
19
9 12 27 39 46 48 54 68 81 83 86 89 90 104 136 156 158 160 191
24
4 24 25 34 36 42 49 52 60 92 94 99 117 119 129 136 147 151 152 155 158 174 185 192
11
12 14 19 56 63 64 125 129 157 168 174
26
1 5 8 28 29 30 46 52 62 63 65 76 86 90 97 98 102 119 138 144 153 155 159 183 189 198
12
5 28 41 43 49 82 87 110 112 179 183 187
13
7 19 35 44 57 59 80 86 89 93 101 149 171
19
5 7 16 26 27 33 34 43 57 66 72 103 116 125 128 142 173 187 198
31
4 6 12 21 28 40 45 52 56 58 67 78 79 96 101 125 138 141 143 151 152 153 157 168 175 176 181 184 188 189 195
28
1 4 9 11 17 33 43 52 58 63 67 84 95 107 108 123 124 139 149 150 164 167 176 179 180 189 194 199
13
5 31 46 66 91 97 99 106 114 137 149 167 192
18
3 4 13 17 27 31 44 68 76 86 89 107 119 132 146 152 167 181
21
25 31 34 35 41 42 49 82 83 86 94 102 118 129 141 144 151 172 175 185 192
21
24 27 29 37 51 55 66 68 87 115 123 133 135 137 153 168 178 187 190 196 199
17
9 16 18 19 25 29 50 64 75 83 84 94 99 150 151 182 188
21
9 33 45 55 62 72 76 83 97 111 123 126 132 136 137 153 157 159 173 186 190
17
50 52 72 86 119 133 137 138 140 143 153 155 157 161 169 185 196
12
1 25 62 69 85 95 103 121 166 167 170 174
19
1 4 7 12 30 43 51 63 72 73 77 86 115 137 148 150 153 173 193
21
1 13 21 26 31 43 59 73 95 110 123 124 125 126 138 164 165 168 179 193 197
18
11 13 53 58 59 75 80 90 97 103 105 120 130 139 159 168 169 186
18
28 33 36 56 88 95 103 106 113 129 130 143 147 159 173 184 194 198
27
6 13 31 45 60 62 70 72 82 84 94 95 98 107 110 114 120 123 126 149 151 163 173 174 181 184 191
22
6 9 37 42 47 68 71 83 97 107 124 128 135 140 170 171 181 184 185 187 188 193
17
31 66 68 82 103 110 116 121 129 133 134 138 150 179 198 199 200
23
12 15 23 41 51 52 60 65 72 80 95 99 110 119 137 149 152 163 170 183 193 195 200
22
6 8 10 12 27 52 64 66 71 85 98 108 118 125 126 135 143 145 165 168 191 198
21
12 13 14 20 37 57 60 79 82 88 91 113 132 149 161 164 172 173 174 186 187
25
3 10 11 15 40 52 58 65 75 79 84 91 92 114 121 128 131 133 139 155 156 174 176 178 189
