50 100
1.0 1.0 1.0 1.0 1.0 1.0 1.0 1.0 1.0 1.0 1.0 1.0 1.0 1.0 1.0 1.0 1.0 1.0 1.0 1.0 1.0 1.0 1.0 1.0 1.0 1.0 1.0 1.0 1.0 1.0 1.0 1.0 1.0 1.0 1.0 1.0 1.0 1.0 1.0 1.0 1.0 1.0 1.0 1.0 1.0 1.0 1.0 1.0 1.0 1.0 1.0 1.0 1.0 1.0 1.0 1.0 1.0 1.0 1.0 1.0 1.0 1.0 1.0 1.0 1.0 1.0 1.0 1.0 1.0 1.0 1.0 1.0 1.0 1.0 1.0 1.0 1.0 1.0 1.0 1.0 1.0 1.0 1.0 1.0 1.0 1.0 1.0 1.0 1.0 1.0 1.0 1.0 1.0 1.0 1.0 1.0 1.0 1.0 1.0 1.0
17
5 7 10 20 27 34 52 53 54 62 65 69 70 75 83 85 92
15
11 16 40 42 46 50 53 56 58 61 66 77 80 83 92
24
2 6 12 16 18 28 30 32 33 40 42 43 57 63 64 72 77 83 86 90 95 96 98 100
22
2 7 15 16 21 33 36 50 57 60 64 70 71 72 76 78 87 88 89 91 94 96
22
12 23 31 34 36 40 41 47 52 54 61 67 69 71 73 74 76 79 84 85 94 98
11
4 7 11 39 40 49 62 64 68 88 92
23
3 7 13 19 23 29 41 42 46 52 53 55 60 74 75 76 83 84 85 90 93 96 97
23
1 2 18 24 29 32 35 38 41 46 47 48 50 52 54 58 60 63 64 74 78 83 100
19
4 13 17 18 23 29 32 34 41 57 58 62 72 78 83 85 97 98 99
27
2 4 6 10 12 17 19 21 23 29 38 39 47 50 58 59 71 78 79 83 85 89 90 93 97 98 100
26
5 8 12 14 16 23 25 26 28 30 31 32 38 40 50 60 62 63 65 69 72 73 76 82 92 93
22
1 6 8 9 10 16 28 40 55 57 59 61 64 66 68 71 78 81 83 86 91 92
27
7 16 21 22 23 24 27 31 33 35 40 46 49 50 52 57 58 59 62 68 72 75 78 82 86 89 96
19
14 18 26 32 38 41 46 49 50 54 56 63 66 69 74 75 79 87 100
19
1 9 18 19 21 25 28 36 53 58 59 60 62 73 75 78 94 96 100
30
3 4 5 12 13 18 25 32 36 42 44 49 52 57 60 62 65 66 68 72 74 75 76 81 84 88 90 96 99 100
21
6 7 17 22 29 30 39 40 44 49 52 60 70 72 80 81 83 88 93 94 95
19
9 10 11 12 17 24 26 39 40 42 52 56 58 59 73 88 91 92 100
16
3 8 18 26 27 28 30 35 37 42 47 67 74 77 79 99
20
5 6 16 17 21 23 34 37 39 44 50 62 64 67 70 73 81 91 93 95
24
10 11 12 16 28 38 45 49 50 54 55 56 58 59 65 67 69 71 73 81 83 86 94 97
27
3 4 7 11 16 19 24 26 28 30 31 38 42 45 49 52 56 59 60 63 66 74 77 80 87 95 98
24
2 4 6 7 10 11 16 21 26 28 33 36 38 43 47 49 52 56 58 59 69 77 81 99
22
4 6 9 16 17 19 21 23 28 33 40 52 58 62 64 65 67 69 81 92 98 99
18
3 4 5 16 19 22 27 31 38 39 43 44 51 58 60 71 95 99
20
1 4 5 11 12 25 27 33 34 35 48 53 56 57 63 65 77 86 89 90
23
5 11 21 25 27 30 33 37 41 44 51 59 62 66 68 70 72 75 82 84 97 98 99
18
3 4 15 20 21 23 26 28 29 47 52 58 79 84 87 91 97 98
17
6 11 12 13 17 21 25 27 29 35 36 40 52 53 76 93 95
22
7 12 13 14 17 19 22 26 38 41 47 54 55 60 71 76 80 82 89 95 96 97
17
6 20 21 23 24 31 36 39 40 63 64 68 80 84 89 92 97
25
1 4 7 9 12 16 21 28 29 30 46 48 50 57 58 61 64 70 71 73 75 82 84 95 96
15
5 6 15 19 23 34 38 59 66 69 75 83 86 88 99
19
8 21 25 28 29 33 34 35 36 46 47 52 58 59 72 74 76 77 96
18
5 11 17 18 22 31 32 33 43 53 55 59 66 68 78 79 85 89
29
5 8 11 16 22 23 29 30 31 33 42 47 48 49 51 54 55 56 58 60 65 69 70 84 87 88 93 94 95
15
3 6 15 27 29 31 38 41 54 66 72 84 96 97 100
21
2 3 6 17 18 20 22 24 25 29 37 48 49 63 73 75 78 86 93 94 100
22
2 12 14 18 26 30 38 43 46 51 58 59 61 63 64 68 70 78 79 85 90 94
18
13 14 17 22 24 32 38 40 43 59 61 63 64 71 72 87 91 95
18
6 13 22 24 29 31 37 40 41 44 56 68 70 71 72 87 90 91
15
2 8 10 20 23 28 35 37 71 76 84 86 88 91 94
19
2 6 8 13 16 27 29 40 42 46 47 51 54 57 65 84 87 92 99
24
3 4 10 14 18 22 23 32 43 44 50 52 58 60 68 69 70 72 73 75 80 81 89 92
22
2 6 8 9 18 24 25 27 29 31 33 34 35 43 49 54 56 65 74 79 85 88
23
1 2 11 19 23 28 37 38 45 51 52 58 61 64 66 69 72 77 78 79 83 97 98
18
6 8 11 14 16 21 24 35 40 47 49 54 59 69 77 83 86 88
27
6 11 16 17 18 25 28 30 33 34 35 40 41 45 49 51 57 60 62 69 75 78 83 88 94 99 100
21
2 4 8 10 15 19 47 51 60 63 67 68 69 71 82 86 89 90 92 95 99
18
5 11 13 26 30 37 40 41 42 54 62 67 75 77 78 89 91 93
