100 200
1.0 1.0 1.0 1.0 1.0 1.0 1.0 1.0 1.0 1.0 1.0 1.0 1.0 1.0 1.0 1.0 1.0 1.0 1.0 1.0 1.0 1.0 1.0 1.0 1.0 1.0 1.0 1.0 1.0 1.0 1.0 1.0 1.0 1.0 1.0 1.0 1.0 1.0 1.0 1.0 1.0 1.0 1.0 1.0 1.0 1.0 1.0 1.0 1.0 1.0 1.0 1.0 1.0 1.0 1.0 1.0 1.0 1.0 1.0 1.0 1.0 1.0 1.0 1.0 1.0 1.0 1.0 1.0 1.0 1.0 1.0 1.0 1.0 1.0 1.0 1.0 1.0 1.0 1.0 1.0 1.0 1.0 1.0 1.0 1.0 1.0 1.0 1.0 1.0 1.0 1.0 1.0 1.0 1.0 1.0 1.0 1.0 1.0 1.0 1.0 1.0 1.0 1.0 1.0 1.0 1.0 1.0 1.0 1.0 1.0 1.0 1.0 1.0 1.0 1.0 1.0 1.0 1.0 1.0 1.0 1.0 1.0 1.0 1.0 1.0 1.0 1.0 1.0 1.0 1.0 1.0 1.0 1.0 1.0 1.0 1.0 1.0 1.0 1.0 1.0 1.0 1.0 1.0 1.0 1.0 1.0 1.0 1.0 1.0 1.0 1.0 1.0 1.0 1.0 1.0 1.0 1.0 1.0 1.0 1.0 1.0 1.0 1.0 1.0 1.0 1.0 1.0 1.0 1.0 1.0 1.0 1.0 1.0 1.0 1.0 1.0 1.0 1.0 1.0 1.0 1.0 1.0 1.0 1.0 1.0 1.0 1.0 1.0 1.0 1.0 1.0 1.0 1.0 1.0 1.0 1.0 1.0 1.0 1.0 1.0
13
13 35 57 79 122 141 145 166 176 182 186 187 193
9
6 60 65 95 116 138 157 170 200
4
17 73 187 194
8
17 34 35 61 145 171 188 197
10
30 31 51 111 124 150 156 192 193 199
6
32 67 85 92 144 198
16
9 20 86 105 106 109 113 122 123 147 149 150 152 162 178 198
13
11 70 82 88 107 108 117 123 129 134 146 169 187
14
19 36 46 50 58 60 79 89 141 149 155 193 195 199
7
15 48 145 158 171 190 192
6
21 40 50 61 175 183
7
21 73 82 100 101 171 193
12
29 36 54 62 97 100 103 116 130 182 193 200
15
18 20 21 39 48 59 72 106 113 122 125 126 166 186 197
11
15 16 39 45 75 97 100 113 126 150 189
12
5 14 16 18 41 83 97 101 104 170 173 181
10
22 43 49 71 95 141 146 154 156 165
17
33 48 51 55 56 59 68 81 120 138 141 143 148 150 179 185 188
5
43 44 65 76 143
5
49 63 166 177 195
8
2 4 54 67 80 133 143 157
7
4 57 82 85 86 87 176
11
46 62 87 91 93 134 155 159 167 183 188
9
19 32 54 106 110 122 137 145 149
9
28 102 108 111 126 129 136 145 195
14
9 25 27 32 79 80 89 154 155 166 168 190 191 194
8
8 15 60 76 86 167 186 192
6
34 42 47 151 166 167
12
7 27 40 85 89 109 128 133 154 177 193 196
12
3 13 16 19 25 65 67 70 125 143 146 172
11
1 20 28 43 73 76 116 128 130 152 165
7
69 78 88 89 94 179 194
15
8 31 32 41 58 84 93 97 105 106 124 127 128 150 152
7
1 128 160 176 180 191 199
9
27 28 35 68 99 123 145 187 200
7
4 38 44 47 75 109 184
13
17 35 59 66 72 82 104 108 127 152 171 175 192
10
31 33 46 52 58 64 107 130 176 178
12
13 49 68 77 85 88 94 95 116 117 139 157
6
26 70 112 149 157 195
7
53 56 75 78 84 194 195
11
24 27 47 61 85 115 124 134 146 179 190
13
1 8 24 30 44 75 89 98 119 148 152 188 200
7
28 48 64 109 113 156 168
7
65 90 121 124 136 151 169
12
21 49 67 85 101 116 120 126 129 172 189 190
6
7 16 29 78 125 141
12
34 80 108 116 126 130 135 145 155 173 187 190
4
20 49 122 145
12
19 48 55 57 102 122 123 140 148 159 160 166
10
8 26 37 42 48 77 81 130 132 182
6
15 18 22 96 124 167
13
2 20 32 34 44 67 98 156 168 172 176 196 197
10
5 24 46 50 64 105 133 152 180 186
9
25 42 61 62 64 86 156 177 180
10
4 5 15 32 47 53 55 63 128 153
12
2 28 29 39 51 107 108 147 155 159 176 188
11
50 59 60 64 69 135 137 175 185 193 199
15
1 19 20 39 41 54 55 82 106 120 141 160 168 183 189
12
6 37 46 47 56 64 66 73 75 186 194 199
8
22 38 101 102 170 185 190 193
9
15 35 68 81 88 106 126 173 174
10
45 62 113 131 136 151 165 178 188 197
9
63 73 93 108 127 143 163 184 193
9
16 20 34 84 138 162 166 169 187
10
1 8 13 87 107 136 146 148 150 185
13
7 17 27 35 42 56 104 155 161 175 176 177 191
9
45 56 61 78 130 134 161 175 196
10
8 89 95 118 129 135 147 173 196 199
11
24 27 34 39 48 52 57 118 123 155 192
9
5 20 59 70 100 125 128 143 183
13
4 6 52 92 93 108 119 127 140 142 150 166 187
8
1 4 73 92 101 113 124 173
15
10 29 41 57 82 96 100 103 108 113 138 159 161 164 189
12
16 24 31 101 112 117 145 149 174 180 185 199
10
1 16 19 75 114 120 126 141 150 197
8
15 48 63 68 74 118 124 134
13
8 29 32 54 85 118 130 148 160 178 180 181 189
9
11 15 18 42 59 83 112 145 150
11
26 32 46 93 95 116 129 142 143 148 188
8
42 56 68 121 139 152 163 171
8
7 31 43 48 52 108 135 175
8
2 22 62 66 88 107 117 133
10
19 32 34 37 61 88 100 157 162 163
15
6 9 10 29 65 66 74 91 99 102 125 142 164 191 195
9
29 47 80 94 120 140 141 147 194
12
8 36 49 91 98 100 121 147 156 167 186 187
8
59 124 141 155 164 172 181 192
7
118 134 147 151 166 178 184
14
11 14 15 40 66 90 94 107 120 127 138 141 152 183
10
5 9 25 53 103 114 158 172 174 200
10
6 30 47 70 106 134 143 146 156 159
9
23 44 71 90 96 102 152 172 174
13
15 16 21 60 79 84 92 94 114 123 125 130 162
11
10 56 68 81 107 169 171 190 191 193 196
12
6 49 82 97 99 123 137 138 156 169 181 183
9
9 23 34 84 127 130 150 157 194
4
83 86 87 176
11
58 63 69 70 87 98 135 140 156 165 197
13
10 32 39 61 113 115 117 118 141 147 159 169 195
