150 300
1.0 1.0 1.0 1.0 1.0 1.0 1.0 1.0 1.0 1.0 1.0 1.0 1.0 1.0 1.0 1.0 1.0 1.0 1.0 1.0 1.0 1.0 1.0 1.0 1.0 1.0 1.0 1.0 1.0 1.0 1.0 1.0 1.0 1.0 1.0 1.0 1.0 1.0 1.0 1.0 1.0 1.0 1.0 1.0 1.0 1.0 1.0 1.0 1.0 1.0 1.0 1.0 1.0 1.0 1.0 1.0 1.0 1.0 1.0 1.0 1.0 1.0 1.0 1.0 1.0 1.0 1.0 1.0 1.0 1.0 1.0 1.0 1.0 1.0 1.0 1.0 1.0 1.0 1.0 1.0 1.0 1.0 1.0 1.0 1.0 1.0 1.0 1.0 1.0 1.0 1.0 1.0 1.0 1.0 1.0 1.0 1.0 1.0 1.0 1.0 1.0 1.0 1.0 1.0 1.0 1.0 1.0 1.0 1.0 1.0 1.0 1.0 1.0 1.0 1.0 1.0 1.0 1.0 1.0 1.0 1.0 1.0 1.0 1.0 1.0 1.0 1.0 1.0 1.0 1.0 1.0 1.0 1.0 1.0 1.0 1.0 1.0 1.0 1.0 1.0 1.0 1.0 1.0 1.0 1.0 1.0 1.0 1.0 1.0 1.0 1.0 1.0 1.0 1.0 1.0 1.0 1.0 1.0 1.0 1.0 1.0 1.0 1.0 1.0 1.0 1.0 1.0 1.0 1.0 1.0 1.0 1.0 1.0 1.0 1.0 1.0 1.0 1.0 1.0 1.0 1.0 1.0 1.0 1.0 1.0 1.0 1.0 1.0 1.0 1.0 1.0 1.0 1.0 1.0 1.0 1.0 1.0 1.0 1.0 1.0 1.0 1.0 1.0 1.0 1.0 1.0 1.0 1.0 1.0 1.0 1.0 1.0 1.0 1.0 1.0 1.0 1.0 1.0 1.0 1.0 1.0 1.0 1.0 1.0 1.0 1.0 1.0 1.0 1.0 1.0 1.0 1.0 1.0 1.0 1.0 1.0 1.0 1.0 1.0 1.0 1.0 1.0 1.0 1.0 1.0 1.0 1.0 1.0 1.0 1.0 1.0 1.0 1.0 1.0 1.0 1.0 1.0 1.0 1.0 1.0 1.0 1.0 1.0 1.0 1.0 1.0 1.0 1.0 1.0 1.0 1.0 1.0 1.0 1.0 1.0 1.0 1.0 1.0 1.0 1.0 1.0 1.0 1.0 1.0 1.0 1.0 1.0 1.0 1.0 1.0 1.0 1.0 1.0 1.0 1.0 1.0 1.0 1.0 1.0 1.0
59
6 7 14 18 20 21 28 35 44 48 56 67 72 83 91 94 99 100 103 108 111 117 120 122 123 125 132 135 136 140 141 147 154 157 164 167 180 184 186 187 199 205 225 229 234 238 241 249 252 253 256 260 267 270 277 289 290 294 297
73
2 3 4 20 24 25 26 27 29 30 32 35 39 43 44 45 52 53 54 65 69 73 75 84 89 90 91 94 99 100 101 107 108 120 137 146 148 149 153 154 156 158 164 166 168 169 171 179 188 190 192 196 197 203 208 224 225 229 231 234 243 246 247 257 263 276 280 282 284 291 293 297 300
45
5 11 19 31 34 55 56 57 67 71 73 78 80 101 114 118 126 134 135 140 147 151 165 167 171 178 180 186 187 193 201 202 207 227 232 236 242 266 268 271 274 279 287 295 300
69
2 8 11 14 21 23 26 32 34 42 53 61 66 68 69 76 79 84 85 86 105 109 111 116 119 121 134 135 140 146 147 151 159 173 176 182 184 188 189 191 192 197 199 203 204 206 213 221 224 235 236 237 241 245 248 250 251 252 254 256 258 266 268 271 272 281 286 294 297
72
8 11 15 19 22 23 31 37 41 42 48 49 62 66 70 74 76 77 84 87 93 98 106 108 111 115 118 119 128 130 132 136 141 146 156 158 162 169 170 174 178 185 187 188 189 190 197 202 203 205 209 214 216 217 220 222 224 234 237 244 245 261 263 267 270 278 279 281 282 289 290 295
52
4 23 24 29 31 42 47 70 71 74 75 80 83 89 95 98 100 101 106 108 109 114 117 120 121 122 123 124 131 144 145 150 157 163 164 175 177 180 197 198 221 223 230 242 250 253 259 261 271 273 289 296
58
2 12 31 34 36 45 50 51 59 60 61 62 63 65 67 72 91 94 102 104 107 108 128 135 138 141 146 154 156 159 161 164 170 177 179 182 187 195 198 205 207 216 220 222 229 232 233 246 252 253 257 259 266 276 281 286 291 298
61
9 18 31 39 46 48 49 80 84 88 90 94 97 99 105 119 120 121 123 128 129 140 145 147 151 152 157 158 160 172 173 174 175 178 179 180 182 189 193 195 196 197 205 207 212 214 219 223 233 241 246 253 261 262 264 273 277 283 288 290 295
62
3 5 12 27 28 35 36 37 38 43 48 51 61 76 82 86 98 99 101 106 112 113 114 128 143 155 156 161 162 163 174 181 189 192 197 202 216 228 231 235 238 241 242 243 244 245 250 251 256 260 263 265 267 268 274 276 277 279 282 286 292 299
51
1 5 10 15 17 18 26 40 61 73 79 85 89 91 94 97 99 109 111 113 121 127 128 129 135 137 140 143 154 160 171 180 189 195 197 211 222 244 248 251 258 260 262 264 265 266 267 276 278 281 289
48
11 16 17 27 29 51 52 58 61 63 67 68 74 76 77 78 83 85 87 92 99 101 112 118 121 123 126 129 134 137 144 147 150 152 161 171 174 177 184 191 226 228 230 238 258 263 273 277
60
4 10 12 14 16 18 19 27 29 33 38 41 53 56 69 72 77 78 83 87 92 99 100 108 110 111 133 134 137 139 144 147 148 152 165 183 185 193 195 196 208 211 213 220 222 227 230 232 235 238 252 254 261 264 273 276 281 282 292 300
43
3 4 7 8 19 24 30 31 41 57 67 71 81 84 91 96 114 133 137 139 141 146 150 151 152 153 155 167 180 185 192 195 197 203 210 230 232 233 234 237 243 258 274
70
12 13 15 21 22 24 28 39 41 42 49 61 62 66 69 84 87 89 91 93 96 98 122 125 128 134 136 140 145 154 157 162 166 175 176 178 179 189 193 200 201 206 207 210 215 220 222 228 229 233 234 238 241 245 248 249 257 258 259 260 270 273 275 276 277 288 290 291 293 300
61
1 3 9 18 26 32 38 39 44 47 53 54 66 67 70 77 80 81 85 89 94 98 99 102 103 106 108 119 126 128 132 135 141 151 153 155 158 164 170 173 180 197 207 209 210 214 217 219 227 229 235 245 246 251 261 262 263 269 282 293 299
76
1 4 5 11 17 18 24 25 28 31 40 44 52 53 59 63 66 67 69 70 72 73 77 79 81 82 84 85 89 97 100 110 116 128 133 137 139 142 144 148 152 159 168 169 171 174 175 186 189 190 205 208 212 218 222 226 227 230 232 235 238 244 247 249 256 264 266 270 271 272 275 286 287 288 297 299
65
1 9 18 25 34 39 40 45 53 56 74 77 78 79 80 87 90 95 113 116 118 120 122 133 136 137 138 139 142 144 147 150 151 155 157 159 161 165 170 174 181 189 193 206 209 212 213 215 223 227 231 237 238 246 249 251 253 260 271 274 276 287 289 293 297
63
5 16 17 19 20 26 30 31 33 38 41 43 44 46 47 60 61 62 66 80 85 92 95 99 105 108 110 113 118 121 127 128 129 134 137 138 140 152 155 156 162 164 183 184 210 212 215 224 231 235 239 245 248 249 252 259 267 269 270 282 284 292 294
57
9 10 11 28 29 31 43 50 54 56 57 59 61 71 73 80 83 84 88 90 94 95 97 102 111 114 121 123 126 131 136 142 152 153 154 161 169 170 174 180 183 187 198 200 203 212 215 229 248 250 269 270 271 281 284 297 299
67
1 4 15 17 22 23 24 28 34 43 49 57 64 68 72 75 76 79 80 82 84 85 88 89 93 98 101 104 107 113 117 124 128 129 138 147 148 151 165 174 177 179 194 195 196 201 209 211 214 216 225 226 235 240 246 247 256 257 258 259 261 279 283 287 290 291 293
61
12 15 16 17 18 20 21 23 31 32 34 40 44 59 63 67 72 91 101 107 111 132 139 140 141 146 149 150 154 159 160 163 168 170 173 180 188 195 207 210 216 217 218 219 221 223 227 228 235 238 244 246 251 252 254 260 261 266 276 287 297
67
1 7 8 15 20 22 26 35 36 38 39 42 48 50 58 65 69 70 72 74 76 78 84 87 89 90 109 111 115 130 131 132 138 142 146 147 157 161 165 167 168 170 172 176 179 182 183 187 191 193 204 211 214 230 240 260 264 271 275 276 280 285 290 293 294 298 300
62
6 8 9 10 12 20 23 24 32 35 37 78 80 82 87 88 92 95 97 101 102 110 111 112 115 117 127 139 149 150 157 164 165 167 171 182 185 198 208 209 210 213 217 223 229 236 238 240 241 249 250 251 253 260 269 276 277 282 292 293 296 298
51
6 15 24 30 32 33 38 42 52 57 61 73 82 90 100 101 113 118 124 126 131 136 139 141 143 147 149 158 163 180 186 204 205 209 223 224 227 234 235 236 237 245 254 260 263 269 270 274 278 281 299
58
1 8 10 23 31 34 42 48 58 62 71 77 83 85 90 99 107 109 113 124 132 141 146 147 154 156 168 176 178 184 196 200 201 203 208 210 216 217 219 222 224 229 230 232 235 243 244 249 252 253 260 265 271 279 287 292 297 298
55
9 14 17 27 28 40 42 46 53 55 58 61 69 72 78 79 81 90 93 97 101 108 110 114 140 147 151 153 156 161 165 170 175 176 186 188 190 192 193 212 213 218 221 249 251 259 265 266 274 279 281 284 291 294 299
52
4 12 17 18 25 31 42 46 52 54 56 61 67 71 74 80 82 89 96 99 102 105 118 119 122 145 150 154 156 163 167 169 170 174 177 185 186 190 198 226 239 243 245 254 266 272 275 283 297 298 299 300
65
1 8 10 13 14 18 19 22 23 33 37 39 47 50 54 57 64 67 70 72 76 80 82 88 109 114 118 120 121 122 126 130 131 136 142 144 146 151 153 162 166 169 193 201 205 210 220 229 231 243 255 256 257 260 261 266 267 268 272 274 275 279 288 298 299
56
2 9 17 24 26 36 37 38 41 65 71 85 86 93 94 111 121 125 132 133 137 139 141 143 147 151 156 157 171 175 178 181 204 206 209 210 221 222 233 235 238 239 241 242 250 252 257 259 266 275 280 286 291 296 297 298
60
8 13 15 16 27 29 31 42 43 44 47 54 55 78 80 84 85 96 97 99 102 103 112 115 117 130 136 137 151 153 154 159 163 174 178 182 190 194 196 205 207 211 214 218 237 245 249 251 252 260 262 265 267 268 272 284 289 290 292 293
56
2 4 13 27 32 36 37 61 67 72 74 76 79 80 85 86 102 104 110 114 133 134 141 144 153 155 158 159 161 167 186 188 189 192 194 218 219 220 224 229 232 233 235 245 247 250 255 256 259 260 261 269 279 280 292 295
67
3 4 8 11 14 16 28 31 32 35 36 42 43 50 52 63 65 73 76 78 80 84 87 94 107 109 114 119 122 132 136 149 154 157 164 167 171 173 181 182 186 187 190 194 196 200 210 217 218 223 226 229 233 235 239 243 250 255 257 262 268 269 270 283 284 287 291
59
1 2 3 4 15 19 27 34 38 39 46 47 50 51 58 60 66 70 72 73 77 82 88 89 94 113 114 116 122 132 134 135 138 140 153 155 194 195 197 198 201 206 207 208 236 239 240 242 249 251 257 262 264 270 274 284 292 295 300
53
9 10 12 14 20 23 28 30 40 50 52 62 80 87 88 100 103 109 114 117 122 124 136 148 156 157 166 175 176 184 185 187 203 212 216 218 248 250 251 253 257 259 260 262 265 266 269 278 280 282 283 288 296
65
1 6 16 21 31 34 43 46 48 49 52 54 56 61 62 65 70 74 81 91 100 107 109 110 111 119 124 126 129 130 134 139 141 143 150 154 159 165 166 173 183 184 187 191 195 196 197 206 224 236 243 263 264 267 269 272 273 276 279 283 284 286 287 290 295
52
1 2 3 10 15 23 26 34 39 40 50 60 63 69 70 73 77 82 93 96 99 115 122 136 143 144 156 167 169 171 182 184 185 187 188 189 191 195 200 216 217 226 235 240 249 251 274 284 288 297 298 300
51
3 4 7 15 16 30 43 46 47 52 64 73 100 107 115 137 138 140 144 159 164 167 168 170 188 189 191 196 197 199 200 208 213 221 234 236 240 241 243 246 247 248 250 251 253 260 269 279 280 281 292
64
2 5 26 28 31 35 40 41 49 58 60 67 75 76 80 82 83 87 96 98 99 102 105 115 116 120 127 129 133 136 137 139 142 145 151 152 153 155 156 170 174 175 178 185 188 189 196 200 204 231 235 241 258 259 262 268 271 284 286 287 290 293 296 300
52
2 18 19 28 35 38 41 43 51 58 65 67 68 69 77 82 84 92 94 99 105 117 122 126 129 131 134 138 140 152 156 158 166 176 182 195 197 200 203 212 215 223 225 228 259 273 274 281 283 288 290 299
55
11 22 29 48 51 65 75 76 83 85 87 93 94 99 100 105 117 123 129 133 135 142 152 164 165 171 176 201 212 213 216 219 222 225 231 232 233 239 251 252 254 258 260 264 265 268 269 275 278 286 287 292 295 298 300
72
5 7 17 21 24 33 37 41 45 46 47 68 70 72 74 80 94 95 102 107 109 112 113 119 131 135 136 144 146 148 155 159 164 166 167 170 171 179 186 187 194 195 196 197 198 199 200 201 203 211 218 220 223 234 235 236 237 238 241 243 247 248 249 259 269 272 273 278 283 289 293 295
67
1 2 9 11 22 25 32 33 34 40 46 47 49 59 60 67 72 75 82 83 86 87 93 94 103 104 122 125 127 131 133 134 136 143 145 147 148 157 158 160 164 171 179 190 196 218 219 228 229 233 237 242 245 249 250 254 261 269 270 272 273 279 282 283 286 289 290
59
2 8 10 11 16 17 47 48 55 56 61 63 64 78 80 85 88 94 106 118 119 131 133 135 136 141 144 149 155 161 163 177 178 184 196 200 204 207 211 214 215 219 220 223 231 236 241 243 250 251 254 256 258 259 260 271 273 291 298
55
7 18 25 26 32 37 43 45 46 48 61 66 73 74 76 102 110 111 115 116 123 127 129 151 152 158 178 182 184 188 190 193 195 196 200 209 212 216 218 219 226 227 228 233 234 239 243 256 262 265 271 281 296 297 298
54
4 7 10 11 21 26 29 39 41 44 48 57 61 67 73 76 78 80 88 90 95 101 104 108 109 111 112 114 117 120 123 130 151 152 153 168 185 197 217 218 221 223 226 232 235 264 266 268 269 276 279 281 291 298
63
4 5 6 13 17 23 29 35 40 41 42 43 45 48 50 61 71 85 98 99 105 114 117 130 132 134 138 141 142 153 154 156 168 170 173 180 185 191 193 195 196 200 204 210 213 224 233 237 240 252 253 254 255 256 269 271 278 281 286 291 292 293 296
76
8 19 20 21 28 29 31 36 38 39 42 44 47 48 50 52 54 55 57 58 62 67 68 70 81 84 96 100 101 102 103 107 117 121 125 127 129 131 132 134 135 143 144 151 153 156 164 167 169 173 175 177 182 192 193 201 216 221 224 233 238 245 246 251 258 259 260 272 277 281 282 286 288 294 295 298
63
7 12 14 15 20 24 29 30 31 32 34 44 47 49 57 60 61 62 68 73 76 87 90 91 94 97 99 106 124 133 149 151 154 157 165 166 168 169 178 183 187 192 215 217 218 222 224 227 230 244 245 246 253 254 258 261 273 274 278 284 288 294 299
57
1 8 9 16 17 18 24 31 48 57 63 65 69 72 85 86 87 91 101 111 124 135 137 141 142 166 178 179 180 182 183 184 185 186 191 198 201 203 216 220 231 239 241 242 248 254 260 262 266 274 275 280 281 285 287 292 293
60
1 9 14 16 18 32 38 61 62 64 70 74 82 98 99 100 115 117 118 129 135 139 147 148 158 160 163 167 172 173 174 176 180 192 199 202 206 210 214 216 217 220 226 227 230 241 243 259 262 263 267 273 277 281 283 289 290 294 295 299
69
4 5 6 12 13 21 31 32 34 37 38 44 45 52 54 55 57 63 67 75 80 86 89 92 93 94 103 104 112 119 128 130 135 138 139 143 151 160 165 177 182 184 185 189 191 196 200 206 207 209 210 213 219 221 227 228 232 253 254 260 263 267 269 278 287 289 291 296 297
63
1 8 14 23 38 46 50 53 54 62 70 78 83 90 93 94 98 100 111 114 115 121 128 129 134 139 142 143 147 148 159 161 164 166 169 177 179 190 206 208 211 215 217 225 227 233 234 246 254 255 257 259 261 264 267 268 271 275 279 285 287 296 297
64
2 4 16 21 27 39 47 63 67 71 73 82 92 97 100 105 109 111 116 118 119 120 130 135 138 143 145 149 150 153 156 157 161 162 163 164 174 184 187 188 190 191 195 197 198 208 213 220 223 225 234 236 241 251 255 257 263 277 280 281 282 284 290 292
61
10 11 13 14 23 30 37 47 48 52 61 64 77 80 83 85 86 88 95 97 103 110 123 124 131 133 141 147 149 150 153 155 158 162 165 173 174 184 189 192 193 205 206 209 218 223 224 225 227 232 241 244 246 248 249 254 261 265 268 282 288
60
9 11 14 19 22 24 28 36 54 59 62 76 78 80 89 90 93 106 108 116 132 147 152 155 156 159 160 166 170 176 180 183 186 188 190 192 196 198 204 206 208 214 218 220 221 223 231 236 237 238 244 246 248 250 252 274 278 288 293 300
61
1 3 11 21 25 27 30 33 47 49 51 61 66 69 77 80 83 88 92 96 97 100 119 120 127 128 129 135 141 142 144 153 154 155 158 164 171 175 179 181 185 196 197 222 230 240 249 251 252 254 257 261 272 273 278 280 283 287 289 298 299
60
1 2 5 8 19 25 31 35 38 51 55 60 62 65 68 69 77 79 84 85 93 94 101 125 131 146 153 156 158 167 171 191 195 199 207 210 211 213 214 215 217 228 238 242 245 250 256 257 258 260 265 269 274 275 280 282 284 292 294 295
57
6 11 17 19 21 26 34 37 39 41 44 46 50 57 62 65 66 72 78 85 86 88 92 94 104 106 109 117 118 122 136 137 139 150 162 170 171 174 193 196 197 200 212 216 220 222 238 240 245 261 266 272 277 280 283 288 292
59
1 6 7 8 13 28 47 54 57 59 63 83 89 91 92 93 94 97 103 105 107 108 112 113 117 119 123 131 138 141 147 149 156 170 183 198 201 203 205 207 208 213 216 218 219 226 235 241 252 254 257 262 264 272 288 289 290 293 296
70
7 11 12 17 18 19 22 29 30 32 46 49 54 66 69 81 83 87 92 93 94 107 112 113 118 126 130 137 140 145 147 152 153 155 156 157 158 174 181 182 185 187 189 190 203 205 208 210 218 224 226 246 249 254 255 259 260 267 268 270 272 275 276 280 284 286 287 290 298 299
58
11 15 17 21 27 37 48 50 52 53 58 69 74 80 87 91 95 101 113 116 118 120 124 126 134 140 155 162 164 166 173 177 178 181 190 202 215 216 224 228 230 235 246 251 252 253 256 262 264 266 270 272 285 286 291 294 295 297
60
1 2 4 6 7 8 9 10 15 16 20 23 29 32 37 50 60 78 81 84 94 98 104 124 126 128 131 134 138 139 148 149 150 155 158 165 169 170 171 174 184 191 204 209 215 217 225 229 240 252 254 256 259 264 265 275 280 281 291 293
64
2 4 7 14 17 23 29 31 39 42 44 55 65 68 69 87 93 99 102 107 126 142 145 148 154 159 162 164 170 172 174 175 176 177 178 180 198 204 205 206 211 214 218 235 243 244 248 249 250 251 254 262 266 270 271 275 277 278 279 281 285 286 297 298
52
1 2 8 16 20 21 27 33 39 41 42 52 54 65 71 86 88 93 98 105 109 115 117 121 125 130 138 142 158 163 164 169 173 177 179 191 210 216 221 228 232 238 245 246 250 258 260 272 276 279 284 291
62
5 7 15 21 25 36 38 39 52 53 66 68 69 75 83 88 89 101 103 107 111 112 115 117 120 121 123 125 126 130 135 137 139 144 154 157 164 168 173 178 179 192 195 198 207 208 219 221 222 247 257 262 263 264 266 267 279 280 291 295 297 300
58
7 11 14 15 16 37 40 62 66 76 80 98 99 105 110 113 116 124 126 128 137 140 142 149 152 157 159 160 162 164 175 176 177 182 187 193 195 197 203 204 208 215 217 222 225 237 238 241 243 249 252 264 265 268 269 276 287 294
58
1 2 17 18 21 27 33 38 40 42 52 54 57 59 65 77 81 84 86 91 99 102 106 111 126 129 130 136 140 151 155 167 169 187 189 194 197 202 206 208 209 216 220 221 223 224 232 235 245 257 259 260 262 273 275 281 290 291
63
1 5 7 10 12 13 19 31 39 44 48 60 62 63 65 70 75 81 82 86 90 92 94 109 116 119 123 125 131 133 136 137 138 141 142 145 160 162 174 175 176 179 189 199 204 206 207 208 219 228 243 247 256 263 264 267 274 277 278 280 284 292 295
65
6 15 23 25 26 38 44 54 56 58 60 71 72 81 82 94 104 110 111 114 115 117 119 121 124 127 141 143 144 161 163 172 174 178 182 187 193 194 196 204 206 208 209 212 214 224 227 229 231 232 234 236 237 238 241 244 245 249 250 272 279 287 290 292 295
68
9 17 23 29 33 34 43 52 54 55 62 71 73 77 78 80 83 84 87 92 96 97 98 102 124 137 139 140 143 145 146 150 154 163 171 174 175 180 182 185 187 188 191 193 201 210 214 227 234 238 245 247 248 250 251 257 260 261 262 263 267 274 275 278 279 283 288 289
62
1 7 10 11 15 24 35 39 44 46 48 50 53 56 57 64 65 68 74 76 83 86 89 93 105 115 117 118 124 130 136 145 146 151 152 166 174 179 180 182 188 189 197 206 209 210 224 227 243 244 245 247 259 260 268 275 276 278 282 284 288 294
57
4 20 23 28 32 38 45 52 54 56 57 67 70 76 79 81 82 83 84 91 93 96 100 126 129 132 136 140 142 147 149 151 155 156 157 165 171 176 183 186 201 202 203 205 206 207 210 225 228 238 254 282 288 289 293 294 296
67
1 2 3 7 8 10 17 22 23 24 36 38 40 41 48 52 69 71 80 82 89 91 96 99 101 103 107 108 109 117 118 119 121 122 123 126 135 137 140 142 143 144 145 146 157 164 177 178 188 198 201 202 209 211 222 226 227 228 233 237 242 259 278 280 285 287 289
66
20 21 23 26 34 40 42 44 45 46 54 55 59 62 63 67 69 71 75 81 93 100 101 104 116 117 118 120 122 135 137 139 141 146 148 149 159 162 165 166 167 172 176 200 202 205 207 217 222 223 225 230 231 232 237 239 242 248 257 260 264 285 287 288 291 299
66
6 8 9 16 17 19 24 25 39 43 44 50 53 56 67 68 69 70 78 92 95 96 102 104 124 131 151 159 166 173 174 175 177 189 201 202 209 215 219 223 225 228 229 231 232 233 235 236 240 242 247 260 261 271 275 277 280 281 286 288 290 291 293 295 297 300
61
8 11 18 21 26 32 36 49 53 54 57 60 61 65 72 77 78 85 91 98 106 107 115 116 126 136 139 144 149 156 158 159 160 163 165 166 171 173 177 199 202 207 214 217 219 220 243 244 258 260 269 276 278 280 281 284 286 289 293 297 298
60
1 2 7 8 13 14 16 27 28 29 36 46 47 61 66 84 87 88 97 102 109 116 119 120 121 122 123 129 144 149 163 165 167 179 182 188 192 197 199 200 209 211 221 226 234 238 243 244 247 249 251 252 253 263 265 277 289 293 295 296
49
2 9 12 21 24 34 45 48 50 57 76 83 84 85 99 100 104 105 108 109 111 119 149 150 153 157 166 176 178 180 182 190 205 210 217 218 221 222 223 226 232 233 238 242 246 262 270 281 283
65
1 9 10 11 18 20 21 30 33 36 37 39 40 49 51 53 59 61 66 68 74 79 90 92 105 111 114 120 123 132 136 148 153 161 168 173 174 188 192 195 196 207 215 220 222 224 227 236 240 243 249 250 251 252 259 265 270 272 280 281 285 291 292 294 297
68
1 6 12 25 28 30 31 33 34 39 40 45 51 55 65 69 71 83 93 95 103 120 121 124 130 132 133 139 143 144 146 147 153 155 158 160 163 164 169 170 171 177 184 186 188 205 206 210 213 214 218 222 223 245 247 248 253 259 260 261 266 270 278 281 282 286 292 297
56
1 4 7 11 14 19 21 33 38 45 48 56 58 64 65 67 75 77 79 81 84 87 88 90 97 100 104 106 122 130 134 135 139 140 146 156 172 181 182 190 198 201 216 224 228 238 255 262 266 270 275 276 279 280 285 296
62
8 10 12 19 24 26 31 35 37 39 42 45 46 51 52 62 72 80 83 89 94 101 102 104 109 115 120 122 128 133 136 138 140 142 143 148 151 154 160 162 165 166 175 179 188 191 193 198 200 206 219 224 230 235 246 248 250 266 270 275 280 299
53
4 10 30 32 40 41 51 53 56 75 77 80 84 87 88 90 97 107 111 113 117 119 127 132 134 137 147 154 162 172 176 177 186 189 205 207 209 211 217 221 223 228 229 231 233 243 255 256 259 267 279 292 295
56
1 15 29 31 38 39 48 52 57 64 66 69 72 78 80 84 87 93 96 101 109 110 113 114 118 138 144 145 146 152 166 167 175 180 181 187 190 192 199 200 206 208 215 216 218 219 225 226 256 261 263 265 271 274 282 291
55
9 15 17 18 22 23 29 31 34 40 41 53 62 63 67 78 79 85 88 92 93 94 117 137 138 139 141 146 148 149 151 152 153 154 156 160 163 168 199 208 209 213 214 222 228 241 243 250 254 255 258 259 263 282 291
64
3 17 18 30 42 46 51 57 59 61 73 77 81 89 94 100 108 110 113 114 119 122 127 129 132 134 154 159 160 171 174 183 185 191 194 195 199 203 207 210 219 223 230 231 235 240 242 247 248 251 252 258 261 265 275 279 282 283 286 288 291 294 298 299
54
9 11 16 30 34 35 38 40 48 56 64 68 74 77 93 94 97 99 100 113 119 121 123 131 146 155 156 161 178 181 194 198 204 214 215 216 222 225 243 251 265 268 271 275 276 279 282 283 286 289 292 296 298 299
58
6 8 9 16 20 22 31 37 42 55 63 66 68 73 77 78 83 92 100 106 108 110 113 124 130 131 134 142 143 151 152 153 154 157 158 159 166 172 175 184 189 193 219 221 237 247 252 256 263 268 275 276 282 288 292 293 295 297
48
5 7 22 31 35 39 51 52 64 67 74 80 81 83 86 93 96 99 113 117 119 132 148 149 165 167 168 169 177 178 186 204 212 214 216 223 224 225 230 231 241 243 247 257 260 283 296 298
63
5 6 9 11 28 29 32 35 37 42 45 48 56 58 64 65 67 71 72 73 75 77 81 85 87 89 111 129 133 135 145 153 156 158 162 163 164 180 186 192 198 205 207 211 212 222 223 227 228 232 235 237 250 254 257 263 268 270 275 284 289 298 300
63
4 5 17 25 34 35 39 42 45 48 49 51 52 55 56 58 71 75 76 79 80 81 82 85 86 88 95 97 98 107 118 120 125 132 139 156 157 158 163 165 166 171 173 174 189 203 205 206 208 210 218 222 234 249 256 259 263 276 280 284 289 291 300
48
1 4 5 10 13 20 26 35 56 57 58 75 84 102 109 110 118 122 125 160 163 164 168 170 171 177 178 180 205 208 216 217 231 238 242 252 255 256 260 265 268 270 275 276 278 279 287 297
67
10 17 19 24 26 27 31 34 50 60 61 68 70 75 76 80 88 92 96 98 115 116 120 129 130 133 135 140 142 145 146 147 150 152 161 162 169 173 175 188 190 192 204 207 212 215 220 224 227 233 235 240 243 248 250 251 260 264 269 270 275 276 281 283 287 299 300
46
1 2 15 18 28 29 33 36 38 47 57 58 63 66 73 83 85 87 93 94 100 105 109 117 118 127 137 154 157 160 163 171 180 208 223 229 230 232 246 261 269 273 284 288 289 292
50
6 9 13 22 28 31 38 54 59 60 72 77 90 92 101 103 106 124 134 137 138 140 142 152 153 154 184 186 187 202 206 212 214 215 217 227 232 238 243 244 249 258 262 269 271 283 285 289 290 298
57
2 5 9 12 18 21 23 39 40 58 60 61 80 88 90 96 101 102 105 107 124 148 149 150 151 152 177 186 190 192 196 200 202 203 204 210 211 215 216 221 222 227 229 232 237 244 247 248 252 256 264 265 269 275 278 288 293
63
6 7 19 24 32 33 39 42 43 48 53 57 59 61 63 70 71 82 83 84 90 92 97 100 104 106 109 110 115 117 119 124 127 133 151 160 163 167 173 177 185 191 205 206 216 224 228 231 235 239 250 252 254 255 260 262 268 272 273 281 282 283 284
75
6 7 8 17 18 20 22 25 27 34 38 40 46 49 51 53 54 55 59 62 63 69 70 79 80 84 86 93 95 101 102 113 115 117 123 129 130 133 138 140 149 153 156 158 160 161 169 172 173 180 184 194 195 214 216 217 218 228 231 232 240 247 257 262 271 274 275 280 283 284 285 289 290 291 297
74
1 6 17 24 46 47 49 52 53 56 59 61 65 67 78 85 88 90 92 95 100 102 114 115 117 120 124 133 134 135 136 137 138 139 142 143 144 150 151 154 158 160 162 165 174 176 190 191 192 195 200 203 208 210 213 216 220 225 226 235 237 245 246 258 263 272 278 281 286 287 291 292 296 298
56
20 22 30 31 38 46 48 53 58 60 74 77 81 93 94 99 106 109 111 113 118 119 122 127 128 134 138 154 156 157 168 178 180 184 185 188 191 193 199 201 206 211 218 232 239 241 244 247 256 258 259 273 281 284 288 298
58
7 19 24 26 29 32 37 38 51 54 56 62 64 65 77 83 85 88 99 100 104 112 122 127 129 143 145 146 155 156 159 165 171 172 179 183 184 185 186 194 202 207 217 228 229 244 248 249 256 258 260 263 272 275 284 285 287 298
61
3 5 12 22 34 35 37 38 39 42 55 62 78 84 88 90 91 92 96 97 98 101 119 120 122 135 141 148 158 160 164 170 174 177 179 180 183 189 193 197 215 217 228 233 240 241 242 243 246 247 257 262 265 270 276 282 286 287 288 290 298
62
4 5 6 12 29 34 40 41 43 44 48 53 58 64 66 87 93 101 104 110 119 123 126 134 135 136 140 142 144 150 153 156 157 163 175 184 190 191 194 195 197 200 205 207 223 224 227 234 236 244 246 247 255 259 271 272 276 278 282 294 296 299
54
5 14 27 30 39 40 46 51 55 57 61 65 72 73 86 87 92 94 100 106 109 120 123 135 136 137 143 145 162 170 172 189 191 194 197 206 208 215 225 228 232 238 240 245 252 259 267 268 274 275 278 286 290 298
59
1 3 4 7 14 21 26 27 29 34 38 61 66 72 88 89 94 95 96 102 103 118 119 121 122 123 126 127 136 137 146 171 175 180 185 187 189 192 193 197 198 207 214 218 220 223 229 243 247 249 254 271 273 275 277 278 282 289 293
80
1 11 12 16 20 25 29 30 31 32 45 46 49 52 53 57 60 62 67 69 70 78 79 82 86 89 92 93 96 98 101 104 111 113 124 125 130 131 137 139 147 148 149 170 175 177 179 199 203 205 207 208 210 214 216 219 228 229 230 231 233 234 240 242 245 246 261 264 265 267 268 270 271 278 282 283 287 289 291 295
69
7 12 27 31 32 33 37 43 50 54 58 62 72 73 76 82 89 93 95 101 106 112 113 114 115 119 120 124 125 132 133 140 148 154 165 166 169 178 183 185 186 190 193 197 200 201 206 218 222 228 229 230 234 235 244 248 253 254 257 258 260 266 273 276 281 288 291 294 298
62
11 12 16 20 25 28 29 37 39 48 50 62 66 67 70 72 75 78 82 85 92 94 98 104 110 113 117 120 122 137 150 152 157 163 164 168 169 172 185 191 192 193 201 212 215 219 222 244 246 258 260 264 266 271 272 273 274 277 278 284 296 298
70
2 34 37 40 41 45 47 52 67 68 70 76 79 89 90 101 102 114 117 119 121 124 125 127 130 132 137 139 140 142 145 151 155 156 158 163 167 168 178 180 182 185 186 188 193 204 206 207 213 216 218 223 226 227 254 257 260 262 270 271 272 278 287 288 291 295 296 297 298 300
70
1 9 14 17 21 24 27 29 37 38 39 44 45 46 50 61 66 72 77 86 87 90 91 93 94 97 98 101 108 109 113 117 121 123 126 127 129 137 138 141 148 150 151 154 164 168 171 172 179 181 185 187 193 194 198 215 218 221 222 225 232 233 234 246 256 258 265 272 274 283
59
4 5 6 7 13 15 17 21 23 40 41 46 61 66 67 76 79 80 87 91 103 104 106 107 114 119 121 123 135 136 138 166 180 184 186 189 195 203 206 211 213 216 217 219 223 225 236 239 240 243 253 264 269 273 282 283 286 290 296
56
7 14 22 23 33 57 59 64 71 73 75 80 84 87 90 94 108 125 135 140 144 152 157 159 160 165 168 173 174 178 179 187 193 195 199 202 208 209 214 217 225 226 241 250 251 253 254 258 259 265 266 270 276 278 287 296
55
3 13 15 24 30 57 58 59 60 64 75 80 83 84 89 90 96 112 120 126 133 136 146 151 152 156 161 163 168 173 175 182 204 207 208 209 211 212 214 217 225 227 243 261 262 268 271 274 275 278 279 283 284 287 294
75
1 5 16 17 23 25 38 51 55 59 62 66 68 71 72 74 75 77 78 79 84 87 88 89 91 93 94 107 110 119 127 130 131 133 140 142 143 145 146 148 155 156 157 158 159 162 165 182 185 186 187 188 195 196 203 208 212 220 221 228 239 247 248 255 256 257 263 266 269 270 272 278 291 297 298
70
1 10 14 24 25 31 42 50 57 66 70 74 75 83 84 88 93 94 98 101 113 117 122 131 134 136 138 140 143 144 149 150 151 153 155 156 159 167 169 171 173 175 177 178 184 190 192 198 200 206 208 211 212 216 218 223 226 227 228 230 241 245 248 254 270 274 276 289 292 300
71
5 11 18 21 24 34 39 42 47 50 54 66 70 74 77 79 84 88 89 95 96 103 109 111 115 119 120 121 123 128 129 131 132 133 137 144 145 147 166 168 169 173 180 187 189 196 197 206 209 210 212 217 218 222 231 232 234 236 241 252 261 264 267 268 269 273 280 293 294 297 298
66
11 12 21 29 42 43 50 51 53 58 67 71 74 76 80 87 93 106 107 108 110 113 121 123 140 141 144 145 149 160 162 164 170 172 173 179 180 186 190 200 202 203 207 209 210 218 219 221 241 246 251 252 253 257 265 267 268 270 274 277 279 283 287 289 291 298
59
7 35 37 42 47 48 58 59 62 67 68 70 77 88 96 97 107 113 116 121 124 130 134 135 136 140 145 147 160 162 164 165 169 183 186 188 189 195 205 215 237 239 241 245 248 256 260 264 273 275 277 281 283 284 286 288 289 294 297
63
12 14 15 17 25 32 34 37 40 41 44 52 60 75 79 83 84 85 87 95 104 106 114 118 119 121 130 144 152 160 161 164 167 169 178 180 186 193 202 207 209 214 216 217 222 224 231 232 236 247 249 254 256 265 272 273 275 277 280 284 292 299 300
65
12 13 22 29 33 35 46 47 54 59 64 70 71 72 78 85 92 97 99 102 106 113 126 130 138 139 142 143 147 150 151 153 155 161 162 173 180 181 183 187 189 195 205 208 210 213 216 218 237 240 254 257 259 261 263 264 266 268 272 281 282 283 286 288 300
69
5 7 9 12 14 16 18 19 25 36 41 44 52 60 65 71 75 77 78 80 81 93 100 101 104 117 121 142 144 145 148 151 156 158 160 161 166 169 170 180 183 190 192 193 199 200 203 205 206 218 231 233 241 242 243 246 249 251 252 258 261 262 266 272 279 281 293 297 299
54
3 8 11 13 19 26 31 35 37 41 50 56 60 71 78 82 84 86 94 95 96 99 110 117 127 129 132 141 148 150 151 152 156 166 168 169 179 182 193 210 215 235 236 237 242 244 247 256 258 279 280 284 288 296
59
7 14 17 21 23 28 30 39 42 46 47 57 59 65 67 74 77 82 85 90 92 96 101 111 112 113 119 122 133 134 149 150 153 155 159 163 164 176 193 194 198 208 214 220 222 223 226 231 232 237 239 247 259 263 270 272 273 283 298
57
2 9 14 18 23 24 32 33 39 40 43 56 64 66 67 71 72 74 76 81 83 95 96 98 103 112 113 120 121 142 148 160 165 166 168 170 176 180 185 188 195 199 201 203 205 209 212 217 221 224 229 260 270 283 294 296 299
65
5 15 16 18 21 28 42 45 48 51 57 58 59 61 63 69 73 78 81 83 84 85 95 99 102 122 123 126 141 142 143 146 154 157 164 165 171 178 182 185 187 188 190 193 200 203 205 219 222 223 224 227 229 233 245 253 254 255 266 268 271 275 282 292 293
75
3 7 15 19 26 27 28 35 37 39 43 48 51 52 56 57 59 62 66 67 80 85 89 100 108 111 113 118 122 124 127 129 132 135 139 140 144 145 147 162 163 165 169 172 173 174 177 178 188 189 192 194 195 197 202 203 208 221 223 232 234 239 240 243 244 245 252 258 259 262 273 274 280 291 296
55
2 6 11 23 36 38 41 49 61 73 75 86 96 100 105 106 107 108 112 117 119 121 125 129 138 141 142 146 147 150 166 176 177 179 192 198 201 204 207 209 213 227 228 232 233 239 243 253 257 258 260 261 267 285 286
56
14 16 24 25 30 31 32 37 41 46 50 57 59 61 68 89 91 97 102 103 104 108 115 117 118 121 125 140 141 144 148 157 164 169 174 178 210 211 215 218 219 224 226 234 243 253 256 261 262 265 266 269 275 287 298 299
59
3 20 23 25 28 29 32 41 43 45 51 53 57 63 70 72 77 79 90 91 94 95 99 100 105 112 114 131 134 151 152 157 160 161 162 169 189 190 191 194 196 199 227 232 235 238 241 247 251 257 258 275 281 284 286 290 296 297 299
56
5 12 15 17 21 22 25 30 32 34 48 56 67 70 82 85 93 99 100 123 124 127 133 134 142 143 145 146 149 154 168 173 175 180 183 196 199 201 202 212 214 215 232 237 240 244 246 247 249 261 263 266 267 269 276 300
55
1 2 6 8 11 20 27 29 30 36 42 44 49 50 54 60 61 62 63 71 79 81 82 83 85 109 112 115 129 137 141 151 183 184 191 205 211 221 222 243 247 249 252 257 259 261 264 266 268 273 277 279 282 283 300
53
5 6 9 16 21 42 43 57 60 67 72 73 74 75 80 82 85 92 111 114 115 116 128 138 141 150 161 162 163 167 181 189 193 194 195 212 214 218 220 222 232 233 241 242 248 264 271 272 284 289 292 297 298
65
2 6 9 18 24 26 27 31 33 38 50 55 58 63 70 77 78 83 86 95 109 111 118 121 122 127 130 139 146 149 150 151 154 159 161 162 170 186 190 195 198 207 218 227 238 240 245 247 249 251 252 259 270 273 275 279 280 281 283 284 292 293 295 298 300
61
3 13 18 20 21 26 28 38 47 52 53 70 77 79 85 90 91 97 98 99 100 116 143 144 149 150 164 177 186 192 194 195 203 204 207 208 209 218 219 223 225 231 233 236 239 241 244 245 248 249 252 258 259 265 267 268 270 296 298 299 300
53
7 15 16 20 24 29 37 42 53 59 62 67 70 71 72 73 83 86 96 105 107 112 114 119 121 129 133 134 144 145 153 157 160 166 173 182 193 194 196 207 209 210 213 215 228 230 244 250 265 268 278 280 285
52
2 3 4 11 24 32 34 37 40 42 46 56 63 68 70 83 87 88 90 93 96 97 100 106 107 115 117 120 125 126 134 141 148 154 155 168 181 182 187 198 201 214 222 234 236 243 261 266 268 281 292 300
57
4 6 9 16 18 19 24 35 36 41 48 58 59 63 77 82 96 102 105 109 110 111 117 125 131 132 134 144 147 149 161 167 171 179 184 197 199 204 205 207 211 213 219 222 226 233 239 244 246 247 248 249 256 259 262 266 288
58
4 16 20 23 27 33 34 35 44 48 50 66 71 74 76 83 85 88 89 92 104 108 109 112 114 116 124 129 133 134 138 147 150 154 155 157 158 176 179 180 182 188 189 192 206 213 217 219 220 251 253 257 264 271 277 288 289 296
67
5 6 8 11 12 20 25 28 43 44 55 60 62 64 66 74 76 77 79 81 93 96 101 103 106 110 111 124 125 132 133 135 138 141 142 145 151 156 157 158 166 171 173 175 178 191 195 204 206 207 225 234 236 238 243 251 254 263 266 268 270 275 277 278 285 286 294
56
9 15 17 20 21 24 53 55 60 64 69 76 81 82 83 87 89 92 93 94 106 119 122 125 126 130 138 149 152 156 159 164 165 166 175 176 179 182 185 198 204 216 221 230 239 243 248 251 260 267 278 282 288 293 294 298
67
6 9 10 12 13 17 21 24 32 34 35 39 40 44 47 49 53 54 59 62 69 73 74 79 83 90 98 109 114 116 117 137 138 140 150 155 157 165 178 180 181 184 192 199 206 207 209 210 213 217 235 236 247 251 255 257 261 264 271 274 281 282 290 291 292 293 295
52
12 20 41 42 45 48 50 52 53 55 57 60 66 74 95 101 107 118 129 139 140 153 168 171 178 180 182 184 185 187 194 196 197 198 202 203 211 217 218 220 232 239 242 245 251 261 265 268 279 289 291 296
60
4 5 13 15 17 18 19 21 29 40 44 45 48 53 55 61 66 72 74 84 85 91 95 97 109 114 117 122 128 130 136 152 154 158 164 168 170 176 177 190 199 203 208 234 235 237 245 246 249 254 259 270 275 279 285 286 287 292 295 299
44
1 5 10 24 28 29 36 38 44 53 87 88 96 98 107 116 135 139 152 155 158 160 168 176 178 181 184 197 203 230 231 233 239 244 263 268 270 271 278 281 289 291 295 296
65
2 3 6 10 13 25 31 35 40 44 50 54 65 68 69 73 75 84 97 98 99 101 107 108 111 112 119 120 122 124 127 128 132 139 147 153 159 160 161 166 171 172 174 176 177 180 187 194 198 199 206 210 211 226 242 247 249 255 261 278 289 294 295 299 300
56
27 29 34 36 38 39 40 45 47 48 53 58 71 92 95 96 103 107 119 130 135 145 154 166 168 174 178 180 183 185 186 192 196 203 207 211 213 215 216 222 223 241 243 247 252 253 261 270 278 283 284 288 291 296 298 299
68
5 19 20 24 37 45 59 61 67 69 71 74 75 77 78 84 86 88 94 99 105 107 112 116 118 121 128 129 133 134 135 138 148 153 156 158 163 165 168 171 173 179 187 189 195 197 207 208 211 212 215 216 221 228 229 236 244 267 272 275 276 277 279 284 285 288 296 300
51
1 6 18 25 28 41 42 43 50 56 58 68 70 78 79 89 93 95 100 108 109 110 114 119 123 134 136 140 141 147 160 168 169 176 199 200 216 225 228 232 234 235 238 252 261 264 268 275 278 280 296
65
4 5 10 13 21 36 38 46 52 54 57 60 61 66 70 72 73 75 79 80 81 87 93 96 101 108 110 118 129 131 137 143 150 156 163 166 168 169 174 175 181 182 192 193 195 200 205 211 225 228 230 241 248 251 260 265 266 267 269 272 281 288 291 293 295
61
1 4 5 13 17 25 33 36 43 45 46 50 66 72 74 80 95 98 100 111 126 135 136 140 144 147 148 155 156 160 161 164 166 170 172 184 186 187 197 200 204 220 234 246 247 255 257 260 263 267 268 271 272 276 277 278 289 290 291 292 297
