50 100
1.0 1.0 1.0 1.0 1.0 1.0 1.0 1.0 1.0 1.0 1.0 1.0 1.0 1.0 1.0 1.0 1.0 1.0 1.0 1.0 1.0 1.0 1.0 1.0 1.0 1.0 1.0 1.0 1.0 1.0 1.0 1.0 1.0 1.0 1.0 1.0 1.0 1.0 1.0 1.0 1.0 1.0 1.0 1.0 1.0 1.0 1.0 1.0 1.0 1.0 1.0 1.0 1.0 1.0 1.0 1.0 1.0 1.0 1.0 1.0 1.0 1.0 1.0 1.0 1.0 1.0 1.0 1.0 1.0 1.0 1.0 1.0 1.0 1.0 1.0 1.0 1.0 1.0 1.0 1.0 1.0 1.0 1.0 1.0 1.0 1.0 1.0 1.0 1.0 1.0 1.0 1.0 1.0 1.0 1.0 1.0 1.0 1.0 1.0 1.0
11
4 5 20 28 30 39 44 50 59 63 65
10
15 28 60 67 75 76 82 83 87 97
7
3 5 8 13 23 57 78
9
1 33 45 53 57 60 78 80 99
12
2 8 13 21 22 41 47 54 59 63 91 94
12
6 16 17 31 32 34 51 61 66 71 74 91
8
11 12 21 34 35 38 68 70
9
11 12 17 32 33 54 74 76 86
14
5 12 22 38 41 43 44 47 56 62 64 66 73 96
12
5 31 34 39 40 45 54 58 67 69 72 90
6
6 40 42 71 82 97
11
6 28 30 42 44 59 61 65 80 97 100
10
5 18 30 31 48 52 58 93 96 97
17
1 6 14 17 21 22 39 41 44 51 64 68 69 70 80 85 90
9
9 16 21 31 48 54 65 82 85
12
20 42 50 55 61 62 69 71 74 80 88 90
14
1 6 31 42 55 56 61 63 70 74 84 89 94 96
10
8 11 29 54 60 63 69 75 92 97
4
44 68 76 92
15
11 15 21 25 27 29 37 39 47 48 72 74 87 99 100
11
1 4 13 26 32 37 38 40 58 71 95
15
3 15 16 23 29 33 38 43 46 54 58 64 66 71 97
12
1 13 16 25 29 35 46 48 54 68 81 91
10
4 8 19 20 54 59 67 83 87 89
14
20 33 37 48 49 50 51 59 69 83 89 93 95 96
11
25 27 33 34 40 46 66 71 77 83 84
13
3 5 6 10 14 43 48 59 65 72 84 88 97
12
7 11 13 18 20 24 27 35 37 53 67 76
8
17 37 50 58 62 71 80 94
7
10 28 35 37 40 86 96
5
29 37 47 65 66
9
12 16 23 48 55 63 69 77 86
10
10 11 14 18 25 42 63 79 87 93
13
27 31 37 50 51 52 53 64 67 85 89 93 95
6
28 41 45 74 75 90
13
2 23 25 27 34 40 54 57 65 70 71 83 93
15
3 7 18 37 41 42 45 49 50 62 69 73 81 83 99
7
10 38 47 48 78 79 99
9
23 53 55 63 64 70 89 91 92
16
1 8 10 15 19 25 29 37 45 49 58 66 71 79 97 98
14
16 17 20 30 33 36 40 44 59 66 84 86 87 95
12
5 16 20 31 33 48 61 66 87 89 91 93
9
14 15 18 27 28 46 64 77 97
9
22 27 37 53 85 89 91 98 99
11
8 11 12 26 27 38 42 50 55 86 98
13
20 29 36 41 48 51 66 79 80 83 92 99 100
9
23 38 49 62 66 70 71 91 93
8
20 25 37 45 67 74 82 99
12
3 13 32 34 43 45 51 52 56 73 90 93
11
2 13 27 34 40 58 59 64 66 70 74
