100 200
1.0 1.0 1.0 1.0 1.0 1.0 1.0 1.0 1.0 1.0 1.0 1.0 1.0 1.0 1.0 1.0 1.0 1.0 1.0 1.0 1.0 1.0 1.0 1.0 1.0 1.0 1.0 1.0 1.0 1.0 1.0 1.0 1.0 1.0 1.0 1.0 1.0 1.0 1.0 1.0 1.0 1.0 1.0 1.0 1.0 1.0 1.0 1.0 1.0 1.0 1.0 1.0 1.0 1.0 1.0 1.0 1.0 1.0 1.0 1.0 1.0 1.0 1.0 1.0 1.0 1.0 1.0 1.0 1.0 1.0 1.0 1.0 1.0 1.0 1.0 1.0 1.0 1.0 1.0 1.0 1.0 1.0 1.0 1.0 1.0 1.0 1.0 1.0 1.0 1.0 1.0 1.0 1.0 1.0 1.0 1.0 1.0 1.0 1.0 1.0 1.0 1.0 1.0 1.0 1.0 1.0 1.0 1.0 1.0 1.0 1.0 1.0 1.0 1.0 1.0 1.0 1.0 1.0 1.0 1.0 1.0 1.0 1.0 1.0 1.0 1.0 1.0 1.0 1.0 1.0 1.0 1.0 1.0 1.0 1.0 1.0 1.0 1.0 1.0 1.0 1.0 1.0 1.0 1.0 1.0 1.0 1.0 1.0 1.0 1.0 1.0 1.0 1.0 1.0 1.0 1.0 1.0 1.0 1.0 1.0 1.0 1.0 1.0 1.0 1.0 1.0 1.0 1.0 1.0 1.0 1.0 1.0 1.0 1.0 1.0 1.0 1.0 1.0 1.0 1.0 1.0 1.0 1.0 1.0 1.0 1.0 1.0 1.0 1.0 1.0 1.0 1.0 1.0 1.0 1.0 1.0 1.0 1.0 1.0 1.0
10
14 41 46 61 102 113 123 140 154 194
7
7 30 63 73 92 146 179
7
41 50 55 109 120 150 198
9
29 61 80 82 105 151 158 170 185
13
11 28 33 37 46 72 100 120 121 135 160 168 173
9
3 28 108 111 118 122 161 180 186
6
36 47 67 105 119 153
7
32 44 94 122 128 154 184
9
3 10 27 29 56 135 142 157 194
10
28 48 98 104 113 145 149 162 194 198
12
30 32 38 39 49 70 73 82 111 112 171 190
7
25 46 68 80 94 140 188
14
14 17 26 34 66 75 80 115 121 125 133 144 162 183
14
6 13 21 31 58 63 90 102 118 125 132 135 150 186
11
26 31 42 58 102 105 114 118 135 161 192
10
17 82 95 112 113 120 121 158 178 191
8
10 31 40 43 45 89 151 165
12
8 17 25 30 45 59 107 128 131 142 173 184
6
89 108 112 155 168 180
16
5 9 17 26 43 45 67 85 90 128 146 148 152 155 186 191
4
8 29 41 188
9
4 19 87 111 133 142 147 181 187
9
9 32 67 159 164 167 186 194 197
9
4 35 41 45 73 94 139 191 194
9
31 47 59 83 84 95 101 144 176
9
29 36 66 70 102 116 129 131 173
6
32 43 106 188 189 197
7
17 42 63 84 99 163 178
11
1 7 21 22 23 53 77 93 112 150 165
11
42 71 96 111 114 135 136 175 188 189 198
13
1 5 57 60 73 77 88 91 134 162 166 171 185
14
6 11 52 65 72 76 92 95 111 165 178 187 190 195
8
6 21 37 61 63 85 132 172
8
1 30 117 129 139 157 184 197
9
47 90 126 129 159 160 161 175 179
10
30 66 84 89 95 98 107 125 153 178
6
22 31 144 149 168 183
13
37 71 90 99 104 148 162 164 166 172 173 175 189
9
34 54 60 68 111 130 180 181 193
9
20 24 26 29 94 97 136 183 191
10
60 85 112 137 144 163 168 176 177 200
3
82 105 150
11
7 24 37 46 48 52 73 128 132 163 196
15
9 10 27 34 44 51 59 60 99 111 130 142 151 186 191
10
36 39 75 105 114 121 151 156 174 191
18
3 5 20 24 31 46 52 53 63 77 79 85 86 124 142 182 187 198
8
11 30 42 55 88 134 174 179
13
8 11 34 85 93 111 125 130 141 154 189 191 199
11
27 78 83 90 110 131 133 153 154 157 174
5
1 5 29 113 181
12
4 68 84 117 126 146 155 162 170 172 173 200
9
10 11 17 37 64 145 157 173 198
6
13 30 31 76 152 156
12
3 37 44 57 80 93 118 128 137 145 163 174
14
7 8 19 24 28 51 68 75 95 97 128 154 169 179
3
42 96 164
15
4 5 7 10 50 52 79 83 99 119 124 177 188 193 195
12
14 20 28 37 38 55 67 70 143 148 152 177
11
9 20 33 51 103 134 148 180 185 198 200
12
2 31 40 46 86 96 155 165 171 176 177 182
8
40 75 78 90 124 178 192 193
10
5 9 15 25 84 111 113 121 148 175
11
4 5 29 37 58 128 139 169 182 184 199
7
62 131 134 136 137 182 194
10
4 13 35 36 77 100 124 146 154 182
10
2 8 71 72 75 78 104 115 139 182
14
30 35 52 59 62 76 80 94 99 115 151 152 177 191
8
46 58 63 77 108 110 111 193
7
32 46 57 106 142 150 171
11
5 36 39 48 73 98 109 120 123 142 180
11
22 32 50 110 119 143 164 172 185 189 197
17
4 22 27 39 41 42 44 56 60 96 132 134 135 155 156 162 170
11
2 4 12 53 74 90 133 177 185 186 199
11
5 12 59 61 65 68 78 87 154 188 190
9
13 34 37 55 62 74 95 139 195
9
18 39 51 79 85 97 125 131 163
12
16 70 114 120 123 133 140 144 153 168 169 191
8
18 27 41 58 150 162 182 191
11
2 16 37 38 44 55 83 105 172 182 194
13
17 23 48 55 68 99 125 129 146 154 175 176 180
13
16 32 36 54 57 64 109 120 128 148 171 176 184
5
128 164 168 185 192
9
18 56 89 100 124 140 164 165 180
15
2 60 83 95 106 111 125 145 150 157 163 175 188 197 200
7
17 31 122 147 152 166 194
7
2 7 135 154 170 171 184
9
4 66 91 103 106 128 132 147 161
8
5 10 82 136 179 183 192 193
8
18 22 78 80 103 124 135 149
14
9 15 26 42 72 102 105 121 137 143 151 164 171 192
11
5 10 35 91 105 106 109 118 131 187 192
5
4 78 136 141 144
11
2 32 66 74 77 116 162 165 179 180 185
8
11 18 25 26 109 125 127 148
10
73 99 103 121 129 131 142 160 172 180
7
21 31 41 96 109 115 158
9
7 53 55 64 76 116 125 147 155
6
15 19 60 120 145 165
12
25 47 69 70 72 131 155 190 193 195 196 197
14
2 7 14 42 58 64 100 134 162 173 176 180 190 199
