150 300
1.0 1.0 1.0 1.0 1.0 1.0 1.0 1.0 1.0 1.0 1.0 1.0 1.0 1.0 1.0 1.0 1.0 1.0 1.0 1.0 1.0 1.0 1.0 1.0 1.0 1.0 1.0 1.0 1.0 1.0 1.0 1.0 1.0 1.0 1.0 1.0 1.0 1.0 1.0 1.0 1.0 1.0 1.0 1.0 1.0 1.0 1.0 1.0 1.0 1.0 1.0 1.0 1.0 1.0 1.0 1.0 1.0 1.0 1.0 1.0 1.0 1.0 1.0 1.0 1.0 1.0 1.0 1.0 1.0 1.0 1.0 1.0 1.0 1.0 1.0 1.0 1.0 1.0 1.0 1.0 1.0 1.0 1.0 1.0 1.0 1.0 1.0 1.0 1.0 1.0 1.0 1.0 1.0 1.0 1.0 1.0 1.0 1.0 1.0 1.0 1.0 1.0 1.0 1.0 1.0 1.0 1.0 1.0 1.0 1.0 1.0 1.0 1.0 1.0 1.0 1.0 1.0 1.0 1.0 1.0 1.0 1.0 1.0 1.0 1.0 1.0 1.0 1.0 1.0 1.0 1.0 1.0 1.0 1.0 1.0 1.0 1.0 1.0 1.0 1.0 1.0 1.0 1.0 1.0 1.0 1.0 1.0 1.0 1.0 1.0 1.0 1.0 1.0 1.0 1.0 1.0 1.0 1.0 1.0 1.0 1.0 1.0 1.0 1.0 1.0 1.0 1.0 1.0 1.0 1.0 1.0 1.0 1.0 1.0 1.0 1.0 1.0 1.0 1.0 1.0 1.0 1.0 1.0 1.0 1.0 1.0 1.0 1.0 1.0 1.0 1.0 1.0 1.0 1.0 1.0 1.0 1.0 1.0 1.0 1.0 1.0 1.0 1.0 1.0 1.0 1.0 1.0 1.0 1.0 1.0 1.0 1.0 1.0 1.0 1.0 1.0 1.0 1.0 1.0 1.0 1.0 1.0 1.0 1.0 1.0 1.0 1.0 1.0 1.0 1.0 1.0 1.0 1.0 1.0 1.0 1.0 1.0 1.0 1.0 1.0 1.0 1.0 1.0 1.0 1.0 1.0 1.0 1.0 1.0 1.0 1.0 1.0 1.0 1.0 1.0 1.0 1.0 1.0 1.0 1.0 1.0 1.0 1.0 1.0 1.0 1.0 1.0 1.0 1.0 1.0 1.0 1.0 1.0 1.0 1.0 1.0 1.0 1.0 1.0 1.0 1.0 1.0 1.0 1.0 1.0 1.0 1.0 1.0 1.0 1.0 1.0 1.0 1.0 1.0 1.0 1.0 1.0 1.0 1.0 1.0
43
2 13 14 19 51 53 58 59 67 76 95 96 110 111 118 136 142 147 149 150 156 162 166 171 184 185 197 198 202 205 208 225 229 232 236 237 243 253 264 279 285 298 300
40
4 15 19 22 33 34 42 46 57 58 60 62 68 72 80 83 96 98 106 115 132 133 134 136 147 169 173 182 188 189 190 210 213 215 230 235 241 245 268 289
37
2 4 21 25 26 33 40 41 44 46 69 70 83 91 92 98 126 127 128 152 155 159 160 167 169 173 182 183 184 186 189 192 205 238 251 276 278
27
6 11 24 28 37 38 54 63 66 103 111 116 120 147 149 153 161 197 201 202 209 214 225 226 247 265 267
29
18 19 33 39 51 61 64 69 70 71 73 103 104 110 111 117 118 131 164 180 184 195 216 222 232 262 268 285 291
30
14 19 21 26 51 54 74 79 81 88 132 138 141 153 155 167 168 175 176 177 216 239 240 243 262 265 286 291 296 300
27
16 20 28 39 42 55 64 76 80 81 84 110 117 118 127 132 137 147 154 195 206 221 246 271 288 289 293
30
4 7 16 21 25 36 41 46 54 64 85 89 91 103 104 156 172 176 190 201 208 214 222 226 246 261 277 285 291 298
34
13 25 38 40 44 48 49 57 58 60 84 88 101 111 141 147 157 159 161 182 198 208 217 228 229 230 243 259 262 283 287 294 295 299
29
1 5 24 26 53 62 69 96 97 99 104 157 159 174 175 190 213 218 223 224 225 230 232 237 239 242 257 275 300
31
17 24 28 35 37 38 57 85 92 120 125 141 150 175 177 196 199 207 214 216 239 243 248 251 266 268 269 270 272 277 297
29
1 7 34 47 50 58 64 68 69 78 101 111 125 168 180 182 192 193 200 218 239 251 252 253 281 286 292 296 299
31
6 14 19 24 51 62 65 66 84 95 106 108 112 117 141 145 156 161 185 187 203 205 206 212 213 224 263 265 270 277 286
24
2 15 21 39 42 44 74 109 111 122 130 139 159 189 205 209 228 251 253 268 269 270 280 291
29
10 23 33 41 47 51 54 62 125 151 152 154 176 191 201 219 221 228 240 247 267 276 287 290 291 294 296 297 300
37
1 10 13 16 20 24 30 38 41 44 55 58 62 68 76 79 94 116 121 140 141 150 153 173 179 187 203 217 218 219 227 234 249 268 282 287 297
26
3 11 13 29 30 42 51 54 61 64 77 81 102 108 144 166 172 175 199 204 205 228 250 275 280 285
38
3 9 12 16 17 48 56 57 61 88 106 113 115 130 133 146 159 166 179 181 183 186 190 205 213 216 225 231 232 246 250 264 267 271 277 280 291 292
29
3 12 27 64 87 107 123 132 136 146 163 166 169 173 182 195 196 212 213 221 234 237 242 247 249 266 271 276 283
28
22 43 44 46 54 69 70 76 78 99 109 127 134 149 151 165 178 191 206 210 217 221 230 233 238 258 276 278
39
1 10 23 41 52 55 63 70 72 77 85 89 90 96 105 108 112 113 151 157 165 185 187 191 200 206 215 217 224 228 230 242 262 266 270 278 280 293 295
40
1 15 24 33 40 43 46 64 73 77 78 79 87 94 103 104 113 116 140 147 149 151 163 171 184 191 203 214 215 222 225 231 248 251 272 278 285 287 289 291
17
7 13 50 53 58 93 98 104 110 122 157 163 165 170 188 202 237
22
8 13 20 25 45 60 72 118 131 137 151 165 173 186 211 216 232 236 252 280 281 285
26
9 28 68 72 104 109 122 130 152 154 169 174 201 202 208 213 219 227 234 235 252 253 262 272 279 290
40
3 6 16 20 36 48 55 61 67 74 80 88 90 94 109 111 117 132 135 136 141 168 174 175 205 211 213 223 224 233 249 251 253 256 259 273 278 279 287 300
24
1 4 27 38 44 86 118 119 130 159 178 182 185 201 209 216 224 230 237 241 244 267 272 275
35
11 25 35 36 42 56 59 60 70 74 75 81 89 93 99 119 124 147 152 160 179 191 196 203 209 226 227 233 234 250 273 280 283 284 289
28
5 11 12 19 32 48 60 66 91 118 127 131 141 142 152 172 177 199 204 212 216 217 225 253 281 287 293 296
27
23 50 68 88 111 121 129 136 142 147 153 160 170 178 181 198 214 221 230 232 239 243 249 259 277 285 290
33
1 38 39 46 58 74 89 106 126 129 145 146 154 166 169 176 188 191 194 195 205 215 241 244 249 260 261 263 268 279 287 288 294
28
6 13 42 56 75 76 82 92 97 113 119 121 131 172 174 184 209 233 238 242 244 245 254 258 267 269 292 293
29
6 18 24 27 39 54 56 75 90 111 138 151 152 171 179 183 190 195 199 208 212 215 223 238 266 269 272 294 299
27
24 27 39 41 48 52 59 62 74 85 96 137 171 173 175 198 202 210 217 227 234 240 251 253 271 272 285
23
16 27 34 36 64 71 88 106 113 131 153 166 167 171 207 213 218 235 252 259 273 277 288
26
14 17 27 28 52 55 63 101 105 110 121 128 131 140 189 200 202 205 216 233 234 243 250 264 286 299
44
5 7 12 20 35 44 45 62 63 64 79 97 105 117 125 127 133 135 138 139 144 158 162 163 169 178 182 186 195 200 202 222 224 228 237 242 244 257 258 260 280 287 290 291
28
6 24 25 33 54 60 70 72 124 137 160 173 184 185 198 199 208 219 220 229 237 239 240 241 282 289 295 298
22
10 27 56 69 116 130 145 149 151 152 165 166 170 186 205 207 232 234 245 271 285 298
31
17 33 58 63 87 88 92 94 105 113 115 127 145 154 155 156 164 173 175 185 205 212 216 230 255 256 260 272 275 292 294
22
5 36 39 74 78 79 116 124 154 156 176 178 191 197 205 206 213 261 262 269 285 292
30
9 12 27 33 43 58 67 68 74 76 80 101 147 154 160 174 180 188 205 208 209 212 238 256 257 261 273 275 284 289
29
6 12 23 43 45 46 58 62 69 71 76 78 105 117 121 123 126 130 132 144 153 172 176 182 190 210 238 242 282
25
15 23 26 46 71 82 84 96 112 120 127 133 159 169 181 189 193 194 217 226 263 264 266 267 275
23
6 10 11 13 14 18 23 39 51 52 88 102 122 130 156 157 161 182 186 211 241 265 284
41
17 30 37 39 46 50 53 59 63 67 68 84 87 92 100 104 107 120 131 133 145 147 148 155 165 180 181 184 186 190 192 216 223 224 227 233 237 268 276 278 291
23
11 13 15 21 27 28 30 36 39 40 83 105 109 110 132 138 140 145 151 176 188 284 287
27
19 28 47 60 80 83 85 96 97 101 103 105 119 131 133 147 154 167 189 211 218 245 263 271 272 285 298
29
3 11 24 40 50 72 73 79 102 108 124 131 133 135 141 144 145 156 159 162 173 190 192 209 213 235 264 275 287
35
8 9 10 11 14 17 22 36 40 52 63 87 97 107 109 130 138 141 142 146 148 157 158 165 171 172 183 203 218 226 237 263 265 272 291
31
13 36 38 42 57 80 101 121 137 142 155 156 159 164 166 170 171 174 191 194 211 220 234 239 251 253 258 259 270 279 298
39
11 12 17 26 31 42 53 63 66 97 99 107 115 116 118 119 123 134 150 153 163 192 203 215 224 230 237 238 247 248 262 264 267 273 276 287 296 298 299
35
3 7 8 19 20 24 29 40 68 97 100 128 134 159 166 169 172 181 183 199 222 225 234 238 239 242 248 270 272 273 275 282 288 295 300
30
5 12 15 27 42 43 68 69 71 74 87 90 105 115 131 135 136 146 157 163 172 182 210 213 236 252 257 258 267 269
28
10 13 28 30 32 35 40 47 52 56 98 103 124 125 131 137 138 153 154 160 169 188 207 223 235 274 278 290
36
5 7 17 41 49 50 63 88 89 95 107 108 112 121 130 136 144 150 156 188 190 197 205 207 211 221 224 229 233 237 241 243 246 252 253 255
38
1 11 26 27 35 42 43 70 75 79 107 108 113 119 127 129 135 138 146 149 157 158 160 161 164 168 189 194 212 214 217 245 253 261 264 280 292 295
36
15 27 38 41 46 52 56 77 78 79 91 104 125 132 140 142 148 154 158 193 194 197 200 205 206 208 211 222 227 232 234 245 252 261 266 288
28
14 26 46 48 72 78 115 126 142 144 148 154 168 169 197 217 218 221 228 229 239 248 251 253 257 268 270 282
23
21 47 50 54 75 97 100 120 121 129 136 156 158 171 184 193 202 207 228 257 258 259 270
28
16 38 39 42 44 70 82 89 124 126 140 154 167 169 177 189 190 198 224 233 244 255 263 275 278 279 283 289
31
15 21 25 28 35 46 57 68 71 82 90 91 93 105 106 112 152 166 184 189 198 204 212 215 246 248 249 274 275 291 296
23
3 22 30 79 80 93 120 122 126 147 150 165 170 178 187 188 201 212 218 225 243 259 299
35
1 3 6 10 19 55 57 59 78 93 101 102 108 115 122 133 137 144 146 148 152 155 158 163 165 172 181 196 203 205 212 245 247 262 286
22
10 30 45 63 76 78 92 106 109 127 132 151 177 178 194 215 224 244 284 285 287 290
33
12 23 25 42 45 50 52 74 102 106 124 134 149 151 154 159 164 177 187 205 206 221 225 232 234 236 243 258 284 287 290 294 297
27
43 62 65 76 86 88 89 96 100 116 120 146 155 159 187 199 201 205 224 232 242 248 260 280 281 283 285
31
4 22 28 29 32 34 41 45 48 75 81 90 91 104 121 138 147 151 171 173 185 193 206 223 244 261 262 263 274 279 287
25
1 7 11 18 22 25 62 82 83 86 91 106 139 164 176 191 212 224 244 260 269 279 292 294 300
19
20 25 35 36 42 45 62 65 129 142 200 202 206 235 240 244 245 248 285
29
37 43 68 78 83 86 88 91 105 109 112 117 119 151 154 157 175 177 178 180 188 199 206 231 241 256 259 271 283
36
4 5 7 12 19 20 24 40 44 47 58 60 66 70 74 79 80 102 113 116 117 123 140 161 180 205 214 248 250 251 253 262 263 266 280 288
36
5 9 10 12 16 41 59 62 104 105 116 133 139 164 171 172 189 190 191 199 200 211 214 221 239 241 242 244 245 255 256 261 264 297 298 300
38
3 11 20 29 32 35 41 43 44 85 91 95 99 101 115 125 135 142 147 160 168 181 183 186 201 208 211 213 227 231 232 244 252 254 255 260 286 287
36
6 25 36 45 55 62 73 78 79 81 90 95 97 124 127 132 137 162 172 187 195 201 209 212 213 217 219 244 245 258 262 265 274 275 280 286
22
11 13 33 39 42 53 61 62 96 109 154 159 168 175 193 247 250 254 257 259 269 280
35
3 6 7 12 16 26 32 40 51 58 59 62 67 84 86 92 97 100 117 119 147 152 153 170 186 188 191 212 216 232 235 246 264 267 291
38
5 14 18 28 38 56 65 67 71 72 82 86 89 98 100 111 114 117 121 126 131 155 157 162 172 179 197 213 221 231 242 251 253 257 263 282 283 289
27
8 9 25 28 99 102 103 107 127 131 135 137 138 141 143 147 171 197 214 258 259 265 281 284 290 294 295
27
12 13 20 29 36 53 62 75 90 121 155 166 169 180 184 193 213 214 217 222 225 232 236 237 261 286 297
30
12 19 22 27 51 54 63 92 102 116 131 149 150 153 158 161 192 193 197 203 212 217 240 242 243 260 276 281 283 290
42
10 14 18 29 38 42 44 54 57 58 72 73 79 81 86 87 89 103 111 117 130 135 139 152 157 161 171 179 193 203 208 232 233 234 249 256 259 281 286 293 297 299
29
4 16 25 28 42 54 63 68 86 95 98 107 109 125 133 134 135 137 138 141 143 147 161 167 187 189 215 258 293
46
2 3 9 10 21 23 27 28 41 44 51 54 86 94 95 99 126 143 145 159 160 173 174 178 181 184 189 195 196 202 205 215 227 228 231 237 244 261 262 267 283 289 291 297 298 299
28
19 22 47 49 70 97 121 128 149 160 168 173 190 193 201 226 229 233 254 259 266 267 269 276 286 295 298 300
28
20 32 40 47 54 80 83 94 107 123 136 151 157 176 182 188 195 203 206 221 251 252 254 262 265 269 282 284
33
8 14 16 23 26 40 50 52 54 57 92 101 110 124 138 140 149 157 158 161 171 175 187 189 207 219 234 243 253 281 287 288 292
33
6 7 16 18 53 58 67 76 80 82 89 95 97 111 132 155 160 171 180 182 184 218 245 250 254 259 264 269 271 272 283 288 299
36
4 14 18 22 48 58 73 76 82 94 95 126 130 135 150 166 167 172 174 186 195 197 205 213 216 222 236 250 257 271 283 290 291 297 298 300
31
7 29 49 63 67 75 91 114 129 130 147 154 159 168 174 175 176 177 188 197 199 203 206 216 223 248 249 272 279 296 300
28
9 13 17 25 27 36 57 63 67 79 91 131 141 147 174 177 185 186 187 195 202 215 219 228 240 251 270 292
29
8 12 13 24 96 110 129 136 144 166 170 179 186 215 216 220 223 239 248 257 259 262 265 266 267 268 276 279 280
35
2 4 6 8 12 20 23 27 31 37 41 43 64 90 95 129 130 134 140 142 145 147 150 180 207 215 223 225 226 227 228 240 264 275 287
25
29 48 54 71 79 104 108 114 118 132 137 155 185 211 232 235 241 242 251 252 254 269 270 272 290
30
20 24 42 49 64 74 81 89 96 99 107 109 133 147 148 153 159 193 194 196 200 201 206 219 226 234 237 246 269 274
35
8 10 11 15 20 23 38 57 76 79 87 103 120 128 141 143 153 159 181 184 185 189 197 207 209 210 217 224 235 244 249 265 270 273 280
40
4 22 29 37 44 46 59 77 85 88 99 104 127 138 139 140 144 147 160 181 188 201 207 211 212 214 220 225 236 238 243 255 267 270 271 276 283 286 293 299
31
1 6 7 25 31 37 40 42 50 65 82 89 92 93 109 129 144 161 166 169 175 177 198 209 237 243 251 266 270 273 300
31
2 7 9 12 91 95 105 108 109 110 112 115 124 130 135 166 170 178 186 193 199 203 213 228 235 242 246 280 288 289 298
21
15 19 43 46 68 79 82 93 101 102 104 179 188 191 205 225 233 236 251 256 267
29
5 7 10 23 35 47 77 102 107 127 128 150 156 165 172 178 197 201 204 208 210 212 216 219 268 279 289 296 298
27
9 26 29 30 34 51 60 95 96 98 99 107 109 112 135 140 149 174 179 186 210 211 219 225 229 234 258
32
6 15 17 30 48 50 75 77 80 82 91 94 117 123 126 133 135 136 140 156 162 201 210 221 222 223 237 254 273 279 289 292
38
8 9 12 14 16 25 28 35 42 54 63 66 67 80 120 125 126 137 138 139 142 149 156 176 182 186 188 202 229 231 233 239 241 250 252 254 279 285
24
7 24 29 42 92 104 109 111 116 119 133 134 137 138 166 174 183 185 194 222 239 248 282 283
31
16 25 29 51 73 111 148 153 159 162 173 178 179 180 188 194 201 202 215 223 225 257 262 265 273 277 280 285 286 289 291
29
3 5 7 20 24 27 30 33 34 52 74 96 97 113 116 128 149 154 156 164 229 234 237 240 250 289 291 293 300
29
14 18 20 33 34 42 44 50 53 75 89 91 98 105 113 135 145 160 161 169 176 193 197 207 228 243 246 279 285
29
5 12 30 38 39 54 56 76 79 87 99 108 125 126 155 164 182 194 201 223 235 237 241 246 260 261 286 290 293
32
8 9 10 13 17 19 36 40 54 61 73 75 98 100 112 116 140 149 158 159 170 175 200 208 209 214 217 221 248 251 260 289
32
5 7 26 36 52 58 82 88 92 100 102 111 113 116 131 143 151 166 179 181 209 241 242 243 246 251 263 273 280 284 294 296
28
4 25 29 49 62 63 77 95 97 101 116 125 142 145 155 159 164 189 190 202 207 216 217 227 244 256 269 280
28
12 25 52 70 79 86 90 101 104 111 112 116 131 136 142 175 181 193 194 199 206 228 232 242 249 273 278 279
38
4 7 18 21 41 43 52 63 71 83 89 96 108 120 124 148 156 160 166 168 174 183 186 191 194 215 216 222 223 234 250 263 266 273 274 277 291 295
21
14 22 36 52 60 63 64 67 73 86 102 112 137 153 181 201 238 244 246 272 281
34
4 19 33 43 51 55 72 74 77 78 83 89 93 96 108 111 148 151 161 166 176 183 190 201 202 206 210 217 229 234 248 264 272 283
29
9 15 29 34 36 40 41 43 51 52 62 72 74 76 77 85 86 98 112 120 182 215 243 245 251 278 290 292 299
37
11 13 24 25 29 54 66 75 102 111 116 126 132 135 138 150 151 163 171 173 183 193 194 195 204 207 219 224 237 248 251 254 269 270 273 275 277
36
7 14 16 20 24 41 44 59 60 83 99 103 116 122 136 143 162 174 185 194 204 208 218 219 224 231 239 241 258 262 273 278 279 283 298 299
27
16 38 39 42 62 66 73 77 103 104 105 107 117 170 174 204 210 217 245 254 270 275 276 285 287 292 299
27
19 26 31 32 39 45 53 93 103 105 110 123 131 137 145 147 162 174 189 198 200 216 221 243 259 262 279
31
20 38 47 59 70 76 80 111 136 139 148 152 163 169 173 176 186 192 197 209 212 216 240 242 243 246 263 266 271 293 299
33
16 21 28 46 50 53 56 66 75 80 97 99 102 104 111 137 154 159 161 162 190 200 207 211 233 247 257 259 265 269 271 285 300
31
23 31 39 44 48 51 55 65 67 75 77 86 92 99 103 131 134 165 175 182 202 208 224 236 239 245 259 265 267 281 285
32
2 10 24 33 47 59 64 84 85 86 99 104 112 134 155 156 172 186 188 191 196 202 205 222 228 260 261 262 272 278 283 291
29
5 17 19 21 32 65 75 86 89 91 103 111 129 156 158 164 166 176 178 219 226 228 242 260 274 275 279 285 297
27
3 5 13 20 39 47 57 69 77 81 90 94 100 110 119 120 123 134 139 145 151 168 222 230 232 254 261
23
7 18 22 39 42 68 97 103 121 142 165 169 181 198 215 222 229 241 242 243 272 282 284
34
8 14 23 38 40 52 63 65 88 99 114 124 142 148 149 178 181 183 186 188 192 195 197 208 211 214 216 217 236 245 248 255 256 296
39
1 9 13 16 20 29 31 34 47 53 55 56 58 74 79 85 90 115 120 121 149 173 182 185 201 223 228 234 237 240 249 250 251 262 264 270 271 281 286
31
24 27 31 41 45 54 57 62 67 69 71 87 91 93 125 135 181 185 186 204 236 238 241 254 255 257 261 265 266 273 276
23
11 17 34 43 60 66 74 85 86 124 125 150 155 157 160 173 187 201 211 235 255 287 288
31
6 27 28 52 60 80 89 95 100 101 111 120 121 124 125 145 149 153 160 164 177 183 197 198 206 213 230 240 252 257 291
31
9 15 16 17 29 30 32 47 51 61 70 73 125 141 148 170 176 189 191 192 193 196 201 208 247 258 261 266 275 285 289
29
15 25 27 32 38 66 67 75 82 86 88 99 133 161 170 177 194 198 209 210 218 244 245 256 257 264 271 276 285
27
26 36 40 46 50 74 95 98 112 136 182 192 199 204 212 216 233 237 239 249 253 256 269 288 292 298 300
33
17 18 21 33 41 44 47 49 57 69 72 94 97 107 109 113 123 143 146 162 190 195 219 221 226 249 250 254 257 267 274 279 281
35
5 14 18 32 50 52 62 65 76 78 79 86 87 93 99 128 130 133 135 140 151 161 172 185 186 188 193 202 220 231 234 253 268 269 271
31
8 10 19 31 35 44 47 55 70 80 93 99 101 116 123 139 146 155 162 174 176 177 194 198 215 224 236 246 249 280 284
32
37 48 65 69 72 76 78 85 102 108 120 131 135 137 145 182 183 189 191 193 203 212 218 236 237 242 243 257 263 281 288 299
32
15 25 27 43 55 63 64 76 78 91 113 122 141 148 158 166 170 177 192 195 198 214 215 216 225 231 237 241 245 267 282 293
32
3 8 13 24 29 60 64 66 99 102 112 116 118 121 132 142 150 157 161 173 181 182 198 201 222 244 253 255 259 262 282 285
29
8 12 15 23 45 48 57 75 78 96 106 109 111 114 123 139 140 146 162 170 199 210 224 240 247 250 272 277 299
40
19 30 36 38 44 61 64 65 68 69 76 77 93 113 114 122 125 132 137 139 151 155 175 177 182 186 196 208 221 223 235 240 251 255 261 264 272 279 289 292
33
1 5 11 26 45 51 53 59 66 104 108 111 130 149 150 154 160 182 184 202 205 211 217 220 226 230 233 252 253 257 268 279 281
35
3 7 9 19 34 36 43 44 46 48 49 53 57 69 86 99 118 124 132 135 141 146 157 159 164 181 192 203 204 208 220 221 235 247 251
27
18 28 52 58 72 75 76 77 91 104 116 118 119 131 139 140 173 182 203 206 236 258 265 271 281 290 299
22
15 32 46 49 58 60 66 68 104 116 143 177 214 227 238 247 266 273 274 280 297 299
29
5 22 31 33 38 43 49 50 69 90 92 103 107 131 144 179 183 194 202 203 209 222 226 242 258 262 267 270 290
28
6 26 42 46 49 53 57 80 90 106 125 131 145 163 171 177 186 190 203 208 215 219 220 222 246 265 276 277
