100 200
1.0 1.0 1.0 1.0 1.0 1.0 1.0 1.0 1.0 1.0 1.0 1.0 1.0 1.0 1.0 1.0 1.0 1.0 1.0 1.0 1.0 1.0 1.0 1.0 1.0 1.0 1.0 1.0 1.0 1.0 1.0 1.0 1.0 1.0 1.0 1.0 1.0 1.0 1.0 1.0 1.0 1.0 1.0 1.0 1.0 1.0 1.0 1.0 1.0 1.0 1.0 1.0 1.0 1.0 1.0 1.0 1.0 1.0 1.0 1.0 1.0 1.0 1.0 1.0 1.0 1.0 1.0 1.0 1.0 1.0 1.0 1.0 1.0 1.0 1.0 1.0 1.0 1.0 1.0 1.0 1.0 1.0 1.0 1.0 1.0 1.0 1.0 1.0 1.0 1.0 1.0 1.0 1.0 1.0 1.0 1.0 1.0 1.0 1.0 1.0 1.0 1.0 1.0 1.0 1.0 1.0 1.0 1.0 1.0 1.0 1.0 1.0 1.0 1.0 1.0 1.0 1.0 1.0 1.0 1.0 1.0 1.0 1.0 1.0 1.0 1.0 1.0 1.0 1.0 1.0 1.0 1.0 1.0 1.0 1.0 1.0 1.0 1.0 1.0 1.0 1.0 1.0 1.0 1.0 1.0 1.0 1.0 1.0 1.0 1.0 1.0 1.0 1.0 1.0 1.0 1.0 1.0 1.0 1.0 1.0 1.0 1.0 1.0 1.0 1.0 1.0 1.0 1.0 1.0 1.0 1.0 1.0 1.0 1.0 1.0 1.0 1.0 1.0 1.0 1.0 1.0 1.0 1.0 1.0 1.0 1.0 1.0 1.0 1.0 1.0 1.0 1.0 1.0 1.0 1.0 1.0 1.0 1.0 1.0 1.0
15
37 39 86 90 91 108 116 120 142 151 160 172 173 178 190
21
10 29 30 37 40 63 74 78 83 95 98 105 110 115 119 128 140 141 144 172 188
22
5 9 24 39 46 72 76 83 93 100 104 106 109 118 121 126 164 166 169 173 176 182
26
9 12 14 19 20 21 30 31 32 34 38 45 48 54 57 72 80 83 92 147 148 154 156 165 176 185
24
5 10 18 21 25 37 38 56 57 58 65 66 73 94 95 98 128 135 154 177 178 179 196 198
23
9 29 30 37 52 58 75 77 99 113 130 132 134 136 155 156 169 179 184 186 188 189 199
17
8 11 23 26 52 70 98 105 111 115 142 153 162 172 187 192 194
26
3 15 31 42 43 44 52 58 59 60 73 88 105 111 115 116 119 126 141 151 154 161 187 193 197 199
17
31 37 39 48 98 107 111 112 117 119 121 129 137 156 174 194 197
22
2 3 4 15 38 47 75 78 83 91 110 114 116 126 145 161 164 166 171 187 189 198
21
13 22 49 57 62 64 78 81 90 94 120 133 141 147 154 159 170 172 175 187 196
13
1 9 23 28 30 33 37 44 60 138 145 164 176
20
16 20 21 29 63 65 68 73 76 99 115 123 131 137 146 148 181 189 191 197
22
10 15 21 32 33 38 39 61 81 88 90 95 100 103 126 143 165 167 173 181 186 191
19
4 16 17 30 36 53 54 92 94 95 99 121 124 127 137 142 155 179 183
21
1 25 38 40 41 44 51 64 73 89 92 100 104 114 121 145 153 156 181 195 200
20
8 12 16 30 37 79 87 88 111 118 121 122 134 141 143 158 171 172 175 192
15
2 3 25 33 38 43 45 51 56 62 64 130 164 184 185
19
4 8 10 11 14 42 47 84 93 114 116 117 133 137 139 155 169 171 195
22
1 27 28 68 84 95 98 100 106 107 116 117 123 128 132 142 144 150 163 189 196 199
31
25 30 34 38 40 41 44 45 46 48 51 60 62 63 81 89 92 99 100 104 106 108 112 118 119 139 156 166 169 172 174
15
18 53 55 62 71 88 101 126 130 139 152 191 195 196 199
16
6 19 25 34 36 41 56 82 93 113 141 153 175 176 177 181
18
2 25 29 30 33 52 60 63 66 74 98 126 130 149 159 163 171 182
15
14 19 43 54 85 119 121 140 143 155 160 180 187 192 200
18
3 5 7 46 53 65 73 74 99 102 114 131 134 139 150 151 175 199
14
3 10 18 23 63 68 111 118 138 147 158 179 182 188
21
4 6 9 13 26 39 62 71 101 102 108 116 122 126 136 153 157 159 169 180 200
26
24 27 46 59 60 73 78 79 82 90 95 96 113 124 127 129 145 148 150 159 167 170 171 182 192 199
14
18 28 30 51 62 66 83 94 99 113 125 154 177 200
14
2 60 62 77 88 105 143 146 150 160 163 165 170 185
22
12 29 32 36 40 63 79 85 99 114 130 134 144 147 153 163 177 180 183 185 192 194
15
6 21 47 56 58 92 96 105 113 126 150 158 176 183 197
25
8 44 50 52 54 57 58 67 69 71 75 79 81 97 112 113 127 132 133 155 175 176 177 191 200
17
11 15 17 22 45 85 89 91 93 108 120 130 138 161 179 180 192
10
1 5 14 22 23 35 63 88 111 177
25
10 12 23 45 52 59 61 72 74 76 84 88 94 97 100 106 110 111 112 115 150 155 159 164 200
17
8 31 36 50 68 69 75 93 102 104 105 120 131 142 148 157 179
12
40 71 77 82 90 106 126 133 165 172 177 195
20
1 20 33 55 85 89 90 93 103 114 127 128 129 141 150 151 157 173 183 188
15
15 49 52 68 86 87 94 109 129 131 135 150 156 174 200
17
26 40 41 47 48 67 98 108 110 130 133 142 173 175 186 189 192
20
4 13 21 28 53 54 80 95 98 100 102 106 128 136 144 149 156 158 159 176
20
1 15 47 48 52 57 64 65 74 81 96 98 101 103 104 135 153 170 178 182
16
10 18 21 25 35 60 88 103 104 131 143 165 167 170 184 191
18
12 21 41 62 80 82 86 87 97 100 120 121 136 140 159 169 187 197
26
2 12 16 29 32 35 47 56 59 70 77 78 84 86 87 113 119 130 131 137 163 171 175 180 188 192
17
29 62 67 84 85 98 107 110 121 130 147 155 157 161 163 181 194
19
1 5 17 23 27 52 53 54 61 71 77 80 87 92 105 114 160 182 198
17
16 17 27 30 38 39 42 78 100 122 136 142 143 144 147 184 188
18
38 42 43 60 64 65 70 75 79 82 84 99 104 105 106 135 159 166
12
31 43 51 107 120 131 143 146 162 174 183 199
24
8 22 59 71 76 81 83 85 86 88 104 111 114 115 119 139 141 146 148 153 178 185 190 196
21
19 34 36 40 41 54 68 127 133 134 135 139 140 146 161 165 166 173 180 199 200
21
6 12 13 14 18 20 42 44 51 72 85 94 99 107 108 112 145 161 163 173 184
17
18 21 27 38 43 75 93 94 103 114 128 154 156 159 177 179 191
22
8 11 16 21 30 45 77 85 95 99 101 115 121 125 131 137 153 154 155 164 169 179
15
7 50 51 55 63 68 86 89 100 101 105 134 136 164 186
20
1 13 22 30 41 60 62 65 79 80 86 96 107 111 112 141 147 150 155 199
19
6 7 19 29 34 39 54 71 78 84 87 94 97 135 149 159 166 186 187
14
21 27 56 60 64 83 86 117 123 135 165 185 186 191
20
3 4 5 14 30 44 69 86 89 94 103 108 117 124 136 150 157 173 180 189
15
18 56 57 78 83 97 112 135 143 144 145 166 173 179 193
25
3 19 23 24 33 36 38 40 44 53 65 73 81 85 95 126 128 134 154 159 163 174 185 188 190
21
3 13 34 41 48 49 58 65 87 88 105 111 128 139 141 146 164 168 169 172 175
23
5 19 36 40 41 53 55 58 63 65 67 70 72 95 97 124 129 138 165 172 180 185 192
24
6 11 12 15 23 55 65 67 68 75 96 97 107 108 112 135 141 145 163 183 194 195 196 199
18
9 17 18 20 21 57 60 64 71 119 126 143 151 167 170 179 184 195
18
24 26 37 39 51 62 80 88 93 96 98 105 114 120 127 167 188 194
17
5 8 10 26 41 43 49 50 92 96 106 109 122 129 130 135 143
25
1 15 21 29 44 56 73 74 91 93 94 95 107 119 128 131 145 147 152 154 163 173 191 192 195
21
7 10 31 32 34 39 40 45 46 66 83 111 132 157 161 166 167 175 179 191 198
17
7 26 39 41 45 94 110 120 121 125 143 146 151 162 164 188 192
14
2 27 47 60 66 75 80 86 95 103 121 144 182 183
17
15 17 34 57 89 98 124 134 151 162 164 168 171 174 186 190 191
24
7 13 26 32 35 42 48 53 56 61 73 82 83 96 99 100 108 116 122 125 137 140 175 185
20
3 22 29 33 44 58 61 63 83 92 95 102 105 108 120 135 164 179 188 197
20
1 23 29 61 63 72 75 83 112 114 121 136 146 153 160 164 171 176 178 179
24
3 17 20 27 32 33 34 45 52 71 78 85 88 91 96 108 120 126 128 135 153 157 187 195
20
10 15 38 44 45 47 62 81 82 100 120 133 152 165 166 168 175 176 195 198
26
8 13 14 21 61 62 65 69 72 73 74 76 89 95 104 110 114 121 124 126 132 151 162 183 186 199
23
6 26 30 32 39 42 50 61 72 74 81 90 104 110 111 116 117 139 148 175 178 189 198
22
11 28 36 37 43 47 62 84 93 104 105 106 107 123 125 126 137 148 149 154 156 187
20
3 12 24 39 69 75 97 108 113 115 117 122 134 151 165 166 178 180 189 193
19
3 8 25 51 67 75 76 87 96 98 107 117 155 168 172 187 188 191 198
23
6 20 21 30 33 35 39 42 55 73 84 111 117 125 138 141 155 159 161 162 181 183 196
26
3 23 24 30 32 35 50 53 55 67 78 91 100 121 141 152 155 159 161 162 166 171 179 184 191 192
23
1 7 16 27 32 35 38 39 58 62 65 81 83 84 85 107 114 119 123 136 165 170 185
27
28 32 33 42 44 54 56 58 65 70 76 77 90 98 99 103 107 109 123 135 136 171 179 183 185 195 197
16
8 9 12 28 33 37 48 52 63 97 102 165 187 190 195 197
12
5 20 50 52 53 58 63 72 93 135 186 191
31
6 14 21 23 38 39 53 64 68 69 74 76 78 88 91 99 108 120 141 147 149 156 164 169 174 177 184 185 192 194 200
17
7 8 30 33 38 43 45 47 51 64 100 104 106 129 140 145 199
10
3 17 61 62 69 91 104 135 138 154
24
1 12 13 16 27 32 38 43 45 66 69 70 89 99 104 109 113 121 131 146 156 158 192 196
19
12 17 21 30 31 32 40 51 65 73 74 86 90 108 140 180 183 195 199
16
3 23 34 52 79 82 103 104 117 118 138 156 165 179 184 198
19
7 33 66 82 89 93 111 114 116 119 128 160 168 170 172 174 181 187 195
17
3 4 14 61 74 102 111 123 129 130 132 144 150 154 163 167 192
26
4 10 16 23 28 43 59 67 70 72 77 86 87 89 99 104 106 108 122 129 144 158 159 185 193 200
