50 100
1.0 1.0 1.0 1.0 1.0 1.0 1.0 1.0 1.0 1.0 1.0 1.0 1.0 1.0 1.0 1.0 1.0 1.0 1.0 1.0 1.0 1.0 1.0 1.0 1.0 1.0 1.0 1.0 1.0 1.0 1.0 1.0 1.0 1.0 1.0 1.0 1.0 1.0 1.0 1.0 1.0 1.0 1.0 1.0 1.0 1.0 1.0 1.0 1.0 1.0 1.0 1.0 1.0 1.0 1.0 1.0 1.0 1.0 1.0 1.0 1.0 1.0 1.0 1.0 1.0 1.0 1.0 1.0 1.0 1.0 1.0 1.0 1.0 1.0 1.0 1.0 1.0 1.0 1.0 1.0 1.0 1.0 1.0 1.0 1.0 1.0 1.0 1.0 1.0 1.0 1.0 1.0 1.0 1.0 1.0 1.0 1.0 1.0 1.0 1.0
12
7 17 24 26 45 50 76 78 80 85 92 98
14
2 14 16 20 31 39 47 51 59 65 69 84 95 100
10
7 12 31 56 57 62 80 84 97 100
14
8 16 18 21 22 30 36 47 65 67 82 83 91 99
10
2 18 25 29 38 53 56 62 69 95
8
9 16 27 41 45 54 58 70
7
23 24 39 43 45 66 78
11
8 9 21 28 29 45 52 53 56 79 90
8
3 9 17 30 43 49 55 69
8
2 22 27 57 69 92 98 99
5
4 34 63 93 95
5
5 24 26 51 60
9
6 15 27 29 36 59 64 79 98
9
5 8 20 23 39 54 58 82 87
9
1 13 26 43 48 65 68 73 80
16
1 5 8 9 22 30 40 41 45 49 52 53 79 82 88 92
9
22 24 29 33 37 38 63 69 94
7
6 28 40 47 51 57 95
10
9 25 26 28 40 47 53 71 73 89
10
5 11 12 22 45 49 54 57 81 83
14
5 6 14 16 21 43 46 51 67 71 82 87 90 93
10
1 3 12 14 25 27 32 92 94 98
7
2 10 15 49 56 66 80
7
3 24 45 48 55 77 98
8
10 21 31 58 60 77 78 97
7
12 16 28 59 63 66 79
14
6 8 18 21 31 46 47 51 61 73 75 84 94 100
8
3 8 18 34 44 60 81 90
5
3 9 16 67 96
9
9 13 14 21 23 24 55 60 84
11
13 31 36 42 47 51 63 65 69 78 85
12
4 12 14 22 25 36 40 56 67 89 96 98
4
62 66 68 87
11
4 12 15 16 30 31 36 49 65 69 86
7
16 31 33 39 50 75 81
11
8 18 31 36 44 62 79 81 89 92 97
12
9 15 26 31 58 60 66 74 78 83 94 98
16
8 17 29 30 32 36 40 49 50 59 60 61 70 79 83 93
13
4 7 17 32 34 37 39 49 66 77 79 81 97
17
3 12 13 14 15 20 24 30 31 50 61 70 77 78 88 89 92
5
22 45 71 91 100
12
2 15 20 23 34 40 50 65 68 69 74 90
13
5 22 26 27 30 46 53 73 74 79 85 94 95
6
11 29 53 54 55 70
11
9 26 32 37 55 57 65 72 74 80 99
9
4 11 17 25 41 61 63 77 83
5
11 21 22 48 64
12
4 8 24 34 41 49 79 85 90 96 97 100
7
6 22 74 76 79 84 94
4
2 56 83 99
