100 200
1.0 1.0 1.0 1.0 1.0 1.0 1.0 1.0 1.0 1.0 1.0 1.0 1.0 1.0 1.0 1.0 1.0 1.0 1.0 1.0 1.0 1.0 1.0 1.0 1.0 1.0 1.0 1.0 1.0 1.0 1.0 1.0 1.0 1.0 1.0 1.0 1.0 1.0 1.0 1.0 1.0 1.0 1.0 1.0 1.0 1.0 1.0 1.0 1.0 1.0 1.0 1.0 1.0 1.0 1.0 1.0 1.0 1.0 1.0 1.0 1.0 1.0 1.0 1.0 1.0 1.0 1.0 1.0 1.0 1.0 1.0 1.0 1.0 1.0 1.0 1.0 1.0 1.0 1.0 1.0 1.0 1.0 1.0 1.0 1.0 1.0 1.0 1.0 1.0 1.0 1.0 1.0 1.0 1.0 1.0 1.0 1.0 1.0 1.0 1.0 1.0 1.0 1.0 1.0 1.0 1.0 1.0 1.0 1.0 1.0 1.0 1.0 1.0 1.0 1.0 1.0 1.0 1.0 1.0 1.0 1.0 1.0 1.0 1.0 1.0 1.0 1.0 1.0 1.0 1.0 1.0 1.0 1.0 1.0 1.0 1.0 1.0 1.0 1.0 1.0 1.0 1.0 1.0 1.0 1.0 1.0 1.0 1.0 1.0 1.0 1.0 1.0 1.0 1.0 1.0 1.0 1.0 1.0 1.0 1.0 1.0 1.0 1.0 1.0 1.0 1.0 1.0 1.0 1.0 1.0 1.0 1.0 1.0 1.0 1.0 1.0 1.0 1.0 1.0 1.0 1.0 1.0 1.0 1.0 1.0 1.0 1.0 1.0 1.0 1.0 1.0 1.0 1.0 1.0 1.0 1.0 1.0 1.0 1.0 1.0
11
3 10 57 62 136 137 150 158 160 180 184
24
5 7 11 20 52 56 63 70 96 98 102 104 107 113 122 125 126 144 146 151 153 169 183 186
25
3 7 11 41 43 44 57 61 69 78 80 81 87 93 96 111 114 133 138 139 148 165 179 197 199
23
8 27 29 30 37 64 65 72 81 83 85 90 96 98 102 117 120 139 144 152 163 167 200
23
6 16 21 48 52 53 60 64 65 76 85 109 111 113 119 129 140 149 157 159 168 181 196
21
21 23 27 34 44 66 67 68 76 80 92 96 104 122 131 144 146 147 150 171 182
19
11 18 19 37 43 48 62 75 80 96 100 123 124 131 145 169 170 187 199
18
8 14 17 25 28 39 42 59 74 86 114 119 122 139 142 154 155 195
19
40 46 62 106 107 112 114 119 120 125 148 151 154 155 157 160 177 191 199
28
3 7 8 13 21 35 36 41 44 50 51 52 73 107 123 130 135 137 147 149 155 166 167 175 177 178 193 198
13
41 45 49 59 70 95 102 103 135 185 186 189 198
21
21 49 50 63 72 81 97 102 103 105 113 115 118 123 129 139 146 164 168 179 190
21
24 31 42 47 54 67 75 81 82 84 96 97 124 138 150 172 174 186 189 192 197
28
2 8 17 19 22 23 24 27 29 32 35 44 60 68 83 111 123 124 128 130 147 149 154 171 172 175 190 199
13
7 16 21 32 71 91 93 108 123 132 148 174 176
19
2 11 14 24 36 44 47 49 55 66 101 129 168 179 180 186 188 197 200
22
1 21 36 44 56 70 79 87 93 95 114 124 125 135 152 167 179 180 188 191 195 199
25
14 37 45 61 73 78 84 90 91 102 103 111 118 120 131 132 145 159 160 163 165 167 175 186 196
17
23 25 27 39 63 83 84 88 99 104 123 124 125 134 141 167 194
18
4 12 13 24 27 44 49 86 88 117 130 134 153 162 167 190 195 200
25
13 14 27 42 48 54 55 72 78 81 84 86 95 102 109 111 112 118 139 143 153 169 188 195 196
18
18 45 50 67 69 77 80 81 82 93 109 114 119 129 166 193 195 197
23
27 35 44 46 51 69 79 80 82 88 94 103 106 112 128 145 150 151 163 180 187 189 193
16
13 16 34 45 46 59 62 68 73 97 113 132 135 138 157 188
21
3 4 14 22 23 34 47 51 57 80 84 89 122 131 132 133 142 156 167 181 185
16
2 30 41 79 80 85 94 112 136 140 148 151 155 160 187 199
18
1 6 16 40 43 66 71 90 124 132 134 163 166 174 185 190 197 199
20
21 23 57 72 94 100 104 114 131 135 140 151 160 161 164 166 172 184 197 198
19
9 16 24 31 41 81 84 86 90 91 114 123 139 149 158 162 165 166 190
18
7 11 17 28 29 55 58 68 81 88 123 134 152 154 164 170 178 198
23
2 6 10 27 32 43 51 66 81 102 126 130 136 142 148 150 154 157 163 167 170 197 198
19
4 27 39 53 61 66 67 69 70 84 89 123 129 134 137 176 189 192 195
20
4 20 29 30 42 48 49 56 65 76 95 105 127 152 153 162 171 177 184 199
23
6 17 18 30 31 36 37 40 52 71 72 79 81 85 92 94 102 111 130 139 141 170 176
16
4 5 24 50 52 70 76 117 121 135 138 149 153 163 164 176
22
5 9 21 26 27 28 31 42 50 79 98 110 123 131 149 152 154 158 162 181 189 192
24
10 11 15 26 33 34 43 44 71 79 85 98 113 125 135 142 145 151 162 178 188 190 199 200
24
7 9 20 25 35 39 41 54 62 69 89 94 97 98 111 121 133 141 151 187 190 191 195 199
13
3 11 15 19 24 26 36 44 81 128 130 164 172
16
51 53 55 73 75 77 107 111 120 123 129 138 140 164 175 199
24
3 5 6 14 19 21 22 41 46 56 69 72 78 92 100 116 140 145 151 166 170 171 172 175
18
2 12 26 39 42 79 84 88 128 133 134 139 141 145 146 154 180 184
21
11 25 29 34 48 52 71 80 83 87 98 99 108 111 148 161 167 174 181 184 200
25
23 29 30 31 43 48 59 80 88 101 105 106 107 120 126 129 130 152 154 155 156 160 171 185 196
19
12 39 49 68 70 76 88 99 109 120 134 150 153 165 173 174 187 191 196
20
13 16 38 66 72 87 88 91 100 110 116 127 130 141 143 151 164 166 181 190
26
2 12 21 25 33 40 54 59 79 84 94 96 105 107 113 126 128 134 137 147 154 167 171 175 180 195
18
6 36 41 60 86 87 99 100 112 126 130 143 148 151 163 165 190 199
17
4 53 71 75 112 115 119 124 125 134 137 140 169 176 182 184 188
29
1 11 17 19 36 55 56 62 70 72 90 94 95 117 122 123 129 138 153 159 161 164 174 178 181 187 190 193 194
19
9 15 16 17 41 55 96 104 110 119 122 129 134 141 147 149 158 176 200
21
4 9 15 30 31 36 43 46 56 65 70 87 88 105 113 116 127 132 135 178 197
26
7 16 19 23 28 33 34 44 51 71 73 83 85 87 88 120 124 136 144 150 153 163 168 173 191 197
22
8 34 59 61 62 76 91 109 113 118 133 136 140 147 162 171 174 182 189 191 196 198
22
1 5 10 12 13 40 48 63 65 74 81 98 99 101 104 121 126 161 173 175 176 192
20
4 16 26 38 40 54 56 61 83 97 109 113 122 137 153 157 159 176 181 191
18
3 22 32 53 56 71 77 81 97 99 116 122 145 160 163 166 192 197
22
8 26 29 36 61 68 69 81 95 109 119 128 139 140 149 163 167 174 182 198 199 200
16
16 20 21 44 46 63 85 104 107 117 120 150 151 163 166 173
15
1 4 11 70 97 99 105 117 140 142 149 158 184 185 194
20
33 53 57 58 59 91 105 119 121 123 127 128 137 146 163 168 188 194 195 198
17
3 23 47 54 55 76 84 88 96 101 111 130 131 146 160 184 185
22
4 27 36 38 50 60 65 67 73 75 78 80 85 102 115 119 144 167 171 173 174 190
18
14 18 24 30 40 57 62 63 68 75 76 84 112 114 118 124 161 188
21
1 24 28 41 44 50 63 86 93 105 115 131 143 144 163 167 171 172 176 187 199
16
12 17 44 53 54 59 92 95 112 129 140 145 163 170 176 180
20
14 16 30 62 72 84 92 129 132 135 141 148 150 163 169 170 172 187 191 192
20
1 2 9 27 34 55 62 89 101 103 115 120 134 139 140 145 163 164 185 196
26
5 6 8 18 19 27 44 52 58 59 95 98 113 138 151 154 159 160 162 163 164 170 178 180 181 200
22
1 13 14 15 22 44 56 65 73 77 83 89 100 114 121 125 151 156 168 176 187 188
24
26 40 42 60 73 80 81 87 103 125 132 139 149 153 154 158 160 161 162 174 187 188 193 199
17
7 12 17 22 43 45 52 73 88 102 103 156 162 164 169 197 200
24
5 9 18 43 46 47 74 81 87 94 108 112 113 121 133 137 141 147 148 150 176 177 182 184
21
1 15 17 41 44 53 56 60 65 79 81 104 121 122 134 138 165 176 183 190 193
18
9 31 42 55 56 57 61 71 100 124 128 129 143 145 165 170 180 189
29
2 5 11 14 35 43 46 56 57 62 72 74 76 90 93 95 106 112 114 115 116 120 126 142 155 163 180 187 194
27
4 9 11 16 18 27 28 32 46 70 87 96 104 116 133 141 142 150 154 156 165 173 182 189 192 195 200
19
25 27 31 45 50 53 89 94 131 144 145 146 149 154 169 173 181 182 183
20
18 30 38 39 46 70 74 82 87 98 114 115 149 159 160 164 166 174 184 193
16
9 20 26 77 78 113 123 124 151 156 163 166 168 170 175 192
14
18 24 33 38 77 92 108 127 138 167 170 179 187 190
13
59 63 93 98 103 124 132 139 145 146 151 164 187
22
6 20 26 28 30 37 59 60 71 76 78 88 89 90 91 94 108 111 125 158 187 194
13
14 16 30 51 58 92 104 106 132 165 168 181 183
23
11 29 36 38 49 60 61 70 73 87 97 111 123 142 145 149 150 154 160 170 182 184 188
16
1 2 11 28 66 88 94 111 134 138 143 149 174 177 186 199
24
17 21 23 27 28 39 46 56 80 84 107 110 118 125 126 129 140 160 168 178 180 181 190 198
27
1 11 25 31 47 58 63 91 93 97 104 129 131 139 146 147 148 149 156 157 160 162 174 175 176 178 188
17
9 11 35 37 66 95 121 129 142 156 158 165 166 176 179 181 199
27
1 8 11 13 20 21 41 62 74 94 99 105 112 120 134 135 145 147 148 153 154 162 172 182 188 190 198
25
8 20 23 24 32 33 51 56 74 87 90 96 111 120 131 140 145 150 169 174 180 195 196 197 200
23
16 35 40 41 44 78 89 95 105 109 112 116 121 135 140 141 155 160 161 165 167 172 195
15
4 6 12 83 86 105 133 135 144 151 161 167 177 183 186
21
4 13 27 31 37 48 57 58 59 85 100 124 125 130 135 143 167 174 175 177 200
25
3 5 8 29 33 34 35 47 55 58 60 65 68 82 91 101 108 118 139 140 143 148 157 168 174
24
28 31 40 54 61 68 99 104 109 119 123 124 137 144 151 166 169 172 176 181 189 190 193 195
16
5 21 25 37 45 70 72 79 105 109 123 124 176 183 193 194
26
4 15 19 28 30 31 36 44 45 53 62 63 65 83 86 89 108 113 118 120 128 138 140 149 177 197
17
15 34 59 70 100 121 129 131 137 145 149 152 164 167 184 188 200
15
3 22 25 28 56 74 90 110 133 138 155 169 177 189 200
