50 100
1.0 1.0 1.0 1.0 1.0 1.0 1.0 1.0 1.0 1.0 1.0 1.0 1.0 1.0 1.0 1.0 1.0 1.0 1.0 1.0 1.0 1.0 1.0 1.0 1.0 1.0 1.0 1.0 1.0 1.0 1.0 1.0 1.0 1.0 1.0 1.0 1.0 1.0 1.0 1.0 1.0 1.0 1.0 1.0 1.0 1.0 1.0 1.0 1.0 1.0 1.0 1.0 1.0 1.0 1.0 1.0 1.0 1.0 1.0 1.0 1.0 1.0 1.0 1.0 1.0 1.0 1.0 1.0 1.0 1.0 1.0 1.0 1.0 1.0 1.0 1.0 1.0 1.0 1.0 1.0 1.0 1.0 1.0 1.0 1.0 1.0 1.0 1.0 1.0 1.0 1.0 1.0 1.0 1.0 1.0 1.0 1.0 1.0 1.0 1.0
12
16 24 26 31 32 35 40 59 65 84 94 99
11
8 13 27 37 48 51 58 90 93 97 100
13
5 7 12 25 38 53 55 64 67 72 75 79 97
12
9 14 27 42 44 54 57 59 63 80 81 90
10
9 27 32 40 49 58 68 73 79 82
12
24 26 31 36 37 38 49 65 67 73 91 94
12
24 25 40 42 49 61 77 84 86 89 98 99
12
1 16 35 39 45 46 56 59 61 63 64 74
11
7 8 9 10 11 18 41 50 81 93 95
10
20 32 40 52 63 86 87 91 92 96
15
4 10 12 18 34 42 46 54 56 59 66 69 79 85 90
8
12 14 36 39 64 76 84 85
14
3 8 22 34 39 51 52 72 79 88 93 95 96 99
13
4 7 53 56 65 68 76 81 85 93 94 96 100
10
21 24 25 41 44 60 66 78 84 98
11
6 16 17 37 40 42 61 83 87 91 100
17
1 3 9 18 20 29 33 39 53 72 76 77 80 81 87 96 99
6
3 34 36 37 65 81
14
10 23 35 60 66 70 72 74 76 79 82 90 92 94
5
1 32 49 59 82
14
4 9 19 21 22 23 25 27 30 44 72 75 81 84
7
9 26 32 38 47 53 75
8
26 32 44 49 62 68 72 93
10
9 15 26 33 35 40 71 79 83 99
19
1 5 8 14 22 25 26 27 28 36 40 41 49 53 56 72 79 81 94
7
7 24 30 31 50 59 82
10
24 29 31 40 43 49 72 86 93 98
8
5 7 16 47 65 69 85 99
12
1 7 12 21 26 37 38 50 56 58 85 86
6
15 30 44 74 87 99
8
1 7 9 25 38 55 63 77
11
3 6 10 13 20 37 45 66 88 92 96
3
1 95 99
16
2 4 18 20 21 26 33 34 50 55 68 74 82 84 87 96
15
12 13 14 16 23 27 29 30 31 68 69 76 92 96 97
9
2 3 6 40 56 58 60 64 99
17
1 12 15 32 33 36 37 40 41 55 64 65 72 78 83 85 92
8
7 12 36 42 44 73 88 93
6
11 42 57 73 92 94
11
6 12 17 23 53 63 73 80 85 89 92
10
10 12 14 19 21 43 48 49 55 99
16
2 13 16 28 47 49 54 55 56 60 70 73 81 82 94 96
13
4 6 21 26 37 62 63 72 81 83 90 94 100
12
11 17 20 25 35 41 43 46 62 77 84 100
11
8 25 26 28 30 40 43 49 69 79 99
5
6 22 29 67 85
9
14 16 37 47 59 67 75 85 86
11
1 12 16 23 35 43 60 69 82 86 92
7
9 13 15 48 68 92 94
10
27 29 36 43 55 63 71 86 89 98
