150 300
1.0 1.0 1.0 1.0 1.0 1.0 1.0 1.0 1.0 1.0 1.0 1.0 1.0 1.0 1.0 1.0 1.0 1.0 1.0 1.0 1.0 1.0 1.0 1.0 1.0 1.0 1.0 1.0 1.0 1.0 1.0 1.0 1.0 1.0 1.0 1.0 1.0 1.0 1.0 1.0 1.0 1.0 1.0 1.0 1.0 1.0 1.0 1.0 1.0 1.0 1.0 1.0 1.0 1.0 1.0 1.0 1.0 1.0 1.0 1.0 1.0 1.0 1.0 1.0 1.0 1.0 1.0 1.0 1.0 1.0 1.0 1.0 1.0 1.0 1.0 1.0 1.0 1.0 1.0 1.0 1.0 1.0 1.0 1.0 1.0 1.0 1.0 1.0 1.0 1.0 1.0 1.0 1.0 1.0 1.0 1.0 1.0 1.0 1.0 1.0 1.0 1.0 1.0 1.0 1.0 1.0 1.0 1.0 1.0 1.0 1.0 1.0 1.0 1.0 1.0 1.0 1.0 1.0 1.0 1.0 1.0 1.0 1.0 1.0 1.0 1.0 1.0 1.0 1.0 1.0 1.0 1.0 1.0 1.0 1.0 1.0 1.0 1.0 1.0 1.0 1.0 1.0 1.0 1.0 1.0 1.0 1.0 1.0 1.0 1.0 1.0 1.0 1.0 1.0 1.0 1.0 1.0 1.0 1.0 1.0 1.0 1.0 1.0 1.0 1.0 1.0 1.0 1.0 1.0 1.0 1.0 1.0 1.0 1.0 1.0 1.0 1.0 1.0 1.0 1.0 1.0 1.0 1.0 1.0 1.0 1.0 1.0 1.0 1.0 1.0 1.0 1.0 1.0 1.0 1.0 1.0 1.0 1.0 1.0 1.0 1.0 1.0 1.0 1.0 1.0 1.0 1.0 1.0 1.0 1.0 1.0 1.0 1.0 1.0 1.0 1.0 1.0 1.0 1.0 1.0 1.0 1.0 1.0 1.0 1.0 1.0 1.0 1.0 1.0 1.0 1.0 1.0 1.0 1.0 1.0 1.0 1.0 1.0 1.0 1.0 1.0 1.0 1.0 1.0 1.0 1.0 1.0 1.0 1.0 1.0 1.0 1.0 1.0 1.0 1.0 1.0 1.0 1.0 1.0 1.0 1.0 1.0 1.0 1.0 1.0 1.0 1.0 1.0 1.0 1.0 1.0 1.0 1.0 1.0 1.0 1.0 1.0 1.0 1.0 1.0 1.0 1.0 1.0 1.0 1.0 1.0 1.0 1.0 1.0 1.0 1.0 1.0 1.0 1.0 1.0 1.0 1.0 1.0 1.0 1.0
28
27 32 45 48 64 78 92 95 101 117 119 124 143 146 174 183 204 210 224 229 232 233 238 256 262 266 277 294
26
2 12 16 25 31 41 42 49 56 89 95 99 100 115 125 130 148 149 164 196 204 241 251 272 284 292
37
9 30 43 50 53 57 64 68 97 106 116 137 150 155 159 170 174 182 190 195 211 212 214 226 227 242 244 247 249 257 262 267 271 273 276 281 293
28
4 54 71 77 78 94 100 111 120 132 153 170 173 178 183 194 201 206 208 233 237 243 244 253 262 275 285 294
32
1 8 26 45 61 92 101 104 112 119 127 132 139 151 185 190 202 208 211 224 238 239 240 248 249 255 261 269 270 273 276 289
25
35 54 55 83 84 96 111 119 132 144 148 150 152 165 167 204 223 230 254 261 273 275 293 295 297
32
13 32 51 76 81 102 119 123 136 150 151 161 164 165 171 178 188 189 195 214 223 231 256 260 264 272 274 280 281 285 289 292
25
11 31 47 61 68 72 77 80 101 116 122 127 129 162 171 180 183 193 236 243 246 250 294 296 297
33
3 22 24 27 35 37 48 59 60 82 119 136 143 152 158 162 163 167 176 181 191 193 213 229 236 261 264 270 271 274 279 285 295
40
14 30 36 41 46 51 52 63 65 73 76 91 99 102 112 121 122 138 156 157 171 172 181 186 189 196 197 201 204 211 217 219 221 233 247 255 261 273 279 296
31
3 8 20 22 25 34 35 50 52 85 90 104 109 126 127 145 152 158 170 189 204 209 216 218 232 239 251 268 274 282 298
21
9 10 114 117 141 145 149 167 176 178 181 189 203 212 217 219 233 239 252 253 292
33
8 29 46 50 73 75 79 99 103 106 108 114 123 130 138 147 153 154 176 192 198 202 235 240 242 243 253 254 278 282 286 290 291
31
4 19 23 30 71 86 109 110 115 116 136 142 148 154 162 181 184 188 192 196 200 204 225 236 259 268 277 285 288 296 297
30
13 14 16 24 49 63 70 74 79 83 96 97 109 122 157 174 176 180 181 222 228 239 240 250 254 265 269 271 272 292
24
3 17 29 51 61 68 87 102 108 122 135 167 185 195 198 206 211 224 232 244 264 280 283 289
28
3 23 34 49 58 71 99 103 105 118 120 130 173 184 193 196 216 218 228 230 237 245 248 261 274 281 285 286
21
25 39 63 71 80 91 93 98 121 126 131 132 139 154 155 177 188 234 235 272 283
33
2 6 10 22 41 43 60 61 78 91 103 106 107 112 114 115 118 124 128 130 132 145 150 170 201 208 221 232 239 245 247 275 283
27
18 21 24 27 43 51 52 62 63 70 78 82 95 108 135 157 168 199 203 212 216 221 228 233 250 265 293
27
53 54 85 91 95 119 145 155 156 159 167 185 193 196 208 215 218 228 241 243 244 252 260 263 273 281 296
38
3 12 13 17 22 34 35 36 44 78 92 93 108 112 113 123 135 137 140 166 169 174 191 201 205 220 229 233 253 265 271 276 279 282 286 290 296 297
29
9 15 30 60 71 75 76 82 91 93 98 117 129 162 166 170 194 217 230 238 245 253 258 260 261 266 276 283 299
32
1 17 30 43 57 74 101 136 138 146 153 154 167 189 194 198 211 214 216 220 227 247 249 254 262 272 282 283 286 290 293 295
32
6 7 21 32 39 45 50 59 65 77 84 89 92 123 139 153 162 167 170 171 184 195 204 228 231 244 246 275 280 289 290 291
30
9 21 51 56 80 93 106 107 110 111 133 148 176 179 180 182 183 184 210 217 222 229 239 242 263 274 278 279 281 300
23
9 30 50 79 88 94 100 101 115 124 142 145 147 176 178 202 221 239 254 255 260 286 288
35
13 20 26 29 40 42 51 56 62 71 88 92 98 105 106 108 120 131 144 155 168 173 176 179 196 209 210 212 213 234 253 264 267 274 297
27
3 13 29 30 33 34 39 83 97 145 157 159 168 175 180 190 204 231 236 243 257 262 267 278 279 284 297
33
12 20 33 46 79 80 81 83 85 90 98 104 107 115 117 120 141 154 163 167 169 172 193 207 229 247 260 264 266 278 279 299 300
35
1 7 12 15 18 19 31 55 62 73 87 126 133 155 163 167 171 172 177 180 182 186 192 202 207 218 231 235 239 246 248 259 260 284 293
20
29 34 54 59 64 68 69 72 79 85 107 108 138 143 158 236 239 259 276 296
23
16 17 42 54 87 99 106 110 144 150 160 173 198 201 208 219 221 252 260 266 272 281 285
30
4 7 11 14 47 51 67 68 80 101 103 104 114 115 136 173 183 186 190 195 212 235 240 248 249 268 270 283 292 297
31
3 5 12 13 16 61 62 66 74 81 87 131 140 150 152 180 182 188 213 221 224 237 240 247 248 264 272 275 287 298 299
29
7 20 22 45 56 66 81 97 101 129 144 153 155 156 158 166 167 169 170 171 187 192 214 216 231 241 242 260 291
33
20 28 38 46 73 77 83 87 88 104 115 129 139 144 154 156 185 186 187 201 221 227 229 231 237 242 252 256 259 263 266 270 296
21
5 13 20 37 78 92 113 125 141 151 189 196 200 218 228 252 257 273 277 280 288
24
26 32 63 66 91 99 105 116 129 138 170 183 184 197 204 220 243 265 267 281 286 291 298 300
32
3 6 16 20 31 33 53 56 68 70 76 81 85 97 99 101 127 128 134 150 154 183 198 203 213 215 229 256 260 278 296 300
25
8 34 35 83 87 90 101 102 103 132 135 157 169 176 177 191 194 206 223 224 237 261 270 281 282
31
15 18 31 34 35 44 45 72 78 86 94 106 108 118 126 127 136 137 143 156 157 160 193 198 204 211 229 235 247 250 251
29
15 31 63 68 69 84 93 108 124 131 139 142 191 199 201 206 208 217 225 238 239 245 269 275 278 283 284 295 296
25
17 18 28 42 49 53 75 77 83 112 127 134 175 178 183 206 227 237 245 262 263 268 271 282 299
20
5 6 20 21 37 41 53 91 94 115 135 141 169 210 244 245 246 250 273 299
27
15 36 59 72 80 85 93 100 108 124 134 141 154 159 165 176 184 186 193 207 223 233 236 246 271 275 300
33
12 35 52 56 67 75 77 81 84 95 100 128 133 135 170 176 177 184 186 195 199 205 211 214 219 224 232 236 240 248 272 273 298
28
5 6 19 33 46 51 59 73 77 79 104 115 126 142 149 153 160 192 207 228 237 245 275 277 284 288 293 300
30
6 7 8 13 23 39 41 42 60 64 66 114 121 127 143 146 148 171 175 177 198 202 210 225 230 234 271 276 291 292
36
1 9 13 18 22 30 33 54 61 63 64 68 71 99 109 120 123 128 145 146 153 169 198 203 204 205 219 223 229 233 235 249 253 264 269 280
34
20 36 37 56 65 72 76 80 97 114 120 122 126 128 135 145 158 159 164 179 186 193 203 215 226 228 230 244 262 263 275 288 295 297
33
16 21 60 62 64 65 69 71 76 79 81 94 108 115 117 129 152 158 160 178 180 186 191 198 215 247 249 251 259 267 288 291 300
24
24 41 48 52 65 72 80 85 94 141 145 148 157 194 203 221 226 236 257 258 263 270 273 279
34
1 30 33 34 44 45 46 61 67 77 80 85 91 93 104 120 128 135 138 162 166 169 178 193 204 216 217 248 250 276 283 284 291 292
35
2 7 10 22 31 33 56 63 70 86 92 106 113 115 124 126 128 138 160 166 169 170 176 180 218 219 240 248 260 275 280 283 284 289 296
31
1 7 32 37 44 47 51 54 63 73 79 81 112 138 139 162 165 177 179 183 186 206 214 252 254 258 273 274 280 283 285
26
5 15 33 38 42 81 89 105 119 141 147 150 187 188 195 197 199 204 214 231 238 256 261 270 272 293
26
2 12 13 31 41 44 62 70 74 81 83 102 133 137 155 177 180 183 214 227 232 237 242 254 262 278
26
19 21 32 35 42 56 58 74 82 84 87 89 114 132 157 159 177 182 185 196 232 238 248 255 259 288
24
1 17 18 24 28 57 64 84 85 91 95 110 114 117 144 146 172 195 223 224 237 250 265 275
27
26 43 49 51 70 75 76 78 85 92 94 107 116 123 125 140 155 180 195 227 233 246 249 251 266 272 283
30
3 30 67 68 75 77 80 84 91 92 104 122 160 168 175 184 189 190 197 217 235 241 250 263 268 277 279 290 296 300
31
2 8 19 21 36 47 60 62 67 80 86 89 90 102 111 145 150 156 158 161 169 196 201 209 215 221 248 268 272 295 298
27
2 20 22 27 29 35 40 58 76 81 96 106 121 127 129 141 176 192 196 209 223 233 234 254 255 270 274
27
13 19 37 50 51 58 80 81 128 140 145 162 163 171 182 214 226 234 235 243 254 274 276 291 295 297 300
37
3 8 21 50 52 54 57 59 61 70 72 80 81 82 86 95 99 107 109 128 131 132 139 161 186 192 207 211 223 227 233 234 252 262 271 273 274
32
14 21 31 38 42 89 90 94 102 110 115 118 124 138 145 160 174 175 179 187 189 190 210 217 219 222 230 232 264 288 290 299
23
3 7 10 12 44 56 59 63 68 72 79 91 96 141 150 182 199 202 209 244 258 260 296
21
45 93 95 103 108 116 125 146 151 179 195 205 212 230 233 241 259 261 274 287 297
28
4 24 37 56 64 76 106 108 113 118 143 155 169 175 192 193 202 207 233 235 236 239 257 268 281 289 290 294
35
1 11 13 14 15 18 27 31 49 62 64 65 75 82 87 89 100 110 116 121 130 142 144 150 151 153 169 190 216 217 222 231 275 287 289
27
18 29 30 34 36 44 64 75 89 102 123 124 137 170 173 180 186 196 207 220 239 247 250 252 289 295 299
36
2 11 18 23 42 54 55 64 76 81 85 99 101 109 114 115 124 127 147 167 173 175 193 197 198 203 206 221 233 236 248 267 284 289 297 298
27
5 11 13 32 37 43 48 60 67 92 98 100 105 129 130 134 154 157 162 188 192 200 206 219 230 252 264
31
9 16 24 31 35 68 69 74 80 88 108 117 143 162 172 173 175 182 195 197 204 219 223 229 230 242 267 277 283 284 296
34
4 17 18 24 25 32 34 46 57 70 80 89 95 99 104 105 117 118 119 123 127 131 140 170 174 192 200 204 210 216 250 255 266 296
31
23 26 35 83 92 97 103 106 108 111 115 144 155 160 184 193 197 204 216 224 229 231 238 244 254 265 274 288 291 296 300
33
4 14 29 37 73 77 99 109 125 129 130 148 163 193 197 199 201 207 216 224 226 231 243 252 253 256 257 261 264 267 281 288 296
20
2 4 36 37 49 78 90 138 156 175 186 211 213 222 240 260 265 269 273 300
21
19 28 36 50 52 71 77 81 96 120 121 160 172 178 200 205 234 236 253 254 270
23
25 31 50 55 74 79 96 111 130 149 157 167 168 170 174 186 198 225 227 284 289 293 296
25
17 28 35 41 51 54 57 65 75 102 126 134 136 148 163 186 196 207 230 246 251 280 282 286 293
31
2 17 23 24 40 42 50 68 79 80 87 88 100 146 151 156 161 163 164 193 221 228 241 245 268 270 275 284 287 296 298
29
8 15 48 50 55 80 81 108 113 123 131 138 141 143 151 158 168 191 196 203 204 207 212 227 229 256 262 297 299
33
9 16 26 41 50 60 79 80 87 92 94 95 96 98 112 131 139 142 143 152 164 183 191 195 203 227 229 240 241 249 278 285 292
27
1 16 31 43 62 64 71 78 81 90 120 122 130 133 151 165 170 192 197 218 232 250 262 264 265 271 298
26
4 20 24 51 56 57 59 67 68 71 77 78 84 97 112 125 147 149 151 169 176 180 189 204 230 235
30
8 11 61 67 68 71 100 104 112 132 143 156 165 171 179 196 199 206 210 219 220 221 253 269 271 274 276 280 288 298
27
12 14 21 46 54 66 69 71 87 91 98 104 113 122 146 182 187 189 214 219 231 239 242 253 258 266 268
30
32 38 67 74 84 86 99 104 122 128 131 152 160 168 172 186 187 191 194 196 238 243 249 261 262 268 277 283 288 292
22
11 54 55 69 71 72 79 83 102 111 115 124 182 188 193 217 223 230 233 241 284 298
22
17 29 39 47 62 87 105 108 116 119 137 151 184 189 195 199 200 207 216 239 256 279
38
2 4 10 44 52 74 87 88 94 102 110 115 125 129 142 157 171 173 181 184 188 190 193 198 200 201 204 219 227 228 230 235 238 264 270 280 282 294
35
8 25 27 48 49 61 66 78 79 83 94 110 115 121 128 133 139 140 145 160 168 198 201 204 215 216 224 232 248 255 263 271 275 283 300
34
13 27 32 50 55 57 71 82 91 93 98 102 109 119 120 133 150 167 181 187 196 197 216 217 223 227 233 242 246 256 264 268 276 287
38
4 5 11 14 15 17 19 25 40 66 68 79 85 92 105 108 132 151 178 180 183 186 190 191 192 193 200 209 229 235 248 249 251 257 267 276 280 286
32
4 6 15 40 48 52 53 57 81 96 112 116 117 138 144 147 154 158 159 175 179 180 185 196 209 217 225 226 238 252 283 284
33
13 20 24 26 30 44 64 66 86 90 95 98 125 126 127 128 138 143 157 168 176 177 185 186 190 198 199 219 224 230 283 287 291
28
29 31 44 58 76 87 92 102 103 109 110 114 133 146 153 155 169 201 208 217 235 250 251 257 262 285 291 293
36
2 10 18 33 48 53 61 66 68 71 92 100 105 114 117 121 147 148 151 153 175 180 189 211 214 215 220 222 224 245 256 257 258 278 281 295
34
15 17 37 50 56 63 66 94 99 106 108 109 112 126 134 138 144 145 151 171 172 177 181 187 193 194 201 218 223 235 240 253 285 288
27
24 25 55 57 63 68 82 96 98 103 104 106 115 137 152 156 162 185 191 199 224 242 245 275 286 291 295
34
6 13 16 31 45 49 52 59 60 64 65 69 73 77 85 98 105 120 128 139 155 156 166 174 190 195 202 244 245 261 262 269 278 288
34
36 40 50 55 56 63 89 107 110 117 141 146 148 151 165 167 168 178 190 194 199 202 213 214 216 236 239 241 242 244 263 277 280 289
33
8 21 41 44 49 73 90 94 98 99 114 118 142 152 157 172 187 188 189 201 202 203 212 216 226 232 250 258 281 290 291 296 298
33
8 9 15 20 34 38 44 56 59 60 80 86 87 88 99 101 107 119 136 146 163 188 195 196 197 204 214 231 248 260 261 268 292
27
2 4 5 22 44 45 68 74 85 92 95 121 131 134 149 151 158 164 167 184 189 201 205 229 246 262 265
27
1 2 11 15 36 59 65 66 79 84 91 120 125 146 156 157 158 212 230 246 260 265 268 277 284 291 294
29
3 7 25 58 59 62 63 65 82 96 104 106 157 161 181 198 212 221 229 236 245 246 256 261 274 279 282 285 300
24
17 36 38 40 42 46 51 73 79 101 104 121 129 151 157 161 172 176 190 198 205 240 242 266
42
6 17 27 29 30 33 44 45 47 68 85 92 95 100 102 103 117 129 141 146 149 150 161 165 168 172 191 196 197 209 210 217 223 242 245 258 275 283 286 287 289 299
28
12 32 66 69 85 91 97 130 134 137 156 162 166 202 206 221 236 237 243 250 264 265 268 272 281 282 289 290
32
7 25 29 43 72 106 107 110 120 138 140 146 161 169 178 181 182 204 207 224 230 236 242 251 257 263 267 272 278 281 289 292
25
5 9 14 33 71 79 84 98 101 112 115 125 143 170 191 203 238 250 257 261 268 269 273 277 278
29
3 4 23 31 34 50 77 88 101 108 109 116 121 127 132 146 155 172 184 197 224 225 228 232 235 267 280 287 290
30
5 9 23 31 62 75 88 98 99 103 122 130 134 155 156 181 206 220 228 237 239 248 249 257 258 260 262 271 281 289
33
4 7 54 56 72 83 87 90 97 99 102 111 119 141 168 171 182 185 188 191 200 202 209 226 254 258 261 270 273 290 292 297 299
27
15 19 23 26 38 52 63 81 84 88 91 102 125 128 129 162 167 179 187 205 217 234 246 251 272 287 297
22
19 21 32 49 53 66 72 98 100 105 133 139 140 143 208 213 214 228 245 251 279 294
23
28 55 58 69 85 97 103 112 123 132 145 148 161 162 163 166 182 208 217 219 220 231 273
23
10 14 21 35 46 93 102 109 114 166 175 188 194 220 235 240 244 249 253 255 269 276 281
38
3 7 26 30 31 41 46 61 66 68 69 75 85 86 87 88 105 148 165 166 168 173 175 176 177 181 182 203 215 220 222 233 241 248 260 295 296 298
28
1 19 20 25 26 39 49 53 61 69 77 88 101 113 123 124 128 138 160 176 188 194 225 273 283 291 292 297
27
20 23 45 53 66 106 120 128 141 150 152 164 171 179 187 188 189 197 207 208 211 214 239 242 246 247 297
27
9 18 35 40 45 50 64 67 68 80 86 99 132 135 144 151 156 167 180 192 202 218 250 255 265 268 272
40
3 6 20 43 45 47 49 54 59 63 66 68 76 83 93 96 97 110 111 112 148 150 156 158 175 190 202 210 216 218 230 236 241 245 257 259 264 269 274 288
25
40 55 56 78 92 94 98 99 105 123 132 147 159 162 168 223 228 233 247 249 251 261 265 277 285
29
8 9 12 32 42 45 52 72 77 79 86 97 98 99 102 123 130 133 208 217 227 229 254 261 264 265 280 283 295
34
12 17 30 34 38 39 53 57 71 83 89 90 106 109 137 142 149 154 163 164 175 182 210 232 234 248 255 257 260 263 269 278 289 298
33
2 14 48 62 72 89 96 100 113 123 142 149 151 155 164 167 171 175 176 195 196 200 203 213 216 223 234 250 274 278 288 292 300
23
3 13 18 26 39 72 90 101 105 116 118 189 192 195 206 229 231 249 266 268 272 293 300
34
9 10 14 35 39 42 63 74 83 93 103 115 118 122 123 143 147 153 159 173 191 199 202 209 210 215 228 238 250 251 272 275 281 294
24
31 55 98 127 132 137 151 160 166 170 192 197 206 208 223 228 233 239 248 255 264 276 293 299
29
24 29 32 36 42 44 49 54 64 72 75 83 86 101 111 112 115 130 157 181 193 208 217 223 224 242 291 294 296
30
57 65 66 80 83 85 90 92 93 103 110 139 152 161 170 178 179 189 197 200 206 212 218 227 237 239 240 247 257 284
24
25 26 39 57 65 68 75 101 102 126 146 163 186 194 208 227 249 252 256 259 275 276 280 282
23
7 9 40 75 79 123 124 128 133 139 143 152 170 171 177 185 202 212 213 216 262 268 270
28
16 29 34 38 52 62 69 71 72 92 101 105 117 130 131 143 149 157 160 161 178 195 230 261 277 281 282 284
20
11 45 66 69 77 98 132 138 144 151 156 191 196 204 213 224 269 287 289 290
34
3 45 46 56 59 71 80 83 85 92 99 103 110 120 131 141 162 173 174 185 186 191 195 208 209 210 216 219 236 242 270 274 279 281
33
16 28 29 35 56 62 70 75 95 99 106 107 114 115 118 124 137 141 143 151 158 192 208 221 222 238 253 260 261 269 270 283 291
35
7 14 18 53 62 72 73 78 85 90 91 104 118 129 130 131 145 147 163 164 180 187 188 198 201 211 214 217 228 245 247 253 280 294 295
32
4 16 19 35 37 38 46 49 74 92 101 106 127 132 133 134 137 138 144 166 168 178 182 183 192 205 218 222 246 273 278 281
39
14 21 26 35 37 40 41 49 51 54 69 76 99 101 102 110 128 154 163 164 179 197 200 201 205 211 214 224 227 240 257 263 267 273 274 286 290 296 298
29
30 32 36 37 49 55 74 93 98 99 101 124 127 130 134 136 147 177 179 181 183 201 210 214 217 246 258 270 291
28
1 18 24 25 42 46 54 57 62 67 78 83 103 106 116 135 155 159 167 168 177 181 197 205 245 255 263 298
28
1 10 27 32 37 38 62 73 87 95 135 174 183 184 189 195 199 201 204 212 214 224 225 232 243 266 270 283
23
10 50 62 72 79 87 88 96 98 110 116 124 143 154 160 174 184 188 189 261 268 274 287
29
3 8 11 23 24 33 44 53 55 87 94 100 105 109 144 182 188 192 196 209 229 233 234 251 253 270 278 293 300
21
20 28 43 60 83 85 92 112 116 138 174 177 182 229 236 241 248 253 267 281 288
