150 300
1.0 1.0 1.0 1.0 1.0 1.0 1.0 1.0 1.0 1.0 1.0 1.0 1.0 1.0 1.0 1.0 1.0 1.0 1.0 1.0 1.0 1.0 1.0 1.0 1.0 1.0 1.0 1.0 1.0 1.0 1.0 1.0 1.0 1.0 1.0 1.0 1.0 1.0 1.0 1.0 1.0 1.0 1.0 1.0 1.0 1.0 1.0 1.0 1.0 1.0 1.0 1.0 1.0 1.0 1.0 1.0 1.0 1.0 1.0 1.0 1.0 1.0 1.0 1.0 1.0 1.0 1.0 1.0 1.0 1.0 1.0 1.0 1.0 1.0 1.0 1.0 1.0 1.0 1.0 1.0 1.0 1.0 1.0 1.0 1.0 1.0 1.0 1.0 1.0 1.0 1.0 1.0 1.0 1.0 1.0 1.0 1.0 1.0 1.0 1.0 1.0 1.0 1.0 1.0 1.0 1.0 1.0 1.0 1.0 1.0 1.0 1.0 1.0 1.0 1.0 1.0 1.0 1.0 1.0 1.0 1.0 1.0 1.0 1.0 1.0 1.0 1.0 1.0 1.0 1.0 1.0 1.0 1.0 1.0 1.0 1.0 1.0 1.0 1.0 1.0 1.0 1.0 1.0 1.0 1.0 1.0 1.0 1.0 1.0 1.0 1.0 1.0 1.0 1.0 1.0 1.0 1.0 1.0 1.0 1.0 1.0 1.0 1.0 1.0 1.0 1.0 1.0 1.0 1.0 1.0 1.0 1.0 1.0 1.0 1.0 1.0 1.0 1.0 1.0 1.0 1.0 1.0 1.0 1.0 1.0 1.0 1.0 1.0 1.0 1.0 1.0 1.0 1.0 1.0 1.0 1.0 1.0 1.0 1.0 1.0 1.0 1.0 1.0 1.0 1.0 1.0 1.0 1.0 1.0 1.0 1.0 1.0 1.0 1.0 1.0 1.0 1.0 1.0 1.0 1.0 1.0 1.0 1.0 1.0 1.0 1.0 1.0 1.0 1.0 1.0 1.0 1.0 1.0 1.0 1.0 1.0 1.0 1.0 1.0 1.0 1.0 1.0 1.0 1.0 1.0 1.0 1.0 1.0 1.0 1.0 1.0 1.0 1.0 1.0 1.0 1.0 1.0 1.0 1.0 1.0 1.0 1.0 1.0 1.0 1.0 1.0 1.0 1.0 1.0 1.0 1.0 1.0 1.0 1.0 1.0 1.0 1.0 1.0 1.0 1.0 1.0 1.0 1.0 1.0 1.0 1.0 1.0 1.0 1.0 1.0 1.0 1.0 1.0 1.0 1.0 1.0 1.0 1.0 1.0 1.0
59
5 13 21 30 31 38 42 46 55 59 64 66 70 75 77 80 88 90 91 94 98 101 106 115 121 130 133 152 157 163 167 171 173 176 180 182 188 198 206 212 232 233 236 237 238 239 241 243 248 251 254 256 257 259 266 268 282 284 294
59
8 10 20 21 25 34 38 47 49 53 56 64 65 66 67 72 74 75 78 81 91 93 100 102 105 116 125 127 130 133 135 136 138 139 154 161 170 179 188 190 201 204 208 210 230 235 236 244 245 263 264 267 270 274 277 281 287 295 299
54
3 4 13 18 39 44 46 48 56 70 73 74 84 87 90 104 107 113 114 116 133 138 142 145 147 152 166 170 171 172 174 177 180 186 189 192 195 196 198 205 212 218 228 237 244 264 269 271 275 281 285 288 293 295
58
8 17 22 23 25 39 47 48 49 52 53 54 58 59 67 72 82 89 99 100 113 114 115 119 127 135 143 156 159 171 174 176 184 185 186 188 196 202 207 208 212 218 225 228 240 241 242 243 250 258 270 275 281 286 291 293 296 300
66
3 4 5 11 13 15 19 26 28 32 33 35 37 40 43 47 52 56 65 71 75 79 92 100 101 102 106 115 124 133 138 140 146 155 157 172 182 183 185 204 210 211 215 220 229 233 237 243 244 245 249 253 258 259 260 269 270 274 276 286 287 289 293 294 298 300
61
7 14 16 18 23 24 26 27 37 43 44 46 47 52 56 58 60 63 65 68 69 72 73 76 88 94 118 125 127 128 131 134 137 142 148 150 161 163 172 173 177 188 196 208 215 217 223 225 233 234 250 251 253 257 260 267 273 276 289 290 298
56
2 5 22 30 31 38 39 41 43 49 50 52 55 58 59 66 78 82 83 91 100 104 108 116 127 131 141 143 147 151 162 174 184 189 193 199 203 205 206 210 211 225 226 228 232 236 243 244 245 260 266 271 275 279 280 287
65
2 7 19 26 28 44 50 65 70 76 79 86 88 97 98 99 103 108 112 114 118 123 124 125 127 128 135 139 141 144 147 150 151 154 163 170 171 175 177 180 181 185 191 193 194 199 200 205 212 218 220 223 229 242 243 244 253 255 261 262 270 278 279 293 296
70
3 5 7 9 10 17 24 31 33 35 37 41 45 48 61 62 69 75 76 77 78 83 87 89 91 94 95 96 108 111 113 120 122 127 128 142 145 151 164 166 177 183 186 187 190 199 205 208 210 213 217 220 221 223 227 238 241 246 247 250 253 259 265 272 274 287 289 291 295 300
58
3 10 12 14 22 26 30 32 36 37 49 55 56 57 64 65 71 77 79 86 90 94 95 98 105 109 112 117 125 126 149 151 154 185 201 205 206 207 212 213 217 218 219 221 237 238 243 245 249 252 260 263 266 267 272 285 287 294
60
5 8 12 14 44 45 48 50 56 65 70 74 82 85 94 108 113 118 123 124 127 131 134 135 139 147 154 164 171 173 176 178 188 189 190 191 193 199 200 207 210 212 213 218 236 245 247 249 251 252 256 258 260 267 268 271 272 277 278 280
58
3 15 20 28 29 33 37 51 53 58 59 60 65 75 77 78 79 83 85 91 101 104 140 145 147 148 150 152 163 165 171 173 178 179 184 187 195 205 211 216 221 229 232 234 240 246 256 257 261 264 267 277 282 284 286 290 293 300
72
1 3 4 5 13 16 18 20 22 23 27 29 37 40 50 52 67 74 76 81 89 94 95 98 99 103 109 114 118 121 122 123 126 127 130 132 133 136 137 138 139 143 144 146 153 160 161 165 168 181 189 200 206 207 214 223 227 236 243 244 248 252 253 255 256 257 263 265 276 286 289 299
70
1 5 15 19 20 21 26 27 29 31 33 39 48 58 63 71 73 80 83 85 87 92 93 98 99 102 104 106 108 109 132 135 136 144 145 151 153 154 156 159 166 167 174 176 180 185 187 190 192 193 194 200 216 217 218 222 225 226 228 230 233 247 260 261 265 267 271 284 294 296
54
1 18 20 34 38 40 43 45 48 54 55 63 64 70 72 74 79 101 106 119 124 129 130 137 138 140 143 144 145 153 164 167 169 176 182 184 193 199 207 211 220 222 225 226 239 246 254 256 266 268 270 274 288 294
64
4 10 13 18 20 26 33 48 55 57 63 73 77 81 83 93 95 96 98 99 101 103 104 106 111 134 138 139 143 148 151 153 156 167 176 177 188 189 195 204 206 215 219 221 225 227 230 243 244 246 251 253 259 260 269 273 274 276 281 286 287 293 296 297
55
1 3 6 26 35 38 46 51 53 55 56 60 71 76 78 79 83 86 87 90 91 98 104 105 107 128 129 133 134 141 151 157 159 160 174 178 180 190 193 195 199 201 208 210 220 226 229 230 233 244 251 256 288 289 292
47
16 23 25 28 36 40 50 56 58 59 60 61 67 95 97 103 106 120 126 135 138 142 149 154 164 165 172 184 190 214 215 227 230 232 233 236 249 251 255 272 277 280 281 285 288 289 292
58
2 4 16 17 18 28 31 33 34 35 43 54 55 56 57 64 65 72 77 86 88 90 102 103 106 111 112 123 129 135 144 145 151 152 155 164 169 173 174 175 180 182 195 205 210 212 221 232 233 248 249 266 267 271 294 295 298 299
61
2 3 5 10 11 12 14 17 19 26 32 36 41 43 47 53 56 61 64 67 73 79 91 92 93 96 101 102 111 117 119 121 122 123 126 132 142 145 155 157 171 172 186 202 209 211 212 215 221 222 228 230 235 241 268 273 278 280 284 286 289
75
7 17 45 46 53 54 56 58 64 71 72 79 80 85 91 97 98 105 108 109 113 114 119 126 128 135 137 140 141 145 147 149 160 161 162 173 174 185 186 192 194 198 202 206 221 227 229 231 234 236 245 247 249 250 261 262 265 266 267 268 271 272 273 274 279 281 286 287 290 292 293 294 297 298 299
61
3 7 9 10 14 25 28 33 37 42 45 50 54 63 73 85 86 94 98 99 101 102 103 108 111 112 113 114 120 123 124 135 139 148 150 155 157 171 173 175 188 190 192 196 199 209 212 217 218 219 243 244 246 247 248 267 284 291 292 295 300
55
2 7 20 24 26 29 35 36 40 47 59 61 64 76 90 94 99 102 103 104 108 110 113 121 122 128 133 134 147 149 150 151 167 189 213 214 215 219 223 235 237 244 245 246 251 258 259 266 272 273 275 277 282 284 286
50
1 11 19 20 22 29 32 33 34 35 40 45 56 57 58 61 63 68 78 89 127 131 133 138 149 151 153 154 161 163 164 179 180 193 210 212 213 232 237 251 255 264 270 272 275 289 290 296 297 300
54
7 14 22 26 28 32 34 37 42 44 46 47 49 50 54 56 59 66 70 74 83 84 85 87 98 102 104 107 108 111 120 126 128 142 144 151 154 155 157 161 163 168 171 180 186 187 210 214 233 234 243 266 273 275
62
6 8 9 17 20 23 26 29 30 39 51 56 65 72 75 84 94 105 116 122 123 125 137 139 141 161 166 180 182 183 184 185 197 203 205 212 213 215 216 217 219 223 230 231 233 238 243 250 251 252 259 267 268 269 270 276 277 279 287 293 294 299
53
12 17 29 37 38 42 53 58 67 69 78 79 89 91 93 107 109 110 112 115 116 117 123 131 134 139 143 146 151 161 168 171 177 183 184 216 219 221 224 234 238 245 254 259 261 263 265 269 284 287 288 289 290
50
7 13 17 18 23 32 35 49 59 63 65 66 70 77 93 95 98 99 102 109 111 118 121 123 127 128 143 154 162 166 180 186 196 198 203 205 213 216 226 230 232 249 263 265 270 272 281 282 296 298
54
1 2 14 15 22 28 33 37 41 52 54 67 68 80 81 86 88 96 98 100 102 119 120 122 137 140 142 149 163 171 176 179 184 198 200 201 203 205 214 221 245 246 249 250 255 259 265 267 273 278 283 290 294 297
60
15 17 23 31 32 40 42 43 56 59 64 65 75 76 78 95 97 103 112 116 118 128 130 133 136 143 147 154 155 158 165 167 169 175 179 188 195 197 198 203 207 211 218 224 229 242 245 247 253 256 261 265 267 268 272 276 284 288 291 298
76
1 2 3 5 9 18 24 25 38 42 44 49 58 62 66 72 77 84 87 91 93 95 96 98 103 111 117 121 124 133 147 153 155 156 158 160 161 164 166 167 171 179 184 192 195 197 199 200 206 211 217 221 222 223 225 226 228 230 233 240 241 246 256 259 261 262 264 265 266 276 281 292 296 297 298 300
61
1 4 6 16 17 23 36 40 47 49 58 65 72 73 88 89 91 92 98 108 115 123 126 129 139 141 144 150 159 160 162 170 178 189 190 193 195 198 199 200 207 210 215 219 222 231 235 238 246 250 252 253 268 272 274 276 277 284 289 295 296
62
2 4 14 18 32 34 36 39 46 47 48 52 54 62 63 67 71 82 84 94 95 118 124 125 134 145 157 173 182 183 189 195 198 203 204 209 212 218 221 225 227 230 234 236 241 245 251 253 271 273 276 278 281 282 286 292 293 295 296 298 299 300
68
2 4 6 8 12 13 14 22 38 42 43 50 53 54 55 62 64 67 76 79 82 91 94 97 98 103 105 113 116 124 125 127 133 134 136 147 148 150 152 155 156 161 166 170 175 178 180 190 194 199 207 214 216 221 224 228 239 240 248 259 276 281 285 286 288 295 296 299
65
1 6 8 10 20 22 23 27 29 34 35 37 39 41 53 56 60 61 69 78 79 80 82 91 96 101 114 116 119 130 140 145 166 167 172 178 181 184 190 194 198 200 202 208 210 211 213 217 221 222 223 224 226 234 236 240 243 250 255 269 279 295 296 299 300
46
2 17 18 22 26 34 39 43 45 57 64 67 69 70 86 91 107 111 113 120 121 125 139 141 145 146 149 150 151 153 157 162 163 174 182 186 214 237 257 258 265 270 276 279 286 297
75
1 3 4 6 7 9 13 20 23 26 37 42 43 44 57 59 65 72 76 78 84 97 98 105 107 109 110 113 117 120 126 128 138 139 142 151 152 156 172 182 184 187 190 191 192 195 198 204 208 211 214 215 217 222 223 226 230 232 240 241 250 253 255 257 261 262 266 267 273 275 276 277 291 294 300
60
1 7 15 16 20 26 37 39 43 51 52 59 62 68 80 82 84 95 109 115 117 123 128 133 137 143 145 146 151 156 157 162 166 170 179 190 191 199 201 205 209 216 221 223 224 226 228 230 231 234 235 239 241 246 247 250 255 279 285 293
48
11 12 23 26 33 34 40 44 45 46 51 63 67 73 87 94 102 103 107 120 127 129 134 141 152 153 154 171 183 193 194 195 200 203 208 213 231 232 238 239 243 247 251 253 259 283 284 298
58
3 10 18 21 29 31 32 33 34 37 45 56 57 63 67 82 83 100 105 107 110 116 120 127 129 135 136 146 149 153 162 164 166 178 181 184 188 195 196 198 199 202 215 216 219 221 230 233 240 242 244 247 251 254 263 277 282 298
66
2 4 5 6 7 8 9 20 23 25 28 33 36 41 47 56 60 67 79 82 86 91 97 98 99 102 112 116 121 122 125 126 130 136 145 152 154 158 162 163 167 178 179 189 191 193 204 205 208 213 218 220 224 225 226 234 251 254 256 259 266 267 269 283 286 287
57
1 3 9 11 21 26 28 33 34 37 49 50 61 64 67 68 73 75 84 104 109 111 116 122 126 129 132 133 138 148 151 165 169 171 172 181 184 191 193 201 204 208 209 218 219 221 231 235 237 240 261 264 274 276 283 285 287
55
12 23 24 32 34 39 51 62 63 96 101 102 103 105 107 108 125 134 141 146 148 150 152 153 157 162 167 168 169 174 177 182 183 184 194 198 204 205 214 215 216 220 226 241 248 249 250 256 268 276 280 281 290 296 299
61
3 9 13 16 28 38 40 42 43 45 50 55 56 64 68 72 74 76 78 88 91 92 95 96 106 107 113 126 130 131 135 136 149 160 164 168 169 173 179 187 188 191 192 199 205 207 215 225 230 235 239 253 256 268 271 279 282 290 294 296 299
61
7 14 17 23 28 37 38 47 48 49 50 53 59 61 63 73 77 83 86 88 89 101 105 116 120 122 123 125 126 141 148 152 153 159 164 165 167 169 175 176 181 182 194 197 200 203 211 230 240 241 242 246 252 253 270 274 277 280 283 284 287
54
3 5 6 7 12 18 23 25 30 35 37 41 52 55 68 73 93 95 103 106 107 117 123 125 127 130 142 172 175 183 185 187 191 198 202 210 212 214 223 224 227 232 233 249 254 256 258 265 273 274 294 295 297 300
64
2 9 24 30 40 41 42 47 49 50 57 60 64 65 71 80 84 85 87 95 101 107 108 114 117 124 126 135 137 138 140 145 147 148 159 160 167 170 172 175 179 182 188 190 193 201 208 210 224 225 231 237 241 248 256 259 260 264 265 267 269 283 293 296
58
3 12 16 18 20 22 24 27 34 47 59 62 65 69 73 75 82 121 131 142 143 147 148 151 154 156 157 158 162 164 168 188 197 202 205 210 215 216 218 220 232 241 244 248 258 260 261 263 264 266 272 276 280 282 284 285 298 300
62
2 12 28 33 36 43 44 48 54 55 57 60 64 75 76 77 85 90 94 101 102 103 108 112 114 119 120 130 136 144 155 159 168 174 176 177 178 189 208 209 210 212 220 233 235 236 237 240 246 255 257 263 269 273 278 279 280 282 286 290 292 294
64
13 21 23 38 39 40 41 46 47 54 55 56 58 67 69 72 74 77 78 84 87 88 106 107 113 116 121 129 131 137 139 140 142 144 148 149 150 155 156 157 161 169 171 176 177 178 185 188 190 198 204 205 216 223 232 236 243 250 262 270 286 293 296 297
53
7 14 20 34 54 74 75 80 92 95 98 107 108 110 114 116 117 126 132 134 139 152 153 156 160 166 171 178 183 185 187 193 196 197 207 208 209 223 231 234 243 245 248 254 256 257 261 266 268 274 283 296 299
44
2 21 23 24 25 28 37 39 41 46 47 56 58 78 89 90 95 108 114 122 132 140 148 152 157 161 162 177 182 199 211 217 222 227 229 231 236 239 245 247 249 268 274 275
61
3 7 23 25 26 27 29 30 32 37 38 42 49 52 53 54 56 61 62 68 69 72 81 98 105 106 112 118 124 128 135 141 143 146 149 151 154 158 162 169 170 182 194 206 211 216 227 238 240 249 252 269 280 281 282 286 289 291 292 297 299
59
4 5 30 38 49 50 56 57 60 61 76 77 103 105 110 111 117 120 121 129 143 144 146 148 152 153 154 162 163 164 167 176 177 179 180 182 195 196 200 209 214 226 236 238 240 247 250 255 259 260 266 268 271 277 280 284 287 289 299
61
3 11 12 26 32 49 56 61 64 68 70 74 84 87 97 114 115 118 120 127 129 136 137 149 151 152 156 161 162 163 170 177 179 185 186 188 189 200 203 204 207 210 214 223 225 226 229 233 235 243 246 263 268 272 273 274 279 280 283 287 295
67
4 9 12 21 24 27 28 30 42 46 54 59 65 67 68 74 75 76 78 81 96 99 101 108 111 114 115 119 125 128 130 134 140 163 165 175 180 191 195 198 213 214 217 218 222 225 230 232 234 237 240 244 250 254 257 265 268 269 271 274 280 281 288 290 294 296 300
54
7 13 16 20 23 25 33 38 41 55 59 65 67 68 69 72 73 93 94 104 115 119 128 149 152 163 164 166 168 169 176 183 192 193 196 199 210 213 220 230 232 238 245 247 253 261 268 271 289 290 294 296 299 300
54
2 5 10 13 21 35 36 56 67 81 82 83 84 98 99 102 109 110 111 113 117 118 120 124 131 134 144 151 155 157 158 182 184 186 189 192 193 197 198 204 211 214 229 232 240 250 261 265 270 272 273 280 283 289
61
9 11 25 31 42 46 47 48 53 54 57 59 62 64 66 67 72 73 75 76 88 93 95 106 107 119 121 125 131 145 150 153 154 158 169 170 180 192 194 206 216 221 228 245 254 257 259 260 261 262 268 270 271 272 274 275 276 281 283 286 294
66
4 5 12 21 31 32 34 36 43 44 46 48 55 62 63 66 72 73 77 79 81 83 84 88 98 99 107 115 116 119 126 130 131 141 145 147 148 149 154 156 157 168 179 182 183 191 196 199 200 201 202 203 204 207 217 223 226 231 235 242 245 268 271 281 291 299
58
13 14 20 21 31 33 38 43 44 51 65 67 69 83 84 85 87 94 100 105 110 113 126 131 134 140 145 154 157 167 168 173 176 178 182 200 201 207 212 216 217 218 226 230 232 241 242 243 245 249 258 260 270 277 289 290 291 292
57
7 16 20 21 22 23 26 29 30 32 34 42 53 59 61 70 75 77 78 88 90 92 105 106 108 109 112 113 121 126 133 136 142 144 146 150 151 155 158 172 176 194 200 214 219 220 221 225 235 240 242 243 244 246 248 251 284
65
2 5 7 16 20 21 29 30 35 45 48 50 52 59 60 62 79 83 86 90 91 94 95 101 103 108 112 115 118 122 123 125 136 143 146 147 150 156 162 167 168 178 181 193 197 207 209 210 212 220 231 235 246 252 255 261 269 271 278 283 285 290 294 295 296
69
1 3 10 13 25 26 40 43 47 53 59 61 67 71 79 87 93 102 108 109 115 117 118 120 121 122 123 127 136 137 139 144 148 158 159 163 165 167 170 176 178 181 184 186 188 191 195 197 202 205 207 212 213 217 221 225 236 238 246 247 252 258 260 262 263 277 293 295 296
67
1 3 5 12 14 16 20 28 31 33 34 41 45 51 53 67 74 77 79 80 82 83 92 94 96 97 98 102 104 107 113 118 119 128 129 138 139 140 143 146 156 168 173 178 180 185 191 192 193 199 214 217 227 228 229 240 246 251 252 255 260 267 269 275 291 295 296
65
5 9 14 22 28 30 41 45 48 52 60 62 73 74 94 104 105 116 118 126 128 130 139 143 149 150 151 156 163 167 168 174 175 183 186 196 200 207 211 213 215 217 219 222 224 226 228 230 233 234 238 241 248 252 259 264 267 269 271 272 285 286 290 296 299
54
4 7 17 18 22 30 35 44 45 46 48 49 50 57 79 83 98 100 105 111 115 122 126 127 132 139 163 166 175 183 190 196 198 204 213 214 215 225 235 236 237 240 243 246 248 250 255 268 271 277 280 281 283 285
56
9 18 21 28 38 41 47 55 62 71 81 83 86 89 90 94 100 121 125 132 134 136 141 152 158 162 165 177 178 180 187 188 189 191 199 206 208 221 222 225 230 235 236 246 248 254 256 263 267 274 279 285 289 290 299 300
57
13 15 17 21 37 46 51 53 58 61 62 63 64 65 74 77 78 83 87 90 92 93 94 95 97 99 107 113 122 123 124 132 134 139 142 145 146 150 159 161 174 190 207 222 224 228 229 231 233 234 242 262 267 274 278 292 296
51
3 4 5 9 23 45 56 59 61 62 65 70 72 82 86 91 93 103 116 121 123 127 132 133 135 136 154 158 160 164 175 180 183 198 206 217 224 235 239 240 243 246 265 266 271 276 282 283 286 298 300
58
8 16 22 34 49 54 58 65 66 76 78 81 88 100 101 102 103 107 113 115 120 121 122 125 127 135 138 141 143 150 152 161 168 171 174 175 188 190 195 197 206 207 208 215 223 225 226 227 237 238 239 240 245 259 269 271 283 290
63
1 2 8 17 19 20 37 39 41 45 46 47 51 55 58 62 63 70 73 80 83 84 85 87 88 92 101 110 120 121 123 128 129 135 139 149 157 169 172 173 187 200 211 216 218 220 221 226 239 241 244 247 248 251 262 272 274 277 280 281 288 291 294
62
1 4 5 6 12 14 24 28 33 36 41 44 47 56 57 65 69 70 78 83 88 91 103 104 115 117 122 123 128 131 135 137 139 141 158 167 175 177 179 183 188 190 196 197 209 210 220 241 243 252 258 259 265 267 278 280 283 284 289 294 299 300
59
6 10 17 18 23 37 46 51 54 56 59 67 72 89 101 111 113 115 117 120 121 123 129 132 134 135 146 151 153 154 156 158 162 163 164 166 172 177 186 190 201 202 204 207 208 216 221 223 226 227 232 246 249 261 269 274 282 287 300
59
2 13 19 21 27 29 39 44 54 58 60 62 64 67 69 79 81 85 86 92 96 97 101 117 119 124 128 130 140 144 151 155 158 161 166 172 187 191 202 204 208 212 213 217 227 231 232 234 237 238 239 248 250 253 257 272 277 281 288
54
7 9 11 14 23 32 44 57 62 67 73 78 84 92 96 99 101 106 109 125 127 145 147 150 156 158 159 171 178 181 182 188 191 200 206 217 220 235 243 244 245 247 259 264 266 271 277 279 284 287 289 294 296 300
49
7 10 18 19 49 62 64 73 74 84 98 106 111 122 123 132 133 137 151 152 154 156 160 168 171 180 185 186 189 192 200 210 212 213 222 227 233 238 245 251 252 254 255 260 271 284 287 288 299
62
1 4 11 12 28 29 34 35 38 48 51 52 55 64 66 72 78 83 87 88 98 103 107 113 117 123 127 137 138 140 142 145 149 154 155 163 169 174 175 180 187 188 189 196 202 205 208 209 211 216 227 242 245 246 251 257 265 274 275 293 298 300
44
22 26 28 45 47 56 60 67 79 81 84 91 97 100 115 117 119 123 132 137 151 152 154 165 179 181 188 198 219 221 226 234 236 241 256 257 264 274 275 279 281 295 298 299
57
8 17 19 28 35 38 40 45 51 57 59 61 63 68 69 76 81 85 86 89 100 103 109 113 114 117 124 133 155 160 165 172 175 178 179 186 187 198 202 203 211 215 219 223 226 234 237 244 245 260 264 266 268 271 272 273 288
69
1 15 17 18 21 31 36 41 42 55 59 62 64 67 71 72 84 89 91 93 96 97 100 102 106 109 111 113 115 130 138 139 145 147 150 156 160 162 165 178 182 188 189 191 192 193 198 206 213 217 218 224 228 230 231 235 237 242 253 258 276 279 281 284 287 291 296 298 299
57
1 19 37 43 45 47 49 51 62 73 74 77 78 86 87 93 95 104 106 112 113 119 124 125 129 135 138 148 151 159 160 172 173 175 184 186 197 199 202 208 209 213 221 223 230 240 245 255 263 267 268 269 278 285 294 299 300
62
8 10 13 15 20 21 22 26 28 29 32 38 45 47 54 59 63 65 71 74 75 88 102 111 113 119 126 127 128 129 141 148 151 152 158 174 177 179 186 200 202 214 216 220 223 234 236 239 244 245 247 250 253 254 262 268 271 272 275 277 279 295
53
1 9 13 19 25 35 61 63 64 66 71 79 84 87 88 90 111 114 124 131 133 139 141 147 148 150 152 168 176 177 184 190 193 203 206 207 211 217 218 226 242 244 245 247 248 249 250 268 274 276 280 284 288
75
3 6 7 9 12 13 19 21 23 27 36 40 41 44 48 51 57 64 71 73 79 84 97 100 101 111 118 121 126 130 132 142 143 148 152 154 160 163 165 168 170 176 178 180 189 192 196 200 206 219 220 222 223 225 228 231 233 236 240 242 245 246 252 258 263 266 268 269 271 272 277 282 284 289 295
56
2 3 5 11 15 18 19 20 27 29 39 47 53 58 71 73 86 92 101 118 129 151 155 176 189 191 198 199 202 212 216 222 223 224 229 230 232 235 240 241 245 246 247 251 258 261 262 269 270 280 286 289 290 295 297 300
55
7 12 15 19 20 24 26 28 33 41 52 54 70 92 93 104 109 111 113 114 116 118 120 124 125 128 130 133 136 141 155 171 172 178 183 189 193 196 209 212 217 218 221 224 226 232 240 250 251 253 259 276 278 285 296
59
1 3 4 8 16 30 34 39 40 47 49 54 59 69 73 78 88 94 98 100 105 110 116 126 128 139 140 142 147 158 161 163 165 166 171 176 180 181 189 193 194 204 209 215 220 221 222 223 231 236 249 254 258 266 282 285 287 289 298
63
1 13 20 29 31 41 45 48 50 53 56 69 70 71 74 76 80 86 94 98 102 116 118 119 121 131 144 149 160 164 166 169 176 179 191 197 200 206 209 213 222 224 229 230 231 232 233 241 242 246 247 249 250 252 253 267 275 281 282 290 295 296 300
70
2 3 4 12 13 18 20 26 28 36 38 46 53 55 67 71 73 74 80 84 89 94 106 110 122 128 131 133 139 141 152 153 157 158 163 167 169 171 176 178 184 187 189 194 196 202 215 224 225 227 234 235 236 247 250 259 262 264 265 266 272 275 276 284 287 288 289 293 296 297
49
7 10 12 17 19 21 23 26 30 31 32 34 35 36 63 66 68 80 81 85 96 99 106 107 111 118 125 136 154 165 180 183 201 208 211 213 215 217 220 222 223 229 231 241 273 285 286 290 295
63
6 11 22 28 36 39 44 45 59 60 68 72 75 79 82 87 89 90 95 96 97 101 103 110 111 112 116 119 129 140 142 145 146 153 163 167 170 172 178 180 181 184 191 199 201 202 203 204 207 227 234 246 252 261 262 274 277 278 293 294 295 296 297
61
1 2 4 13 14 17 20 27 31 36 41 42 50 52 68 71 72 76 82 98 99 102 109 110 112 132 133 139 142 143 149 150 159 165 176 179 181 183 209 210 224 225 227 230 236 243 249 255 256 259 264 268 274 276 277 278 279 287 290 293 297
68
5 13 19 20 26 27 32 41 42 45 53 57 59 61 66 69 71 73 74 78 80 84 85 86 90 93 94 97 99 109 130 133 135 137 141 143 149 155 158 174 175 178 182 195 199 205 206 210 215 225 228 229 238 239 244 245 254 257 265 269 276 279 282 285 295 297 299 300
61
2 6 29 34 49 50 53 56 57 69 72 74 77 82 92 93 97 98 100 106 109 111 126 127 132 133 134 139 142 147 151 152 166 170 178 183 184 191 197 203 204 205 211 217 219 230 234 237 245 253 257 260 264 265 266 267 271 279 289 296 299
76
2 6 13 14 17 19 33 36 37 50 52 60 65 67 75 78 85 93 96 97 98 99 104 124 125 126 134 137 140 141 143 144 145 147 149 151 158 166 169 173 174 179 180 181 186 195 199 209 212 217 223 226 227 230 231 237 238 242 244 248 251 252 255 259 261 264 265 267 271 276 287 289 293 295 299 300
61
2 6 12 24 25 27 36 47 53 54 55 68 71 72 74 77 81 85 90 95 96 107 109 111 113 124 128 129 130 133 145 153 157 168 169 172 173 178 179 180 188 192 213 215 221 223 226 227 229 240 244 250 252 253 263 267 273 288 290 296 299
56
9 14 15 22 28 30 32 47 56 63 71 72 73 74 84 93 99 106 107 118 120 125 126 129 138 140 154 170 174 181 182 183 185 187 189 196 198 199 200 203 220 224 230 243 244 250 256 264 268 275 277 282 288 291 292 293
71
4 15 18 28 36 37 38 50 56 68 71 72 76 80 86 90 94 100 102 105 106 107 108 109 110 119 120 121 127 128 134 139 143 146 152 154 156 157 158 160 164 165 168 171 172 182 183 184 187 191 196 199 205 206 211 214 221 227 228 242 243 252 257 258 261 270 272 273 278 287 295
55
1 2 6 8 9 19 22 30 37 42 58 60 66 74 87 90 99 102 107 112 115 117 125 127 132 137 138 142 144 150 155 156 172 174 177 180 185 192 210 214 227 229 232 239 241 251 266 268 269 275 277 280 286 293 295
57
3 15 17 18 33 37 40 45 49 52 54 56 57 58 61 65 86 96 97 109 117 125 129 132 138 143 150 160 163 165 170 187 192 195 197 199 202 206 214 218 224 236 238 250 259 265 268 269 272 276 279 280 281 282 288 295 296
78
4 8 11 16 17 18 19 31 38 42 46 47 50 58 60 68 69 71 76 80 86 93 95 97 98 99 102 104 109 111 119 128 134 139 142 147 151 154 160 165 173 174 183 184 186 195 199 201 208 209 212 213 222 223 226 227 228 232 234 240 241 248 250 253 254 256 257 267 269 270 276 278 281 283 290 291 294 298
57
3 7 12 19 23 24 25 28 30 33 34 36 39 43 47 51 57 68 70 72 83 100 107 113 123 125 140 143 147 157 161 193 194 203 204 209 213 215 216 219 223 230 231 232 238 243 249 254 258 259 263 267 271 281 286 292 297
65
4 9 12 15 22 38 42 49 54 55 56 62 66 70 72 77 80 81 85 88 97 108 110 126 133 136 137 144 148 150 154 168 178 181 185 189 191 202 203 205 206 207 213 214 220 223 224 225 226 230 231 232 244 249 254 257 258 263 264 277 282 286 289 297 299
64
2 3 8 9 16 19 26 28 29 30 32 34 41 43 65 69 72 73 84 88 92 94 95 97 100 111 114 117 127 133 138 139 143 145 147 150 153 157 177 183 186 194 200 203 204 205 207 211 220 228 232 233 237 243 250 254 263 265 267 268 281 285 287 289
61
9 10 12 30 33 55 59 69 70 82 83 85 86 89 94 95 115 121 122 125 128 129 133 143 152 154 163 169 173 179 184 188 190 192 201 202 205 209 212 215 217 221 228 229 231 234 239 240 242 255 259 262 265 266 276 278 281 289 290 292 294
60
2 8 9 12 19 28 36 48 50 51 54 60 64 72 73 86 94 95 96 99 102 125 126 131 135 137 147 151 155 157 158 160 170 171 178 179 183 184 189 190 191 196 201 213 220 221 230 234 235 236 244 250 256 259 264 265 277 278 290 291
64
4 6 12 14 15 23 37 38 40 42 49 52 68 72 74 79 81 84 85 88 90 97 100 104 105 107 118 128 130 134 136 144 145 159 167 171 175 180 184 186 194 196 197 199 206 208 220 221 225 230 233 235 237 240 243 253 254 256 265 268 271 274 279 286
55
9 10 12 16 19 21 29 30 32 34 39 40 44 60 78 79 84 99 103 105 107 116 120 121 122 127 142 144 149 152 163 165 195 198 200 203 205 211 218 223 228 231 232 234 236 246 248 252 259 262 267 269 279 283 293
62
1 2 7 9 12 14 26 34 35 36 37 38 40 45 48 49 50 51 52 58 70 76 83 92 93 105 111 114 123 124 129 132 133 142 153 162 165 169 170 175 180 188 195 197 205 211 221 228 238 239 244 250 252 258 260 261 277 284 285 288 291 299
58
11 13 17 23 30 33 37 48 54 55 57 61 62 69 72 74 75 76 79 82 100 102 103 111 116 118 129 137 138 150 153 154 159 160 165 166 169 174 181 182 195 200 213 220 221 236 248 252 257 263 266 267 271 273 274 279 281 294
59
8 15 21 22 23 25 30 35 37 38 39 40 41 42 57 62 66 68 71 72 80 92 93 95 100 106 109 135 142 147 148 149 151 153 156 161 172 175 177 180 187 188 189 197 199 201 212 215 227 230 238 265 266 270 272 283 284 294 297
61
1 10 13 17 23 26 29 31 34 35 41 42 44 48 50 63 65 69 85 95 108 110 118 119 123 129 130 133 142 143 150 151 161 174 184 188 189 192 201 209 212 214 215 224 225 227 236 239 244 245 257 259 266 268 272 278 280 281 283 293 300
54
2 10 21 22 24 30 31 32 40 54 61 62 69 76 79 82 84 85 95 104 108 112 124 132 134 138 142 148 155 159 166 169 174 176 183 187 202 205 208 209 215 223 232 240 241 242 244 248 257 262 270 274 295 300
57
1 3 8 9 11 12 14 25 30 32 36 54 60 63 64 67 85 88 97 101 108 109 110 113 114 115 118 143 148 156 167 169 175 179 182 184 205 210 214 218 222 223 229 231 239 241 247 248 252 254 260 261 264 273 275 282 300
54
1 13 27 28 31 50 54 58 60 71 76 77 78 82 86 89 92 100 101 109 111 113 117 121 124 127 128 149 159 161 167 169 187 188 197 203 214 217 220 230 234 236 254 258 261 265 266 273 277 278 279 280 285 298
57
29 33 38 45 53 68 71 73 74 75 81 87 102 105 112 119 121 129 132 139 159 163 167 173 176 179 180 181 190 192 200 201 202 203 206 207 212 213 214 217 229 230 232 241 247 251 253 260 262 267 277 284 289 292 293 296 299
57
4 7 15 22 25 26 28 37 40 45 50 53 54 61 63 66 67 68 69 72 74 77 88 96 103 114 126 130 135 144 148 150 151 158 159 160 165 190 191 194 205 212 217 221 248 257 267 273 276 278 280 285 286 287 291 293 298
75
5 8 15 21 22 29 32 33 35 39 43 46 48 52 59 60 67 71 88 92 93 94 97 100 106 110 111 114 117 119 126 136 140 144 147 153 156 157 162 164 165 166 172 174 179 180 183 186 195 199 202 203 205 211 224 231 237 240 247 248 254 255 260 263 264 270 273 275 278 281 282 286 289 298 299
63
11 12 20 23 36 37 51 52 54 56 57 61 66 67 74 75 77 78 80 85 86 91 92 97 102 109 113 119 127 131 134 136 145 146 153 167 171 179 188 205 209 211 218 226 232 233 235 238 239 240 249 254 255 260 262 266 267 269 275 277 281 291 292
56
3 4 5 6 8 18 19 21 22 28 29 30 35 43 51 52 53 83 85 88 92 99 110 117 121 122 134 136 144 154 157 161 164 166 173 185 189 194 196 213 217 223 228 233 238 245 246 250 258 262 269 270 286 289 296 299
53
1 3 5 14 15 20 25 27 40 41 45 47 72 80 87 89 95 103 105 109 112 124 129 137 141 143 144 145 154 155 162 163 170 171 172 177 181 189 204 209 212 224 225 227 241 249 255 260 264 271 272 290 297
63
4 7 11 20 29 34 35 36 47 49 50 56 58 66 80 85 87 88 91 97 98 102 104 107 110 113 118 122 123 131 138 139 147 150 155 158 159 162 165 174 175 180 182 183 184 186 187 198 202 211 221 222 229 230 243 245 246 262 268 271 280 283 297
55
3 18 20 23 26 34 39 43 53 57 60 75 78 79 80 83 91 93 99 101 104 106 110 113 114 118 120 121 123 126 150 153 160 165 170 172 173 192 194 195 196 202 203 209 217 227 229 247 254 257 268 279 280 290 300
65
1 2 6 14 17 21 26 27 30 33 35 36 39 43 48 49 68 74 75 83 86 90 91 94 95 103 112 115 118 122 123 126 127 129 134 136 139 142 147 151 159 161 164 166 172 186 187 196 202 211 218 224 228 239 242 245 263 267 268 271 283 287 292 294 299
59
12 15 17 20 26 39 46 48 51 57 61 62 64 81 90 91 92 93 116 117 119 126 132 139 147 155 158 159 162 169 198 201 203 206 214 223 226 230 234 235 244 249 250 252 253 259 260 265 269 276 278 280 283 284 286 287 292 294 300
60
1 2 9 15 20 34 40 47 48 59 66 73 75 76 78 80 91 94 104 105 109 121 127 131 132 133 138 142 144 151 154 160 162 172 177 180 183 188 190 194 200 201 202 208 213 214 217 222 225 226 245 256 257 259 268 269 282 289 291 292
57
12 13 22 24 26 27 28 31 43 44 51 52 56 63 64 65 66 100 101 114 116 120 127 130 136 140 151 152 154 156 159 161 162 164 165 186 191 195 200 201 202 206 214 216 218 220 234 235 244 252 254 264 272 281 282 284 296
53
6 7 10 20 21 26 30 34 39 60 68 73 79 81 108 113 116 118 136 141 146 148 152 153 159 163 169 172 180 184 185 199 201 211 213 216 218 220 224 227 237 241 250 255 257 261 265 267 268 269 270 297 298
58
9 11 13 19 21 29 37 43 51 58 63 67 69 70 73 83 84 86 91 96 102 106 107 133 143 144 150 159 162 171 186 196 200 201 202 204 207 210 217 218 221 222 223 232 236 238 247 252 253 255 256 258 266 277 280 286 294 296
51
10 11 15 18 21 22 33 43 48 53 60 62 64 65 70 74 75 88 99 100 101 107 109 110 114 124 126 131 138 139 142 148 149 150 151 163 170 182 197 199 202 219 221 222 226 237 251 259 261 275 276
60
7 8 12 17 18 22 25 26 27 33 37 43 45 47 54 60 61 70 73 74 87 90 95 96 98 102 109 112 127 135 139 146 155 159 162 165 168 183 188 189 191 195 199 201 202 212 221 225 227 236 237 244 248 252 254 269 281 286 289 294
66
2 4 11 12 14 20 22 27 28 30 31 35 44 64 67 69 70 78 81 91 109 115 116 118 126 128 131 134 137 149 153 158 159 161 162 163 169 174 180 181 182 187 202 203 204 209 216 217 218 228 230 236 243 245 246 248 256 264 272 274 281 290 293 295 297 300
68
3 7 8 15 17 19 20 23 34 35 41 42 49 57 60 61 66 69 75 82 91 99 102 112 115 119 123 125 133 142 143 145 147 149 152 155 158 164 165 168 173 175 176 177 184 204 207 211 224 225 227 228 229 230 239 241 246 257 266 274 278 280 283 284 285 290 293 300
54
5 6 7 9 12 15 20 23 26 30 37 42 47 55 59 62 63 75 99 110 118 131 132 138 140 153 155 172 175 189 193 204 205 213 216 219 234 237 240 244 245 249 251 255 259 262 263 267 273 279 280 287 288 296
62
10 11 15 22 26 28 32 37 39 41 48 50 56 64 71 73 75 77 83 88 91 96 97 99 101 102 103 107 113 122 124 133 137 141 145 166 167 181 183 185 186 190 200 201 209 216 228 237 239 242 244 247 248 252 262 266 268 275 286 290 292 295
57
1 7 13 17 20 29 35 36 42 48 55 64 66 84 91 94 95 98 105 112 118 128 134 136 139 140 141 147 151 155 174 175 179 182 191 195 196 204 208 210 218 220 221 222 227 228 232 234 239 261 263 264 267 281 283 284 291
57
5 11 12 20 33 37 39 40 41 42 51 59 62 73 76 80 86 89 92 103 107 108 112 116 122 125 133 135 138 143 145 149 177 178 179 180 188 190 191 194 195 201 207 213 215 217 219 231 241 245 253 254 257 261 270 271 298
52
8 9 28 44 58 63 64 67 80 83 93 94 97 99 104 111 123 129 147 149 152 153 160 165 167 170 171 174 183 186 189 199 200 203 213 227 234 237 240 247 250 252 259 260 262 277 282 284 289 290 292 296
59
2 4 7 9 15 17 20 29 32 33 35 44 55 56 67 69 71 72 82 83 89 93 103 104 109 112 113 116 118 123 124 128 142 143 161 162 167 168 175 176 186 191 192 193 195 199 200 212 216 217 243 260 262 269 273 279 290 294 300
55
7 9 16 21 26 27 28 29 30 32 39 40 44 74 77 80 87 90 96 98 99 100 116 121 133 136 140 142 144 147 148 164 167 169 183 190 200 206 209 211 215 219 231 239 240 241 251 252 254 257 258 267 278 284 293
54
6 7 14 19 20 21 25 27 30 35 37 42 46 51 55 59 64 65 67 72 80 96 101 106 111 117 132 133 138 144 148 157 172 175 177 181 183 187 190 194 207 212 222 223 228 234 249 251 261 263 268 269 280 286
69
10 13 14 21 22 27 29 31 37 43 44 50 54 57 64 70 75 78 79 80 85 86 94 97 107 109 110 112 115 116 121 125 126 127 130 134 143 148 152 153 154 155 163 164 175 187 189 205 206 212 220 224 229 231 235 236 240 243 251 253 255 258 263 264 268 270 280 282 299
68
3 11 14 16 18 23 26 37 43 46 49 50 55 57 58 63 66 67 72 75 78 86 87 92 94 104 110 111 114 115 117 118 132 136 137 140 147 161 172 176 179 181 185 192 196 208 215 217 218 222 223 224 225 228 239 241 245 246 247 257 267 268 270 287 288 294 297 298
59
12 14 17 22 25 27 30 31 40 41 53 55 61 64 65 74 77 83 85 98 101 103 107 108 112 115 122 137 143 150 152 156 159 162 165 166 167 168 172 175 184 185 190 212 225 228 230 243 247 251 252 253 254 264 266 275 281 291 298
50
3 6 7 11 15 19 27 30 34 49 52 63 66 70 71 73 79 80 83 88 91 93 100 108 115 117 121 127 142 153 154 155 162 194 196 205 214 218 224 226 238 257 265 268 272 276 279 283 286 295
52
12 15 16 23 30 34 50 61 68 70 74 81 88 90 91 93 97 108 117 127 130 135 142 151 157 159 165 174 178 186 193 207 209 219 223 229 233 237 242 243 244 258 263 264 270 274 280 284 288 296 298 299
49
1 3 4 5 7 16 23 29 33 34 45 50 53 76 83 92 93 105 108 115 118 124 141 159 160 166 170 177 183 187 195 199 203 207 214 221 224 227 244 245 264 267 270 278 284 287 289 295 297
54
4 6 9 19 21 25 29 42 44 47 51 55 59 63 72 74 87 98 106 113 126 130 137 139 141 144 150 158 161 162 165 166 170 179 180 186 188 194 198 199 203 207 221 231 232 239 244 245 248 249 258 260 270 277
47
1 15 20 34 35 39 48 67 68 83 91 93 96 98 109 110 114 119 121 126 127 128 129 131 135 147 149 152 156 162 165 190 201 217 236 238 245 246 261 270 274 277 279 284 286 289 293
