100 200
1.0 1.0 1.0 1.0 1.0 1.0 1.0 1.0 1.0 1.0 1.0 1.0 1.0 1.0 1.0 1.0 1.0 1.0 1.0 1.0 1.0 1.0 1.0 1.0 1.0 1.0 1.0 1.0 1.0 1.0 1.0 1.0 1.0 1.0 1.0 1.0 1.0 1.0 1.0 1.0 1.0 1.0 1.0 1.0 1.0 1.0 1.0 1.0 1.0 1.0 1.0 1.0 1.0 1.0 1.0 1.0 1.0 1.0 1.0 1.0 1.0 1.0 1.0 1.0 1.0 1.0 1.0 1.0 1.0 1.0 1.0 1.0 1.0 1.0 1.0 1.0 1.0 1.0 1.0 1.0 1.0 1.0 1.0 1.0 1.0 1.0 1.0 1.0 1.0 1.0 1.0 1.0 1.0 1.0 1.0 1.0 1.0 1.0 1.0 1.0 1.0 1.0 1.0 1.0 1.0 1.0 1.0 1.0 1.0 1.0 1.0 1.0 1.0 1.0 1.0 1.0 1.0 1.0 1.0 1.0 1.0 1.0 1.0 1.0 1.0 1.0 1.0 1.0 1.0 1.0 1.0 1.0 1.0 1.0 1.0 1.0 1.0 1.0 1.0 1.0 1.0 1.0 1.0 1.0 1.0 1.0 1.0 1.0 1.0 1.0 1.0 1.0 1.0 1.0 1.0 1.0 1.0 1.0 1.0 1.0 1.0 1.0 1.0 1.0 1.0 1.0 1.0 1.0 1.0 1.0 1.0 1.0 1.0 1.0 1.0 1.0 1.0 1.0 1.0 1.0 1.0 1.0 1.0 1.0 1.0 1.0 1.0 1.0 1.0 1.0 1.0 1.0 1.0 1.0 1.0 1.0 1.0 1.0 1.0 1.0
27
1 4 5 6 11 23 27 32 34 45 64 65 71 91 97 104 106 118 127 164 176 182 183 189 191 192 200
37
11 40 43 49 50 51 54 55 59 62 65 66 67 72 81 93 99 102 105 111 113 120 121 124 130 139 141 144 145 148 157 159 167 170 182 191 195
51
7 12 16 22 25 26 34 35 36 37 40 50 57 60 66 74 81 91 92 100 106 107 108 110 111 119 121 122 124 128 129 133 135 139 140 148 158 161 162 163 164 171 173 174 179 182 187 189 191 195 199
48
1 4 11 13 20 31 33 36 37 41 42 46 49 58 61 63 66 68 73 84 85 89 93 100 102 103 110 111 115 116 118 119 127 135 136 137 140 145 148 160 165 166 174 178 185 186 187 196
39
2 13 14 23 27 33 34 39 44 51 54 60 73 75 80 92 97 98 99 101 104 115 120 122 123 126 130 133 135 144 151 154 155 157 165 166 178 192 198
35
5 13 19 26 41 42 51 53 58 59 61 73 85 94 95 96 101 108 118 119 125 130 131 145 148 153 163 165 168 172 176 177 185 192 196
42
1 5 6 28 37 45 46 56 57 74 75 77 80 87 90 102 108 109 111 122 123 124 128 129 130 131 133 134 138 145 150 160 161 163 165 168 170 180 190 191 193 199
42
9 12 13 16 17 21 29 31 37 38 42 51 57 59 71 81 82 86 91 99 119 121 122 127 133 138 142 143 147 152 153 155 156 160 162 163 175 176 185 193 194 197
45
6 10 12 14 25 33 34 35 38 39 42 48 50 51 54 55 65 70 79 86 92 95 108 109 118 120 122 125 126 134 138 148 152 166 170 172 175 176 177 182 184 186 195 197 199
37
2 9 20 21 41 42 54 57 68 79 90 92 93 94 96 102 110 120 127 131 133 134 139 147 148 153 159 160 162 165 169 172 176 182 187 194 196
34
11 18 25 38 43 50 51 52 56 58 64 66 73 75 77 83 93 94 98 103 106 109 113 116 117 119 122 133 147 160 173 192 194 199
52
14 17 20 23 29 32 37 43 44 45 48 49 51 56 59 64 70 71 72 73 78 79 83 85 94 96 100 107 109 112 120 132 136 137 144 151 152 153 155 159 160 162 165 167 173 181 183 186 187 194 197 200
44
2 5 8 33 39 41 42 44 48 50 52 55 57 73 74 81 88 95 98 100 101 106 107 109 114 125 127 141 143 147 148 153 154 155 158 163 166 170 173 178 179 182 185 197
43
2 7 8 14 17 18 19 21 23 25 29 31 32 39 59 60 66 81 87 94 95 96 98 100 103 113 118 120 124 125 129 132 136 139 141 142 160 164 166 182 185 195 198
38
11 13 17 19 26 29 36 39 40 50 66 74 80 82 83 93 97 107 110 111 115 121 125 130 133 146 147 150 158 160 161 169 171 172 177 180 190 191
40
9 17 18 20 21 33 36 45 46 52 53 62 67 69 70 77 84 86 88 90 100 102 103 106 116 122 130 137 138 139 145 147 150 154 156 162 165 178 183 191
37
2 4 9 10 11 19 22 29 32 36 37 44 46 52 58 65 78 83 88 89 95 111 118 124 125 126 127 129 131 156 161 168 175 186 192 193 194
31
3 5 9 10 15 27 35 36 41 42 43 49 50 51 56 63 72 84 92 100 102 105 115 128 150 152 153 164 165 177 198
34
12 15 21 28 31 36 43 60 65 85 87 88 89 90 102 103 115 125 127 129 133 137 144 150 151 153 163 164 170 175 178 194 195 199
36
14 17 25 26 31 38 43 49 52 55 61 64 75 78 79 88 89 102 106 119 128 131 140 142 144 145 148 153 161 168 170 175 186 190 195 196
45
1 6 17 19 20 22 24 26 30 35 58 60 62 64 66 67 68 77 80 85 93 96 100 107 108 115 117 129 132 133 146 149 151 152 158 165 170 171 173 174 175 181 182 186 194
30
30 35 37 41 42 43 51 55 56 61 63 73 76 85 93 99 119 121 126 131 138 146 148 150 155 157 160 184 188 193
47
2 7 10 14 24 26 31 37 39 40 45 47 48 49 50 51 55 62 64 66 69 70 72 73 74 78 85 89 90 102 109 121 123 124 129 135 142 145 146 162 164 167 172 175 193 199 200
42
6 13 36 39 42 46 47 50 55 61 62 67 69 71 79 86 91 93 96 112 113 118 123 126 127 134 138 139 150 151 153 155 157 166 171 174 176 177 182 190 192 196
37
1 5 11 13 19 22 24 28 38 51 56 61 63 64 72 75 78 83 88 91 92 103 114 115 128 139 144 147 159 163 165 167 170 185 186 187 192
39
9 13 15 25 34 42 49 50 58 60 68 69 71 78 79 82 86 88 94 95 98 111 114 117 119 125 137 139 141 147 154 159 172 173 175 187 196 197 200
46
6 8 15 20 21 26 33 37 41 48 53 56 59 63 64 71 74 76 90 104 111 115 119 127 128 133 138 139 141 153 155 157 158 159 163 166 169 170 171 175 178 182 189 194 197 200
37
1 3 11 15 23 34 36 48 51 54 59 77 80 81 84 87 88 90 93 108 110 111 116 121 134 136 137 142 146 151 157 163 164 167 188 190 191
33
22 38 60 62 65 66 81 83 87 90 96 97 105 107 113 117 120 126 132 135 136 137 138 144 145 148 161 162 170 187 188 196 198
37
5 8 9 10 11 20 22 29 50 51 68 69 70 78 79 87 99 106 117 120 132 133 139 141 144 154 162 163 164 168 170 174 179 183 186 188 189
43
6 8 14 16 24 27 34 38 39 46 52 57 59 60 67 72 73 90 91 93 96 101 106 108 112 115 121 125 126 132 140 144 155 156 159 167 181 188 193 194 195 198 200
33
3 4 9 17 23 31 34 39 40 43 54 66 67 69 76 81 87 95 98 107 115 116 129 131 132 140 152 163 170 173 181 183 198
41
4 7 9 12 15 16 17 22 33 36 39 43 53 59 64 65 66 76 83 88 92 96 98 106 107 113 117 123 125 128 137 139 140 141 144 151 154 156 157 185 199
43
8 10 11 15 16 21 26 31 34 37 48 58 64 69 76 77 85 87 92 93 95 98 101 102 112 119 122 125 131 135 143 144 155 156 158 160 163 171 178 182 186 194 198
37
19 26 30 33 35 40 41 43 45 57 68 72 80 85 87 89 94 98 109 111 114 116 117 124 126 131 134 140 147 154 164 171 187 189 192 195 197
45
3 6 8 13 19 24 36 40 47 50 51 52 53 54 56 62 75 83 86 88 99 105 112 115 118 134 145 148 149 152 162 168 169 171 176 178 179 183 187 190 193 194 196 199 200
34
4 5 7 19 20 24 25 26 34 40 45 46 50 51 56 62 65 76 77 79 86 91 95 121 123 127 131 138 154 168 182 191 198 199
37
3 6 15 16 18 19 21 32 35 39 40 43 44 51 54 62 67 71 73 75 89 93 94 96 103 115 123 127 128 132 137 144 155 184 187 195 199
38
1 5 10 15 23 25 27 33 35 43 54 56 60 61 68 74 80 83 86 87 95 99 103 106 114 115 121 126 145 146 151 154 156 157 158 160 179 191
39
13 16 18 20 26 29 32 35 42 51 60 63 67 88 93 102 103 113 119 125 133 138 141 152 154 160 161 170 175 178 179 184 185 187 189 190 195 197 199
42
10 13 15 21 22 27 28 40 44 60 66 69 75 76 86 97 100 101 103 109 112 116 124 130 132 133 134 140 144 146 148 150 157 166 167 170 172 178 186 187 193 198
44
8 9 11 12 15 16 23 27 30 47 53 58 61 62 67 75 80 90 91 94 102 103 105 109 118 126 128 131 141 145 149 150 153 154 157 161 164 170 174 177 182 188 193 196
47
1 10 12 20 21 31 32 35 45 46 48 52 55 58 60 62 64 65 71 89 91 103 104 105 107 108 111 112 120 127 134 137 141 149 151 153 154 155 160 161 169 170 177 180 182 183 199
39
1 3 12 13 15 19 21 23 34 42 58 60 65 83 85 88 100 101 104 123 124 128 140 143 149 154 155 159 163 164 166 168 172 174 178 182 186 189 196
37
1 4 6 11 15 23 25 32 33 34 41 55 57 71 76 78 94 95 107 109 110 111 117 123 132 134 140 142 145 148 156 158 169 179 180 194 195
40
4 27 28 31 42 47 54 71 72 73 82 91 95 101 105 111 115 126 132 133 138 139 144 153 161 164 168 169 176 178 180 181 182 183 186 191 193 196 197 199
36
1 3 16 20 22 27 28 29 30 36 46 58 65 66 72 74 82 86 92 100 109 113 114 116 150 154 161 167 170 175 178 182 191 192 194 196
27
6 25 52 59 61 62 63 67 88 102 114 116 117 119 128 139 153 162 164 170 173 176 178 184 186 192 194
28
3 6 12 17 22 36 40 47 59 84 86 93 95 100 102 108 118 136 137 140 145 148 162 167 173 177 186 190
43
2 11 14 16 27 31 37 41 44 47 51 55 63 65 71 78 81 83 84 85 97 109 116 118 119 122 130 132 133 135 137 138 152 154 159 166 168 174 176 190 191 195 199
36
1 9 20 22 32 35 40 46 47 55 65 67 81 89 94 111 114 115 122 125 126 134 135 140 142 144 146 151 152 164 165 166 169 172 194 199
37
5 8 13 16 18 28 37 40 41 45 47 52 54 58 67 74 79 80 83 84 85 86 87 93 110 121 135 168 172 173 176 177 181 184 190 196 199
35
1 7 22 26 32 45 46 53 56 60 61 63 65 66 72 78 81 86 88 89 97 107 113 119 128 137 149 154 155 166 170 183 184 185 190
38
1 2 21 25 32 42 54 64 66 68 71 75 83 84 85 88 89 100 103 106 108 110 131 132 136 137 146 148 150 155 158 160 171 178 182 183 191 200
45
1 4 12 13 18 20 22 31 38 41 47 49 51 53 54 59 60 61 72 79 86 88 91 92 95 101 107 110 129 139 149 150 152 155 159 162 164 174 188 189 191 194 197 198 199
34
3 10 31 34 36 39 41 43 45 48 49 60 61 72 73 92 96 98 104 114 121 122 126 140 142 144 145 158 165 168 170 179 196 198
38
7 14 18 19 24 27 29 37 48 54 60 66 67 77 85 93 95 96 102 107 108 113 122 134 142 143 144 145 150 163 166 167 173 174 177 184 190 197
36
10 20 26 28 31 32 33 35 47 53 57 72 85 86 92 93 97 98 99 103 106 111 118 125 129 136 139 146 170 173 176 177 186 187 195 197
32
5 7 8 11 13 18 19 23 24 44 61 69 78 94 96 101 108 109 112 118 123 130 149 150 154 160 162 169 172 178 197 200
37
8 21 25 26 27 31 38 39 55 60 63 69 81 91 94 95 99 100 105 108 109 118 121 122 126 141 146 155 159 160 165 167 171 180 186 190 192
38
1 8 10 22 25 26 38 42 53 59 62 64 71 77 78 79 89 98 106 109 113 117 120 121 122 130 140 143 145 153 155 160 166 168 172 176 195 200
45
2 4 7 10 13 15 18 19 22 30 42 53 63 65 67 68 71 76 86 87 88 93 96 101 102 106 108 114 116 129 131 134 154 158 163 166 169 170 176 179 185 186 192 194 197
36
7 14 17 18 24 28 31 36 39 41 47 67 69 70 73 79 80 88 91 93 96 103 119 123 128 131 137 140 157 159 163 170 176 177 179 193
37
7 17 24 28 29 35 39 48 59 65 71 74 78 94 95 101 102 111 114 116 128 134 145 152 154 156 157 159 165 171 172 176 177 188 190 194 196
43
10 15 20 26 30 41 47 50 51 52 55 60 61 69 70 72 73 74 96 116 119 124 125 128 131 134 138 140 142 145 150 154 161 165 167 168 169 172 173 179 183 193 198
51
6 13 17 18 19 20 21 41 50 52 55 60 63 65 68 74 76 79 82 84 88 91 96 97 99 100 104 111 112 122 124 127 132 136 137 138 143 145 156 157 158 159 165 167 168 170 172 180 181 185 189
47
1 7 15 17 30 31 35 36 43 48 52 55 60 62 64 73 74 77 78 80 91 94 95 99 102 103 105 106 115 118 137 141 144 146 149 151 156 158 161 163 169 178 183 188 195 197 198
40
8 16 20 21 22 25 28 34 38 67 70 77 79 82 85 86 97 101 106 112 114 115 117 128 130 134 135 140 142 155 156 159 173 175 178 179 182 184 188 200
38
4 8 16 19 23 24 27 33 38 39 40 41 55 56 61 66 67 71 74 75 77 81 96 111 115 122 132 137 144 145 154 174 181 182 185 189 192 196
32
12 13 17 25 27 31 41 42 47 56 58 69 71 82 91 94 107 108 113 118 123 127 131 133 148 150 153 162 167 173 175 186
42
13 15 17 21 29 36 37 38 42 43 44 45 46 50 52 55 56 57 59 64 66 68 74 76 80 82 84 97 101 103 109 112 118 125 141 145 154 164 174 175 192 198
42
5 10 13 17 25 38 40 49 52 56 57 74 77 86 88 91 94 97 101 104 109 113 114 115 118 119 136 145 147 149 153 159 161 171 173 175 176 179 181 184 188 192
29
5 7 8 11 19 23 28 42 46 53 57 65 76 87 91 98 136 138 151 154 165 167 169 175 176 178 179 185 194
36
9 24 25 29 32 33 48 67 68 75 76 79 82 88 90 92 98 102 103 104 108 114 115 119 120 128 131 136 148 155 163 170 180 181 185 189
32
4 5 8 10 12 16 26 51 62 66 88 90 98 99 104 106 110 114 115 118 131 135 142 144 167 173 174 176 191 195 196 197
45
2 8 11 15 17 35 36 44 49 56 57 64 65 67 71 72 79 81 86 91 96 108 114 120 126 134 142 145 148 156 161 164 167 168 175 176 180 184 186 189 190 194 195 196 200
48
5 6 7 10 12 22 24 26 41 45 47 51 52 54 55 58 62 65 67 71 82 87 93 95 102 103 108 109 117 125 130 136 138 142 143 144 146 151 165 170 178 179 180 189 192 194 195 198
34
2 5 17 32 33 45 55 61 65 67 77 83 93 97 99 108 114 122 123 137 138 139 145 148 152 159 160 169 174 176 180 189 195 197
42
3 17 24 25 26 29 30 31 43 49 53 58 61 63 66 67 71 86 88 98 100 102 106 109 118 122 129 133 136 137 141 145 153 158 160 164 182 183 190 196 197 199
43
2 6 7 13 15 16 19 31 33 46 55 62 63 65 67 70 80 84 89 93 94 97 122 127 128 130 141 146 147 148 149 150 160 165 179 182 185 189 191 193 196 197 200
39
8 9 17 21 31 32 33 42 45 49 53 54 61 67 71 74 87 88 91 97 103 105 107 124 126 135 143 147 148 151 153 160 167 170 171 172 180 182 188
39
1 2 6 11 13 23 24 28 49 53 66 70 77 78 82 99 107 109 112 115 119 128 130 131 132 134 140 142 145 148 154 171 174 175 176 180 190 191 199
32
2 5 14 15 18 24 28 34 36 41 49 51 52 62 78 96 98 102 109 110 113 115 119 142 156 157 164 174 184 192 196 199
44
3 5 19 22 30 32 38 40 47 52 53 58 72 74 75 77 78 80 85 86 88 90 91 96 100 101 104 110 116 127 130 131 135 138 148 149 161 162 172 173 194 195 198 199
34
13 20 22 23 26 30 31 32 35 36 43 51 53 57 61 78 87 88 91 101 108 111 112 122 128 142 153 163 164 178 183 185 196 198
48
2 8 11 19 20 23 28 29 36 39 46 48 58 66 72 74 77 81 82 83 86 87 92 97 98 100 111 124 126 128 129 139 140 141 146 153 155 156 164 166 170 177 184 185 191 193 194 196
51
3 6 14 22 28 32 33 35 51 54 55 62 66 73 75 79 86 90 98 99 101 102 106 119 120 125 128 131 134 135 138 143 146 147 148 152 155 160 161 168 169 171 173 175 178 183 189 191 193 197 199
39
1 2 3 10 15 16 19 46 51 53 68 75 77 81 83 91 101 108 110 111 124 128 131 134 136 138 140 144 146 156 164 172 188 189 190 193 196 199 200
46
1 9 10 22 25 27 29 30 35 36 38 39 41 42 43 62 63 67 70 72 73 84 85 91 94 107 108 118 119 120 122 124 125 129 136 151 153 164 167 171 174 188 189 193 195 196
43
5 6 10 12 18 19 28 34 36 39 41 44 51 56 68 70 72 80 81 85 92 93 95 98 100 114 119 121 123 133 138 143 157 160 162 163 170 174 176 181 184 191 194
39
6 10 16 17 20 25 29 31 33 38 41 42 49 53 58 60 64 69 73 76 80 95 106 117 127 131 133 139 140 142 144 172 179 181 184 188 196 198 200
34
4 10 15 16 18 19 38 39 40 49 52 57 58 64 67 84 85 91 92 105 116 122 130 134 138 144 145 153 156 167 169 180 187 198
34
2 3 4 20 23 35 60 68 69 72 78 80 82 86 88 89 99 118 119 124 125 129 133 136 146 158 161 164 180 183 186 188 195 200
38
11 16 22 23 26 35 43 44 58 65 73 77 79 86 90 91 95 97 100 101 113 116 118 119 127 142 151 159 160 162 164 173 179 184 189 191 194 200
41
4 13 15 16 18 22 32 40 42 43 46 49 50 55 56 58 61 63 74 80 83 93 105 109 115 119 123 127 132 136 141 153 154 156 160 165 178 181 182 196 197
38
2 8 12 18 27 30 34 45 52 65 67 69 70 71 75 79 80 84 90 91 93 100 119 126 132 136 145 152 162 164 165 166 169 179 181 186 190 199
55
9 20 24 27 29 31 32 33 34 36 37 40 41 49 53 56 61 63 68 73 74 76 89 94 100 110 112 118 119 121 126 127 128 129 132 136 137 138 147 159 160 161 164 165 173 177 178 179 184 185 189 190 191 192 200
39
4 18 21 25 32 33 34 46 48 51 54 57 58 64 65 70 71 83 84 85 87 88 113 116 128 130 134 139 141 153 158 163 170 171 179 185 190 193 200
31
4 15 19 29 35 36 42 46 50 57 62 79 92 115 125 126 136 141 158 160 162 166 176 177 180 188 192 195 196 197 200
49
3 5 13 15 18 19 22 23 24 27 32 33 37 38 40 54 57 58 69 72 78 79 84 89 97 110 112 114 123 129 130 132 133 144 151 159 168 171 173 174 176 182 185 189 190 196 197 199 200
