100 200
1.0 1.0 1.0 1.0 1.0 1.0 1.0 1.0 1.0 1.0 1.0 1.0 1.0 1.0 1.0 1.0 1.0 1.0 1.0 1.0 1.0 1.0 1.0 1.0 1.0 1.0 1.0 1.0 1.0 1.0 1.0 1.0 1.0 1.0 1.0 1.0 1.0 1.0 1.0 1.0 1.0 1.0 1.0 1.0 1.0 1.0 1.0 1.0 1.0 1.0 1.0 1.0 1.0 1.0 1.0 1.0 1.0 1.0 1.0 1.0 1.0 1.0 1.0 1.0 1.0 1.0 1.0 1.0 1.0 1.0 1.0 1.0 1.0 1.0 1.0 1.0 1.0 1.0 1.0 1.0 1.0 1.0 1.0 1.0 1.0 1.0 1.0 1.0 1.0 1.0 1.0 1.0 1.0 1.0 1.0 1.0 1.0 1.0 1.0 1.0 1.0 1.0 1.0 1.0 1.0 1.0 1.0 1.0 1.0 1.0 1.0 1.0 1.0 1.0 1.0 1.0 1.0 1.0 1.0 1.0 1.0 1.0 1.0 1.0 1.0 1.0 1.0 1.0 1.0 1.0 1.0 1.0 1.0 1.0 1.0 1.0 1.0 1.0 1.0 1.0 1.0 1.0 1.0 1.0 1.0 1.0 1.0 1.0 1.0 1.0 1.0 1.0 1.0 1.0 1.0 1.0 1.0 1.0 1.0 1.0 1.0 1.0 1.0 1.0 1.0 1.0 1.0 1.0 1.0 1.0 1.0 1.0 1.0 1.0 1.0 1.0 1.0 1.0 1.0 1.0 1.0 1.0 1.0 1.0 1.0 1.0 1.0 1.0 1.0 1.0 1.0 1.0 1.0 1.0 1.0 1.0 1.0 1.0 1.0 1.0
9
47 51 62 88 121 155 162 178 183
7
24 45 48 107 133 159 170
10
5 66 72 76 118 165 175 185 187 200
9
50 63 72 113 128 143 191 192 199
9
46 61 67 91 95 134 142 146 172
10
23 41 47 73 86 94 116 144 160 186
15
8 9 23 60 71 74 78 119 124 128 132 147 149 188 192
7
8 62 72 83 123 161 171
11
5 25 47 82 85 106 109 120 158 160 194
10
33 43 44 57 67 98 115 173 175 180
17
3 11 29 34 38 40 56 71 73 90 145 146 157 159 174 180 194
8
26 50 57 69 89 106 134 148
12
10 17 45 64 68 79 95 113 137 143 172 179
8
15 22 47 77 106 123 140 168
10
70 71 99 146 151 152 162 187 189 193
10
5 15 17 20 40 46 80 134 163 185
6
16 74 120 160 163 174
10
41 92 103 113 135 139 147 150 152 168
9
3 25 28 50 53 69 78 133 149
10
17 25 52 62 75 98 102 118 121 198
13
13 31 34 41 70 73 81 89 99 122 141 170 184
5
13 96 101 156 182
6
12 18 62 98 142 194
8
27 38 47 67 70 154 167 174
8
30 35 55 93 119 132 155 168
8
10 49 65 93 104 127 148 195
9
9 22 82 93 117 122 169 174 185
8
15 19 32 34 48 95 118 174
14
27 35 37 39 76 81 84 95 122 135 161 185 190 199
8
44 50 91 95 161 171 190 200
9
6 12 39 40 45 50 54 67 88
14
15 17 22 48 52 61 63 79 120 145 154 155 162 192
9
17 21 39 53 60 128 150 186 187
14
14 39 50 71 82 122 140 141 153 181 188 193 198 200
10
5 78 86 92 115 118 151 170 172 191
14
6 41 42 57 71 80 92 104 108 142 146 170 181 182
12
24 67 81 100 109 110 126 134 151 171 180 194
9
9 17 19 21 97 154 163 171 176
10
34 42 54 88 94 105 133 158 166 175
12
2 12 19 60 65 82 86 95 109 119 184 193
13
32 65 79 82 88 99 103 109 154 165 170 189 200
13
34 39 63 74 77 78 85 122 127 163 176 178 190
12
1 6 7 22 46 79 111 143 149 168 180 188
14
28 30 32 34 43 48 62 65 73 97 125 178 188 193
11
30 48 75 76 91 108 129 161 186 191 194
8
10 11 14 31 64 91 104 128
10
9 12 19 30 33 90 125 145 173 179
12
11 21 26 48 65 74 84 85 145 174 180 195
13
45 48 50 74 79 83 143 156 163 166 174 186 196
9
23 34 78 97 112 146 152 156 170
7
8 31 37 52 72 136 184
13
4 13 51 84 123 153 154 157 158 165 166 178 185
8
1 13 17 21 26 40 77 141
12
25 33 35 52 60 62 113 148 176 192 194 199
9
21 35 41 63 68 88 120 142 147
6
19 33 37 69 132 185
10
4 16 48 67 103 116 140 145 157 166
14
3 6 15 68 88 104 112 123 158 166 168 172 174 178
8
24 53 68 77 112 151 163 179
10
19 20 23 26 40 106 148 154 181 185
11
35 59 67 71 87 95 114 140 169 182 198
12
25 48 67 73 92 100 103 110 117 128 181 192
6
7 33 38 109 146 171
12
7 26 39 79 81 124 167 172 178 186 189 193
13
27 34 45 56 63 92 105 120 122 160 168 182 188
14
18 27 51 66 85 91 92 104 139 140 147 172 175 183
7
106 118 138 143 156 180 188
14
5 12 25 34 48 69 79 119 154 173 181 190 195 198
11
2 13 17 18 45 71 89 91 107 182 193
11
90 92 131 141 145 151 166 172 183 187 192
9
7 71 74 103 139 155 179 187 190
6
10 11 43 115 140 176
8
21 31 42 59 80 87 93 172
12
7 53 60 64 81 87 94 104 132 141 145 168
9
32 66 81 102 109 114 164 169 195
9
54 61 66 86 89 103 116 175 176
15
1 14 56 64 80 86 90 116 133 148 152 169 178 187 197
9
34 41 55 89 106 122 163 184 187
9
24 58 70 93 103 105 119 142 154
8
11 101 116 127 140 152 181 192
7
4 6 106 110 132 133 170
7
20 50 85 97 139 148 162
11
16 71 72 86 95 116 123 158 167 197 200
10
25 44 48 72 86 97 156 178 181 190
11
2 6 64 70 84 87 92 124 127 187 196
11
19 22 57 111 113 117 132 146 149 170 197
7
42 62 132 145 166 194 200
17
28 31 49 58 66 77 81 92 95 119 122 126 131 135 170 182 189
11
23 50 53 68 81 84 99 102 133 146 182
9
5 19 43 74 94 96 111 122 135
12
44 45 50 53 110 120 147 152 176 186 199 200
14
6 11 17 21 39 55 68 113 129 150 177 181 187 191
9
34 37 96 109 114 154 168 186 192
12
2 4 20 35 96 104 106 121 149 181 190 198
7
51 52 76 102 145 177 200
11
5 30 36 57 85 94 96 101 105 110 166
9
24 46 48 65 69 140 146 168 200
7
8 44 53 54 96 133 172
7
31 48 73 83 87 109 144
10
6 18 70 78 94 100 122 144 165 200
