100 200
1.0 1.0 1.0 1.0 1.0 1.0 1.0 1.0 1.0 1.0 1.0 1.0 1.0 1.0 1.0 1.0 1.0 1.0 1.0 1.0 1.0 1.0 1.0 1.0 1.0 1.0 1.0 1.0 1.0 1.0 1.0 1.0 1.0 1.0 1.0 1.0 1.0 1.0 1.0 1.0 1.0 1.0 1.0 1.0 1.0 1.0 1.0 1.0 1.0 1.0 1.0 1.0 1.0 1.0 1.0 1.0 1.0 1.0 1.0 1.0 1.0 1.0 1.0 1.0 1.0 1.0 1.0 1.0 1.0 1.0 1.0 1.0 1.0 1.0 1.0 1.0 1.0 1.0 1.0 1.0 1.0 1.0 1.0 1.0 1.0 1.0 1.0 1.0 1.0 1.0 1.0 1.0 1.0 1.0 1.0 1.0 1.0 1.0 1.0 1.0 1.0 1.0 1.0 1.0 1.0 1.0 1.0 1.0 1.0 1.0 1.0 1.0 1.0 1.0 1.0 1.0 1.0 1.0 1.0 1.0 1.0 1.0 1.0 1.0 1.0 1.0 1.0 1.0 1.0 1.0 1.0 1.0 1.0 1.0 1.0 1.0 1.0 1.0 1.0 1.0 1.0 1.0 1.0 1.0 1.0 1.0 1.0 1.0 1.0 1.0 1.0 1.0 1.0 1.0 1.0 1.0 1.0 1.0 1.0 1.0 1.0 1.0 1.0 1.0 1.0 1.0 1.0 1.0 1.0 1.0 1.0 1.0 1.0 1.0 1.0 1.0 1.0 1.0 1.0 1.0 1.0 1.0 1.0 1.0 1.0 1.0 1.0 1.0 1.0 1.0 1.0 1.0 1.0 1.0 1.0 1.0 1.0 1.0 1.0 1.0
36
2 7 10 15 18 39 41 44 50 60 72 79 83 85 98 99 102 107 111 116 118 119 122 131 147 151 153 161 163 170 181 184 185 191 192 195
43
12 18 19 22 25 28 38 43 50 55 63 65 66 72 78 83 90 93 96 98 100 113 116 129 133 134 136 141 144 145 150 159 162 165 169 177 178 179 182 183 186 190 199
54
1 2 5 7 13 14 15 21 26 28 31 33 38 45 50 56 57 60 61 62 64 67 75 77 78 84 85 87 91 94 107 111 112 113 118 119 120 138 141 142 143 158 160 163 168 170 174 181 183 190 193 195 196 200
44
1 5 6 10 13 22 26 28 30 48 57 58 62 70 77 79 83 86 89 91 92 94 102 103 105 110 125 127 132 133 134 135 143 146 151 153 160 173 174 175 176 184 185 200
54
2 5 6 9 11 14 15 21 30 35 37 44 52 54 55 57 61 65 78 80 83 91 96 100 102 104 105 109 113 117 118 120 128 130 131 132 136 138 149 151 154 156 161 162 163 164 165 168 174 180 181 188 190 193
29
6 10 12 14 16 22 25 41 42 45 53 68 69 70 79 107 108 109 110 114 118 120 129 134 143 148 152 156 161
44
4 13 19 24 28 31 34 36 39 40 41 42 44 45 47 51 58 71 72 75 76 86 90 98 101 104 127 130 133 134 139 147 148 153 156 166 167 169 171 175 178 190 195 198
40
4 10 18 24 29 33 34 44 47 62 66 70 75 93 96 100 101 106 111 124 126 130 138 139 140 142 147 148 149 150 155 156 166 173 174 179 180 186 195 198
45
2 6 8 9 17 18 19 21 22 31 37 40 48 52 54 56 57 64 69 71 73 87 89 93 94 95 101 108 115 118 119 121 126 130 159 160 164 166 171 174 179 180 185 191 196
34
1 4 11 12 14 37 40 50 52 53 73 84 86 91 92 96 97 105 112 113 127 130 133 139 142 154 159 165 172 178 181 190 193 195
36
4 13 16 20 21 23 36 39 42 43 75 78 81 83 86 90 94 96 97 100 107 111 114 116 130 134 143 151 152 156 162 166 188 192 193 198
43
3 6 8 11 14 17 19 23 33 36 37 40 51 53 62 76 80 91 97 98 108 113 122 123 125 133 135 137 141 145 146 147 149 151 166 167 173 176 177 178 188 192 196
33
7 12 29 33 50 59 65 74 75 90 94 95 102 114 118 121 123 125 131 137 148 153 157 158 166 167 170 184 185 190 195 196 198
46
3 5 12 18 19 23 29 30 34 38 41 47 48 49 58 60 61 66 69 75 86 88 98 100 102 105 106 110 118 131 132 133 141 143 144 145 146 150 159 162 176 180 182 187 191 195
49
1 2 9 10 12 18 22 26 27 28 36 51 57 66 67 75 82 85 90 99 105 106 107 112 120 122 125 128 130 134 137 139 140 143 146 151 152 157 163 166 168 177 182 184 186 189 196 197 198
47
2 3 11 15 22 23 34 35 39 40 44 45 49 51 65 66 77 83 84 85 88 93 96 99 101 102 108 110 123 125 126 131 140 145 146 151 159 162 171 175 176 178 180 182 186 187 199
37
9 12 13 21 28 29 37 46 52 58 61 62 64 66 69 77 86 103 111 117 118 121 124 131 137 148 152 154 156 161 162 169 171 184 196 198 199
52
3 6 7 12 14 23 24 29 33 36 40 48 52 53 57 70 75 77 83 86 87 91 93 95 99 102 106 108 111 112 114 120 122 128 130 136 143 144 146 148 149 157 159 161 162 164 172 173 191 193 199 200
38
7 16 19 22 34 35 44 47 49 51 53 55 60 62 70 71 84 85 109 114 116 118 119 124 126 137 139 141 150 152 154 156 157 173 178 180 191 199
35
17 47 48 56 57 59 62 68 70 77 81 83 86 88 92 93 95 111 113 115 118 121 122 131 139 143 153 157 163 164 168 181 186 192 195
45
6 11 18 19 26 35 39 41 42 43 44 45 52 54 60 70 73 81 83 97 101 103 107 108 112 113 123 129 132 134 138 139 140 141 147 151 160 163 166 173 174 186 188 191 194
31
13 16 26 33 48 52 57 62 86 87 92 97 101 103 108 114 116 119 129 137 139 145 153 155 156 168 179 181 182 183 197
37
1 3 12 14 15 20 30 40 60 63 64 67 68 76 80 88 109 114 115 116 117 134 135 136 141 147 149 152 153 160 167 174 175 176 177 188 190
47
2 6 8 10 20 27 28 31 32 33 37 38 41 46 48 49 54 55 59 60 66 73 84 88 89 95 108 113 120 124 129 134 137 142 144 145 150 158 161 169 172 178 179 181 186 187 189
33
11 18 22 34 35 36 41 48 50 53 58 65 69 70 81 86 92 95 96 106 107 110 115 120 136 150 152 167 170 174 176 181 190
37
5 11 17 18 27 32 42 55 62 65 73 76 77 83 86 91 96 99 101 126 132 133 147 148 151 152 160 166 168 172 178 179 181 182 188 193 194
41
3 4 12 14 16 21 27 32 35 42 52 57 60 76 79 87 94 101 103 108 109 112 113 117 119 122 133 134 135 142 147 149 155 159 163 168 169 178 186 195 197
44
8 10 15 22 36 37 42 50 54 55 56 62 66 67 68 70 72 82 83 84 89 93 97 110 119 120 121 122 124 127 131 134 135 143 144 165 166 168 169 175 183 192 193 194
44
3 12 16 17 25 29 46 63 64 66 68 73 76 77 78 85 88 96 113 117 118 120 125 137 140 141 145 149 151 155 159 161 167 169 171 174 175 179 182 183 186 191 197 198
46
4 5 11 19 20 29 36 45 50 51 54 57 63 67 72 74 80 82 84 88 91 96 98 101 104 110 111 113 114 117 126 129 130 138 154 157 164 168 175 177 181 184 185 192 193 194
46
1 7 8 10 11 22 24 25 30 38 48 51 57 59 68 69 72 74 75 86 88 91 94 102 109 114 115 126 130 132 136 137 139 146 151 153 160 162 163 168 171 175 187 188 195 199
29
4 22 31 36 46 58 75 84 89 97 103 104 106 126 132 138 139 143 146 150 151 155 162 177 182 183 188 191 196
50
3 6 11 21 22 24 27 28 33 35 39 50 51 52 61 63 67 78 88 89 90 104 105 109 117 119 121 125 130 135 138 139 141 152 154 155 156 159 163 165 166 169 172 175 181 192 194 195 198 199
46
11 12 17 20 21 24 29 32 36 39 52 53 54 57 58 59 64 68 72 73 80 84 85 96 104 105 108 111 120 134 141 145 151 160 166 167 169 171 172 173 178 184 191 192 194 199
38
2 17 27 41 42 44 53 59 60 66 81 108 109 115 126 128 134 139 140 141 150 151 156 163 165 167 170 175 176 178 179 184 188 191 193 196 198 200
39
4 7 8 15 18 20 24 26 28 30 37 47 60 64 71 78 96 98 109 114 116 122 124 125 126 134 135 146 154 167 168 170 174 180 190 192 193 194 199
30
14 21 24 26 33 36 38 39 43 48 54 64 67 72 76 87 93 94 107 112 122 130 139 158 169 173 181 185 187 188
33
3 12 18 29 30 32 35 42 58 66 71 77 82 91 98 102 103 105 109 110 115 128 132 133 135 137 142 151 161 163 188 189 196
37
2 11 16 19 31 34 37 41 42 58 69 72 74 79 87 88 92 108 111 123 131 133 142 143 157 158 161 163 167 175 180 183 188 190 191 198 200
42
8 9 15 29 32 33 39 43 49 51 56 59 62 67 77 80 84 85 86 98 103 110 113 117 120 121 122 123 127 129 130 133 139 140 145 149 165 169 177 182 194 200
41
8 14 16 21 23 41 50 54 59 62 71 76 79 90 93 95 97 99 111 115 118 124 125 127 131 136 137 140 152 158 163 164 166 169 170 172 179 180 189 194 196
39
1 5 7 16 19 30 43 49 54 67 68 74 79 80 82 83 87 88 89 95 100 105 107 111 114 125 130 139 145 158 166 169 170 181 184 189 190 193 197
36
3 24 25 28 36 37 38 47 55 57 62 65 69 77 81 85 98 111 122 126 131 135 143 145 146 147 154 158 162 167 170 178 184 185 191 195
42
3 7 11 13 27 37 48 56 62 64 67 81 91 92 94 97 108 113 116 118 121 127 129 133 134 137 138 140 142 152 154 156 160 162 163 176 177 179 181 186 192 196
42
1 3 10 18 19 25 29 34 35 37 41 43 65 68 71 75 80 81 98 111 118 128 134 137 147 150 151 153 156 158 163 174 175 178 179 180 185 187 188 193 198 199
43
11 19 24 33 35 37 41 45 51 62 63 67 78 85 88 89 90 95 99 108 112 114 124 125 126 133 134 138 139 147 148 149 154 159 160 161 169 171 179 189 191 197 198
35
5 6 7 31 40 42 51 53 57 58 67 69 70 72 84 85 93 94 101 102 104 107 110 112 116 120 127 137 149 160 173 175 185 191 199
46
8 17 22 30 31 35 37 38 47 49 51 52 53 54 59 65 69 70 80 82 86 90 94 97 100 102 107 109 113 118 122 123 127 133 136 142 152 165 166 174 176 183 185 187 198 199
46
2 6 12 13 15 23 25 27 33 34 40 41 46 49 51 53 58 76 77 78 79 92 98 105 108 113 116 121 124 125 129 133 135 138 140 145 146 155 158 162 163 170 176 185 194 197
41
5 7 12 14 15 28 30 41 45 47 48 53 60 66 67 71 83 87 89 100 108 122 127 135 136 137 138 139 148 149 159 166 170 171 172 177 178 183 190 198 200
34
5 10 14 17 19 30 36 38 48 51 62 66 67 68 70 72 77 80 88 93 102 122 125 133 135 147 148 149 163 167 173 182 191 194
48
4 8 9 17 19 27 29 31 46 49 54 55 63 64 68 77 81 82 85 90 100 104 105 110 111 113 115 116 123 125 130 132 133 141 142 147 148 149 155 157 164 166 168 170 187 189 197 199
38
4 10 15 17 24 37 40 42 43 49 51 56 58 77 85 89 90 92 105 107 112 118 125 128 138 140 151 152 156 159 160 163 171 179 181 182 187 197
47
13 14 15 16 20 24 27 38 43 44 45 57 59 62 66 71 72 75 79 80 82 88 89 98 100 106 115 116 117 120 124 127 130 132 133 143 147 152 158 162 166 172 173 180 190 194 198
41
4 8 14 25 31 32 36 39 51 63 65 67 78 81 83 88 91 92 98 99 101 103 108 113 114 118 119 130 138 143 147 154 160 165 175 178 181 186 189 194 198
36
3 5 8 10 21 24 25 32 35 36 41 60 77 91 92 107 111 113 115 122 140 141 142 148 153 154 165 166 168 174 177 178 187 188 189 196
37
18 26 29 35 41 49 50 55 62 71 77 78 80 86 89 90 99 106 115 118 122 125 129 132 144 149 156 158 165 167 171 176 177 180 187 189 194
46
4 9 11 15 17 22 34 39 40 41 43 44 45 47 48 49 54 63 66 67 69 85 88 89 90 93 107 112 130 132 135 136 144 150 158 161 164 165 167 169 173 175 183 185 188 195
44
9 11 13 23 26 29 36 46 47 49 50 51 54 62 68 70 75 81 82 85 100 101 102 103 105 106 109 115 120 121 132 142 145 146 157 158 162 167 170 177 186 187 188 189
40
4 5 7 11 12 13 18 20 35 36 42 57 61 66 71 78 86 92 97 98 101 103 107 112 118 124 131 136 138 141 144 147 156 178 180 182 190 192 197 199
39
1 2 13 26 27 52 56 62 65 83 86 91 93 99 101 104 105 110 112 117 121 134 135 138 139 140 145 148 155 157 165 175 180 183 184 187 192 195 196
40
1 5 6 7 13 19 23 28 30 33 41 58 59 60 62 63 74 75 80 83 100 101 109 110 113 124 125 126 128 135 136 142 143 144 161 162 173 181 192 198
39
7 8 10 22 28 31 35 41 46 47 52 55 71 72 79 82 83 94 112 124 125 126 137 146 148 155 158 160 162 176 177 180 181 184 189 191 194 197 200
44
4 5 9 15 18 25 26 36 42 43 44 50 52 53 55 58 59 72 82 89 90 92 113 114 122 124 129 131 136 139 147 149 150 151 154 158 161 164 167 169 172 189 191 196
30
21 30 31 33 34 39 41 44 56 57 67 68 71 73 83 84 90 95 109 124 138 140 147 151 172 174 181 184 185 198
36
2 6 8 11 25 26 27 29 32 34 36 41 50 52 54 57 70 74 84 89 92 97 101 125 134 147 152 154 157 158 159 161 171 180 198 200
40
1 15 17 18 25 30 32 41 44 45 52 56 61 67 74 76 80 81 82 83 85 86 90 91 96 100 111 114 123 134 140 142 146 154 161 165 171 176 178 184
36
7 9 14 18 20 25 29 30 36 49 53 54 55 65 66 72 77 88 93 101 112 118 121 125 126 129 144 150 151 156 160 165 172 179 190 197
40
3 10 17 18 25 34 38 39 44 48 49 52 65 68 70 77 79 83 89 90 100 108 110 125 126 131 139 141 143 144 147 148 164 167 174 175 179 182 187 198
36
3 10 15 22 25 34 48 53 58 59 71 78 80 95 98 102 103 107 108 110 116 118 121 123 127 132 134 143 145 148 170 174 183 185 189 199
44
9 10 18 21 23 27 37 45 46 59 60 62 76 77 86 87 88 91 94 103 108 122 125 130 132 134 136 140 142 148 152 156 162 163 168 172 173 174 175 176 178 179 189 199
49
7 12 17 23 25 34 38 40 41 49 54 65 66 67 76 82 83 88 89 95 98 99 102 104 106 107 119 126 130 134 135 140 142 147 149 152 156 167 170 177 181 185 187 188 192 193 194 195 196
48
1 2 7 10 17 19 22 37 38 42 43 45 55 56 60 67 68 71 72 75 78 84 85 94 97 102 108 118 121 123 125 129 130 133 142 145 151 157 158 159 165 176 177 180 183 186 194 195
35
1 12 17 36 44 51 61 73 83 84 87 88 101 102 109 113 119 120 128 132 136 137 138 146 158 162 168 171 173 181 185 188 190 192 198
46
4 5 6 9 14 15 19 21 25 29 31 32 40 45 46 54 63 64 66 69 71 75 76 85 90 97 99 101 103 109 117 123 127 130 141 142 144 155 156 158 170 171 174 190 192 199
39
2 4 9 10 12 15 18 19 27 29 32 38 39 42 64 68 69 80 88 92 95 97 98 102 109 117 128 135 137 146 147 153 157 160 163 175 185 196 199
43
4 13 22 23 25 27 29 39 40 48 55 60 63 64 65 68 69 71 75 85 86 93 94 100 103 107 111 113 121 127 128 133 134 140 154 158 160 164 169 180 190 195 199
33
1 2 27 30 32 33 42 50 51 73 81 84 93 101 110 113 124 132 143 152 153 154 156 161 162 163 171 173 177 181 185 188 192
47
11 15 16 22 27 34 38 44 47 49 51 53 54 56 57 60 67 68 75 78 84 87 88 101 102 104 107 111 114 121 123 125 127 137 138 140 142 145 160 167 169 172 179 188 189 193 195
41
4 8 11 17 28 41 44 51 61 65 68 72 73 74 77 79 88 93 94 100 102 107 110 112 116 123 124 131 132 135 137 138 149 161 165 168 171 174 181 191 200
39
5 7 16 35 41 45 48 61 62 65 69 73 75 79 83 86 87 88 91 97 108 110 112 113 116 124 127 128 131 135 138 146 163 170 171 174 182 185 196
43
3 18 21 32 34 37 39 42 45 51 52 58 61 71 72 79 82 92 95 98 106 110 115 124 125 129 132 133 145 149 152 156 157 161 162 174 175 182 183 186 187 194 196
38
2 4 5 16 18 19 36 37 39 40 41 44 45 46 52 62 77 79 85 87 91 93 106 111 114 128 131 140 144 148 149 152 157 162 171 181 182 199
33
7 8 10 22 23 31 38 49 51 70 82 85 87 92 96 98 105 108 113 114 116 117 118 124 133 141 147 158 159 173 176 181 191
30
8 16 17 18 20 22 26 36 37 38 40 51 58 64 67 80 81 90 92 109 121 122 129 131 134 140 144 152 161 184
41
1 11 16 19 27 46 47 55 56 67 68 70 74 77 87 88 91 100 109 110 115 117 120 126 130 136 140 151 153 157 159 163 165 172 175 178 180 184 195 196 200
38
7 9 11 13 33 34 59 68 69 73 78 79 88 95 102 108 110 116 124 125 130 131 133 134 135 141 144 158 164 168 175 179 180 182 185 194 195 199
41
1 3 4 8 20 23 28 36 41 42 43 48 50 51 56 63 68 76 78 81 87 92 93 100 106 115 120 124 129 138 143 145 147 163 173 174 177 179 180 181 200
49
7 8 9 11 13 15 23 24 25 40 43 46 48 49 50 54 59 63 67 70 73 75 81 90 95 100 101 102 106 107 108 111 117 120 124 141 148 149 153 156 160 164 172 183 185 186 187 194 196
41
5 11 14 16 25 30 38 39 47 48 49 55 62 63 64 73 77 80 83 86 91 96 98 104 123 134 139 144 146 157 163 165 168 173 176 178 181 183 184 195 199
39
7 13 18 20 23 25 27 28 36 40 42 51 58 61 62 63 64 65 66 85 87 91 106 111 133 140 142 143 147 149 155 156 160 165 169 176 184 192 198
36
3 11 19 24 33 46 55 59 61 62 68 70 96 97 100 107 111 120 126 131 135 140 142 148 152 155 158 160 166 171 175 180 182 187 193 198
45
5 8 18 26 32 33 46 54 55 59 63 65 66 80 84 87 90 100 102 106 110 115 117 118 121 131 132 133 134 140 141 144 152 162 165 166 167 168 171 175 176 178 196 198 199
34
3 5 20 21 46 47 53 54 58 60 62 78 81 83 86 96 101 103 118 119 140 141 152 154 156 159 160 164 169 172 173 182 183 198
47
6 7 12 14 16 18 19 26 27 29 32 33 36 46 48 55 59 63 70 81 95 96 100 104 105 106 109 111 113 114 122 123 127 140 147 148 150 154 158 160 164 165 170 187 188 190 192
42
1 10 12 14 19 20 22 30 33 34 37 42 45 66 71 75 77 81 83 87 91 93 94 98 100 121 122 123 125 132 138 144 155 167 174 175 178 179 186 191 196 199
37
1 10 12 21 22 34 39 44 45 46 48 50 51 60 66 77 82 86 87 92 106 122 126 131 135 136 137 138 145 148 155 163 164 168 185 188 192
39
1 3 5 22 25 38 39 40 43 53 60 62 64 65 72 74 79 80 82 84 85 88 91 104 107 118 134 137 145 146 149 151 155 161 180 186 192 193 196
47
3 5 6 12 17 20 26 28 33 38 42 49 56 62 63 64 67 73 87 91 98 100 110 112 116 117 121 125 128 130 131 132 141 146 161 167 171 172 173 177 178 180 183 188 192 198 200
42
2 3 5 9 16 21 27 37 46 50 56 57 74 79 82 83 89 100 101 111 116 122 125 133 139 140 143 146 147 149 151 153 155 158 159 160 176 177 181 185 190 197
