100 200
1.0 1.0 1.0 1.0 1.0 1.0 1.0 1.0 1.0 1.0 1.0 1.0 1.0 1.0 1.0 1.0 1.0 1.0 1.0 1.0 1.0 1.0 1.0 1.0 1.0 1.0 1.0 1.0 1.0 1.0 1.0 1.0 1.0 1.0 1.0 1.0 1.0 1.0 1.0 1.0 1.0 1.0 1.0 1.0 1.0 1.0 1.0 1.0 1.0 1.0 1.0 1.0 1.0 1.0 1.0 1.0 1.0 1.0 1.0 1.0 1.0 1.0 1.0 1.0 1.0 1.0 1.0 1.0 1.0 1.0 1.0 1.0 1.0 1.0 1.0 1.0 1.0 1.0 1.0 1.0 1.0 1.0 1.0 1.0 1.0 1.0 1.0 1.0 1.0 1.0 1.0 1.0 1.0 1.0 1.0 1.0 1.0 1.0 1.0 1.0 1.0 1.0 1.0 1.0 1.0 1.0 1.0 1.0 1.0 1.0 1.0 1.0 1.0 1.0 1.0 1.0 1.0 1.0 1.0 1.0 1.0 1.0 1.0 1.0 1.0 1.0 1.0 1.0 1.0 1.0 1.0 1.0 1.0 1.0 1.0 1.0 1.0 1.0 1.0 1.0 1.0 1.0 1.0 1.0 1.0 1.0 1.0 1.0 1.0 1.0 1.0 1.0 1.0 1.0 1.0 1.0 1.0 1.0 1.0 1.0 1.0 1.0 1.0 1.0 1.0 1.0 1.0 1.0 1.0 1.0 1.0 1.0 1.0 1.0 1.0 1.0 1.0 1.0 1.0 1.0 1.0 1.0 1.0 1.0 1.0 1.0 1.0 1.0 1.0 1.0 1.0 1.0 1.0 1.0 1.0 1.0 1.0 1.0 1.0 1.0
11
42 50 79 94 97 100 127 133 147 152 194
10
39 40 48 49 64 84 87 104 106 117
10
25 61 72 73 90 121 139 176 181 190
7
16 26 60 63 90 96 179
9
15 58 69 115 125 179 180 187 196
5
10 108 172 194 200
7
65 74 92 101 134 138 197
13
29 43 46 51 89 92 99 142 160 163 175 182 191
12
2 23 25 46 62 63 76 79 103 125 134 170
15
32 44 50 53 54 96 142 144 157 158 166 169 180 181 196
8
36 57 59 83 123 150 172 194
13
14 23 47 76 79 80 87 139 156 159 163 178 181
16
21 36 46 47 84 93 106 112 120 137 138 145 151 164 186 194
6
33 36 65 90 104 176
7
6 52 58 105 120 148 180
10
19 21 83 101 111 119 125 151 188 196
7
37 49 57 85 92 182 190
9
3 20 62 68 71 109 110 162 170
11
9 18 29 34 85 86 115 133 157 165 197
14
4 19 56 67 88 96 122 142 157 159 173 186 197 198
11
10 15 44 49 84 92 94 118 159 163 180
9
29 47 71 93 144 162 166 170 183
8
15 20 51 59 128 163 178 187
9
9 32 84 110 113 116 124 170 189
9
9 42 85 92 95 133 158 181 197
13
8 25 33 49 53 65 77 101 102 110 120 127 141
7
4 31 74 78 92 129 197
6
42 70 87 146 156 172
9
33 62 66 74 77 92 106 155 163
12
26 69 75 76 90 92 104 113 125 186 194 195
14
21 27 32 67 70 74 94 107 121 129 156 160 182 188
14
32 56 63 73 80 89 97 125 129 136 140 155 160 190
3
29 75 153
11
12 66 67 71 92 99 102 103 129 147 175
10
29 30 32 44 66 73 124 132 171 180
10
20 25 48 58 72 99 146 179 192 199
5
4 56 60 180 181
8
5 12 36 50 66 137 160 190
6
70 81 109 141 161 186
11
11 16 38 44 56 58 67 130 174 191 196
8
2 4 76 104 109 149 187 190
13
28 42 66 70 92 97 110 132 156 158 172 177 187
15
1 22 57 80 95 99 101 111 113 125 135 165 166 176 195
10
2 66 71 87 90 97 99 107 115 159
9
51 84 85 97 148 152 165 167 188
4
61 70 73 131
14
2 20 23 37 41 45 63 79 81 165 174 184 185 190
12
72 73 76 122 132 138 139 178 184 192 193 199
11
17 31 39 83 90 92 100 104 132 147 167
14
28 65 66 71 79 92 112 135 137 144 163 166 168 175
8
25 100 110 132 141 153 175 186
10
14 24 52 76 91 94 106 114 171 198
6
34 74 80 88 151 164
9
13 34 45 111 125 158 177 181 184
9
8 35 93 99 104 143 147 165 168
8
20 44 85 111 125 148 158 189
10
16 30 53 81 120 130 136 158 170 188
11
9 31 51 75 118 123 158 185 187 197 198
11
11 42 72 76 88 92 101 120 129 166 167
8
8 25 80 87 99 144 168 177
12
13 19 39 43 65 75 80 90 97 105 159 165
8
39 47 61 78 141 183 184 193
10
14 31 36 54 80 87 88 137 140 155
12
39 70 74 80 108 111 138 160 169 171 184 188
7
7 17 37 99 148 155 168
8
3 13 35 109 119 155 168 172
14
20 23 35 50 52 57 68 70 84 89 101 135 170 175
8
22 47 75 96 102 109 115 200
11
7 33 78 108 127 133 137 138 184 185 192
13
13 20 29 35 63 64 75 76 126 150 152 160 178
14
1 7 10 12 45 59 69 82 86 87 132 150 168 185
9
12 44 50 66 79 110 121 133 147
6
1 36 112 130 137 182
12
15 38 87 110 115 127 151 152 157 164 180 189
12
22 26 39 43 45 78 82 93 106 108 131 134
9
9 22 24 26 39 51 133 146 193
9
20 45 66 97 103 104 122 161 171
9
6 55 96 98 128 146 178 188 189
11
15 18 29 64 66 69 84 97 156 193 195
18
19 20 28 39 47 53 57 73 74 77 86 105 132 142 170 171 180 197
18
9 11 20 24 25 53 72 91 93 97 138 149 171 175 179 180 182 185
9
10 18 56 86 139 148 151 169 184
8
40 67 75 112 141 159 161 196
11
24 48 59 62 75 114 118 133 155 161 196
11
7 15 63 72 115 146 153 156 157 178 198
7
22 57 73 95 98 127 149
12
12 19 24 35 39 49 71 96 113 137 157 185
9
48 56 69 80 113 131 135 178 191
9
11 20 26 47 63 92 130 131 146
8
38 56 66 74 99 110 131 145
11
26 35 41 65 72 97 103 140 154 156 172
9
9 36 106 109 111 148 152 171 176
12
13 51 67 70 71 97 111 132 133 157 187 196
10
41 75 84 86 98 105 109 133 153 159
5
36 38 108 158 188
9
13 30 31 45 81 184 190 192 197
9
6 10 87 90 130 137 142 153 196
11
33 37 70 80 107 120 129 168 182 185 192
11
3 39 83 100 101 132 141 151 152 167 181
2
15 89
