50 100
1.0 1.0 1.0 1.0 1.0 1.0 1.0 1.0 1.0 1.0 1.0 1.0 1.0 1.0 1.0 1.0 1.0 1.0 1.0 1.0 1.0 1.0 1.0 1.0 1.0 1.0 1.0 1.0 1.0 1.0 1.0 1.0 1.0 1.0 1.0 1.0 1.0 1.0 1.0 1.0 1.0 1.0 1.0 1.0 1.0 1.0 1.0 1.0 1.0 1.0 1.0 1.0 1.0 1.0 1.0 1.0 1.0 1.0 1.0 1.0 1.0 1.0 1.0 1.0 1.0 1.0 1.0 1.0 1.0 1.0 1.0 1.0 1.0 1.0 1.0 1.0 1.0 1.0 1.0 1.0 1.0 1.0 1.0 1.0 1.0 1.0 1.0 1.0 1.0 1.0 1.0 1.0 1.0 1.0 1.0 1.0 1.0 1.0 1.0 1.0
11
4 25 32 37 52 66 69 70 71 82 83
9
7 24 27 29 30 43 72 78 95
15
2 13 18 20 23 27 32 33 36 60 76 89 90 93 97
6
9 19 59 72 75 89
8
36 42 51 54 64 66 84 93
5
11 26 41 67 78
9
7 15 16 53 59 71 83 89 97
4
17 26 42 81
10
12 31 33 41 49 56 64 70 74 80
6
28 43 53 59 71 82
13
13 18 22 23 32 35 47 55 59 76 90 95 96
5
3 10 29 57 95
14
6 8 18 46 49 50 54 55 62 77 79 83 90 97
9
1 2 24 35 36 44 50 85 91
9
4 6 50 57 61 76 85 90 95
12
5 22 29 53 56 58 67 77 81 94 98 99
5
7 30 71 88 93
6
24 53 72 75 85 91
10
2 10 15 50 54 61 64 72 75 93
9
16 41 42 53 57 69 75 79 81
11
1 5 14 15 25 27 36 38 43 48 62
15
3 16 19 27 36 43 44 55 57 61 65 66 68 75 78
13
15 16 21 33 50 53 54 58 70 84 86 88 93
16
4 6 11 12 14 26 32 44 45 50 70 75 76 83 88 99
8
7 15 17 40 49 57 67 100
8
1 23 60 61 78 85 88 97
9
29 45 63 71 78 86 87 93 97
7
4 20 63 65 71 89 93
7
4 40 46 50 51 75 89
17
11 12 20 25 37 38 54 58 63 69 76 83 85 90 91 92 98
10
13 14 19 20 22 37 42 63 66 78
12
11 21 37 39 42 44 45 52 80 90 91 95
8
2 8 14 41 51 57 69 77
12
3 14 18 21 27 35 50 52 58 72 86 96
10
22 28 31 55 62 63 79 81 83 90
15
1 13 39 50 51 55 60 66 72 83 84 87 96 98 100
12
7 15 16 34 45 52 59 68 72 81 83 92
10
13 34 73 82 84 85 88 95 96 100
8
10 16 23 36 58 62 73 92
13
18 20 25 47 51 54 55 75 90 91 96 97 99
8
21 30 36 52 61 63 70 88
17
2 5 9 16 19 21 41 49 50 61 64 73 84 88 89 90 99
5
2 27 37 54 96
14
4 12 13 15 20 29 46 49 62 63 68 84 96 97
14
9 11 13 17 22 30 34 35 57 71 80 88 96 98
9
11 24 28 31 38 59 64 82 96
6
16 17 43 62 72 86
13
6 25 32 34 39 40 42 43 46 56 62 77 98
10
1 19 51 64 66 73 90 93 95 100
12
9 24 38 56 57 58 62 64 74 93 96 100
