50 100
1.0 1.0 1.0 1.0 1.0 1.0 1.0 1.0 1.0 1.0 1.0 1.0 1.0 1.0 1.0 1.0 1.0 1.0 1.0 1.0 1.0 1.0 1.0 1.0 1.0 1.0 1.0 1.0 1.0 1.0 1.0 1.0 1.0 1.0 1.0 1.0 1.0 1.0 1.0 1.0 1.0 1.0 1.0 1.0 1.0 1.0 1.0 1.0 1.0 1.0 1.0 1.0 1.0 1.0 1.0 1.0 1.0 1.0 1.0 1.0 1.0 1.0 1.0 1.0 1.0 1.0 1.0 1.0 1.0 1.0 1.0 1.0 1.0 1.0 1.0 1.0 1.0 1.0 1.0 1.0 1.0 1.0 1.0 1.0 1.0 1.0 1.0 1.0 1.0 1.0 1.0 1.0 1.0 1.0 1.0 1.0 1.0 1.0 1.0 1.0
7
17 48 58 61 63 74 81
3
9 71 90
6
54 64 68 70 87 95
4
62 69 83 92
2
18 59
4
36 41 76 97
4
23 32 38 71
6
16 19 55 60 82 83
10
1 10 26 31 40 54 62 67 68 83
9
21 24 41 50 63 65 66 74 89
8
14 20 24 36 51 75 95 99
8
60 62 67 68 78 85 91 95
6
48 65 74 78 86 99
2
68 72
3
10 20 38
7
3 15 43 46 59 90 97
5
60 63 85 88 94
4
3 12 34 100
5
1 45 56 76 77
4
21 30 34 41
4
9 66 81 99
4
8 37 88 91
8
8 25 48 55 67 70 76 83
2
44 69
4
22 23 62 65
5
16 32 44 80 93
7
16 24 32 35 38 71 75
7
13 15 21 40 50 51 52
4
26 76 82 85
9
1 23 25 41 59 60 74 87 94
8
4 7 16 25 38 44 76 88
6
15 18 21 38 42 52
5
2 27 70 91 98
2
45 78
3
19 22 67
5
23 62 65 68 70
5
43 51 60 61 79
4
15 45 68 72
6
1 26 31 36 41 86
4
34 62 70 75
6
4 26 27 29 41 43
5
7 12 31 32 90
5
4 21 34 53 79
6
1 33 49 80 81 95
6
14 40 41 43 63 87
3
32 56 81
5
3 18 36 47 52
5
35 48 55 68 92
9
12 22 24 43 49 50 64 71 73
8
10 47 48 65 80 83 89 99
