150 300
1.0 1.0 1.0 1.0 1.0 1.0 1.0 1.0 1.0 1.0 1.0 1.0 1.0 1.0 1.0 1.0 1.0 1.0 1.0 1.0 1.0 1.0 1.0 1.0 1.0 1.0 1.0 1.0 1.0 1.0 1.0 1.0 1.0 1.0 1.0 1.0 1.0 1.0 1.0 1.0 1.0 1.0 1.0 1.0 1.0 1.0 1.0 1.0 1.0 1.0 1.0 1.0 1.0 1.0 1.0 1.0 1.0 1.0 1.0 1.0 1.0 1.0 1.0 1.0 1.0 1.0 1.0 1.0 1.0 1.0 1.0 1.0 1.0 1.0 1.0 1.0 1.0 1.0 1.0 1.0 1.0 1.0 1.0 1.0 1.0 1.0 1.0 1.0 1.0 1.0 1.0 1.0 1.0 1.0 1.0 1.0 1.0 1.0 1.0 1.0 1.0 1.0 1.0 1.0 1.0 1.0 1.0 1.0 1.0 1.0 1.0 1.0 1.0 1.0 1.0 1.0 1.0 1.0 1.0 1.0 1.0 1.0 1.0 1.0 1.0 1.0 1.0 1.0 1.0 1.0 1.0 1.0 1.0 1.0 1.0 1.0 1.0 1.0 1.0 1.0 1.0 1.0 1.0 1.0 1.0 1.0 1.0 1.0 1.0 1.0 1.0 1.0 1.0 1.0 1.0 1.0 1.0 1.0 1.0 1.0 1.0 1.0 1.0 1.0 1.0 1.0 1.0 1.0 1.0 1.0 1.0 1.0 1.0 1.0 1.0 1.0 1.0 1.0 1.0 1.0 1.0 1.0 1.0 1.0 1.0 1.0 1.0 1.0 1.0 1.0 1.0 1.0 1.0 1.0 1.0 1.0 1.0 1.0 1.0 1.0 1.0 1.0 1.0 1.0 1.0 1.0 1.0 1.0 1.0 1.0 1.0 1.0 1.0 1.0 1.0 1.0 1.0 1.0 1.0 1.0 1.0 1.0 1.0 1.0 1.0 1.0 1.0 1.0 1.0 1.0 1.0 1.0 1.0 1.0 1.0 1.0 1.0 1.0 1.0 1.0 1.0 1.0 1.0 1.0 1.0 1.0 1.0 1.0 1.0 1.0 1.0 1.0 1.0 1.0 1.0 1.0 1.0 1.0 1.0 1.0 1.0 1.0 1.0 1.0 1.0 1.0 1.0 1.0 1.0 1.0 1.0 1.0 1.0 1.0 1.0 1.0 1.0 1.0 1.0 1.0 1.0 1.0 1.0 1.0 1.0 1.0 1.0 1.0 1.0 1.0 1.0 1.0 1.0 1.0 1.0 1.0 1.0 1.0 1.0 1.0
49
12 13 15 16 28 37 47 67 68 69 94 97 102 108 112 113 114 124 127 130 132 142 149 150 158 163 167 184 185 186 189 199 204 217 219 220 222 241 250 251 260 262 268 271 279 281 290 293 299
59
8 10 17 19 20 24 27 36 40 46 55 62 63 65 67 70 73 78 81 89 94 95 96 101 104 110 115 118 124 129 149 153 158 177 180 187 198 214 217 221 238 239 245 248 249 256 260 271 277 278 279 281 286 287 290 291 296 297 299
66
2 3 20 30 31 35 37 41 42 47 59 61 64 67 69 71 80 84 99 103 104 113 117 118 119 120 126 132 142 148 158 161 163 174 177 181 187 190 197 198 200 201 204 206 208 210 214 222 225 226 228 240 241 247 253 265 268 276 277 280 284 285 286 291 295 299
67
4 13 14 15 16 20 26 32 54 55 58 59 61 63 67 81 84 92 94 97 101 109 110 126 127 128 136 137 138 142 143 145 150 158 161 169 171 172 178 182 184 190 192 193 201 202 206 207 212 223 224 228 230 234 235 245 251 255 258 261 265 269 270 274 276 291 294
55
6 13 14 42 46 47 53 55 57 62 79 80 86 87 88 89 95 99 101 104 107 108 109 110 121 127 130 137 161 176 177 183 187 189 192 195 206 225 226 230 231 232 238 239 244 248 257 262 269 271 272 275 276 284 299
67
7 10 11 28 32 41 42 56 57 67 71 73 76 77 79 80 82 85 94 95 96 97 106 116 119 122 123 126 132 142 148 149 150 153 160 162 163 167 174 179 182 185 190 191 192 193 194 195 199 204 205 208 211 218 219 220 225 226 237 241 253 255 275 280 282 287 300
61
4 7 15 21 28 29 30 32 33 36 38 44 47 48 51 60 61 62 64 65 66 82 89 94 95 96 104 105 108 111 129 138 140 142 146 151 152 155 165 175 176 180 181 185 194 198 203 221 224 227 229 231 232 239 246 248 252 266 278 287 300
49
17 18 23 27 40 58 64 65 69 81 84 94 102 106 107 113 118 127 131 137 138 148 158 159 162 171 173 175 183 186 218 236 242 247 253 255 256 259 260 268 270 272 273 274 276 283 284 297 300
58
4 8 15 20 24 26 28 29 30 33 38 44 45 52 54 55 69 72 83 93 99 102 104 106 111 116 119 126 127 132 139 145 150 158 160 174 191 198 200 207 211 217 220 222 233 234 240 241 243 259 262 264 267 269 271 276 295 297
62
1 6 12 20 31 35 47 49 54 56 61 66 69 71 76 77 79 85 94 101 104 106 107 109 111 128 131 132 137 148 153 154 163 166 177 185 190 191 198 199 202 204 206 214 215 220 221 222 225 238 239 244 248 252 253 255 260 270 272 289 297 300
64
12 13 14 15 18 23 28 32 39 43 46 54 56 57 59 63 67 69 76 77 81 85 91 93 95 97 98 104 105 108 114 116 117 121 123 130 134 137 138 140 141 144 146 147 153 158 168 170 172 192 195 203 208 217 227 230 240 242 248 250 253 259 266 294
64
1 5 14 21 22 23 30 31 33 40 42 44 53 63 65 68 69 86 89 93 94 100 101 104 114 119 121 122 138 143 145 146 150 162 165 166 170 184 186 188 199 211 214 215 218 224 230 232 234 240 242 246 256 257 258 259 262 264 267 274 277 278 284 294
63
1 3 7 9 11 22 29 33 38 48 50 51 54 59 60 71 74 77 86 89 102 106 108 110 112 119 124 127 133 138 142 149 159 162 168 179 180 182 187 193 196 202 206 207 209 218 219 222 229 233 235 242 243 248 253 259 263 272 273 277 286 288 295
66
3 8 23 24 31 36 42 48 50 54 57 58 60 62 64 65 72 73 77 81 84 88 93 107 111 119 128 131 134 139 149 150 152 158 167 169 180 185 187 188 189 192 195 197 206 209 218 226 230 231 233 234 238 239 243 244 255 260 263 270 271 278 280 284 288 299
56
3 4 21 23 27 35 36 38 41 44 54 55 60 61 71 78 85 94 115 128 131 132 140 154 162 166 168 171 173 174 180 198 204 205 207 211 212 215 216 217 222 223 227 231 235 257 262 263 267 271 283 284 285 286 292 299
56
1 15 18 22 24 27 32 35 39 45 47 58 59 61 62 65 71 86 88 91 100 102 103 113 115 123 132 133 134 136 138 140 141 146 156 157 159 162 179 185 200 211 226 229 231 241 260 265 268 269 272 280 290 291 292 296
59
3 6 10 18 20 53 54 55 66 68 76 77 81 83 85 87 95 102 108 116 118 124 132 135 137 138 141 147 148 150 152 155 158 169 174 178 180 185 196 197 209 217 221 226 230 231 233 235 236 242 249 263 264 265 266 279 280 295 300
58
9 14 15 16 22 25 27 30 34 40 41 49 50 57 58 66 67 79 91 93 105 106 112 114 118 121 130 134 144 147 154 165 169 175 180 183 189 190 194 198 201 213 224 225 230 232 234 238 240 246 247 254 269 275 285 292 296 297
68
2 3 11 13 20 31 40 44 45 46 50 53 57 70 79 80 83 87 90 91 96 101 106 116 125 128 129 133 134 137 139 143 144 145 153 154 155 156 159 176 183 194 195 197 198 200 213 214 217 219 222 241 242 243 253 257 259 263 264 265 270 275 278 281 284 287 292 299
62
3 6 14 29 30 41 44 51 53 56 61 68 73 79 84 98 104 106 109 114 126 130 131 132 140 141 142 154 157 165 166 174 178 180 185 187 189 197 204 210 212 223 229 231 232 237 238 243 244 248 249 252 261 264 266 275 281 283 284 287 290 300
64
4 5 28 33 35 36 44 46 52 62 64 66 70 71 74 81 82 84 88 89 90 94 104 110 112 117 129 130 147 150 152 155 158 167 171 178 187 188 201 202 213 217 218 219 221 231 232 235 238 239 241 245 249 257 264 274 277 279 284 287 290 292 293 297
59
2 3 10 21 29 36 40 47 48 57 63 72 80 85 90 99 103 106 111 122 132 136 138 144 147 150 156 169 173 182 187 189 197 199 203 205 209 210 213 215 216 217 224 236 238 239 241 244 250 252 266 274 275 278 286 289 292 299 300
50
3 8 28 29 30 37 44 52 59 66 70 77 78 81 87 89 90 91 93 100 101 104 112 130 133 141 142 145 157 160 161 169 171 179 187 188 192 194 205 231 235 241 250 252 263 265 267 280 284 300
56
9 13 16 23 37 38 40 41 43 53 62 65 66 69 82 91 106 107 111 112 115 118 119 122 124 137 159 164 165 167 171 179 187 190 194 204 205 207 218 223 226 230 231 236 239 241 251 256 259 260 274 276 278 281 285 296
53
9 13 18 25 34 38 40 45 55 56 57 59 64 71 75 84 87 93 99 103 110 113 119 134 135 136 139 140 144 165 166 169 181 182 183 191 192 199 211 212 213 238 243 245 250 255 265 269 283 284 285 290 299
64
2 6 8 15 19 31 38 40 41 42 44 51 55 58 61 63 64 68 71 82 84 95 96 98 99 100 105 106 107 113 132 135 147 158 162 163 165 175 176 179 187 190 191 196 197 199 201 216 224 225 228 235 239 246 247 257 262 268 272 278 285 287 289 290
55
2 19 20 23 24 25 28 29 30 40 47 50 53 61 65 93 95 106 108 112 114 128 129 133 142 145 149 153 184 185 186 195 197 199 213 217 218 226 227 233 237 238 241 243 247 249 250 256 277 280 285 287 292 294 298
66
1 14 21 22 27 28 34 35 42 43 52 54 55 56 66 72 81 83 86 93 100 103 106 108 112 122 126 128 130 131 134 137 138 140 154 158 161 162 164 167 175 181 187 201 216 221 225 231 232 233 234 235 239 243 252 257 267 268 272 278 279 280 282 286 295 297
38
10 12 13 28 29 39 44 52 71 85 93 109 110 119 124 126 128 138 142 153 156 173 174 176 178 181 184 188 190 191 203 211 223 232 233 238 254 294
56
8 11 17 21 23 25 27 39 45 46 51 57 73 76 81 86 97 101 109 118 119 129 133 134 139 140 141 142 144 147 150 155 158 167 169 173 174 181 190 191 206 209 213 222 235 237 258 260 263 264 270 280 284 285 294 296
62
3 11 17 23 34 35 41 46 53 54 55 56 62 67 68 70 71 77 78 81 88 89 92 97 100 110 114 118 121 123 126 127 141 155 156 157 162 169 174 180 187 194 204 205 208 213 221 230 233 249 253 255 258 259 260 262 265 266 272 287 288 295
59
13 31 32 34 42 44 45 51 52 53 61 77 78 85 87 89 97 100 101 113 115 121 123 126 138 140 144 151 154 165 166 171 172 173 175 177 179 180 183 190 199 213 227 228 231 232 234 236 240 251 254 256 265 268 270 286 288 291 300
63
15 20 23 24 32 40 43 47 53 67 73 75 93 101 112 115 120 123 131 133 140 144 152 156 160 165 170 172 173 177 180 190 194 199 203 206 207 217 222 228 231 232 235 243 244 245 258 260 263 264 266 267 268 271 275 277 286 287 290 292 293 297 300
64
1 9 12 20 26 28 29 30 31 45 46 50 53 55 60 63 74 76 81 99 112 113 114 116 122 133 142 146 149 151 154 155 157 158 159 161 168 172 173 180 189 191 198 207 210 213 216 217 218 224 225 233 234 238 246 250 251 257 259 262 271 275 286 299
61
10 18 23 27 34 37 43 51 58 65 77 81 85 87 89 91 92 93 97 106 115 116 129 132 133 136 140 145 149 154 157 159 160 163 173 178 187 194 195 198 212 217 223 230 237 238 241 243 245 246 252 256 265 267 268 278 279 280 284 286 296
65
7 10 13 28 30 33 37 43 46 47 75 83 86 91 98 103 107 109 110 112 119 120 125 126 129 132 140 141 142 143 144 145 148 149 151 160 173 183 186 187 188 198 210 217 220 221 222 226 228 229 234 245 246 251 252 254 255 259 261 271 282 283 285 295 300
54
22 23 29 34 37 57 58 60 73 74 76 81 82 104 107 114 118 120 123 125 127 131 134 142 160 161 166 169 178 180 183 184 187 194 197 198 206 208 217 220 223 224 231 240 245 250 257 258 259 264 267 279 280 293
54
1 16 22 26 29 50 52 54 63 66 79 81 90 91 98 106 107 116 117 118 138 140 141 142 148 154 156 158 170 171 173 182 185 186 188 189 190 193 197 215 218 222 224 227 230 237 244 245 247 258 267 278 279 282
50
6 7 11 13 15 18 22 28 42 43 51 56 59 71 73 84 93 96 107 109 120 121 126 127 143 146 147 148 157 165 168 183 186 204 212 214 223 228 242 244 250 252 264 272 282 288 293 294 295 298
43
5 21 28 31 32 34 52 53 56 66 73 75 76 85 92 105 112 127 129 135 136 147 150 152 156 164 168 172 187 211 214 224 229 234 241 244 261 265 272 273 275 279 284
54
2 4 8 9 11 12 14 17 20 25 26 35 36 42 47 55 70 78 79 81 87 95 96 97 103 114 115 120 122 152 162 168 170 177 178 182 194 197 199 206 214 220 221 222 224 230 235 245 248 266 269 272 288 296
66
1 3 11 12 14 16 18 21 26 27 29 40 52 54 55 64 65 81 89 90 91 94 97 103 106 116 118 119 122 131 133 135 137 138 141 143 147 149 157 163 166 170 178 179 181 184 218 222 225 233 235 244 245 246 248 261 262 267 271 272 273 280 281 284 286 288
63
1 2 3 5 8 18 22 25 40 42 44 45 60 61 71 73 77 78 88 92 104 107 117 119 121 125 133 138 141 144 150 151 160 164 166 170 171 173 177 180 185 189 199 205 212 216 227 228 252 253 258 260 261 262 264 270 277 279 280 281 293 295 297
61
6 8 12 14 29 31 35 38 39 42 57 66 68 69 75 86 88 90 96 104 110 115 118 121 123 125 129 130 131 135 139 142 145 149 150 152 154 162 171 175 176 179 181 191 194 200 217 219 231 235 236 253 269 270 273 274 282 287 294 296 299
55
7 8 10 11 12 14 24 28 39 45 50 62 66 71 76 82 90 94 112 115 123 125 130 136 141 145 147 156 158 159 162 166 174 176 179 185 207 221 227 228 233 235 236 240 244 247 248 267 268 279 289 290 291 297 299
55
1 2 23 27 28 30 33 36 37 39 60 62 67 68 71 72 77 92 96 97 98 101 108 119 120 126 128 130 132 135 139 140 147 148 157 161 169 171 172 173 196 197 199 204 208 216 223 228 248 255 258 263 265 281 288
61
2 4 11 18 20 43 50 51 55 56 58 61 73 78 89 90 110 113 114 116 127 133 136 141 145 153 155 160 161 170 173 174 180 182 184 188 189 190 191 192 211 214 217 227 230 232 233 234 237 245 248 249 250 251 264 265 270 274 277 294 297
49
3 5 10 20 32 41 46 49 53 58 63 67 68 71 78 81 90 99 100 101 106 107 116 121 123 124 127 132 134 138 140 141 147 151 167 176 177 179 185 202 214 223 247 252 259 261 282 284 286
63
5 6 13 18 19 26 35 40 52 54 64 65 70 72 73 74 75 76 81 82 90 93 95 100 108 109 114 115 119 123 130 132 146 150 152 155 165 169 179 180 189 192 198 203 216 225 227 229 230 236 244 250 253 255 259 265 271 273 274 275 285 291 293
69
1 6 14 16 20 29 34 39 43 45 58 67 74 75 85 86 87 93 95 98 102 103 105 107 115 118 125 129 133 135 137 145 146 152 156 160 162 168 179 181 182 188 194 196 202 209 210 214 222 223 227 230 233 241 246 251 257 258 259 265 271 275 284 285 286 289 290 292 298
57
1 2 11 17 24 29 40 41 50 51 66 69 70 77 85 92 93 101 111 112 116 119 132 137 138 144 150 154 155 156 161 167 177 190 193 218 220 229 233 235 240 242 244 249 251 261 263 265 268 271 276 277 280 284 285 288 293
63
7 9 10 13 24 27 28 31 33 36 41 44 47 51 52 55 58 66 70 72 75 81 86 92 93 99 109 110 112 113 116 130 134 152 164 167 168 179 184 188 192 202 204 205 209 219 230 238 239 240 243 247 251 253 254 258 259 267 269 271 274 293 296
62
10 15 17 18 20 21 30 33 41 48 62 63 77 92 97 102 109 113 115 125 126 129 130 137 141 155 156 164 168 174 180 184 194 200 202 205 206 208 212 220 226 227 229 236 238 242 245 248 249 251 253 259 260 262 263 276 277 279 280 281 291 295
67
3 5 8 9 12 14 25 32 33 34 42 49 54 56 58 64 66 68 71 91 97 99 100 101 103 114 118 131 132 142 151 152 153 154 165 168 172 180 182 189 191 199 204 209 210 211 212 215 216 218 220 223 230 238 239 242 243 250 256 259 265 266 275 279 291 292 300
73
5 6 7 14 21 26 33 34 35 36 40 48 54 57 63 72 81 82 97 98 103 104 105 108 116 121 125 130 131 132 133 138 140 141 143 146 151 159 162 168 171 172 173 176 181 190 196 197 200 207 208 210 218 222 224 225 226 237 247 253 256 257 261 262 270 278 281 285 287 291 295 298 300
58
5 6 13 27 28 30 34 42 44 51 55 56 58 60 61 66 69 70 79 82 83 84 95 99 101 113 115 117 119 123 131 144 147 156 161 162 166 168 180 183 184 188 189 225 232 236 242 245 249 254 259 260 267 270 278 285 288 290
58
2 11 12 15 18 20 30 31 35 52 58 63 71 82 93 97 103 105 106 110 116 117 119 122 127 128 143 150 151 154 171 172 173 174 175 183 185 186 190 195 199 200 203 206 235 245 250 255 256 260 263 265 266 279 282 283 290 294
41
14 17 20 21 41 45 55 66 75 93 95 118 119 120 122 139 145 150 158 166 173 178 181 184 200 201 211 218 219 223 233 238 254 256 260 261 268 271 278 283 299
71
9 14 15 18 21 22 27 31 34 35 37 40 41 42 48 51 56 59 61 62 63 67 69 70 77 81 84 86 89 95 96 103 104 105 107 116 121 134 146 149 158 167 168 170 175 180 182 192 193 204 207 209 210 214 215 219 224 231 232 233 236 239 246 249 250 256 262 267 268 283 289
54
1 3 6 7 8 9 19 27 40 43 48 51 57 61 62 67 83 85 86 90 91 95 105 121 138 154 158 159 166 169 182 195 196 199 204 206 212 215 221 225 226 227 230 236 237 243 250 263 268 276 279 285 296 297
53
2 7 20 30 38 41 42 45 51 55 61 70 77 82 84 90 95 96 103 120 124 133 138 150 151 155 156 163 164 178 183 194 196 205 219 220 223 224 227 229 237 239 257 260 265 278 283 286 289 292 293 296 297
60
4 19 28 36 37 38 41 43 49 51 56 57 61 62 63 66 69 70 71 73 74 77 80 89 94 95 101 103 118 119 121 126 130 134 144 148 154 163 172 178 185 187 200 204 205 210 225 238 251 253 256 263 268 275 277 289 291 294 297 298
51
9 11 13 28 30 32 35 46 49 53 55 58 64 70 74 86 87 93 101 103 104 115 120 122 123 125 135 137 151 152 158 160 167 174 196 199 221 224 226 232 233 235 236 237 246 258 261 263 280 283 289
52
5 12 17 18 19 22 28 31 32 43 53 58 64 90 99 101 102 103 112 114 122 124 131 135 143 144 145 149 150 151 175 186 192 201 203 207 221 229 230 233 237 241 260 269 271 272 281 283 284 290 293 295
67
10 19 20 26 28 41 51 52 53 54 57 58 62 80 85 88 100 105 107 116 117 118 122 123 124 126 127 139 142 144 145 168 174 181 183 188 191 193 199 200 202 203 211 214 215 221 224 238 239 240 242 244 247 248 256 258 263 266 269 270 276 282 284 287 292 294 296
61
2 5 14 23 26 48 50 52 58 80 83 85 87 88 89 95 99 100 122 126 134 141 143 146 150 152 154 158 161 164 165 170 171 172 173 178 180 184 189 192 193 198 199 206 207 210 212 220 226 228 239 246 251 264 267 275 276 278 285 290 294
61
1 9 10 11 13 14 23 26 29 36 43 49 50 51 53 59 60 61 63 64 67 80 82 83 85 89 123 133 136 146 151 153 160 161 167 174 176 184 190 199 202 207 211 218 221 222 223 227 230 233 236 246 253 255 256 260 270 272 282 293 297
67
3 18 24 25 51 57 58 64 69 72 76 77 78 81 82 84 86 87 95 97 98 103 105 116 125 126 131 137 138 142 143 145 146 147 149 153 162 165 177 178 179 180 182 183 185 188 193 195 196 210 213 216 220 221 222 238 243 252 260 261 265 270 277 284 292 296 297
59
1 5 15 20 21 23 37 41 43 52 55 56 58 61 64 69 75 79 81 89 91 93 106 107 115 118 123 127 133 144 154 155 157 159 161 165 168 170 172 175 187 197 202 208 209 211 214 220 221 224 227 229 241 248 257 260 272 273 285
64
6 13 24 32 36 38 45 47 56 61 63 65 80 90 93 94 100 109 110 118 128 129 132 134 136 137 140 145 147 154 159 164 165 171 180 185 195 196 197 199 207 210 213 217 219 223 226 231 234 240 242 243 245 247 251 263 265 269 271 274 277 288 297 299
54
2 9 30 32 39 41 42 44 45 48 49 50 56 57 59 64 69 79 81 91 108 110 118 124 127 130 131 138 147 149 155 158 169 175 182 183 192 194 213 216 220 229 247 250 252 255 258 259 265 269 272 285 295 297
58
5 12 15 22 34 38 60 69 70 82 87 92 93 100 110 111 114 122 127 135 137 143 146 148 155 163 172 176 178 179 180 183 189 193 194 196 197 199 215 228 236 239 240 242 251 254 263 265 266 273 275 278 281 286 294 295 296 298
67
15 18 27 29 37 44 64 65 67 71 72 73 95 96 97 108 113 114 116 118 122 123 129 141 142 144 147 151 153 155 157 165 166 167 169 171 195 202 204 205 208 211 212 221 224 225 231 236 237 243 246 249 251 258 259 264 265 267 269 274 275 279 283 295 297 298 300
57
3 7 14 18 22 26 28 31 34 45 59 63 69 87 92 96 111 117 118 119 121 123 128 141 144 149 155 156 162 177 179 181 184 185 194 201 203 205 224 226 227 228 240 242 244 246 248 253 257 274 279 280 290 293 294 297 300
69
5 7 11 19 21 24 28 39 41 45 49 58 69 74 79 84 95 96 102 103 107 110 120 121 125 130 132 134 136 139 143 145 146 156 162 167 168 170 172 177 182 183 198 202 205 211 213 218 223 224 227 232 235 251 252 253 267 269 270 278 279 288 290 292 293 294 296 297 299
59
4 7 8 22 23 28 31 32 33 38 48 51 53 54 56 67 81 84 85 98 105 113 115 118 120 128 130 139 146 154 156 158 160 166 167 168 177 178 183 184 200 201 203 209 215 216 219 226 229 234 240 245 255 258 270 271 291 293 299
65
3 12 13 15 17 20 23 25 28 30 50 52 53 57 60 61 68 72 73 75 76 80 82 84 99 101 108 112 114 121 125 129 133 140 146 161 164 165 167 178 182 192 201 209 216 222 223 226 227 228 232 233 242 246 247 251 260 269 273 275 277 278 280 282 296
52
4 9 15 16 35 38 50 61 66 68 76 81 85 93 94 96 99 107 117 122 128 130 132 143 147 148 152 165 170 179 182 185 192 195 201 208 210 212 223 226 227 231 244 256 260 263 282 287 288 293 298 299
72
6 7 19 26 29 31 39 45 50 51 53 56 57 58 63 64 66 84 90 101 106 107 108 114 124 127 134 135 137 138 140 148 149 151 152 158 164 165 166 167 170 171 172 176 185 206 207 208 215 217 218 224 227 229 231 237 239 243 251 252 254 259 261 268 271 279 280 281 283 291 297 298
66
6 17 19 20 22 31 32 34 41 44 45 49 52 58 63 78 79 82 83 88 91 93 109 120 121 122 126 129 133 135 139 149 153 157 160 164 167 168 170 173 183 203 208 214 217 225 227 232 234 244 246 247 248 249 262 269 277 282 285 286 288 291 292 295 298 299
68
16 20 26 36 37 40 41 42 46 59 63 68 71 73 75 76 77 81 83 90 94 101 104 107 121 125 126 129 130 134 135 140 146 163 169 171 173 181 186 187 189 191 193 197 202 205 210 211 213 218 221 227 231 236 237 239 244 246 250 255 271 272 273 279 282 288 292 299
63
6 8 12 14 21 22 26 29 32 35 38 41 43 44 45 53 65 66 68 75 77 87 95 96 101 108 123 131 132 136 140 146 151 152 158 160 162 166 167 172 182 183 188 197 205 212 218 224 228 232 234 235 236 241 242 245 256 257 267 279 286 296 297
60
4 12 22 23 28 42 44 45 55 61 65 66 67 69 73 77 88 89 90 102 103 105 106 110 112 120 127 132 135 144 149 151 154 178 186 189 192 202 204 208 212 217 219 220 228 231 235 244 259 262 263 270 273 276 277 279 281 283 294 296
62
3 14 27 37 40 43 45 52 59 63 67 68 71 79 85 90 101 115 122 124 129 130 141 143 153 154 157 159 161 164 165 169 170 177 179 189 212 213 219 220 225 227 230 232 236 239 241 244 264 266 267 269 270 273 274 279 283 284 289 292 296 299
59
3 7 10 14 17 23 24 27 39 40 46 48 50 51 53 62 64 68 69 70 72 74 80 81 83 87 94 97 99 110 111 120 129 136 153 162 171 175 182 192 202 204 211 213 218 219 221 223 234 235 244 250 251 260 265 268 273 278 299
62
1 2 4 5 11 14 16 19 32 36 37 38 42 46 47 49 53 64 65 69 71 73 74 77 81 84 90 102 106 117 119 123 135 145 148 164 165 173 177 179 182 188 190 205 210 216 218 221 229 232 242 244 251 254 255 258 261 263 267 272 280 289
60
10 11 19 22 32 34 36 37 54 56 57 70 72 77 78 85 87 91 92 93 94 97 104 108 112 116 125 126 136 143 144 149 158 164 168 170 172 180 182 183 185 191 194 202 206 208 216 217 219 225 233 236 237 249 253 267 269 270 281 299
53
1 2 9 12 14 46 55 58 67 70 74 84 86 90 92 94 99 100 102 114 116 127 129 130 131 134 147 148 153 157 160 172 178 186 189 210 212 213 216 219 220 226 227 229 233 242 259 261 278 290 295 298 300
57
3 7 10 25 30 41 47 57 58 61 63 64 74 87 90 94 97 104 108 115 117 124 126 128 138 142 143 148 151 152 158 160 162 172 180 183 185 187 188 190 200 209 214 219 222 230 236 237 238 257 259 263 264 268 269 276 299
68
2 12 14 15 16 17 28 33 38 42 51 56 57 59 61 62 72 77 79 82 84 88 96 99 100 106 107 115 117 118 124 131 135 137 139 144 145 150 151 158 163 164 186 192 193 210 213 219 224 226 227 229 231 233 236 240 242 243 250 251 255 282 283 285 286 288 290 296
53
8 14 18 21 33 39 47 52 54 61 66 78 79 93 96 106 113 116 120 129 131 140 142 148 167 168 169 180 190 197 198 199 201 204 210 213 216 220 225 227 228 231 236 237 239 244 260 261 262 267 286 288 296
62
1 8 14 15 29 32 33 35 36 39 40 45 50 59 66 67 72 76 78 82 92 100 115 116 117 118 123 142 148 151 154 158 159 161 168 169 177 178 196 198 200 203 204 207 221 225 232 234 235 242 245 246 251 253 256 260 267 271 275 283 289 291
80
1 3 5 7 14 19 25 26 34 39 41 44 46 47 48 52 61 67 73 75 76 77 79 82 83 84 89 103 104 108 113 114 117 118 127 128 130 131 133 137 141 143 150 151 158 161 163 165 166 170 174 177 180 183 184 188 199 200 202 208 210 211 216 217 226 229 232 238 244 249 253 256 260 261 266 283 291 295 296 297
60
1 2 5 12 18 20 28 31 36 42 43 47 49 53 54 58 66 71 73 89 108 109 112 113 115 120 128 129 134 153 154 157 159 160 161 163 164 168 172 176 182 184 186 189 200 203 208 213 226 227 229 244 250 262 263 271 277 282 297 298
74
3 9 19 24 28 32 34 35 45 51 52 54 56 58 61 65 71 79 88 92 100 109 113 118 119 120 121 123 124 126 128 130 133 135 137 142 144 148 152 153 154 156 161 173 176 179 184 186 195 197 206 229 231 235 237 244 246 253 258 259 260 262 263 264 272 273 275 276 279 284 287 289 296 300
52
10 14 15 25 30 36 40 41 42 45 50 55 56 60 65 66 72 73 88 114 119 127 138 141 157 162 168 175 180 182 183 188 189 201 203 205 207 212 214 232 246 260 262 268 271 272 277 284 287 292 293 300
66
4 13 14 15 16 18 20 21 22 25 26 30 31 32 40 55 64 65 67 81 84 89 92 93 98 100 102 103 106 108 125 135 141 144 145 147 149 163 167 168 176 179 180 182 183 194 197 198 199 202 204 206 218 220 228 232 240 247 254 255 256 258 278 284 296 299
50
5 8 9 16 23 39 45 66 68 71 77 79 88 93 95 104 106 107 129 135 142 149 155 160 163 183 186 188 192 197 198 210 211 224 227 229 240 241 245 247 252 258 265 267 271 283 285 287 292 298
53
6 8 16 22 26 33 39 43 47 59 62 72 73 84 91 92 97 105 112 119 120 122 131 132 133 137 140 142 149 152 154 157 159 161 166 174 177 184 186 190 218 219 225 230 244 251 252 253 256 258 274 277 282
57
7 8 22 27 39 41 42 46 50 53 54 68 71 76 93 98 102 105 110 116 117 123 124 138 158 167 171 173 180 182 186 190 192 199 204 205 211 223 225 227 232 233 234 243 244 251 257 259 261 270 273 286 290 294 295 296 300
60
13 15 17 19 24 26 27 29 45 46 47 55 57 58 78 84 85 89 97 102 103 111 120 123 135 139 148 150 153 161 168 173 174 179 182 188 192 195 200 201 209 212 218 225 228 231 234 240 245 248 251 252 254 257 271 272 285 288 289 293
64
4 8 13 17 19 21 23 26 28 39 44 54 57 58 59 66 73 82 83 97 99 100 104 108 111 112 116 119 131 135 136 138 140 142 144 147 153 162 166 171 180 185 186 187 201 207 215 223 225 228 231 232 238 239 250 256 268 270 274 283 285 286 290 299
69
1 6 7 20 30 34 35 36 37 39 49 52 58 60 70 71 72 75 76 80 82 84 88 91 96 102 104 106 107 108 131 134 139 144 147 149 150 151 153 159 162 163 167 169 171 182 187 195 198 204 208 221 224 227 231 233 237 248 252 255 258 260 274 276 288 290 294 295 297
61
5 9 11 18 19 33 36 38 43 50 53 56 58 61 63 70 73 79 82 87 102 103 111 120 135 141 148 149 163 170 177 180 181 182 183 187 192 194 205 208 209 216 221 230 240 242 245 246 251 253 257 258 265 266 268 272 279 285 286 291 300
64
6 12 17 19 34 39 45 59 69 70 72 74 83 89 94 102 105 109 114 115 116 121 126 131 136 137 139 141 146 147 148 155 160 167 180 185 191 193 194 200 202 205 208 214 218 230 231 233 234 240 246 248 250 252 258 265 268 269 275 276 277 280 287 299
61
3 5 7 13 18 23 26 27 31 35 39 44 46 64 65 68 73 74 75 79 80 82 85 96 97 107 111 112 113 114 115 124 137 138 143 162 169 176 177 178 196 200 214 218 222 224 227 229 235 243 248 249 252 254 257 258 259 276 281 286 297
61
13 28 30 37 38 39 43 53 58 61 62 71 73 76 78 82 88 90 91 96 99 102 106 117 118 128 139 153 161 163 164 166 168 172 180 182 197 202 204 206 213 228 230 232 237 240 242 247 251 252 259 262 264 265 276 278 280 285 289 294 299
66
1 8 12 20 23 39 44 48 50 54 60 61 65 67 70 77 82 83 88 89 94 99 101 104 108 113 120 122 125 128 135 138 145 149 153 166 167 174 177 180 182 184 185 187 188 189 191 194 196 202 203 204 220 221 226 228 236 244 253 258 261 264 265 272 294 297
71
3 12 22 23 32 34 37 39 40 42 46 47 51 52 53 55 56 75 77 83 90 91 105 106 107 115 117 119 120 121 123 138 148 158 166 168 169 181 182 184 185 187 193 195 196 197 200 212 214 223 224 230 231 232 235 239 246 253 256 259 265 266 267 268 272 273 277 279 291 296 298
70
4 6 12 18 22 27 28 30 31 32 41 42 50 63 64 65 74 77 79 81 84 85 94 95 103 109 115 129 132 137 140 141 145 146 150 151 154 159 161 162 163 167 182 184 186 192 195 197 210 212 213 226 230 238 239 240 252 253 256 257 261 268 269 279 281 289 291 292 293 294
60
1 2 3 9 11 16 17 18 31 45 47 49 56 62 71 72 74 82 84 86 89 91 95 98 101 117 118 131 136 152 154 157 158 164 167 178 186 189 201 205 217 220 224 225 227 249 250 251 254 259 268 272 277 280 284 290 294 295 297 300
60
1 11 18 23 24 25 29 32 35 36 39 45 56 57 60 61 64 75 76 77 79 87 91 92 104 111 114 118 122 136 137 138 139 145 149 152 155 159 161 165 173 175 176 177 183 184 205 207 211 213 214 240 242 245 252 256 268 274 277 300
64
1 5 14 16 17 29 30 34 35 41 42 44 46 48 53 55 56 69 71 74 77 88 94 97 104 105 110 113 123 125 127 133 135 140 142 152 154 156 157 163 184 185 187 200 202 203 212 218 221 222 238 242 248 256 257 260 263 270 273 276 277 284 289 291
55
2 5 15 24 29 31 37 45 49 53 55 57 63 64 77 78 79 80 94 103 104 106 109 118 119 124 136 139 146 150 155 160 188 191 203 205 207 213 215 216 225 230 238 241 243 254 272 273 279 286 287 288 290 297 298
61
4 5 6 7 8 22 24 35 37 40 43 45 60 69 72 73 80 82 83 85 90 91 93 97 105 116 117 120 121 127 131 136 140 143 145 151 152 153 157 164 173 180 182 192 198 200 220 233 238 240 247 252 255 256 257 262 274 278 293 294 298
53
4 24 26 27 28 32 34 38 39 41 42 44 45 53 54 55 59 70 94 96 97 100 113 123 124 125 129 130 136 142 157 162 169 172 201 222 224 231 235 240 244 251 259 265 266 267 270 271 274 275 276 281 289
58
5 25 27 28 29 39 46 51 52 58 59 71 81 92 94 99 105 113 116 119 127 139 145 149 150 151 152 155 157 161 171 184 185 190 201 208 209 210 212 215 219 226 238 244 248 251 252 258 261 274 277 278 284 289 290 291 298 300
68
3 5 12 19 25 27 30 33 35 36 46 49 50 52 59 68 74 78 79 81 82 83 90 92 99 112 120 124 128 134 138 144 149 152 154 164 168 169 174 178 180 182 198 200 201 205 212 214 217 222 223 229 233 238 239 250 252 253 255 256 269 271 284 286 288 294 298 300
53
14 16 28 29 44 45 47 51 53 58 65 70 79 83 92 96 98 109 112 117 122 128 145 146 161 169 171 174 179 185 189 190 204 205 207 212 234 236 242 245 246 247 258 271 273 274 280 285 286 287 292 295 299
62
4 11 15 17 22 26 27 41 42 43 46 47 55 61 63 64 72 86 88 90 98 100 102 103 106 115 122 123 124 128 129 135 145 151 152 153 157 171 174 201 210 211 212 213 217 229 232 245 247 252 263 264 265 270 271 278 283 284 290 293 296 298
67
1 10 15 18 27 45 49 51 53 63 65 69 70 78 82 105 110 113 115 117 120 123 124 128 131 132 136 137 140 141 142 149 155 159 168 174 197 198 199 200 206 218 223 225 226 232 236 239 241 245 255 257 263 264 266 270 271 274 278 281 284 285 290 294 295 296 297
52
6 14 15 18 43 47 48 52 58 67 72 75 85 107 110 111 113 115 118 128 136 137 138 153 157 158 159 162 165 172 175 177 185 202 217 224 233 234 235 236 242 245 249 254 255 260 264 269 272 289 292 300
58
1 5 9 14 18 22 23 28 30 36 46 48 58 67 79 84 87 89 92 94 95 100 101 107 112 115 137 139 140 146 147 151 155 162 163 179 181 188 192 194 197 206 209 216 228 232 235 244 245 251 259 268 271 272 274 277 278 288
52
5 7 9 18 36 38 39 43 48 53 55 62 73 78 84 89 96 98 122 130 132 140 165 166 167 174 178 182 186 187 191 202 203 208 209 210 223 231 232 233 237 239 244 246 252 261 262 267 268 270 290 291
67
2 7 8 17 18 19 22 28 38 40 46 47 48 50 53 62 65 68 70 78 79 81 92 100 103 105 107 116 117 127 138 141 145 154 155 157 158 160 162 164 166 167 172 173 174 180 189 192 194 197 202 213 215 217 221 223 227 236 240 243 248 254 257 267 271 285 286
61
8 10 20 25 26 27 28 29 31 39 40 55 56 72 80 81 89 90 92 94 103 107 114 116 118 120 126 129 133 135 141 146 147 151 153 156 170 173 186 192 196 197 198 202 212 214 228 244 247 264 271 272 278 280 281 282 283 287 291 292 298
53
1 5 8 25 29 35 37 39 40 42 43 55 62 64 65 85 90 95 96 101 104 106 112 114 119 121 126 130 133 137 141 145 153 167 171 176 180 189 190 191 198 199 209 215 224 228 230 233 252 273 290 292 293
70
2 3 8 12 13 20 22 24 26 27 29 30 37 38 49 50 51 53 54 57 59 62 66 74 78 86 89 92 106 114 117 119 120 123 130 137 144 145 147 148 149 173 176 180 182 184 187 193 194 195 200 213 223 224 226 227 236 244 258 259 268 269 270 271 279 281 282 288 293 295
57
6 8 12 14 18 21 28 31 37 39 40 50 57 61 66 84 86 92 101 102 104 108 115 117 120 126 137 141 144 155 160 171 174 175 176 180 193 202 207 208 211 224 227 232 236 239 247 248 250 251 257 258 269 271 279 280 283
66
3 5 6 12 19 20 23 24 25 29 30 32 37 42 46 47 56 59 61 67 80 86 104 105 117 118 129 130 131 135 141 150 154 160 168 188 191 196 198 199 203 204 205 208 216 217 218 222 223 227 230 232 235 242 246 251 267 271 274 280 284 286 289 290 296 298
61
1 2 4 21 29 31 32 35 39 44 47 50 53 54 59 73 76 81 89 90 103 107 108 109 122 131 132 136 147 149 157 168 169 173 174 178 179 180 184 188 190 195 197 200 211 216 218 220 221 225 233 234 239 241 244 264 268 269 270 292 299
60
8 10 18 19 20 35 41 42 43 50 51 52 53 67 70 85 92 97 106 111 123 128 134 135 138 142 152 160 161 165 170 173 180 188 190 192 195 196 204 207 214 219 222 234 241 246 252 253 255 257 258 259 260 267 275 283 286 292 293 294
68
3 11 13 23 28 29 44 49 64 66 75 80 81 85 86 93 95 100 109 111 115 116 121 133 134 139 144 152 159 160 163 164 165 180 185 187 188 191 194 195 198 200 204 205 210 211 212 219 230 236 239 245 249 251 258 259 267 270 281 283 285 286 289 290 294 297 298 300
71
3 6 7 10 14 18 19 24 25 29 34 36 44 61 67 73 78 85 89 96 98 101 106 111 113 121 126 129 133 135 139 142 150 152 154 159 163 166 167 171 175 176 182 187 197 198 209 213 214 218 220 225 227 231 232 235 236 238 240 245 249 253 255 260 264 266 268 288 290 291 298
65
3 6 7 25 30 31 36 40 41 50 54 61 63 64 66 72 80 83 86 87 88 95 98 104 110 111 126 127 131 141 145 154 157 158 159 161 162 165 170 187 188 190 193 198 212 218 224 229 233 237 242 243 247 251 252 254 257 269 271 274 276 283 286 295 300
54
3 7 18 19 20 25 39 49 53 56 65 68 81 82 97 102 108 114 117 118 119 141 150 151 156 161 167 168 173 179 185 190 192 195 196 203 204 206 213 222 223 229 248 249 253 254 258 264 269 271 275 288 293 294
61
7 12 21 24 37 45 51 52 59 72 77 79 85 96 100 101 102 112 117 118 120 121 127 134 137 147 153 157 163 165 174 184 192 194 197 205 207 211 217 218 220 230 232 233 235 244 250 258 259 262 268 270 273 274 275 278 279 291 296 297 298
47
3 14 18 23 24 26 35 47 62 68 81 87 91 92 98 100 105 106 109 115 116 129 132 134 140 142 160 166 168 183 186 192 197 212 214 223 225 232 233 239 245 247 253 271 272 280 282
60
3 11 15 21 23 24 26 30 32 38 44 46 55 58 60 61 74 78 81 91 101 102 103 104 114 116 123 129 133 140 144 148 159 161 171 176 181 191 193 194 214 223 228 231 237 249 251 258 263 264 276 279 280 284 286 288 289 292 295 297
63
11 14 15 21 25 26 33 34 41 44 50 52 55 56 68 75 77 83 84 85 86 90 93 97 100 102 103 121 123 129 135 137 140 143 146 150 151 154 161 169 170 185 187 191 193 195 196 210 225 230 234 239 253 254 258 265 273 280 281 284 293 294 299
61
2 4 7 11 25 42 44 55 58 68 74 84 86 99 104 108 110 111 115 116 117 123 126 127 131 132 146 147 148 152 154 155 159 161 164 166 170 176 181 182 187 188 191 199 210 226 234 238 244 254 255 256 261 262 264 271 277 278 287 291 300
63
3 4 10 12 14 18 20 32 35 37 40 48 49 58 64 66 67 68 69 72 76 87 106 112 113 115 121 123 131 139 140 141 165 166 171 173 174 176 177 185 194 196 198 199 201 209 216 221 222 239 244 246 248 253 255 260 265 268 272 273 284 299 300
64
3 4 5 9 11 13 14 18 19 32 41 42 43 44 46 48 56 60 62 74 78 81 92 101 102 106 107 114 115 126 128 129 132 133 135 138 146 155 170 172 177 186 188 191 195 196 213 221 225 231 235 242 244 247 251 253 258 263 271 274 279 293 294 297
63
6 25 43 50 63 64 65 67 68 74 80 81 82 84 85 86 93 102 103 105 117 121 123 124 125 126 129 138 139 142 147 148 156 157 161 164 166 171 172 176 180 185 188 198 210 216 221 224 231 232 233 234 237 258 259 262 263 270 279 280 282 293 294
60
20 24 25 33 34 43 46 47 56 62 64 68 73 79 81 86 87 89 93 108 114 119 131 134 144 150 167 168 171 179 182 185 188 190 191 194 213 214 223 227 228 229 233 241 244 246 251 253 256 258 263 265 269 270 273 277 279 285 293 298
63
3 13 14 16 21 32 44 49 51 58 65 70 89 95 96 103 106 109 113 115 116 119 120 122 125 126 133 135 138 146 149 150 154 164 168 170 180 182 194 196 197 198 210 216 220 222 223 226 234 239 241 247 249 250 255 260 261 271 273 288 290 292 298
67
4 10 11 12 15 16 20 21 22 23 29 38 40 45 47 48 49 50 54 58 59 60 68 80 88 89 91 92 97 99 100 101 103 121 126 127 128 129 139 140 146 148 150 158 171 176 182 191 204 216 220 228 235 237 238 243 253 260 262 267 272 273 280 282 291 292 299
61
11 15 16 22 28 32 35 39 54 55 57 60 71 77 80 84 89 93 96 98 100 106 108 111 123 124 128 130 132 136 142 149 150 155 156 158 159 162 167 173 174 187 191 192 196 203 206 211 225 229 232 236 241 242 249 255 260 264 271 286 289
68
3 13 20 21 26 27 34 35 37 44 46 48 49 51 53 57 58 68 69 71 74 89 90 92 97 104 108 117 120 127 131 134 139 145 163 167 168 175 179 185 186 187 190 191 200 204 207 213 215 218 223 224 230 233 237 239 240 252 253 260 263 265 268 271 274 276 285 299
58
5 12 15 22 23 32 34 35 39 44 54 65 69 70 80 93 95 98 101 109 110 114 118 123 125 128 131 134 136 145 146 151 153 158 160 169 170 174 176 180 185 190 193 194 196 200 204 210 212 220 229 253 254 279 280 287 294 296
