150 300
1.0 1.0 1.0 1.0 1.0 1.0 1.0 1.0 1.0 1.0 1.0 1.0 1.0 1.0 1.0 1.0 1.0 1.0 1.0 1.0 1.0 1.0 1.0 1.0 1.0 1.0 1.0 1.0 1.0 1.0 1.0 1.0 1.0 1.0 1.0 1.0 1.0 1.0 1.0 1.0 1.0 1.0 1.0 1.0 1.0 1.0 1.0 1.0 1.0 1.0 1.0 1.0 1.0 1.0 1.0 1.0 1.0 1.0 1.0 1.0 1.0 1.0 1.0 1.0 1.0 1.0 1.0 1.0 1.0 1.0 1.0 1.0 1.0 1.0 1.0 1.0 1.0 1.0 1.0 1.0 1.0 1.0 1.0 1.0 1.0 1.0 1.0 1.0 1.0 1.0 1.0 1.0 1.0 1.0 1.0 1.0 1.0 1.0 1.0 1.0 1.0 1.0 1.0 1.0 1.0 1.0 1.0 1.0 1.0 1.0 1.0 1.0 1.0 1.0 1.0 1.0 1.0 1.0 1.0 1.0 1.0 1.0 1.0 1.0 1.0 1.0 1.0 1.0 1.0 1.0 1.0 1.0 1.0 1.0 1.0 1.0 1.0 1.0 1.0 1.0 1.0 1.0 1.0 1.0 1.0 1.0 1.0 1.0 1.0 1.0 1.0 1.0 1.0 1.0 1.0 1.0 1.0 1.0 1.0 1.0 1.0 1.0 1.0 1.0 1.0 1.0 1.0 1.0 1.0 1.0 1.0 1.0 1.0 1.0 1.0 1.0 1.0 1.0 1.0 1.0 1.0 1.0 1.0 1.0 1.0 1.0 1.0 1.0 1.0 1.0 1.0 1.0 1.0 1.0 1.0 1.0 1.0 1.0 1.0 1.0 1.0 1.0 1.0 1.0 1.0 1.0 1.0 1.0 1.0 1.0 1.0 1.0 1.0 1.0 1.0 1.0 1.0 1.0 1.0 1.0 1.0 1.0 1.0 1.0 1.0 1.0 1.0 1.0 1.0 1.0 1.0 1.0 1.0 1.0 1.0 1.0 1.0 1.0 1.0 1.0 1.0 1.0 1.0 1.0 1.0 1.0 1.0 1.0 1.0 1.0 1.0 1.0 1.0 1.0 1.0 1.0 1.0 1.0 1.0 1.0 1.0 1.0 1.0 1.0 1.0 1.0 1.0 1.0 1.0 1.0 1.0 1.0 1.0 1.0 1.0 1.0 1.0 1.0 1.0 1.0 1.0 1.0 1.0 1.0 1.0 1.0 1.0 1.0 1.0 1.0 1.0 1.0 1.0 1.0 1.0 1.0 1.0 1.0 1.0 1.0
60
4 9 21 22 25 28 30 32 34 40 45 46 47 50 59 63 69 70 71 75 76 78 84 90 97 111 125 144 146 160 163 177 178 179 182 188 200 208 211 215 223 224 227 233 239 240 246 255 261 262 265 268 271 272 278 284 288 289 294 295
50
4 5 8 25 29 32 34 35 40 51 55 60 67 68 72 75 78 87 92 96 98 102 106 107 118 120 123 130 151 154 155 160 165 200 213 228 230 234 242 246 248 253 263 267 269 271 275 280 288 294
55
1 10 19 21 24 27 29 33 36 46 52 56 59 60 65 70 77 81 92 115 123 133 139 141 150 156 161 162 164 166 168 179 181 186 192 197 199 204 205 213 216 223 231 232 240 242 247 260 264 267 276 277 283 289 299
53
3 6 10 27 41 48 49 51 56 57 68 69 72 74 79 80 96 109 121 133 137 152 155 156 157 169 179 186 194 198 199 214 228 230 238 239 241 242 245 251 252 254 256 258 266 277 278 280 291 295 296 299 300
64
1 4 5 10 12 37 44 49 67 73 74 81 83 93 95 104 105 107 114 116 117 119 120 121 128 135 138 140 143 159 167 172 176 177 184 185 188 195 199 200 206 207 209 214 216 226 235 236 251 254 255 257 268 269 270 278 283 287 288 290 291 293 294 297
67
3 4 6 11 12 13 14 15 21 27 29 30 32 38 48 50 51 55 58 62 64 67 80 81 87 98 99 108 118 120 123 124 131 132 136 151 152 156 159 161 177 180 183 188 199 204 205 206 211 216 217 218 220 228 234 239 242 247 259 260 264 265 270 273 277 290 291
61
10 11 14 20 23 29 30 31 32 33 35 38 43 47 48 59 63 72 79 84 87 88 97 106 108 112 115 127 128 132 137 140 141 147 149 154 157 158 161 167 171 173 181 184 187 189 201 204 214 215 216 220 221 238 245 250 270 271 275 290 291
60
1 5 6 17 20 30 32 35 36 37 39 42 44 46 53 54 57 61 63 64 74 75 79 81 92 104 106 112 127 132 142 148 149 152 155 161 163 166 176 180 183 187 195 205 212 216 217 220 223 230 241 246 258 263 264 266 268 275 279 292
64
4 5 7 10 13 20 24 39 49 52 56 59 67 79 80 85 94 95 97 98 104 109 116 119 120 122 131 132 142 147 150 151 159 163 175 176 177 184 187 191 200 202 208 219 221 225 233 238 239 240 241 246 248 249 251 258 269 270 273 276 284 285 287 295
57
3 5 8 9 10 15 19 27 34 40 52 55 61 64 65 66 67 71 79 81 82 84 85 87 90 94 100 113 136 146 147 148 150 153 156 167 170 175 178 179 180 181 187 200 202 203 217 224 226 232 249 251 265 266 270 283 298
62
1 3 4 7 8 11 13 14 15 30 35 41 43 53 54 57 59 66 68 69 76 85 89 95 105 106 107 111 113 115 118 121 123 125 133 140 141 145 150 153 165 167 181 187 188 193 197 208 232 244 246 249 251 267 272 275 282 283 285 288 296 297
57
1 5 10 17 23 50 51 59 61 64 66 81 86 93 96 97 106 111 125 129 131 132 135 142 145 156 158 163 165 166 167 168 172 173 175 178 183 188 198 200 201 205 206 209 216 220 225 234 236 247 249 262 263 264 276 280 296
60
9 15 27 36 38 39 51 53 58 59 78 82 83 84 87 90 92 93 95 97 108 112 117 121 123 124 129 130 134 140 146 148 149 150 164 166 172 174 175 178 181 186 203 210 213 224 234 236 240 245 246 247 251 256 268 276 277 284 286 298
62
6 8 12 13 15 25 32 36 40 55 63 67 73 75 78 80 93 96 101 103 104 109 113 120 124 129 133 149 153 159 165 168 174 176 179 182 186 196 198 202 203 204 216 221 222 223 227 228 230 236 240 243 258 259 260 269 276 281 285 294 298 300
54
5 13 17 23 35 47 49 50 51 58 64 68 71 78 80 81 82 99 101 102 115 117 118 123 127 137 141 152 157 164 170 179 184 194 201 204 205 222 223 229 233 234 244 251 252 254 263 270 275 280 288 292 296 300
50
2 5 7 16 17 20 26 27 38 39 42 46 59 65 71 75 81 97 107 127 131 132 147 152 158 160 171 172 178 181 182 188 189 192 193 207 224 228 229 237 241 244 255 260 264 265 271 272 294 300
61
1 2 4 5 9 11 12 17 18 28 35 50 59 64 66 68 72 74 76 79 83 91 98 100 104 115 118 120 121 128 129 131 135 137 147 149 165 168 170 171 183 185 190 193 196 199 207 209 212 213 227 233 235 236 253 268 275 280 281 286 297
60
7 8 14 15 17 18 25 29 32 36 39 49 53 63 64 71 72 77 79 82 84 91 102 111 120 122 123 125 129 132 141 148 149 158 159 161 167 184 200 203 218 219 221 232 241 242 245 251 253 255 257 258 260 265 267 271 274 276 283 296
48
4 7 8 23 27 28 30 37 53 56 57 59 60 66 76 83 102 107 136 138 148 157 158 159 168 169 173 181 199 214 216 218 227 231 232 240 242 249 250 258 260 261 272 289 290 291 294 299
66
1 9 24 27 29 31 49 50 55 56 58 65 66 67 68 69 73 74 76 91 95 97 99 113 116 117 134 144 148 150 151 152 157 158 163 164 168 175 178 185 190 192 204 206 208 212 213 215 216 219 227 228 243 248 249 250 252 257 258 260 267 268 279 281 285 293
59
6 10 12 13 18 23 24 25 30 31 68 69 73 76 77 79 80 84 85 90 96 105 107 108 109 110 119 121 132 142 143 145 157 160 164 165 175 198 227 241 242 244 245 246 251 254 255 259 261 263 267 270 271 272 274 280 286 287 288
69
11 12 13 29 33 39 40 41 44 50 51 53 54 61 62 63 64 69 75 76 79 80 83 88 89 105 111 115 122 127 139 142 144 151 155 156 164 166 167 169 173 174 176 183 191 194 198 201 202 203 204 208 212 219 221 224 225 226 235 236 241 244 249 254 257 273 282 283 287
60
9 14 17 27 30 31 36 40 44 62 68 78 79 82 84 87 92 96 97 99 103 112 114 131 132 144 145 157 165 168 173 174 177 186 190 193 197 200 204 205 209 212 217 219 224 227 239 241 246 248 260 266 271 273 280 281 282 283 285 288
55
14 40 43 49 51 58 66 67 69 74 89 90 91 97 101 105 107 111 114 125 132 134 137 140 141 143 144 147 151 160 163 165 172 176 181 183 193 198 203 205 210 232 235 237 239 246 256 261 263 269 271 289 291 296 298
62
4 8 17 21 23 24 29 31 32 34 45 59 67 70 71 74 85 90 96 99 103 110 111 114 117 128 129 136 139 140 144 145 157 159 174 178 179 186 188 190 191 194 202 205 210 211 212 215 216 218 220 225 228 231 233 236 238 242 243 247 263 281
63
8 9 16 24 25 30 40 49 50 52 53 54 63 65 69 70 77 82 84 87 89 93 109 111 119 121 124 126 130 134 138 143 149 151 155 157 168 173 179 182 190 202 203 211 216 219 221 222 226 232 241 248 250 253 256 262 264 265 271 277 285 288 289
58
2 4 10 16 22 25 26 33 38 40 44 49 51 65 74 83 84 94 97 98 106 110 117 124 140 147 148 161 177 185 195 200 206 211 217 235 242 243 245 247 248 249 252 254 257 259 262 265 267 269 270 274 275 281 282 284 285 298
53
6 10 27 29 36 38 39 42 44 52 53 57 61 67 68 70 72 79 87 93 102 105 114 121 122 130 135 142 143 147 148 150 156 168 172 180 185 186 187 199 219 223 227 233 241 246 250 260 272 273 277 280 289
55
2 8 14 16 17 23 26 42 44 46 47 48 52 68 77 82 86 96 97 117 122 128 133 143 149 151 159 163 164 171 173 188 207 212 213 219 227 233 238 243 246 250 257 262 268 271 274 279 283 285 286 287 293 295 299
61
7 12 13 15 16 20 22 24 27 29 44 45 55 59 65 66 72 76 78 108 116 125 130 136 137 138 139 145 146 153 154 155 158 160 164 178 195 207 209 214 222 225 226 228 230 242 243 247 249 263 266 267 271 273 278 280 284 288 290 296 297
59
1 5 12 13 14 30 34 45 49 51 56 57 61 62 63 64 65 68 69 73 78 89 93 94 105 112 129 138 143 147 148 158 160 163 168 170 177 179 183 184 194 196 197 204 211 213 218 233 234 238 245 246 260 261 264 282 283 296 299
62
4 7 18 20 27 36 38 47 55 57 62 66 69 71 85 86 94 95 96 102 115 116 120 126 127 131 139 140 143 147 148 156 159 161 162 168 173 176 177 179 189 194 201 208 210 213 218 225 236 239 240 258 262 267 274 276 277 280 282 284 285 289
54
4 5 18 32 33 40 43 45 46 50 51 56 57 66 68 78 83 84 89 91 94 97 102 124 126 132 134 136 137 139 147 154 166 173 176 177 189 198 209 212 219 226 236 240 242 245 249 251 255 268 282 285 298 299
58
3 7 10 12 17 23 29 33 35 40 50 52 64 68 73 74 79 97 99 101 104 106 107 108 109 114 115 126 129 132 141 158 163 178 180 188 190 202 203 208 214 226 228 229 238 246 252 260 266 269 275 283 290 291 292 295 297 299
72
4 6 8 23 24 31 33 35 36 40 41 60 69 70 74 79 86 92 95 96 97 102 108 110 111 112 117 118 122 126 134 135 142 143 146 149 152 154 158 159 160 175 177 183 184 186 189 190 191 193 199 200 201 207 209 216 222 231 232 235 241 250 252 253 259 269 272 275 279 282 288 293
67
9 18 20 22 25 27 32 33 34 35 46 48 49 50 53 54 55 69 72 79 88 90 91 96 99 104 105 109 120 123 133 138 140 142 144 148 164 168 172 174 175 176 186 189 191 193 195 196 202 207 211 214 218 220 223 232 249 254 255 256 259 266 268 293 294 298 299
63
1 6 16 19 24 28 30 37 40 48 51 52 58 61 68 74 76 77 78 81 85 87 89 98 102 103 106 108 121 130 131 133 139 147 156 160 163 167 182 183 187 192 200 207 219 230 231 233 235 238 241 243 260 262 263 265 268 269 276 293 294 299 300
58
8 12 16 19 20 23 31 37 40 42 64 69 72 78 79 86 90 104 106 107 111 113 115 133 134 137 139 140 143 145 147 150 159 161 170 175 176 180 185 188 191 219 224 225 230 246 253 254 258 259 264 268 271 275 276 283 288 289
61
13 15 23 26 33 50 54 57 63 69 77 81 82 90 93 95 96 123 125 126 130 133 140 146 150 151 153 155 156 157 167 168 169 173 176 177 179 182 183 192 200 203 208 212 213 223 225 228 234 237 243 244 246 251 265 274 275 277 283 287 294
67
2 4 5 7 13 15 29 30 34 38 39 43 49 55 60 66 68 76 83 87 88 90 98 100 115 116 118 123 134 135 138 141 145 150 151 153 154 155 165 166 168 174 185 187 193 208 212 215 219 222 235 237 239 240 241 246 248 251 255 256 264 265 268 271 278 288 297
45
7 10 14 20 40 62 68 69 71 73 84 86 99 104 107 112 118 119 122 125 127 152 166 168 170 171 172 200 204 210 223 225 227 234 241 245 252 253 258 266 269 270 283 287 297
70
2 4 10 12 16 18 25 33 40 42 59 61 64 79 84 92 94 96 98 102 115 116 122 123 124 125 136 138 145 153 164 171 174 180 181 183 188 195 197 198 199 200 201 207 212 215 219 222 225 234 240 250 252 253 255 261 265 266 268 271 273 276 279 281 285 286 287 288 296 300
54
7 20 23 32 36 37 47 54 60 79 81 88 93 101 108 112 120 129 132 133 144 147 149 159 163 172 174 177 178 182 189 190 194 201 202 209 214 222 224 229 230 231 232 235 237 238 242 245 246 260 266 267 276 284
65
2 6 9 10 11 12 25 28 32 35 39 42 43 47 49 52 53 56 64 77 81 84 86 87 91 93 98 99 102 104 107 108 115 123 127 131 144 148 170 180 182 190 191 192 197 206 210 214 217 218 224 226 227 235 239 241 250 251 254 259 261 281 286 287 288
63
1 3 8 18 25 29 37 39 42 57 60 62 66 69 73 74 78 90 91 98 100 101 104 108 114 116 119 128 131 134 136 143 146 147 149 154 155 160 176 183 184 190 207 216 217 221 222 231 232 233 234 240 259 263 273 278 279 282 285 288 292 294 300
65
3 5 12 14 17 19 20 21 27 30 40 42 43 49 54 57 59 70 71 72 76 82 96 98 106 108 112 113 118 121 122 130 132 144 150 151 156 157 165 178 185 187 190 191 193 201 204 208 216 217 218 222 225 229 230 234 241 242 247 250 265 278 292 293 295
63
5 9 11 15 17 18 22 29 38 53 54 58 59 60 62 66 69 77 87 92 94 96 99 100 104 108 119 120 121 127 143 145 151 156 167 172 174 181 195 199 207 210 212 221 222 224 226 230 232 235 237 242 245 248 249 250 258 270 272 279 287 294 295
51
11 12 25 26 27 37 39 55 59 67 71 81 100 105 111 147 154 163 167 169 179 183 184 187 193 204 208 209 210 216 218 222 223 224 225 229 238 240 260 261 263 264 266 268 271 276 279 281 287 294 298
60
12 13 14 18 21 22 32 40 42 46 54 60 65 66 79 83 87 100 101 108 109 114 122 124 125 127 133 134 139 143 146 166 167 175 176 177 184 194 195 196 210 213 215 221 225 238 244 248 253 254 266 267 268 277 280 284 286 289 295 300
52
2 3 8 12 21 23 26 31 33 42 45 49 50 60 61 65 86 94 100 105 106 114 125 128 132 133 145 172 178 179 181 185 187 188 192 207 208 212 216 217 221 228 229 244 248 252 257 262 266 280 291 292
59
3 22 32 36 38 40 53 55 56 60 66 72 96 99 105 107 114 117 124 127 130 131 147 153 157 158 160 163 165 167 172 177 180 185 186 190 192 204 219 220 231 235 247 248 250 251 255 260 269 273 278 280 282 285 286 288 293 297 300
57
1 4 9 14 18 34 42 47 50 58 64 68 70 71 73 74 84 89 90 91 98 100 111 126 132 139 149 150 153 161 170 175 184 189 192 197 200 204 224 241 244 245 251 256 260 265 266 268 269 273 274 277 283 285 290 291 296
69
9 15 17 24 26 32 33 35 40 41 42 43 53 60 64 86 88 100 102 103 109 113 115 116 117 118 121 127 128 130 133 138 141 144 145 150 152 159 168 170 184 191 203 207 209 212 217 218 221 227 228 231 238 240 244 248 253 258 259 274 279 280 284 287 289 292 294 299 300
61
1 3 15 20 35 36 38 44 46 48 51 54 55 56 72 76 77 89 94 96 111 114 115 121 123 124 126 127 129 131 135 139 140 144 146 147 150 153 162 164 175 178 194 201 203 206 208 216 221 230 239 245 248 250 252 254 255 264 265 274 286
62
3 7 10 12 19 21 23 28 29 30 38 39 41 48 60 63 75 83 85 88 95 96 97 102 108 109 113 114 127 128 129 131 138 145 155 156 162 166 170 172 174 177 188 190 195 196 206 212 215 220 223 232 239 240 242 251 274 281 282 287 290 297
63
2 6 18 21 22 28 30 36 39 40 41 44 52 62 66 67 72 73 78 85 86 88 91 93 99 107 114 118 121 123 126 129 130 139 144 145 149 151 158 161 165 171 174 175 180 190 198 201 205 211 215 220 223 230 238 240 247 258 272 273 277 292 296
57
23 25 26 38 44 47 50 51 54 55 58 63 64 70 81 83 88 94 101 105 106 109 114 123 127 131 148 150 151 167 173 174 182 189 190 195 201 207 208 214 215 216 220 221 224 226 232 251 253 258 265 276 284 288 291 295 300
64
4 7 9 18 19 20 31 35 39 46 47 49 50 59 62 69 73 77 84 85 87 103 107 115 122 125 135 136 141 145 146 149 151 155 163 164 166 168 177 195 199 205 217 218 221 229 234 241 247 253 254 259 260 261 265 267 268 269 278 280 281 285 295 297
53
9 12 16 20 34 49 50 51 57 67 73 77 78 96 97 98 103 112 114 130 135 139 145 148 153 163 166 168 169 170 176 178 185 188 198 200 201 204 206 211 223 231 239 243 248 252 253 256 273 274 285 288 297
49
1 4 18 21 52 53 60 65 66 93 99 100 102 105 109 112 127 133 134 143 166 173 174 184 187 190 194 196 198 202 203 204 206 211 215 216 223 232 239 245 246 258 264 275 283 288 290 292 295
53
19 21 26 40 44 52 54 55 64 65 70 74 75 82 86 87 112 119 120 125 130 131 136 164 168 186 190 192 193 195 199 208 216 217 219 229 233 235 240 242 244 245 249 250 253 254 255 258 270 278 287 290 296
61
9 17 19 26 36 38 50 57 60 62 65 71 80 86 91 99 105 109 113 134 135 136 137 138 140 141 145 148 151 159 161 173 175 179 183 185 186 187 195 196 199 206 211 216 223 225 226 233 236 239 244 250 258 260 261 262 272 273 291 293 294
64
1 6 23 24 28 34 36 37 40 41 42 56 58 61 64 74 77 78 85 87 93 95 103 104 105 112 113 118 123 135 138 139 141 154 158 179 183 188 194 198 204 211 215 217 219 220 224 228 231 233 247 248 250 251 252 255 260 269 271 273 274 275 278 291
69
1 6 9 14 15 16 17 23 25 38 42 48 58 61 64 70 71 77 84 85 89 97 98 101 109 115 120 121 122 138 141 157 165 169 171 174 181 185 189 192 194 195 198 200 209 213 220 231 232 238 239 240 250 252 253 254 258 261 262 265 267 269 270 274 277 280 284 295 300
56
12 17 21 34 36 47 48 54 60 62 67 72 74 78 79 84 85 91 101 103 115 117 118 125 130 134 140 144 146 149 155 156 162 165 167 181 195 200 208 212 215 220 223 225 229 232 238 241 242 246 249 260 263 266 292 293
62
3 11 12 13 23 28 32 36 39 42 46 49 52 58 65 82 86 94 97 98 102 106 109 114 118 119 120 137 146 148 156 159 162 174 177 178 180 186 190 194 197 201 207 211 217 226 232 233 234 243 261 263 266 268 273 274 275 276 277 279 283 300
59
10 12 15 22 32 36 37 46 48 58 60 62 66 69 70 72 81 83 97 100 105 106 118 120 121 133 134 144 149 152 153 159 160 163 173 180 186 187 189 194 199 201 213 216 222 223 229 232 235 236 239 241 243 251 260 270 274 276 280
63
6 11 21 23 28 40 41 57 60 75 83 84 86 87 92 100 108 112 118 122 123 126 133 138 148 164 169 173 174 177 189 193 194 197 201 204 205 207 208 213 219 220 225 229 230 231 236 237 238 252 254 255 262 263 266 267 277 278 279 284 289 290 291
69
8 12 14 15 23 27 29 31 32 34 36 40 42 46 47 48 51 54 55 59 62 75 78 79 81 83 86 101 108 111 120 134 137 138 153 159 161 162 163 164 167 174 181 182 189 191 199 203 207 209 212 214 216 218 222 224 225 230 242 248 258 260 262 267 277 284 287 289 300
63
2 6 12 14 16 19 23 25 28 31 39 46 47 65 68 72 76 83 84 87 96 97 106 107 117 119 120 123 133 134 139 141 158 162 172 175 179 189 192 201 207 208 209 213 223 224 236 238 245 252 256 262 266 270 271 281 283 291 292 296 298 299 300
47
7 15 22 29 30 38 42 46 53 55 59 62 69 81 91 96 104 109 113 119 123 126 128 137 138 150 157 164 165 166 171 184 185 190 197 202 231 239 243 248 250 252 275 278 290 297 298
68
4 7 9 11 13 20 23 30 31 37 43 44 45 49 54 56 59 67 70 79 80 83 86 103 104 110 115 116 124 125 128 130 136 145 146 154 158 161 165 170 178 179 182 189 193 197 199 200 207 209 211 220 224 226 227 234 246 249 250 253 276 279 281 282 285 288 289 290
63
6 13 24 28 31 36 44 45 49 52 55 57 65 69 78 84 94 101 102 104 107 115 117 119 126 129 137 141 142 146 157 161 165 168 170 172 183 184 193 194 196 207 213 216 221 222 235 239 241 242 244 245 248 257 260 262 267 271 277 281 286 288 297
51
3 8 17 18 23 37 47 63 65 66 70 74 77 93 97 100 102 104 114 122 138 144 146 149 152 163 185 188 194 198 202 207 214 216 225 227 228 235 244 247 251 261 263 267 270 278 279 281 291 293 295
61
5 12 14 20 29 41 44 45 50 51 54 63 66 71 85 89 91 93 94 96 97 99 102 104 117 120 123 126 128 139 144 150 157 159 163 167 172 181 198 202 203 217 222 225 228 229 236 243 257 260 261 262 271 272 275 282 287 290 291 293 295
60
3 15 17 20 21 24 28 32 33 40 44 54 55 56 59 66 68 77 79 83 85 86 88 91 108 114 125 134 135 140 141 153 156 157 158 165 170 172 177 181 192 200 201 205 221 224 226 232 234 242 250 259 264 269 271 273 276 292 296 298
61
4 31 36 41 42 43 61 69 73 75 76 78 79 81 84 86 92 97 103 105 109 113 115 120 123 127 137 145 150 151 164 166 177 184 186 199 202 204 208 214 219 222 225 227 228 235 239 244 245 249 253 257 261 262 263 268 270 279 281 294 300
59
11 18 24 30 34 37 40 43 46 56 59 74 76 81 82 84 86 96 109 114 115 116 121 123 131 138 148 154 161 165 166 171 174 176 180 181 186 187 193 204 205 207 216 219 231 249 258 273 278 280 281 284 288 289 292 294 296 298 300
60
1 5 11 18 21 26 30 43 44 45 56 62 72 73 77 78 79 86 95 101 104 119 124 126 127 145 147 154 157 164 166 168 178 179 181 184 185 187 189 195 204 208 209 210 215 222 227 230 256 263 265 267 268 278 282 286 288 293 298 299
40
1 5 18 21 24 30 40 52 58 63 73 97 108 113 115 127 130 131 135 137 155 172 189 194 205 212 215 221 231 232 240 253 264 269 274 283 285 286 294 298
63
5 6 8 24 25 28 41 43 45 47 50 51 60 62 63 69 72 74 80 84 89 90 96 111 112 116 118 121 126 127 130 131 133 135 137 138 141 167 169 171 179 180 199 201 203 213 215 218 226 230 231 253 256 262 263 268 280 283 287 288 292 296 299
60
6 22 23 24 29 33 34 39 40 61 64 65 76 81 88 90 101 102 104 111 123 124 128 132 137 146 147 150 153 158 160 166 167 174 180 187 192 193 196 205 209 219 222 223 228 240 243 246 254 257 262 264 265 268 273 280 281 291 293 295
65
16 21 25 26 29 32 36 37 40 42 43 57 65 73 74 75 76 80 84 86 91 94 99 109 114 120 124 129 130 133 134 135 143 146 150 160 172 174 178 179 182 187 189 194 196 197 209 216 221 226 231 233 236 239 242 243 244 251 253 257 272 274 278 283 296
68
3 6 7 8 16 20 31 39 42 44 51 55 57 59 67 68 76 83 84 97 101 105 119 127 132 133 134 136 137 141 145 155 160 165 166 168 170 172 177 179 184 188 192 194 199 202 205 207 210 212 222 225 226 235 246 247 254 257 258 259 266 271 273 277 288 289 297 299
55
11 21 36 43 46 55 60 71 78 80 82 88 90 92 93 102 114 130 135 141 148 152 153 158 183 185 200 207 208 209 218 219 221 222 223 225 228 230 231 233 234 253 254 256 259 265 269 272 273 276 278 281 283 296 299
62
6 9 12 21 23 27 41 42 52 58 60 61 66 71 74 76 78 83 86 87 91 94 97 100 112 116 122 125 129 130 131 132 136 137 143 150 153 157 158 174 184 196 198 207 210 215 218 220 227 230 236 247 249 251 259 260 264 272 275 277 298 300
56
1 2 7 12 15 40 41 42 66 68 69 74 85 90 95 97 98 99 110 111 116 118 131 133 134 137 152 155 158 165 166 168 179 188 191 197 199 210 216 220 231 235 248 249 262 263 265 267 269 276 279 284 288 293 296 298
55
5 10 21 28 35 41 45 51 58 81 90 91 92 93 96 108 110 114 118 119 121 124 126 128 130 138 144 146 148 152 159 164 176 181 184 192 196 210 225 226 232 240 241 246 249 253 255 256 258 270 272 280 287 298 300
69
3 5 10 15 16 22 29 33 38 39 47 48 49 53 59 72 78 80 82 86 87 89 90 91 93 95 96 98 100 105 106 108 109 110 111 121 124 129 138 143 155 158 163 167 173 176 177 182 184 189 203 208 218 223 226 229 234 236 238 242 248 260 262 270 287 290 294 298 300
67
12 20 35 36 42 43 46 47 48 57 58 61 62 65 71 72 78 79 81 85 89 90 100 121 124 125 126 129 143 144 146 147 156 160 162 186 187 190 191 200 203 204 210 213 216 220 222 225 226 229 231 238 240 242 243 244 248 260 264 270 271 285 288 290 292 297 300
49
4 20 36 42 52 62 72 75 82 85 86 105 110 118 122 125 132 135 139 143 146 150 155 160 161 163 167 168 195 197 202 208 211 214 223 230 238 242 245 251 260 261 264 270 272 273 290 291 299
52
2 5 10 17 23 26 32 42 43 59 62 70 78 89 92 100 108 110 112 121 131 132 140 143 149 154 155 161 166 168 185 186 196 197 208 225 228 238 249 250 251 253 256 263 266 267 269 270 275 278 288 300
55
7 9 15 16 24 28 29 37 38 51 54 63 66 68 71 74 96 113 116 120 121 123 126 143 146 147 154 158 165 174 180 194 198 204 216 218 220 221 222 228 229 230 235 239 244 245 253 256 261 285 288 291 296 299 300
63
4 8 12 18 25 29 42 44 45 54 55 56 60 63 68 70 86 87 102 103 105 106 113 121 124 125 126 131 137 140 143 148 157 158 161 168 171 175 177 179 180 182 183 184 185 202 209 211 212 223 224 232 248 253 254 255 256 276 282 284 292 295 300
73
1 3 4 6 12 13 18 20 22 33 34 40 41 45 46 47 48 49 57 62 65 69 72 75 82 88 90 95 99 104 105 123 125 129 130 132 136 142 144 148 153 154 156 167 173 181 182 199 204 206 207 221 222 225 226 227 230 235 236 237 239 242 247 250 251 254 260 271 273 277 281 287 288
48
2 5 11 14 16 17 19 31 34 40 54 56 60 64 70 74 77 83 86 91 93 108 111 116 122 140 145 165 175 177 197 204 206 218 233 240 248 250 251 253 255 257 263 268 270 271 290 295
66
1 8 9 14 19 25 30 31 38 39 40 41 45 47 53 57 64 70 71 74 79 80 83 88 102 103 111 133 134 135 136 140 142 143 148 152 156 170 172 174 184 186 187 194 197 198 203 213 218 226 230 237 244 247 252 255 262 269 274 276 278 284 287 289 291 294
63
1 3 6 9 13 17 27 32 36 38 52 57 58 62 63 75 81 82 86 90 91 94 95 96 98 105 112 122 126 128 133 137 140 142 145 150 160 171 174 175 184 187 190 195 209 211 218 219 228 230 237 243 252 263 265 272 273 280 281 285 287 293 296
52
1 2 7 17 18 29 30 31 34 36 38 50 55 63 65 74 80 82 85 113 121 123 125 133 139 143 159 162 170 173 176 177 187 197 201 208 215 219 238 252 255 259 268 277 279 285 287 290 292 293 294 297
54
15 18 25 28 29 38 58 59 73 74 77 85 90 98 109 113 116 124 125 128 130 132 133 134 142 145 150 152 155 157 165 167 169 172 181 193 194 198 206 214 217 221 234 238 240 246 249 257 260 261 272 282 289 299
45
1 10 16 22 27 29 47 50 51 70 78 81 86 90 97 106 108 118 133 143 150 154 155 162 165 169 173 175 186 187 188 207 214 217 218 230 234 259 260 265 266 267 274 288 290
61
7 8 18 19 20 22 26 27 37 43 49 50 53 58 61 71 77 78 82 86 88 91 98 100 105 110 116 117 118 124 125 133 145 146 154 156 164 174 175 182 184 186 187 217 218 219 222 227 230 234 242 243 251 252 254 271 272 277 288 291 298
63
1 5 10 14 16 22 25 30 31 34 38 43 44 45 53 60 71 74 80 89 90 91 94 99 100 106 116 123 128 133 144 160 163 164 175 177 178 183 185 188 191 193 197 201 219 223 224 225 227 240 241 245 254 266 272 273 281 286 290 291 292 296 298
57
1 8 16 20 32 51 61 63 65 67 69 74 83 94 98 102 103 104 106 107 109 119 125 127 150 153 162 171 175 182 184 185 189 203 205 212 214 219 225 226 234 239 240 243 247 248 255 258 259 262 270 271 278 281 282 293 295
62
7 17 23 24 26 28 35 41 46 51 55 65 66 69 74 78 80 81 88 89 98 99 101 103 111 114 119 120 122 125 126 128 135 138 153 159 164 165 166 168 169 171 175 178 180 188 192 210 213 224 244 246 249 252 256 258 262 263 272 275 285 286
58
3 25 26 32 40 43 44 47 48 60 62 68 76 77 78 80 86 91 93 97 105 108 109 115 119 127 135 143 145 153 174 181 186 195 199 200 206 209 214 216 218 222 227 229 240 243 245 251 263 266 268 272 276 277 280 284 291 294
63
8 21 25 29 47 50 58 59 65 67 68 70 78 79 81 86 92 99 100 106 108 122 140 142 144 150 151 157 167 170 172 173 180 183 184 190 206 210 214 218 222 229 232 237 241 243 253 258 259 260 261 262 264 265 274 277 284 290 291 292 294 297 299
68
1 4 7 8 10 14 16 22 35 46 51 56 59 61 63 64 67 68 69 71 85 93 96 98 102 109 114 116 118 121 147 148 153 163 164 166 170 171 174 178 184 187 191 194 199 204 205 207 208 211 221 230 232 240 242 247 248 251 252 256 264 266 271 272 280 286 288 300
51
8 10 11 14 16 25 27 39 64 77 80 81 86 91 94 101 104 109 127 134 136 144 146 147 151 153 163 168 177 179 184 201 207 208 211 221 222 226 228 242 247 252 253 255 256 261 262 273 274 278 288
65
1 2 6 9 12 18 20 26 32 33 35 38 42 49 55 61 64 68 69 71 88 110 115 118 119 124 125 128 129 132 136 138 139 141 143 144 146 147 148 149 158 170 175 180 190 195 201 211 218 226 229 235 237 239 245 258 262 263 264 269 278 283 293 296 300
47
7 8 12 15 16 20 21 34 43 52 58 70 72 75 96 103 119 130 132 146 150 157 166 168 169 181 199 200 207 216 218 223 227 228 243 249 252 254 258 262 266 275 282 285 286 292 293
52
2 3 16 36 37 42 45 48 49 65 68 80 81 83 84 95 97 101 104 107 110 115 118 121 140 145 155 159 164 169 181 183 184 185 188 198 199 205 207 220 222 225 233 245 257 259 262 263 265 270 291 300
61
3 5 6 8 16 20 21 24 27 39 41 45 57 70 74 78 80 81 88 91 92 94 96 106 114 116 119 130 132 135 137 145 151 158 171 174 176 181 184 186 192 193 196 198 205 212 222 228 231 234 241 243 244 248 254 257 261 276 282 290 294
49
5 21 35 38 39 52 63 73 78 82 83 92 94 101 102 107 118 121 127 132 134 139 144 152 157 161 172 176 177 190 202 204 206 211 217 221 225 227 246 248 251 253 256 261 275 281 284 295 297
56
3 9 23 27 32 45 48 54 55 64 68 71 74 76 82 90 95 106 107 108 109 119 126 128 129 133 139 146 147 152 153 156 157 166 167 174 179 184 192 201 207 222 227 229 232 233 238 240 249 255 272 275 281 285 287 299
66
2 4 7 13 27 29 30 35 37 42 43 47 54 59 63 68 69 73 79 80 86 87 94 98 100 101 106 107 121 126 134 137 147 148 150 154 155 156 157 158 162 165 172 176 179 180 183 187 189 195 200 207 214 220 226 228 230 234 241 244 255 258 263 280 291 294
61
7 8 15 17 18 19 21 25 31 32 34 36 37 40 57 58 59 60 63 74 77 83 87 101 111 125 143 152 155 156 161 164 170 171 173 183 213 214 217 228 236 238 240 242 245 247 258 261 262 264 265 267 268 272 277 278 281 290 293 298 299
61
9 31 41 47 60 66 67 68 75 84 86 92 95 96 110 113 114 118 119 122 127 130 135 136 137 139 155 158 164 168 169 174 178 181 183 185 197 198 199 207 215 224 225 226 229 232 236 244 245 246 247 255 258 260 262 263 267 277 290 296 300
56
16 28 31 37 54 58 61 67 73 77 86 94 95 105 112 116 118 124 130 139 145 148 152 174 175 182 185 186 189 191 206 209 222 227 229 230 231 232 235 236 241 244 248 255 258 259 261 280 286 287 288 289 293 295 297 298
52
3 20 22 23 28 30 31 34 37 42 48 51 52 55 60 61 76 88 89 90 91 97 108 110 121 122 138 139 142 145 150 162 165 176 178 182 183 192 198 202 205 209 221 237 249 252 264 265 270 277 293 295
44
7 15 22 24 32 33 46 53 67 78 80 95 100 110 111 118 129 130 136 139 142 146 159 168 176 177 181 185 186 191 215 227 229 236 242 263 274 276 281 287 292 294 297 299
60
1 6 7 8 11 12 14 18 19 29 32 50 51 53 56 57 68 73 79 80 84 88 89 91 102 103 105 109 110 117 121 123 127 128 132 134 138 146 154 159 160 184 195 201 202 214 215 221 226 230 231 243 258 261 264 267 275 281 284 291
63
1 4 26 27 34 38 41 47 50 54 55 57 65 70 74 79 83 90 95 109 110 118 122 125 129 131 134 141 152 154 155 156 164 168 169 170 174 178 183 187 202 206 209 213 220 221 231 233 236 245 249 253 254 257 259 264 268 275 276 279 281 285 296
68
4 10 12 14 15 22 25 29 31 36 41 45 46 47 48 49 52 53 57 60 66 69 71 75 78 79 80 84 87 94 96 97 101 103 106 110 113 117 129 133 136 137 148 161 162 165 167 172 178 181 183 186 195 208 226 228 238 239 241 255 256 257 263 271 276 292 295 300
58
20 23 28 31 45 48 59 60 65 68 70 71 78 81 93 101 108 110 120 123 126 130 137 144 145 146 147 159 164 166 168 170 175 186 190 193 194 202 208 209 212 214 220 226 233 236 240 243 246 259 264 274 278 283 287 294 299 300
59
3 7 20 22 23 34 45 46 58 62 65 67 74 78 80 86 87 89 90 93 94 105 113 117 124 126 127 130 131 134 136 147 149 150 156 157 160 162 172 173 174 181 196 198 200 203 206 207 211 214 217 233 235 247 263 284 286 292 299
53
2 3 4 9 16 18 30 37 38 51 69 72 77 83 87 88 89 91 96 97 101 104 107 110 113 115 118 128 132 134 137 143 152 153 183 186 201 209 211 218 225 229 230 237 243 248 256 258 260 277 286 288 290
59
16 18 24 32 47 51 52 61 62 64 73 75 79 90 96 100 112 114 123 130 133 141 146 151 153 158 160 166 173 193 202 203 205 210 211 217 223 229 233 234 237 240 241 244 250 254 257 260 263 266 269 270 277 288 291 293 297 299 300
66
3 4 5 6 8 9 15 17 21 22 25 26 30 38 39 42 44 46 55 62 65 66 75 77 79 80 93 95 97 102 103 106 113 130 161 162 168 181 182 183 193 194 199 202 205 212 216 225 228 230 233 235 236 239 243 244 259 265 268 270 271 272 274 276 277 283
60
4 6 17 23 27 29 33 42 51 53 56 57 61 62 71 74 82 85 86 89 90 96 109 118 123 132 134 135 139 141 154 157 170 177 179 188 197 200 201 207 208 213 218 220 224 227 229 230 241 244 247 248 250 253 256 266 273 279 283 299
57
6 18 22 27 37 46 47 56 65 77 82 83 87 89 92 93 100 106 107 112 137 141 142 147 149 152 154 158 166 169 172 187 191 198 200 207 213 214 226 227 229 235 240 244 253 257 259 261 262 269 271 276 281 282 283 290 292
68
13 25 26 30 31 37 39 43 44 46 48 49 52 62 63 68 70 71 76 78 81 82 84 87 90 92 93 95 97 100 105 111 116 125 129 130 137 138 140 145 158 160 161 173 178 181 190 191 208 219 226 237 238 240 243 248 252 254 258 262 264 272 274 275 280 292 297 298
62
13 14 16 17 19 28 31 32 33 34 46 49 61 65 75 77 84 91 102 107 124 135 136 154 157 159 160 166 169 175 177 179 182 184 187 188 211 214 215 216 217 218 220 221 222 232 233 239 241 242 246 253 255 256 257 258 275 277 287 289 290 296
51
9 10 11 18 20 32 40 44 57 58 75 76 81 92 105 128 133 137 143 145 146 154 158 164 165 166 167 168 175 182 184 187 190 193 195 210 216 221 225 226 239 250 256 262 269 277 281 290 292 295 296
52
12 20 23 27 28 42 45 49 51 58 61 69 84 90 93 102 105 110 111 121 122 132 133 138 139 146 147 150 156 165 169 178 183 186 193 204 207 232 238 243 249 251 252 262 263 271 273 284 287 293 297 298
59
2 14 20 23 28 30 31 33 52 60 64 65 82 85 89 90 95 100 104 106 107 122 128 130 138 143 150 168 193 195 196 197 198 199 209 216 217 224 227 228 230 236 237 238 248 253 256 260 261 263 264 268 269 271 272 290 292 295 297
56
1 7 15 23 31 33 38 41 50 52 54 55 61 69 74 92 97 101 103 112 129 139 151 152 161 164 165 168 173 174 175 181 183 193 194 209 213 216 217 218 225 227 229 230 237 243 245 248 277 284 287 289 293 297 298 300
68
3 19 21 22 26 36 39 46 49 51 52 53 63 68 72 76 77 83 89 92 99 100 102 103 104 106 116 117 118 131 133 134 135 144 164 169 170 172 181 185 188 199 200 202 224 231 243 249 250 251 253 257 258 259 261 267 272 273 275 281 284 287 291 292 293 294 296 300
59
15 19 20 27 28 31 39 46 47 48 49 51 53 57 58 87 88 97 106 107 108 111 112 123 128 129 140 141 146 147 148 154 155 169 170 198 205 216 224 226 228 233 235 251 253 254 256 259 261 270 271 283 286 289 290 291 293 296 299
66
1 2 3 12 23 28 30 33 51 52 57 63 67 71 74 81 91 100 102 109 114 115 126 129 130 131 133 135 136 138 140 142 147 148 154 155 157 159 165 167 169 172 175 178 191 195 199 204 210 211 215 216 221 223 231 236 255 256 265 269 275 276 282 284 286 300
69
9 12 17 18 28 31 33 40 42 44 56 58 60 65 75 76 78 85 86 96 97 105 107 113 114 115 121 129 134 140 142 157 161 163 171 175 181 182 184 190 191 192 195 196 200 207 212 213 215 216 217 220 230 231 234 236 237 238 240 242 246 250 257 259 260 263 269 277 300
61
17 23 27 30 31 35 36 41 43 46 48 53 68 73 92 100 103 107 111 115 117 124 128 133 136 141 142 145 148 149 150 154 156 160 166 175 176 183 185 192 196 199 202 211 212 219 221 224 231 233 241 244 245 246 251 258 264 277 291 295 297
66
6 8 13 14 25 34 38 43 46 52 55 60 65 73 75 79 81 83 89 90 98 104 120 124 133 136 141 145 157 160 164 166 169 171 174 175 176 182 183 184 187 189 191 193 194 195 210 216 219 221 224 233 237 246 247 249 251 263 272 278 280 282 291 294 295 298
64
4 9 10 19 22 28 30 34 36 38 39 41 46 47 50 52 65 66 70 72 74 79 84 86 89 95 107 109 116 120 122 123 128 138 139 142 154 155 158 162 165 166 177 185 195 199 202 214 218 225 226 228 237 238 239 245 248 250 253 257 269 279 283 293
59
1 5 10 16 31 38 42 43 55 63 66 92 99 103 111 115 119 132 142 147 149 150 153 154 160 164 165 189 195 198 202 206 207 212 213 216 217 221 225 231 232 238 242 245 246 253 263 271 272 275 277 280 284 285 287 288 290 291 292
54
9 13 14 15 19 22 29 30 32 34 36 37 39 49 56 57 101 109 117 119 129 133 134 138 147 149 151 155 156 157 197 199 206 208 214 216 217 218 225 226 230 237 244 245 256 260 265 275 277 281 283 284 293 297
56
4 13 22 26 27 31 35 36 38 39 43 49 53 66 97 99 100 104 113 126 127 128 144 147 153 156 157 159 162 164 173 175 178 184 189 191 201 207 216 220 228 235 243 248 249 251 252 257 270 271 285 287 288 290 293 296
70
3 6 9 23 24 30 32 34 35 40 48 52 53 59 60 68 70 72 74 75 78 82 86 87 89 96 100 101 109 111 118 119 134 148 155 156 162 163 165 167 171 177 179 182 184 187 192 194 200 202 203 206 207 208 213 233 238 241 249 252 253 256 258 267 269 274 278 280 292 299
68
1 4 5 10 11 13 18 20 28 33 40 50 64 65 66 73 74 78 81 83 86 87 90 102 104 106 119 121 124 131 134 138 139 149 154 160 164 173 175 191 193 194 200 205 209 215 218 223 225 226 231 236 239 240 242 243 247 250 252 255 261 262 270 272 279 280 285 295
61
2 7 8 14 18 28 29 35 39 43 53 60 61 66 67 69 72 74 76 77 80 82 95 96 102 110 115 116 117 122 124 138 144 149 152 154 155 157 161 163 186 197 201 203 204 210 214 216 228 231 232 233 245 256 262 272 274 287 288 295 297
