100 200
1.0 1.0 1.0 1.0 1.0 1.0 1.0 1.0 1.0 1.0 1.0 1.0 1.0 1.0 1.0 1.0 1.0 1.0 1.0 1.0 1.0 1.0 1.0 1.0 1.0 1.0 1.0 1.0 1.0 1.0 1.0 1.0 1.0 1.0 1.0 1.0 1.0 1.0 1.0 1.0 1.0 1.0 1.0 1.0 1.0 1.0 1.0 1.0 1.0 1.0 1.0 1.0 1.0 1.0 1.0 1.0 1.0 1.0 1.0 1.0 1.0 1.0 1.0 1.0 1.0 1.0 1.0 1.0 1.0 1.0 1.0 1.0 1.0 1.0 1.0 1.0 1.0 1.0 1.0 1.0 1.0 1.0 1.0 1.0 1.0 1.0 1.0 1.0 1.0 1.0 1.0 1.0 1.0 1.0 1.0 1.0 1.0 1.0 1.0 1.0 1.0 1.0 1.0 1.0 1.0 1.0 1.0 1.0 1.0 1.0 1.0 1.0 1.0 1.0 1.0 1.0 1.0 1.0 1.0 1.0 1.0 1.0 1.0 1.0 1.0 1.0 1.0 1.0 1.0 1.0 1.0 1.0 1.0 1.0 1.0 1.0 1.0 1.0 1.0 1.0 1.0 1.0 1.0 1.0 1.0 1.0 1.0 1.0 1.0 1.0 1.0 1.0 1.0 1.0 1.0 1.0 1.0 1.0 1.0 1.0 1.0 1.0 1.0 1.0 1.0 1.0 1.0 1.0 1.0 1.0 1.0 1.0 1.0 1.0 1.0 1.0 1.0 1.0 1.0 1.0 1.0 1.0 1.0 1.0 1.0 1.0 1.0 1.0 1.0 1.0 1.0 1.0 1.0 1.0 1.0 1.0 1.0 1.0 1.0 1.0
46
4 10 15 21 31 32 34 35 42 46 54 62 66 69 75 78 79 80 82 83 88 89 95 100 102 108 115 118 120 126 138 145 147 148 152 156 160 165 169 170 171 174 184 191 194 195
35
1 12 14 24 27 50 53 54 57 65 67 72 76 77 88 92 95 104 108 111 126 130 143 147 156 161 164 165 168 171 175 177 179 181 184
41
3 4 10 21 24 28 32 34 40 50 58 61 67 69 90 98 99 100 105 108 110 115 125 126 128 130 131 140 148 156 157 161 162 163 168 173 181 185 186 194 200
36
6 12 16 19 31 33 39 50 53 54 70 94 100 102 104 120 121 125 142 146 152 153 154 156 157 158 160 165 166 169 171 189 191 193 196 200
36
6 7 9 14 22 23 24 30 40 43 44 49 50 64 65 66 74 82 90 106 107 110 111 113 121 127 142 146 160 161 170 175 176 186 189 194
41
5 6 7 15 18 23 30 35 43 44 46 53 64 76 87 90 91 92 94 95 96 109 111 117 129 130 134 135 141 152 162 166 168 170 171 177 180 194 195 196 198
41
3 13 18 29 43 45 54 57 59 66 67 68 70 73 81 84 89 95 96 103 105 106 110 115 119 143 149 151 154 155 157 159 160 161 163 169 171 175 180 181 182
41
4 10 14 22 24 27 29 32 38 41 42 47 53 57 75 76 79 97 98 106 109 125 126 127 128 140 148 152 158 159 162 166 167 172 173 174 177 178 182 183 191
46
10 11 13 14 33 37 38 40 46 49 51 52 56 61 65 69 76 79 82 83 84 95 96 108 112 120 122 125 131 133 135 141 145 146 147 152 155 162 168 170 176 179 190 195 196 200
46
29 31 37 43 45 51 65 89 92 93 94 95 96 97 104 108 109 115 117 120 121 123 125 128 130 133 135 137 138 142 146 152 158 159 164 169 171 174 178 179 180 184 188 190 194 200
35
4 5 9 19 21 23 31 38 39 41 45 46 48 50 64 87 94 97 100 113 114 119 125 127 136 139 140 148 160 177 184 185 188 195 198
50
3 6 8 9 10 16 20 24 30 33 35 44 55 57 64 72 75 77 78 83 89 92 94 99 105 109 112 118 122 129 132 136 141 145 148 156 158 160 169 170 173 175 178 180 185 187 190 194 199 200
37
5 7 12 13 22 24 28 39 40 41 42 43 58 63 64 65 70 88 92 94 106 116 121 124 131 133 135 136 137 138 140 150 151 164 178 184 186
46
3 6 12 20 21 25 31 32 33 48 49 51 52 56 59 64 65 71 73 77 84 87 91 93 100 101 103 111 113 127 129 131 136 148 150 151 157 161 167 171 176 177 183 194 199 200
29
6 8 14 18 32 39 49 50 56 58 60 67 76 80 85 88 90 93 95 98 105 112 113 114 119 139 161 178 196
44
2 6 7 8 11 15 17 18 22 25 39 41 47 60 66 68 74 75 80 84 85 90 93 102 110 111 112 117 118 132 135 136 139 143 144 145 148 149 158 162 166 176 177 182
45
4 5 7 9 11 12 14 15 17 28 33 37 39 42 49 55 60 61 71 72 73 75 76 88 101 104 116 122 126 130 132 133 134 135 137 142 147 151 167 170 174 175 178 184 197
33
16 21 32 34 35 37 41 51 57 63 70 75 76 81 108 110 115 119 130 133 147 152 153 158 165 169 176 183 185 190 193 195 200
33
9 23 29 31 34 37 40 57 59 64 65 82 95 99 102 104 105 111 112 121 123 124 125 135 137 168 171 175 177 181 185 187 192
51
1 4 9 11 14 15 19 28 30 32 48 51 61 66 70 71 78 83 86 87 89 92 95 96 99 100 105 110 111 113 116 121 131 132 136 137 149 150 151 152 153 157 163 168 182 186 187 188 190 197 198
49
4 7 10 12 14 20 21 23 26 31 32 34 35 36 43 52 57 61 64 67 83 84 87 88 90 91 95 98 106 107 109 110 111 118 121 123 127 130 132 141 148 157 160 163 167 168 172 176 191
42
1 14 21 24 25 29 30 37 44 45 47 51 53 58 60 61 77 93 98 100 103 107 113 118 119 138 151 157 160 166 167 168 177 180 185 187 188 191 195 196 199 200
33
7 10 13 14 21 24 35 39 44 56 60 74 76 78 84 86 90 91 99 108 109 138 140 141 155 160 164 174 180 184 194 196 199
43
22 23 34 38 60 62 63 69 72 74 75 80 81 82 85 90 92 97 101 105 107 108 109 116 125 127 130 138 141 145 153 156 157 163 165 167 173 175 178 179 184 191 198
31
3 9 10 14 23 24 28 31 34 41 46 49 51 56 61 62 64 80 92 93 97 121 125 135 141 142 150 151 163 183 184
43
4 8 11 19 25 27 31 35 37 41 43 45 47 49 52 53 58 61 73 75 86 88 92 96 101 102 103 106 123 124 127 134 135 148 150 151 168 171 172 181 190 195 198
43
5 12 14 19 24 31 39 44 45 50 53 56 58 62 71 72 75 77 78 80 81 85 86 90 93 96 100 110 121 133 144 148 155 156 162 164 177 181 184 188 193 195 200
46
7 9 12 15 17 19 21 27 35 38 40 50 52 53 59 62 68 70 74 80 85 87 88 89 94 97 101 103 107 115 116 124 130 133 135 140 142 144 150 156 161 170 189 190 193 197
37
3 9 16 20 24 29 31 37 40 42 61 63 64 68 72 74 81 90 101 102 107 110 138 142 145 151 153 160 163 166 168 171 173 182 187 192 199
35
2 9 10 16 20 24 27 42 53 56 60 68 70 81 85 89 100 106 111 125 128 136 143 145 146 149 163 165 168 185 186 192 195 198 199
47
5 12 14 26 27 28 36 44 45 46 54 56 60 61 62 65 67 71 73 74 75 83 90 94 99 100 113 115 116 121 129 136 139 141 146 148 155 159 161 178 179 184 185 194 197 198 199
42
5 7 13 17 22 28 31 34 41 45 53 54 55 65 67 73 83 88 91 97 99 104 105 111 120 122 123 125 126 128 135 139 141 144 154 158 162 165 171 180 187 194
44
3 4 14 16 18 26 28 37 40 41 44 49 50 53 56 63 66 80 92 101 102 103 104 106 109 110 112 113 115 117 128 129 130 137 141 147 149 153 180 185 187 188 192 200
43
2 4 5 14 29 30 45 52 62 64 65 66 69 73 77 79 89 90 91 92 96 98 101 116 120 121 137 141 143 144 145 150 155 156 166 167 168 171 176 182 183 197 198
41
2 8 11 12 23 28 32 33 37 41 43 44 50 54 55 60 70 71 73 75 76 81 91 93 94 98 101 106 110 111 121 123 129 136 143 158 161 164 175 194 198
34
5 14 19 22 23 26 29 33 35 47 51 55 57 61 65 73 77 84 96 106 108 119 123 135 139 143 145 147 148 167 175 183 184 191
40
1 8 16 19 21 24 28 45 54 57 61 65 66 67 68 77 79 86 92 95 102 103 137 138 140 141 142 146 147 148 149 152 153 157 160 164 173 177 183 197
37
8 18 20 24 25 34 40 54 55 64 69 75 81 85 86 88 91 94 120 122 130 136 142 147 150 162 164 166 172 178 183 185 188 189 191 194 199
36
10 11 12 19 22 29 32 39 40 51 53 62 65 67 70 79 84 85 87 88 93 95 97 107 131 133 135 148 149 151 173 185 191 195 196 199
36
1 6 12 22 28 31 42 48 49 54 64 66 68 72 75 76 77 81 91 101 102 113 136 152 159 164 175 176 178 180 183 185 187 193 194 199
49
5 6 23 29 34 41 42 45 47 53 59 60 61 63 64 71 73 75 76 78 80 81 82 83 88 93 99 106 107 125 128 131 132 142 147 151 154 157 159 162 167 169 178 179 181 184 187 195 197
46
7 14 15 16 17 19 22 24 28 32 45 47 48 56 60 61 63 64 69 77 81 87 89 97 110 115 116 119 125 128 131 133 145 148 149 159 163 164 166 170 174 176 179 182 187 191
52
9 10 15 21 27 39 49 59 61 62 64 68 69 71 72 77 78 79 81 84 87 88 97 101 106 108 110 114 120 131 133 134 138 140 142 147 153 155 157 161 164 165 170 171 175 185 186 189 190 193 197 199
36
21 26 28 30 31 33 34 41 56 62 68 70 100 106 107 127 129 130 142 145 152 153 157 167 173 176 178 179 180 181 182 189 190 192 193 196
35
8 17 22 32 35 50 53 54 64 65 68 71 76 81 85 97 102 104 117 118 121 134 136 138 140 158 169 170 173 174 180 185 190 191 192
33
4 5 8 17 31 45 58 62 70 71 74 77 78 80 85 86 93 99 105 106 107 111 124 130 132 140 150 168 179 181 185 189 191
41
4 8 15 18 21 22 30 34 49 50 58 75 83 89 92 94 100 102 105 117 126 137 138 139 142 149 151 154 168 171 172 174 175 176 182 184 185 191 195 197 198
40
2 3 11 22 25 26 29 32 50 52 56 59 67 79 80 82 98 106 107 108 111 121 125 131 135 136 139 144 146 158 161 162 163 169 176 179 180 186 196 197
36
1 25 31 37 51 53 54 58 59 71 72 77 79 89 97 106 107 108 114 121 122 132 138 151 152 155 165 166 171 175 177 179 181 182 186 195
49
5 6 7 10 11 14 19 24 26 31 35 38 42 48 50 54 55 58 66 67 75 76 78 80 88 102 105 112 117 118 122 127 128 137 138 140 146 153 155 158 162 163 168 173 178 185 187 192 194
47
11 12 13 14 15 16 18 20 27 29 31 36 40 41 44 46 53 57 58 65 68 70 76 77 78 79 88 90 99 111 114 124 125 135 143 144 146 149 150 156 160 161 176 177 183 184 191
35
4 10 11 19 22 29 35 40 41 44 46 47 49 51 52 79 82 83 87 93 107 110 114 126 127 132 137 142 157 162 164 172 174 196 199
44
1 5 7 10 14 21 23 25 33 34 36 46 48 54 55 61 63 68 72 73 80 85 100 102 112 128 131 141 145 150 151 153 157 158 161 170 176 177 183 186 191 192 194 199
38
3 5 7 9 13 20 26 29 35 38 40 44 46 58 60 61 66 70 92 96 101 116 130 133 137 153 157 162 165 167 171 176 183 184 185 187 195 196
49
4 15 17 18 20 21 26 31 32 40 43 47 49 52 53 54 56 58 66 86 87 89 94 98 100 102 106 110 111 121 127 128 135 136 137 143 144 146 149 155 163 165 167 176 182 183 191 193 196
33
6 7 10 33 35 40 43 50 54 59 60 68 69 72 73 93 95 96 118 122 128 131 135 136 141 145 149 150 155 157 164 171 189
31
4 11 16 21 35 37 39 55 57 65 77 81 83 88 95 115 117 122 124 131 138 142 149 155 162 166 170 178 189 196 199
36
7 9 23 46 48 53 59 60 65 68 74 89 100 102 107 108 109 112 113 117 123 124 125 143 145 146 155 159 167 175 179 184 187 190 193 199
43
5 8 17 22 27 30 39 43 44 54 56 68 73 76 79 83 85 92 96 98 101 109 112 122 125 126 132 134 138 142 150 151 158 164 167 169 178 183 185 186 187 192 198
39
3 11 35 41 44 47 54 58 63 67 69 70 71 73 75 76 79 87 95 99 105 117 121 125 128 130 132 136 140 143 148 149 150 157 167 170 171 174 195
38
5 6 7 12 15 17 23 25 33 34 36 48 57 58 61 71 74 79 81 84 85 87 89 101 108 110 127 140 141 145 149 154 160 168 174 176 180 198
48
1 19 25 31 32 33 35 37 42 44 48 50 59 62 69 71 78 87 93 102 105 118 123 127 128 138 139 140 145 147 150 156 157 159 167 168 169 170 171 173 174 175 176 183 184 187 194 197
40
6 7 10 13 17 30 32 34 37 40 46 49 52 63 72 85 91 93 101 105 106 117 118 126 127 130 139 142 150 152 160 163 173 174 180 185 186 188 190 192
45
2 4 12 13 16 17 21 22 25 28 37 43 44 45 47 53 54 56 62 69 72 74 76 80 87 99 108 113 114 128 129 135 136 143 153 158 160 169 173 175 181 182 183 189 193
43
5 13 15 18 20 25 33 35 41 46 50 62 71 75 76 77 81 88 90 96 99 100 101 103 112 113 115 122 132 136 144 146 158 159 170 174 180 181 188 192 194 199 200
52
1 4 9 11 16 21 22 28 29 32 34 40 42 50 59 60 61 66 67 68 70 71 75 77 82 83 89 95 98 100 103 104 107 109 121 124 127 131 135 136 141 146 147 148 154 160 164 167 175 176 185 187
45
5 7 8 17 18 23 26 35 40 47 48 52 54 57 64 67 73 75 79 81 88 89 91 100 104 105 106 121 125 131 139 152 154 157 163 173 175 176 177 180 183 187 189 196 199
40
6 12 13 18 21 24 27 30 31 32 33 45 59 60 64 75 96 97 102 106 107 109 115 129 130 135 136 139 153 159 161 162 169 177 178 179 180 182 191 193
36
4 13 29 30 34 37 38 41 52 56 57 60 72 77 82 88 97 105 114 117 119 124 142 148 151 153 156 160 162 166 167 185 192 195 196 198
50
1 6 16 19 24 27 36 37 46 47 59 60 65 74 75 76 86 96 98 101 103 105 109 116 119 121 122 124 130 132 133 139 140 145 146 147 156 162 163 165 168 169 172 176 178 182 187 189 191 193
36
4 11 16 24 27 30 35 36 48 49 53 56 60 62 68 70 77 82 85 100 102 103 109 129 141 146 158 163 166 172 174 178 180 181 185 191
44
3 5 7 9 10 12 15 16 18 32 38 51 60 70 74 75 76 79 85 87 89 96 107 109 116 120 122 125 143 150 154 157 158 159 160 163 165 169 175 178 183 188 192 193
42
1 3 5 7 8 15 31 32 33 35 37 44 47 53 55 62 69 73 76 83 87 92 99 105 108 112 118 119 130 142 143 144 146 162 175 180 184 187 192 197 199 200
42
8 18 20 22 24 27 33 37 44 57 63 75 78 81 86 88 96 98 103 108 114 115 131 134 138 140 143 144 147 153 161 162 173 174 178 179 182 186 188 191 192 194
52
3 6 12 13 16 18 23 27 39 40 45 49 53 57 58 60 61 63 66 74 78 79 80 82 86 88 89 108 116 117 120 122 126 127 129 131 138 140 143 146 148 153 156 160 162 165 172 175 183 187 191 194
43
2 4 8 15 19 23 25 30 36 41 63 64 73 75 82 83 84 87 89 90 98 100 106 109 116 129 141 143 147 148 153 162 165 168 172 175 179 180 188 189 190 191 199
33
4 11 13 16 22 25 30 32 47 48 57 58 60 62 64 70 73 76 80 85 96 99 105 110 111 115 120 138 165 172 175 188 192
32
16 21 23 29 40 43 54 58 60 72 74 77 90 93 106 110 120 125 132 146 155 156 157 158 159 166 169 177 183 185 187 196
48
2 10 19 20 21 22 23 37 38 45 50 51 52 57 58 60 61 64 66 68 71 76 78 80 81 83 84 91 95 100 105 107 113 116 117 120 126 128 130 132 138 140 146 159 167 174 190 192
42
1 4 9 21 23 32 35 36 42 44 46 49 51 54 55 68 80 82 91 93 95 100 101 105 111 112 115 125 132 139 140 141 147 151 156 157 165 166 178 191 195 198
37
8 13 22 25 27 31 37 44 48 51 53 55 57 74 89 93 97 99 102 104 109 113 131 132 135 136 138 154 161 162 174 177 185 186 191 198 199
42
17 21 24 29 30 31 32 33 38 39 48 49 61 62 69 70 73 77 79 87 95 96 99 113 114 123 125 131 136 137 139 143 145 146 153 156 167 173 179 187 193 195
42
4 7 18 31 32 34 39 41 52 57 62 72 76 77 79 82 84 91 93 98 104 110 111 113 121 128 131 140 144 146 151 156 162 168 171 176 179 180 184 192 195 197
44
5 7 13 19 23 26 38 39 41 44 59 61 65 69 70 78 89 95 100 104 105 106 107 111 117 127 128 130 133 137 142 145 150 151 153 156 159 161 168 171 178 186 187 188
30
7 10 19 28 39 50 56 69 79 87 91 93 94 110 111 118 135 142 143 147 148 165 166 170 172 173 177 181 187 199
47
3 6 13 19 21 23 26 27 29 32 39 40 49 51 58 60 61 65 67 68 69 72 76 77 87 91 100 102 116 124 126 129 134 146 152 164 168 170 177 178 179 180 182 186 188 194 198
38
1 12 13 14 15 23 28 39 52 53 61 63 64 66 67 93 94 98 101 110 113 118 132 136 139 143 144 150 157 160 161 164 178 179 182 193 194 197
41
2 3 6 9 10 14 15 24 26 40 41 55 63 64 71 73 78 80 88 89 99 100 104 108 124 126 133 140 143 147 163 165 169 172 176 178 179 182 183 189 191
38
5 14 19 24 36 38 45 46 56 65 71 73 75 81 82 84 90 96 102 103 106 109 110 121 124 126 127 137 142 146 154 164 166 169 176 178 184 199
36
2 8 9 12 31 34 36 41 43 44 46 54 59 63 69 76 79 87 93 96 102 128 133 135 136 137 142 147 150 155 160 161 168 179 186 194
46
10 17 25 26 28 31 36 37 41 49 55 57 59 61 70 78 79 82 95 98 103 105 113 114 115 117 122 123 125 128 141 145 153 154 157 158 167 168 171 172 174 177 182 184 192 200
37
2 7 13 24 26 31 35 38 48 51 64 69 73 74 77 80 83 90 95 97 102 107 108 112 126 129 132 135 157 169 170 171 172 176 194 195 199
34
2 18 19 23 25 27 31 36 39 41 62 70 79 94 97 103 108 114 115 116 119 122 123 124 127 136 157 176 178 186 187 193 194 200
28
20 24 27 34 49 61 62 64 70 78 79 85 87 93 95 102 108 135 146 149 151 159 162 175 187 188 195 198
34
6 10 16 18 20 29 53 66 67 71 79 80 82 84 88 89 91 100 104 105 108 120 122 124 126 129 130 136 151 169 171 174 192 198
35
4 6 20 22 27 29 33 35 38 41 58 84 98 102 103 108 122 129 130 132 136 144 147 148 154 157 159 160 176 180 182 184 185 193 199
30
8 25 29 40 42 45 55 59 62 71 77 78 85 88 97 98 108 122 136 143 145 146 151 161 169 174 176 179 180 186
56
5 6 11 15 17 18 20 23 25 28 29 34 35 39 40 42 46 48 49 51 56 57 58 65 75 80 81 83 89 91 93 94 97 98 99 103 110 113 117 122 139 141 143 149 152 154 163 167 172 177 181 184 185 188 194 195
47
1 2 10 11 13 22 28 32 33 39 55 59 62 73 74 79 85 88 98 102 108 109 110 111 114 118 122 123 126 131 136 138 146 148 149 150 155 165 167 178 182 184 189 190 195 197 198
42
9 18 21 28 31 32 33 35 38 43 44 50 66 69 70 72 82 83 86 87 90 95 96 100 105 107 110 111 128 132 138 145 156 159 174 175 182 189 190 193 195 199
