50 100
1.0 1.0 1.0 1.0 1.0 1.0 1.0 1.0 1.0 1.0 1.0 1.0 1.0 1.0 1.0 1.0 1.0 1.0 1.0 1.0 1.0 1.0 1.0 1.0 1.0 1.0 1.0 1.0 1.0 1.0 1.0 1.0 1.0 1.0 1.0 1.0 1.0 1.0 1.0 1.0 1.0 1.0 1.0 1.0 1.0 1.0 1.0 1.0 1.0 1.0 1.0 1.0 1.0 1.0 1.0 1.0 1.0 1.0 1.0 1.0 1.0 1.0 1.0 1.0 1.0 1.0 1.0 1.0 1.0 1.0 1.0 1.0 1.0 1.0 1.0 1.0 1.0 1.0 1.0 1.0 1.0 1.0 1.0 1.0 1.0 1.0 1.0 1.0 1.0 1.0 1.0 1.0 1.0 1.0 1.0 1.0 1.0 1.0 1.0 1.0
8
8 32 34 39 54 77 84 92
6
2 12 18 24 44 81
7
10 29 38 41 52 61 74
8
6 32 41 49 50 58 69 80
9
9 25 33 50 53 60 74 97 98
8
7 13 16 38 41 48 82 89
8
7 28 30 55 65 69 78 83
15
4 8 14 22 24 33 39 54 58 63 72 73 75 89 91
11
19 26 30 43 54 65 81 92 93 97 100
8
15 21 24 55 57 68 80 88
12
5 6 7 12 23 37 64 85 86 89 94 96
5
46 51 86 93 99
7
9 11 34 52 59 65 79
6
9 53 65 82 87 92
19
3 6 7 11 13 23 26 35 36 38 42 46 60 63 64 74 89 90 92
12
3 10 11 41 61 63 65 66 67 71 89 90
12
9 17 20 26 37 44 47 52 68 76 84 89
9
7 20 21 22 30 37 65 80 98
5
16 43 52 79 98
16
8 12 16 18 36 40 45 60 65 76 77 84 87 88 90 99
12
3 7 8 10 16 19 35 40 63 68 69 74
10
29 37 44 46 48 53 64 77 90 98
12
4 10 24 34 35 66 67 72 75 84 99 100
10
14 15 16 17 22 23 65 69 82 99
17
5 17 18 21 32 35 45 46 54 57 60 64 67 79 84 86 100
15
1 2 4 16 27 29 57 68 81 88 89 90 96 98 100
7
14 25 29 37 53 66 76
9
12 17 19 25 37 41 47 90 94
8
23 40 62 69 74 76 84 85
11
18 22 32 38 45 55 60 64 71 86 89
9
1 2 15 22 27 36 68 73 80
11
5 10 16 19 42 44 52 54 58 71 77
11
3 4 6 11 12 17 35 73 83 91 93
5
10 15 17 80 100
9
14 30 32 37 46 56 58 67 82
11
8 12 21 22 40 52 54 55 59 93 95
7
5 31 36 60 74 95 100
8
5 9 11 23 58 76 89 100
8
22 25 41 43 72 82 99 100
8
3 5 7 11 43 47 67 99
10
6 9 11 20 28 46 58 61 82 97
3
45 48 99
5
14 58 80 89 98
11
1 20 24 37 43 44 61 62 86 94 97
8
9 13 18 33 34 54 84 94
5
6 32 77 85 92
11
2 15 16 22 25 49 51 68 86 87 96
8
8 14 35 40 47 56 78 85
10
1 4 6 17 20 40 41 49 64 87
10
13 20 36 39 52 65 79 82 88 97
