100 200
1.0 1.0 1.0 1.0 1.0 1.0 1.0 1.0 1.0 1.0 1.0 1.0 1.0 1.0 1.0 1.0 1.0 1.0 1.0 1.0 1.0 1.0 1.0 1.0 1.0 1.0 1.0 1.0 1.0 1.0 1.0 1.0 1.0 1.0 1.0 1.0 1.0 1.0 1.0 1.0 1.0 1.0 1.0 1.0 1.0 1.0 1.0 1.0 1.0 1.0 1.0 1.0 1.0 1.0 1.0 1.0 1.0 1.0 1.0 1.0 1.0 1.0 1.0 1.0 1.0 1.0 1.0 1.0 1.0 1.0 1.0 1.0 1.0 1.0 1.0 1.0 1.0 1.0 1.0 1.0 1.0 1.0 1.0 1.0 1.0 1.0 1.0 1.0 1.0 1.0 1.0 1.0 1.0 1.0 1.0 1.0 1.0 1.0 1.0 1.0 1.0 1.0 1.0 1.0 1.0 1.0 1.0 1.0 1.0 1.0 1.0 1.0 1.0 1.0 1.0 1.0 1.0 1.0 1.0 1.0 1.0 1.0 1.0 1.0 1.0 1.0 1.0 1.0 1.0 1.0 1.0 1.0 1.0 1.0 1.0 1.0 1.0 1.0 1.0 1.0 1.0 1.0 1.0 1.0 1.0 1.0 1.0 1.0 1.0 1.0 1.0 1.0 1.0 1.0 1.0 1.0 1.0 1.0 1.0 1.0 1.0 1.0 1.0 1.0 1.0 1.0 1.0 1.0 1.0 1.0 1.0 1.0 1.0 1.0 1.0 1.0 1.0 1.0 1.0 1.0 1.0 1.0 1.0 1.0 1.0 1.0 1.0 1.0 1.0 1.0 1.0 1.0 1.0 1.0 1.0 1.0 1.0 1.0 1.0 1.0
27
2 11 31 37 45 51 60 62 63 68 69 73 91 102 105 112 128 153 163 167 172 177 184 190 192 196 199
25
4 14 19 42 52 54 66 67 80 98 110 124 131 132 134 139 151 152 159 163 177 178 184 189 198
15
27 31 47 51 54 67 74 111 141 142 143 149 154 160 173
17
25 28 46 48 87 93 95 112 114 115 122 139 149 157 175 189 192
19
24 34 37 46 52 57 58 92 109 121 131 132 136 164 172 176 179 189 195
16
25 43 50 52 54 59 63 66 70 87 93 118 131 132 182 190
18
6 26 75 80 84 97 98 100 104 107 140 151 153 157 167 173 176 178
14
33 44 60 66 74 82 92 97 108 140 154 180 184 185
17
4 35 47 49 51 86 95 96 100 116 128 135 161 167 170 182 196
23
7 17 25 30 39 41 59 62 71 76 98 102 111 120 124 137 148 163 165 166 168 179 194
27
1 15 23 33 37 45 57 58 65 72 85 102 103 108 116 119 121 124 130 153 156 161 178 185 186 192 198
19
1 11 35 39 53 68 71 73 86 94 103 111 124 131 138 146 164 174 194
15
12 69 95 96 97 104 120 121 124 150 161 164 174 179 181
23
12 15 18 28 34 39 47 53 60 62 79 87 97 113 116 131 153 157 170 175 181 189 200
22
2 14 28 30 34 37 39 43 55 58 62 74 77 78 81 106 148 151 153 168 169 182
19
5 11 19 26 43 56 58 69 76 80 84 90 111 116 126 130 158 170 176
21
33 41 64 71 73 78 91 95 97 102 107 110 113 137 144 146 161 162 164 165 188
17
19 28 35 47 57 60 63 97 115 121 125 145 169 177 180 182 193
15
12 17 18 38 57 66 68 86 96 97 104 130 153 163 190
15
18 25 53 60 61 66 82 94 104 113 122 125 182 185 190
16
5 16 40 42 59 71 84 96 112 119 122 146 149 166 175 189
30
1 22 28 34 50 51 56 57 71 78 79 84 85 87 90 101 102 108 132 135 140 146 155 167 174 177 181 184 190 197
22
3 8 9 20 25 31 48 85 103 108 111 121 124 128 132 142 145 147 168 172 173 183
25
16 26 33 37 48 49 52 62 77 85 98 112 116 118 123 124 140 147 149 161 165 166 174 176 199
22
3 13 26 54 57 60 64 69 80 86 89 100 101 109 113 128 134 166 173 177 178 200
20
39 45 58 66 67 73 79 88 94 105 106 113 115 125 143 158 159 176 180 194
23
11 21 31 34 36 66 70 72 74 88 99 107 115 116 122 142 148 150 153 168 182 186 188
13
14 18 23 24 50 52 64 71 78 88 127 138 164
21
3 4 13 16 42 62 79 85 117 125 130 143 146 155 173 175 176 177 188 190 197
22
8 11 19 20 33 34 56 65 68 73 83 94 104 129 139 144 158 163 171 190 192 198
15
2 7 48 54 61 84 94 95 104 109 111 128 157 160 187
27
7 15 26 28 34 42 43 44 47 54 62 63 71 72 74 92 96 139 142 156 158 160 178 179 183 185 187
15
8 38 46 54 60 65 67 74 85 89 120 129 135 152 154
23
1 3 6 12 15 26 38 40 44 45 50 56 60 61 75 76 82 91 96 128 131 170 180
16
9 19 21 38 42 53 71 85 86 88 96 125 134 136 139 182
19
9 19 36 40 46 55 66 76 77 93 94 96 116 120 124 126 140 150 157
23
6 18 24 31 44 47 81 95 103 111 132 140 147 148 150 152 161 162 168 176 178 187 200
12
10 13 28 52 75 81 108 110 128 154 165 185
25
5 10 17 28 30 49 54 56 58 63 72 78 80 112 137 143 147 152 154 159 165 170 179 181 186
22
1 30 40 46 48 51 59 61 63 106 110 112 115 124 134 139 156 181 182 188 193 198
21
35 37 53 76 82 95 103 110 116 134 137 138 141 149 152 154 167 173 182 185 194
25
1 5 9 18 23 25 63 69 70 73 76 81 82 87 100 115 134 142 161 174 177 183 189 191 192
15
11 31 34 35 38 67 68 89 103 121 139 141 148 167 188
20
17 22 58 60 62 64 75 81 97 103 106 117 136 138 139 149 156 163 168 191
24
11 13 16 30 32 54 76 77 84 88 94 105 111 116 126 131 143 152 157 159 161 164 193 197
19
41 56 72 73 97 101 106 107 117 124 126 132 145 147 154 159 167 177 181
22
4 10 41 51 55 71 74 78 79 83 88 113 132 133 134 150 154 159 178 180 181 193
18
4 5 19 26 51 64 66 94 102 116 120 136 158 174 184 188 195 198
13
7 51 65 103 111 121 133 141 144 146 155 163 187
19
8 10 24 25 60 70 84 92 96 99 113 124 134 156 159 160 170 185 189
15
4 13 17 28 30 33 62 65 76 105 154 157 173 178 190
12
3 27 71 72 83 89 116 118 136 147 165 191
25
6 9 18 31 36 37 43 51 66 73 87 88 94 98 104 107 116 121 140 143 168 173 174 184 196
24
3 6 7 50 51 56 67 76 88 89 91 92 98 109 113 123 149 171 179 189 191 193 194 197
26
1 7 16 26 27 37 39 40 52 54 57 59 70 91 93 110 111 137 138 139 144 154 158 191 192 200
13
8 13 40 67 87 102 107 110 122 137 147 153 169
19
4 11 44 45 48 55 61 74 93 97 101 131 135 139 144 157 190 191 196
16
5 11 17 40 54 66 69 71 88 93 105 116 136 151 180 196
24
13 24 29 35 43 57 63 65 74 84 95 102 106 110 116 118 129 141 152 160 161 183 194 199
20
14 16 24 35 38 47 51 56 72 86 122 136 138 139 142 147 170 173 186 200
21
16 17 31 35 41 44 58 60 75 101 111 116 119 125 131 132 139 162 179 182 183
20
2 4 19 26 27 38 43 46 49 60 64 79 86 93 115 124 140 145 168 169
31
4 7 10 14 42 48 54 59 60 70 78 80 81 97 100 102 103 109 120 122 125 129 136 139 145 158 160 171 182 192 199
27
1 7 8 14 39 57 72 78 82 87 103 109 113 120 125 132 133 140 149 152 171 172 175 182 183 187 194
12
13 37 38 62 72 76 78 79 111 131 184 185
21
3 11 20 46 53 55 67 70 75 88 92 95 143 145 157 160 163 178 180 182 197
24
30 47 53 57 68 78 83 99 106 107 114 116 117 119 137 144 147 149 155 157 158 163 183 193
29
26 28 37 47 55 61 65 75 76 83 85 94 99 100 105 110 122 126 134 157 158 161 167 168 179 181 187 190 192
21
4 6 29 42 68 72 76 87 102 103 104 136 139 150 152 153 157 160 162 194 195
21
1 2 4 17 42 48 50 54 67 71 79 87 110 117 138 139 146 154 174 190 191
22
4 13 46 48 63 65 79 101 103 106 108 110 112 123 126 130 141 142 147 171 185 186
22
23 31 60 79 82 101 104 109 124 137 139 141 142 150 155 156 157 161 163 178 183 195
20
30 38 46 55 57 65 71 73 74 97 104 117 140 151 154 160 168 174 179 193
18
6 28 30 42 46 58 64 87 103 105 112 114 139 147 154 159 163 177
20
3 4 15 52 89 100 102 103 107 108 124 134 135 143 157 160 161 164 169 184
17
6 12 26 28 29 66 74 77 100 106 110 126 133 157 161 178 199
26
19 23 30 34 35 41 47 49 78 83 84 87 105 128 131 132 137 144 146 157 164 165 168 177 193 194
11
4 15 19 42 79 111 116 117 164 175 192
21
6 37 39 41 53 63 101 105 128 131 136 137 143 155 156 169 171 183 190 192 194
13
2 59 61 89 100 106 109 111 149 158 159 161 162
22
9 10 13 19 24 34 79 82 86 102 110 112 115 126 135 140 159 162 174 178 181 192
25
5 8 13 16 18 23 31 51 54 62 64 71 73 76 80 107 109 115 127 131 135 150 169 180 193
20
12 13 26 30 32 42 60 66 78 83 84 105 125 141 150 168 178 186 188 195
25
13 14 16 25 31 35 43 50 67 70 73 86 98 114 116 128 153 157 175 177 185 186 195 196 197
21
21 46 47 60 65 71 87 89 109 110 124 141 143 152 154 161 175 178 187 189 198
17
2 29 30 34 52 70 72 81 113 126 144 150 156 162 167 170 189
13
24 31 33 53 59 103 121 135 155 157 168 171 199
23
6 17 19 21 32 39 40 48 60 61 62 98 115 121 128 131 134 139 153 160 180 188 197
24
2 7 22 31 46 49 58 62 65 84 91 99 106 114 126 129 140 147 150 161 163 171 186 195
22
4 7 8 24 26 28 37 47 49 50 52 66 79 87 98 106 123 130 138 139 161 182
14
9 45 46 52 64 88 94 97 107 121 122 141 166 188
19
1 10 20 28 34 48 50 71 74 75 98 126 144 154 174 175 181 188 192
24
4 9 14 17 32 38 39 63 64 89 98 101 104 107 110 123 129 139 142 165 166 173 190 197
20
17 20 25 31 37 38 48 76 78 91 99 111 136 160 165 181 184 188 190 194
8
49 60 76 82 103 139 178 188
25
18 19 23 25 30 51 56 57 59 67 74 80 81 93 94 106 113 120 126 130 144 146 154 190 191
26
14 26 45 60 62 64 68 70 81 84 89 99 108 112 116 119 123 124 125 132 135 151 171 184 186 188
17
5 20 37 40 67 76 82 106 120 135 159 163 171 188 193 197 198
22
1 4 6 16 21 25 36 42 43 51 67 68 104 119 122 128 139 152 155 166 189 197
20
8 10 14 25 26 39 43 45 77 78 88 125 145 150 155 162 183 185 190 200
