150 300
1.0 1.0 1.0 1.0 1.0 1.0 1.0 1.0 1.0 1.0 1.0 1.0 1.0 1.0 1.0 1.0 1.0 1.0 1.0 1.0 1.0 1.0 1.0 1.0 1.0 1.0 1.0 1.0 1.0 1.0 1.0 1.0 1.0 1.0 1.0 1.0 1.0 1.0 1.0 1.0 1.0 1.0 1.0 1.0 1.0 1.0 1.0 1.0 1.0 1.0 1.0 1.0 1.0 1.0 1.0 1.0 1.0 1.0 1.0 1.0 1.0 1.0 1.0 1.0 1.0 1.0 1.0 1.0 1.0 1.0 1.0 1.0 1.0 1.0 1.0 1.0 1.0 1.0 1.0 1.0 1.0 1.0 1.0 1.0 1.0 1.0 1.0 1.0 1.0 1.0 1.0 1.0 1.0 1.0 1.0 1.0 1.0 1.0 1.0 1.0 1.0 1.0 1.0 1.0 1.0 1.0 1.0 1.0 1.0 1.0 1.0 1.0 1.0 1.0 1.0 1.0 1.0 1.0 1.0 1.0 1.0 1.0 1.0 1.0 1.0 1.0 1.0 1.0 1.0 1.0 1.0 1.0 1.0 1.0 1.0 1.0 1.0 1.0 1.0 1.0 1.0 1.0 1.0 1.0 1.0 1.0 1.0 1.0 1.0 1.0 1.0 1.0 1.0 1.0 1.0 1.0 1.0 1.0 1.0 1.0 1.0 1.0 1.0 1.0 1.0 1.0 1.0 1.0 1.0 1.0 1.0 1.0 1.0 1.0 1.0 1.0 1.0 1.0 1.0 1.0 1.0 1.0 1.0 1.0 1.0 1.0 1.0 1.0 1.0 1.0 1.0 1.0 1.0 1.0 1.0 1.0 1.0 1.0 1.0 1.0 1.0 1.0 1.0 1.0 1.0 1.0 1.0 1.0 1.0 1.0 1.0 1.0 1.0 1.0 1.0 1.0 1.0 1.0 1.0 1.0 1.0 1.0 1.0 1.0 1.0 1.0 1.0 1.0 1.0 1.0 1.0 1.0 1.0 1.0 1.0 1.0 1.0 1.0 1.0 1.0 1.0 1.0 1.0 1.0 1.0 1.0 1.0 1.0 1.0 1.0 1.0 1.0 1.0 1.0 1.0 1.0 1.0 1.0 1.0 1.0 1.0 1.0 1.0 1.0 1.0 1.0 1.0 1.0 1.0 1.0 1.0 1.0 1.0 1.0 1.0 1.0 1.0 1.0 1.0 1.0 1.0 1.0 1.0 1.0 1.0 1.0 1.0 1.0 1.0 1.0 1.0 1.0 1.0 1.0 1.0 1.0 1.0 1.0 1.0 1.0
8
43 82 149 230 249 283 294 296
9
25 46 185 205 218 227 236 245 276
19
37 41 53 63 68 71 78 92 125 133 156 158 183 187 193 228 236 258 262
15
11 52 73 136 215 219 227 234 236 242 265 273 280 286 296
15
53 59 64 101 127 134 167 178 199 208 219 227 253 270 295
16
11 13 31 44 60 64 79 86 105 133 142 208 246 251 281 293
15
3 36 37 39 78 80 150 151 203 215 226 239 272 277 292
13
17 29 49 76 102 107 143 181 200 211 238 248 254
17
13 20 58 120 137 146 181 187 198 202 212 218 230 249 278 279 288
18
6 23 30 41 57 84 86 110 154 159 177 183 195 226 233 245 264 291
23
5 33 43 60 70 94 109 116 144 150 159 170 187 217 218 240 246 256 271 275 289 292 298
25
11 22 26 59 63 66 68 72 78 104 142 147 150 153 179 182 192 199 221 223 226 231 256 273 275
14
10 14 57 77 82 87 140 143 178 182 251 271 275 288
15
33 35 69 70 83 85 104 126 133 144 176 182 219 239 251
12
52 78 84 87 125 157 171 190 203 220 225 269
15
35 56 59 65 133 146 159 182 209 222 228 248 250 256 288
18
9 36 41 56 60 76 80 91 133 135 140 143 173 185 249 251 256 276
14
2 3 57 79 142 180 191 208 209 219 251 278 290 298
17
7 21 24 29 30 103 117 142 162 164 167 184 218 222 240 251 267
13
9 31 32 44 92 102 171 173 174 239 248 259 267
14
23 24 43 71 73 86 101 151 175 186 201 207 236 283
19
24 65 75 98 125 131 143 152 162 179 180 201 206 225 252 281 283 286 290
6
19 23 89 167 182 277
17
7 39 43 48 68 69 71 94 102 127 177 187 200 210 238 272 290
10
12 33 41 76 80 181 182 240 256 276
15
39 48 65 67 98 105 149 170 174 182 183 230 236 239 272
10
29 76 90 141 149 176 203 220 245 248
16
1 71 89 94 110 113 141 152 155 159 181 184 189 229 255 297
17
23 24 36 44 51 84 124 135 139 140 147 160 165 183 186 283 287
12
20 57 110 123 135 137 162 165 218 239 256 280
19
59 63 86 89 97 102 168 169 182 185 193 200 203 242 266 267 274 298 300
12
3 20 59 126 144 147 154 160 184 245 262 273
5
11 27 81 198 270
12
7 19 28 37 96 97 98 113 152 159 186 281
11
80 91 100 104 108 156 209 214 244 254 264
11
8 17 29 104 124 181 205 230 259 289 299
18
29 40 60 82 106 119 139 148 151 158 165 179 182 212 237 251 277 282
14
43 49 93 119 129 147 158 161 169 170 203 214 217 288
15
50 56 88 113 126 156 161 166 179 180 184 205 262 278 296
15
21 24 38 49 103 106 115 117 146 195 209 218 226 231 300
10
20 55 151 158 185 197 200 205 221 289
16
19 22 54 73 80 82 116 150 160 176 185 199 207 220 231 278
15
6 31 49 50 52 118 130 141 176 187 196 241 244 286 290
14
56 104 106 120 121 134 136 146 148 213 264 265 270 284
11
5 15 66 67 104 162 198 204 245 275 289
16
7 26 29 39 43 74 96 114 128 149 151 155 204 206 223 225
14
23 75 99 118 127 154 166 195 220 225 256 268 281 294
17
15 47 67 72 93 106 118 121 138 172 202 233 236 241 243 266 284
19
5 6 18 20 29 69 72 91 140 157 159 172 188 215 255 271 280 285 288
16
4 21 43 52 70 80 82 150 156 157 194 220 234 267 269 299
17
32 41 43 46 63 77 96 143 169 177 191 238 260 262 275 281 291
12
13 56 79 85 118 127 136 176 192 240 248 251
18
19 25 38 92 105 117 131 133 152 189 192 212 216 222 233 250 262 272
12
14 52 62 66 77 125 137 142 213 228 233 253
13
3 9 22 58 99 112 120 136 140 166 187 262 280
12
20 21 35 122 150 164 178 202 206 211 232 287
14
8 9 44 67 83 127 148 181 193 195 201 234 237 298
15
14 26 42 57 92 116 118 120 129 137 181 199 272 281 283
11
20 86 142 157 167 191 248 253 272 288 296
18
14 22 31 34 42 92 115 135 137 144 161 183 224 238 273 277 288 293
14
21 26 65 101 131 150 198 206 225 246 251 254 275 290
17
32 37 41 54 73 91 95 121 132 171 202 234 235 243 261 267 281
19
7 17 56 58 107 108 148 149 150 160 176 202 222 248 265 280 284 294 296
10
4 30 41 130 137 166 184 216 247 256
11
26 160 167 176 183 191 205 221 257 266 271
16
26 39 55 60 61 72 132 149 165 177 191 198 218 262 297 299
21
25 39 56 60 63 87 100 134 139 140 163 198 205 221 230 238 241 253 282 285 297
17
6 9 19 21 40 41 58 61 78 79 125 170 207 226 246 253 299
22
7 8 38 45 52 57 58 75 79 96 115 123 151 154 174 180 199 212 238 245 264 276
14
55 58 78 145 154 164 186 187 203 209 229 270 296 299
14
9 23 32 36 48 73 78 95 145 172 232 246 271 273
20
2 6 20 31 49 68 80 102 124 137 157 162 166 205 206 224 246 254 257 284
12
6 54 56 64 75 82 91 163 174 236 247 286
10
25 50 55 83 90 92 99 121 163 264
10
5 12 89 96 168 179 193 236 241 285
13
2 6 9 52 58 89 157 202 219 220 238 272 284
13
40 44 50 51 52 58 86 102 155 185 191 224 265
20
42 44 46 58 126 133 150 151 154 167 174 205 240 243 265 269 288 290 293 295
15
9 20 30 31 96 124 133 156 160 188 206 231 252 259 275
21
3 20 60 64 71 82 94 129 137 145 150 165 171 180 194 210 214 230 232 252 280
17
5 6 11 13 31 37 39 84 113 166 178 204 224 235 245 269 275
15
26 43 58 59 62 79 80 155 166 191 207 231 247 282 298
11
6 60 64 94 121 126 201 241 280 283 288
13
24 41 46 63 74 78 96 105 113 130 162 233 264
13
59 76 80 115 153 188 191 209 229 236 244 251 294
16
15 30 56 88 97 127 148 163 164 174 191 206 224 235 236 257
16
18 40 42 70 74 102 108 125 195 224 225 244 246 248 265 275
17
71 92 97 107 131 149 170 178 188 206 227 229 237 258 268 275 294
19
2 60 67 76 77 102 157 169 174 179 182 186 187 197 216 219 241 264 299
18
44 66 87 93 103 110 111 129 161 169 194 207 209 214 217 231 235 279
14
4 17 18 91 102 134 159 170 195 206 218 226 251 257
17
6 8 24 104 124 130 148 166 173 176 183 218 256 267 277 283 287
13
3 13 44 113 125 134 153 164 181 188 209 216 250
16
8 23 28 29 53 70 73 84 91 167 170 182 216 267 288 292
16
1 13 27 64 83 117 126 147 189 203 214 215 217 253 256 295
11
10 16 65 77 91 167 179 189 211 237 272
14
3 24 26 54 94 115 118 136 221 253 254 264 272 289
16
2 12 13 52 53 55 142 158 183 197 213 235 261 266 281 288
13
10 64 82 114 130 132 134 181 210 211 222 246 270
17
1 17 20 33 38 78 96 98 180 198 218 223 237 244 261 268 300
11
31 68 131 141 142 177 191 198 203 236 280
13
19 63 71 82 103 140 147 171 173 179 217 248 277
16
8 9 25 69 105 119 126 152 158 161 191 209 222 231 269 299
17
9 17 23 48 66 95 97 114 116 158 171 175 204 210 223 240 243
17
11 58 78 87 113 120 121 149 153 171 173 183 219 241 262 295 299
17
8 11 29 48 65 75 83 98 118 129 138 158 165 190 244 248 293
14
6 19 21 69 91 131 133 136 190 191 200 212 251 285
12
36 81 90 94 135 154 162 176 190 210 224 284
16
11 38 54 56 68 72 77 98 113 151 203 218 238 244 277 283
15
6 38 39 52 68 119 124 145 166 226 229 250 267 276 294
25
3 28 49 61 64 76 85 98 106 113 121 136 146 154 155 178 188 190 228 232 246 247 250 276 281
14
10 14 32 69 92 97 134 135 209 214 224 243 288 289
16
4 39 48 77 86 96 165 176 208 220 227 252 254 260 262 265
14
39 68 89 92 104 122 129 150 151 184 202 232 282 287
14
57 67 83 99 114 133 149 184 199 202 216 232 246 274
12
67 74 81 82 125 153 162 167 223 232 278 293
13
39 50 59 102 108 167 178 240 249 251 252 253 292
21
15 29 43 47 52 64 89 124 173 186 188 193 213 220 228 246 255 265 274 291 298
12
53 67 71 72 103 136 150 153 168 227 253 282
25
7 18 21 26 37 81 90 95 97 134 157 171 172 175 205 231 234 237 256 267 284 286 287 289 294
18
5 29 62 116 172 189 190 195 201 202 210 216 246 250 263 265 292 295
16
4 37 49 88 98 107 130 164 169 171 198 208 235 238 252 291
15
1 3 27 39 60 84 106 121 182 193 200 216 217 270 293
13
2 31 38 51 62 64 66 106 140 169 230 254 286
17
11 24 25 50 85 89 121 149 154 187 189 219 220 238 254 291 300
10
23 95 104 112 115 158 206 225 228 277
14
39 56 60 63 74 76 84 98 103 139 164 179 224 268
12
24 43 47 55 105 122 195 228 237 264 271 275
20
9 25 31 129 152 156 161 170 175 177 192 200 213 228 234 237 249 287 296 299
17
18 27 62 82 102 108 124 166 171 184 185 198 216 217 236 258 300
18
4 6 15 20 78 94 146 165 174 196 232 245 270 279 280 282 284 294
12
38 60 81 103 155 171 233 250 280 281 283 288
13
44 106 111 114 133 144 173 216 233 242 251 288 298
16
5 11 51 53 65 113 141 143 154 186 213 215 219 231 234 289
19
27 41 64 94 104 119 122 141 145 157 197 225 239 240 249 251 261 289 292
11
49 79 82 92 105 123 210 230 239 276 282
15
1 21 29 30 101 116 124 132 139 221 223 239 279 287 295
8
18 42 56 83 148 192 243 269
10
36 48 90 114 143 145 201 234 287 294
16
29 77 115 137 176 178 188 200 211 212 216 219 229 236 242 268
17
7 28 44 59 64 107 170 172 180 186 187 202 252 272 274 286 290
18
3 8 12 21 23 60 65 99 100 101 116 119 146 156 170 223 275 298
16
1 50 77 84 92 103 156 159 162 170 238 250 253 261 267 287
18
4 15 27 38 57 64 76 92 105 127 129 171 201 206 238 252 279 299
22
18 28 48 54 58 63 79 86 87 103 149 164 173 180 222 226 244 250 259 260 267 282
14
40 92 99 105 123 144 155 170 191 223 246 261 265 270
14
13 17 21 79 88 117 127 139 141 192 197 201 223 256
20
7 24 30 58 95 132 161 173 220 223 232 244 250 252 264 267 273 289 291 293
16
3 4 13 21 37 115 127 164 180 228 239 241 247 258 276 292
19
34 46 51 77 83 88 95 101 134 155 188 190 202 203 211 221 232 234 296
