150 300
1.0 1.0 1.0 1.0 1.0 1.0 1.0 1.0 1.0 1.0 1.0 1.0 1.0 1.0 1.0 1.0 1.0 1.0 1.0 1.0 1.0 1.0 1.0 1.0 1.0 1.0 1.0 1.0 1.0 1.0 1.0 1.0 1.0 1.0 1.0 1.0 1.0 1.0 1.0 1.0 1.0 1.0 1.0 1.0 1.0 1.0 1.0 1.0 1.0 1.0 1.0 1.0 1.0 1.0 1.0 1.0 1.0 1.0 1.0 1.0 1.0 1.0 1.0 1.0 1.0 1.0 1.0 1.0 1.0 1.0 1.0 1.0 1.0 1.0 1.0 1.0 1.0 1.0 1.0 1.0 1.0 1.0 1.0 1.0 1.0 1.0 1.0 1.0 1.0 1.0 1.0 1.0 1.0 1.0 1.0 1.0 1.0 1.0 1.0 1.0 1.0 1.0 1.0 1.0 1.0 1.0 1.0 1.0 1.0 1.0 1.0 1.0 1.0 1.0 1.0 1.0 1.0 1.0 1.0 1.0 1.0 1.0 1.0 1.0 1.0 1.0 1.0 1.0 1.0 1.0 1.0 1.0 1.0 1.0 1.0 1.0 1.0 1.0 1.0 1.0 1.0 1.0 1.0 1.0 1.0 1.0 1.0 1.0 1.0 1.0 1.0 1.0 1.0 1.0 1.0 1.0 1.0 1.0 1.0 1.0 1.0 1.0 1.0 1.0 1.0 1.0 1.0 1.0 1.0 1.0 1.0 1.0 1.0 1.0 1.0 1.0 1.0 1.0 1.0 1.0 1.0 1.0 1.0 1.0 1.0 1.0 1.0 1.0 1.0 1.0 1.0 1.0 1.0 1.0 1.0 1.0 1.0 1.0 1.0 1.0 1.0 1.0 1.0 1.0 1.0 1.0 1.0 1.0 1.0 1.0 1.0 1.0 1.0 1.0 1.0 1.0 1.0 1.0 1.0 1.0 1.0 1.0 1.0 1.0 1.0 1.0 1.0 1.0 1.0 1.0 1.0 1.0 1.0 1.0 1.0 1.0 1.0 1.0 1.0 1.0 1.0 1.0 1.0 1.0 1.0 1.0 1.0 1.0 1.0 1.0 1.0 1.0 1.0 1.0 1.0 1.0 1.0 1.0 1.0 1.0 1.0 1.0 1.0 1.0 1.0 1.0 1.0 1.0 1.0 1.0 1.0 1.0 1.0 1.0 1.0 1.0 1.0 1.0 1.0 1.0 1.0 1.0 1.0 1.0 1.0 1.0 1.0 1.0 1.0 1.0 1.0 1.0 1.0 1.0 1.0 1.0 1.0 1.0 1.0 1.0
64
1 2 10 12 15 17 20 21 22 23 24 25 34 35 40 45 52 56 59 62 65 66 67 83 88 90 91 96 98 100 101 107 122 135 136 139 140 142 157 169 170 176 180 192 198 208 216 217 218 229 235 236 249 254 256 265 269 272 275 281 288 297 298 300
69
3 4 16 17 19 20 22 24 25 38 48 53 58 64 65 69 75 87 88 91 95 96 104 107 110 113 122 126 127 131 141 148 150 159 163 169 173 174 175 190 196 198 209 214 218 224 227 229 230 232 233 234 242 244 245 250 256 258 259 263 265 267 268 280 281 289 295 296 300
52
2 11 16 20 24 29 36 40 60 72 75 76 78 79 90 93 102 108 115 120 124 135 142 152 158 162 170 176 195 199 205 206 210 212 218 220 222 223 228 229 231 238 247 250 262 267 270 274 277 280 288 289
63
1 5 6 16 24 38 40 42 48 50 55 60 61 62 63 69 72 76 83 87 89 95 96 100 110 111 112 116 120 123 127 130 131 140 142 149 150 153 158 174 179 181 183 189 198 203 206 209 214 217 219 220 221 223 225 248 256 262 266 267 272 273 291
53
13 20 28 29 37 42 44 49 52 66 74 78 82 85 87 88 89 90 92 97 103 109 111 113 116 121 122 126 133 143 145 162 168 170 180 185 192 193 196 197 207 214 217 221 231 234 250 262 268 269 278 287 294
55
5 7 10 19 20 21 23 31 38 42 45 46 52 56 64 65 69 70 73 91 96 99 112 113 115 120 124 144 146 150 157 165 167 169 175 182 188 191 199 210 211 214 219 231 234 235 251 254 265 275 276 280 284 286 288
66
2 3 8 15 17 20 21 24 28 43 52 54 59 62 65 67 69 75 85 91 92 101 109 111 113 117 123 128 135 136 137 138 140 141 147 152 157 166 168 170 177 180 181 184 188 198 210 212 215 217 220 231 232 233 239 245 247 248 253 255 268 270 271 289 296 300
57
2 4 5 14 19 29 38 42 48 49 53 61 64 65 66 67 70 80 84 93 105 108 109 113 116 117 119 124 135 137 140 155 157 158 163 164 167 170 177 181 204 222 225 229 238 242 246 255 260 264 270 271 278 280 288 289 297
61
8 10 17 23 25 29 36 53 54 55 56 61 70 75 81 105 112 113 134 144 146 153 159 161 167 169 174 176 181 186 198 206 208 216 219 224 226 227 229 230 234 239 240 241 242 244 245 250 256 257 258 272 274 276 282 285 286 289 292 294 298
60
3 8 21 22 26 29 33 36 38 39 45 50 55 56 61 62 66 68 73 74 75 77 80 85 87 88 96 99 103 104 106 110 111 112 114 126 135 138 144 155 159 161 164 178 179 193 194 210 236 249 255 264 265 269 281 287 288 289 297 300
54
5 7 9 20 22 33 50 51 52 64 66 67 70 75 79 83 85 86 87 97 114 130 137 139 140 147 156 166 180 184 192 198 204 207 211 218 228 230 233 244 255 257 261 264 269 270 271 278 282 286 287 290 293 300
74
3 4 10 20 21 24 27 38 39 41 61 65 72 73 75 76 79 83 89 93 97 101 108 110 119 120 121 125 133 134 142 151 153 155 157 158 165 167 169 170 178 179 180 185 188 190 200 206 214 218 219 220 226 228 230 233 234 235 237 248 253 254 256 260 261 263 271 277 278 279 282 285 292 299
69
1 5 8 19 21 22 23 27 31 36 37 48 50 51 53 54 55 57 59 63 75 78 79 80 90 93 94 95 103 104 114 119 120 124 127 130 134 144 150 157 162 171 175 176 178 180 185 190 192 193 195 196 208 214 216 217 228 230 231 242 245 250 271 274 277 282 292 295 297
68
1 4 23 33 34 35 37 38 42 47 55 63 74 75 77 81 84 88 92 93 95 100 106 115 117 118 126 128 130 136 143 144 145 147 151 156 157 161 170 182 190 196 205 206 208 210 216 220 221 224 225 235 236 237 239 241 246 248 251 255 270 273 279 286 289 293 295 300
62
11 16 25 29 33 38 41 42 48 50 65 67 76 79 89 95 100 102 103 105 108 112 115 121 131 144 161 166 168 171 177 178 179 195 196 197 200 202 205 213 215 223 226 228 233 236 240 250 256 259 261 266 269 273 277 282 290 291 295 296 298 300
60
4 7 10 24 25 26 27 35 38 49 56 78 82 86 95 100 102 118 127 129 139 148 151 155 173 178 180 186 187 193 196 205 207 208 209 216 218 221 223 225 230 231 235 237 239 242 255 256 259 262 271 272 277 279 281 287 290 293 295 300
59
23 26 27 29 51 58 69 81 82 85 87 88 101 102 106 110 111 118 120 121 122 125 128 129 130 140 150 151 153 156 160 170 175 179 181 184 201 205 216 218 222 227 234 235 240 246 248 252 257 262 268 269 270 272 276 278 293 294 300
70
2 4 5 6 12 29 30 35 37 39 42 46 47 49 59 62 70 71 86 93 94 99 102 107 112 113 119 123 126 128 131 137 139 146 151 154 155 159 164 169 174 177 180 181 182 190 193 199 201 204 207 209 218 220 222 226 231 232 246 250 265 270 275 278 279 284 285 295 297 299
56
7 12 30 31 44 58 62 66 68 72 80 81 84 87 91 96 101 102 103 104 109 112 120 121 127 131 134 137 139 141 143 144 147 149 151 152 154 156 165 171 200 204 209 219 227 239 240 241 251 253 260 270 278 279 288 290
68
4 5 8 13 15 26 29 32 34 43 49 63 71 84 85 86 88 91 99 100 101 102 107 109 113 116 118 120 129 137 141 144 146 150 154 163 167 172 177 179 183 184 188 190 199 204 207 208 215 218 219 222 223 227 228 234 240 249 255 256 257 277 282 283 286 288 295 299
60
8 22 23 26 30 35 44 47 50 68 80 81 89 101 108 113 123 133 138 142 145 147 149 152 155 162 165 167 170 178 181 183 189 199 206 209 214 216 220 230 232 234 241 246 247 249 254 255 256 257 269 271 273 276 280 283 285 289 299 300
51
3 9 10 13 21 22 24 32 44 46 49 52 54 66 68 69 70 84 91 93 96 99 108 109 123 139 144 152 155 157 159 175 183 185 187 191 205 210 216 217 218 220 221 238 241 258 280 282 285 287 288
56
5 9 14 17 20 26 30 37 39 49 59 61 68 77 82 84 90 94 95 102 116 120 121 129 138 162 166 167 168 172 173 174 178 181 184 186 195 210 213 214 218 222 228 237 248 257 259 264 268 270 273 277 278 286 290 297
75
1 3 4 13 17 23 38 41 42 47 50 51 53 55 60 61 72 81 83 85 86 88 94 96 111 118 121 132 137 147 148 149 151 154 160 163 167 170 175 177 178 180 181 182 183 184 188 189 192 196 197 199 209 211 214 215 224 225 226 228 238 239 249 254 258 263 265 266 267 270 275 284 290 293 298
63
2 7 8 9 12 14 29 41 46 50 52 59 63 71 72 80 81 82 83 85 87 88 91 95 96 103 107 111 120 123 124 140 148 149 157 165 167 170 172 173 181 183 196 198 199 211 220 221 244 248 252 254 256 259 263 266 268 272 277 287 291 292 297
59
4 5 8 21 26 31 34 38 42 45 51 55 56 57 59 62 66 69 71 73 82 88 90 93 100 106 108 128 130 132 136 142 151 156 157 158 162 163 172 174 178 181 182 197 205 210 216 225 233 240 242 244 255 256 259 275 282 289 298
63
6 7 15 29 36 41 60 63 67 68 80 82 90 93 97 101 118 127 129 137 138 140 146 147 149 160 165 169 172 173 175 176 177 183 187 192 194 195 199 205 206 208 209 215 225 226 229 231 234 235 237 246 249 253 254 256 260 267 271 276 287 288 289
70
3 5 11 12 16 21 22 27 36 38 51 55 71 74 80 81 82 83 86 89 94 95 99 100 101 102 106 111 114 122 124 125 130 136 137 138 142 145 150 153 156 159 162 167 174 176 180 181 183 186 197 207 213 217 223 224 225 226 232 237 239 247 253 278 282 283 295 296 299 300
46
4 12 18 31 45 57 60 79 89 95 102 108 109 122 124 129 132 136 137 138 142 143 152 158 163 166 182 184 186 196 202 203 209 210 223 248 251 258 263 274 275 280 284 288 298 300
59
2 12 16 31 33 45 49 58 59 66 86 90 92 97 98 109 110 117 122 136 142 145 146 164 168 169 182 187 190 191 194 196 197 198 199 200 204 207 208 212 215 217 233 241 243 246 247 251 259 262 264 266 268 279 280 282 288 289 293
73
7 8 11 19 27 28 33 39 44 49 52 66 68 72 80 87 90 94 98 104 111 114 116 120 122 124 126 127 128 130 132 137 141 147 150 151 161 162 169 177 179 180 181 193 194 199 202 205 207 208 210 211 217 219 221 233 239 240 253 255 256 259 266 271 273 276 280 281 286 287 289 296 300
53
3 4 5 7 15 18 21 22 23 27 35 42 47 53 57 71 75 79 83 84 86 87 103 107 127 137 141 157 168 170 171 174 181 193 199 206 209 212 218 226 251 254 260 262 267 269 270 271 274 277 286 287 293
68
4 5 9 22 31 37 43 47 49 52 53 64 69 80 82 86 92 93 96 104 106 108 109 113 118 125 132 140 148 151 156 157 158 166 167 168 169 172 175 189 191 201 206 221 223 224 227 232 238 241 244 245 252 253 254 255 256 262 267 269 270 274 276 277 280 293 295 300
57
18 36 38 45 47 50 54 63 67 76 81 88 90 97 113 117 124 125 128 136 137 141 151 155 160 168 169 172 177 180 187 194 195 202 203 213 215 217 228 233 235 236 241 248 250 251 253 262 266 269 272 274 278 286 288 291 297
65
2 7 8 16 17 18 21 22 25 27 35 49 51 52 62 65 69 71 74 77 86 90 93 95 96 102 105 108 119 121 126 127 130 131 136 137 138 142 144 145 151 153 181 182 185 191 199 200 214 218 220 221 222 223 225 239 248 254 255 256 261 268 277 281 283
53
4 8 19 23 30 31 32 51 63 69 70 76 83 84 87 91 98 99 106 117 118 125 129 139 151 164 168 176 184 186 188 189 191 202 208 218 235 236 237 243 245 249 257 262 265 267 272 274 276 285 288 289 300
58
3 24 42 44 45 47 56 57 62 67 76 82 84 95 100 102 104 113 116 118 122 124 142 155 158 160 161 166 178 183 193 198 199 201 202 203 207 211 215 218 223 231 239 246 250 259 260 263 267 272 278 281 286 289 294 295 297 300
60
8 12 16 18 21 27 30 32 35 41 48 50 56 58 59 68 70 74 78 88 93 98 104 105 110 117 129 135 136 149 154 158 159 167 170 174 175 180 186 189 190 212 213 214 216 218 220 221 223 227 228 234 245 247 250 289 294 296 297 298
64
15 17 20 29 30 31 36 37 38 44 50 53 56 57 58 60 72 77 79 81 88 94 97 103 105 109 111 114 117 124 139 141 156 166 176 178 190 192 194 196 200 202 206 208 212 219 220 223 225 226 230 232 239 249 250 255 258 264 266 275 283 288 291 300
54
9 13 18 31 32 35 50 64 68 72 76 83 84 85 88 99 100 107 108 109 130 148 150 179 185 193 198 210 211 212 218 221 227 237 242 243 247 252 253 258 262 263 264 268 269 270 271 274 278 279 282 295 299 300
49
1 4 13 15 17 18 19 32 47 48 49 52 61 62 67 75 80 85 89 99 106 116 119 122 125 126 138 142 156 161 175 179 180 186 189 194 195 199 211 227 229 247 266 272 273 274 279 281 298
62
2 8 16 22 23 33 37 48 50 55 75 76 77 83 86 88 95 100 101 104 110 115 123 124 126 131 133 136 140 150 152 165 176 177 186 187 190 192 197 199 205 208 211 218 219 220 224 226 228 231 232 241 246 252 255 258 259 261 266 287 292 299
60
2 3 7 12 19 31 33 36 45 46 53 55 59 61 67 68 93 106 109 110 111 117 121 137 147 154 158 159 162 165 170 172 182 188 193 195 211 214 215 221 222 224 229 234 236 246 254 256 265 270 276 277 280 283 287 288 290 293 295 298
60
8 13 15 17 24 26 34 38 47 53 54 61 65 75 76 85 87 89 93 94 103 112 125 128 133 135 141 142 143 146 155 160 164 165 176 179 180 184 187 193 197 199 205 209 214 216 218 228 231 232 241 248 249 252 262 268 271 275 280 288
52
1 5 6 7 12 14 16 27 29 40 45 52 53 59 64 67 71 85 99 111 123 124 126 129 139 141 142 144 168 175 176 186 199 201 203 204 208 211 217 218 220 231 245 249 257 258 263 269 277 283 290 291
59
6 17 21 26 37 45 49 50 58 68 69 71 74 76 88 89 92 93 96 104 112 114 117 118 133 138 147 148 149 152 158 160 170 178 184 186 190 192 196 207 210 211 212 215 223 226 229 230 235 236 245 249 255 257 262 275 281 285 295
60
5 19 28 31 37 39 41 51 54 56 57 59 72 75 81 83 91 95 96 103 111 123 124 131 138 141 146 147 155 159 160 167 168 170 173 181 187 195 198 201 205 206 209 220 227 239 246 247 248 250 251 256 258 262 263 267 272 282 287 299
58
1 2 5 8 12 17 18 20 25 29 31 36 37 39 40 54 60 66 83 84 87 88 91 93 95 96 100 101 103 104 110 111 113 149 154 160 164 165 168 175 190 205 211 217 219 226 228 232 256 262 267 271 278 287 295 297 298 300
59
18 26 33 35 41 42 52 56 61 70 71 75 77 84 88 91 95 97 98 101 106 110 116 119 130 133 142 144 146 147 152 157 158 159 161 164 173 174 179 188 189 196 198 208 224 228 242 257 258 262 272 273 276 282 285 288 295 296 297
67
1 2 7 11 43 45 47 50 52 55 65 67 73 75 82 84 86 87 89 93 94 95 96 97 101 109 131 134 138 145 150 152 153 156 157 158 161 169 174 188 190 191 193 194 196 208 217 222 238 240 243 246 248 250 252 256 258 260 262 263 269 284 285 288 294 296 297
57
2 4 7 13 14 17 24 30 34 41 43 45 50 51 54 63 69 74 79 86 98 101 103 107 123 127 133 135 139 153 160 162 164 178 183 194 199 201 212 215 218 227 231 232 233 236 239 241 247 250 261 273 274 279 282 286 291
70
1 2 3 4 6 13 19 20 22 27 30 42 45 49 54 55 57 59 61 69 74 79 81 91 94 102 104 105 108 114 116 124 125 129 133 136 144 157 159 167 168 179 181 191 193 199 216 224 233 234 235 236 245 249 251 254 256 258 259 261 264 267 276 277 278 283 285 287 292 293
78
5 6 9 10 11 13 20 21 22 29 41 42 45 51 56 57 58 60 61 64 67 68 75 89 96 107 110 115 120 129 132 137 139 145 147 150 155 156 159 165 166 170 175 176 181 185 188 194 199 204 206 208 211 213 214 215 219 223 225 226 227 231 239 252 264 268 269 271 273 275 276 278 282 284 285 287 290 300
59
3 6 8 17 27 33 41 44 47 48 55 57 58 61 62 68 70 73 75 82 90 123 125 129 131 136 163 171 173 178 179 197 199 207 213 227 229 243 244 246 248 249 252 255 256 262 267 269 276 277 280 281 283 287 288 292 294 295 300
60
7 22 24 26 32 33 35 37 38 48 54 57 63 66 67 74 78 96 102 113 114 116 117 126 129 135 137 140 148 150 151 152 157 165 167 170 185 204 205 206 212 215 231 234 237 238 244 245 247 252 254 255 264 279 281 282 283 289 296 300
66
3 4 8 9 11 22 25 26 27 33 34 38 39 44 48 53 56 60 62 73 75 77 80 81 84 88 94 98 99 102 107 118 120 127 129 131 135 137 138 143 144 145 147 150 155 156 157 165 166 169 172 180 205 206 208 212 213 220 224 227 232 248 269 285 292 296
46
3 4 11 23 24 26 29 39 43 53 56 58 68 71 75 78 93 97 112 136 140 141 146 155 158 160 163 166 183 192 194 203 216 219 223 225 228 240 241 254 258 262 263 269 275 286
46
7 8 9 15 16 23 37 41 42 53 70 71 87 94 98 106 115 122 124 126 139 147 165 172 173 191 196 202 203 212 213 215 220 222 224 228 235 241 247 271 272 275 279 280 289 299
59
3 7 10 14 18 21 27 29 31 42 47 51 53 65 68 69 70 72 77 78 81 82 84 88 101 103 118 119 120 121 126 127 133 141 148 149 156 157 162 170 171 178 194 197 201 203 204 205 212 214 230 243 252 262 266 268 290 292 296
72
6 9 21 23 33 47 48 51 55 58 60 67 71 79 87 90 96 97 103 109 111 113 129 132 134 137 147 149 150 157 159 160 165 166 167 168 173 174 177 178 182 185 188 189 191 194 196 201 204 205 219 229 234 235 244 254 257 261 270 271 275 276 279 280 285 286 288 289 290 291 292 293
65
2 4 6 7 10 17 22 30 31 36 40 47 49 64 65 69 70 72 76 78 80 81 83 85 87 90 91 96 98 100 110 116 137 138 145 147 149 156 167 171 172 181 186 187 198 201 205 210 212 213 215 216 218 219 220 224 226 231 253 256 266 267 270 280 298
58
7 10 12 13 14 25 28 30 39 40 41 44 54 55 56 69 70 74 75 78 81 82 83 97 105 109 117 124 126 129 143 145 153 154 167 174 177 181 195 210 212 215 216 217 219 224 234 236 241 244 249 252 265 270 277 284 288 295
56
2 4 10 13 14 16 28 31 48 52 57 58 59 64 68 74 75 76 85 90 92 93 99 100 105 113 114 120 121 129 137 147 149 153 170 171 194 201 202 206 211 212 214 221 224 230 233 237 250 253 256 259 261 262 265 287
66
2 13 16 17 19 21 24 31 34 36 38 39 40 42 43 46 64 66 79 85 88 95 98 102 106 109 113 117 119 120 131 138 141 142 147 153 178 184 189 190 194 196 204 210 212 213 214 224 227 230 231 234 237 242 244 248 252 254 258 262 271 274 282 288 289 291
57
2 4 8 19 38 42 47 53 78 83 90 94 95 96 101 102 103 110 116 124 129 131 133 142 146 150 160 162 172 173 174 182 186 189 193 201 211 217 222 224 225 233 236 251 252 254 256 261 274 275 277 281 287 290 294 296 300
59
10 20 23 25 32 33 36 46 50 51 61 63 68 81 85 87 94 108 111 113 114 115 119 121 136 137 143 148 157 158 162 164 166 169 175 180 181 182 188 192 194 200 202 205 208 215 223 226 236 246 252 265 272 275 282 289 290 291 296
68
4 11 37 43 50 58 60 62 63 64 66 67 70 73 74 79 83 85 89 91 92 97 98 99 101 108 112 119 123 130 131 132 133 136 148 150 157 163 168 174 178 180 184 185 190 193 194 202 203 218 222 223 225 233 244 245 249 250 263 264 271 274 276 281 283 289 292 296
67
3 6 8 13 18 19 30 36 38 43 47 50 51 52 53 58 60 69 77 80 100 102 104 106 107 113 130 133 142 144 146 149 150 153 154 162 168 170 182 186 192 195 198 199 203 209 210 216 222 224 233 236 240 243 245 249 254 262 264 268 270 276 284 289 293 295 299
56
4 10 13 14 15 16 26 27 28 30 31 35 44 46 51 53 63 64 69 70 71 90 92 98 100 101 104 109 113 116 118 124 133 141 143 144 168 172 182 191 202 204 207 212 218 220 226 230 232 236 237 251 252 254 284 300
63
2 9 11 19 22 25 28 29 33 34 35 36 40 42 46 52 64 67 76 81 84 88 89 94 95 110 111 114 134 137 139 152 154 155 159 160 161 167 169 171 177 180 181 184 186 188 194 207 211 216 218 220 223 235 245 250 259 282 284 290 296 297 299
63
2 7 13 14 24 33 34 40 41 42 43 47 48 49 57 59 64 67 71 78 80 84 85 92 99 101 107 111 114 123 124 133 135 149 152 156 161 179 181 188 189 193 212 214 215 220 223 229 232 247 250 253 257 258 269 278 288 290 291 295 297 298 299
65
2 9 15 17 18 27 30 31 35 41 43 52 56 64 82 84 89 100 102 104 108 111 115 123 126 129 134 136 149 152 155 159 167 173 176 178 185 188 195 199 200 206 207 209 211 215 223 229 231 240 244 254 256 259 262 269 270 280 283 286 288 290 291 294 299
61
4 5 10 13 16 20 25 29 31 51 56 59 63 66 74 76 77 80 92 95 96 100 105 107 108 113 123 132 137 144 147 163 164 168 171 172 180 181 183 189 192 197 205 219 223 225 230 235 249 252 260 274 275 277 281 282 284 291 292 294 295
59
2 4 8 9 12 14 18 23 30 39 46 56 58 65 66 67 68 75 89 90 99 104 106 109 111 114 115 116 126 137 143 150 154 171 174 179 185 187 189 192 204 205 215 220 222 223 226 241 247 248 252 260 261 264 268 286 287 288 297
57
5 7 17 24 26 27 40 44 51 54 56 62 71 76 79 80 82 83 91 94 104 117 128 130 132 140 155 157 160 163 167 181 184 186 187 188 196 200 203 204 215 216 221 225 229 238 246 247 253 257 261 265 271 277 285 288 299
72
3 10 12 13 15 17 27 34 41 43 45 47 49 60 61 69 72 73 74 78 79 80 85 87 88 91 95 96 103 115 120 121 124 129 132 136 137 138 142 146 148 151 166 176 180 181 184 187 198 207 215 217 224 225 230 231 240 244 245 246 254 258 268 271 272 275 279 283 284 292 294 297
52
2 13 28 30 40 45 46 58 64 65 71 77 87 88 90 105 106 116 119 120 121 138 139 145 153 156 163 173 175 193 201 202 205 211 213 214 219 226 237 239 240 242 243 249 256 263 271 276 280 290 293 297
52
13 23 29 30 32 55 58 60 61 67 69 85 95 96 104 114 116 123 141 142 145 147 152 158 160 163 171 172 175 185 189 193 195 196 198 203 206 212 213 225 228 241 249 253 254 264 272 273 279 281 292 300
50
12 13 14 23 41 45 48 50 51 65 67 81 101 107 112 124 126 139 141 156 159 164 165 176 177 186 201 212 213 215 225 232 238 244 253 255 257 259 262 266 267 268 270 271 275 287 288 292 294 295
72
1 3 8 13 15 20 25 35 37 39 45 47 52 58 59 67 73 75 77 87 99 102 105 113 114 115 120 122 123 124 128 130 137 143 147 150 154 155 162 163 167 176 179 181 183 195 198 200 211 212 219 220 223 226 231 238 240 242 244 249 251 254 262 269 271 272 276 282 292 294 295 297
66
4 8 14 18 23 42 45 46 56 57 59 67 71 75 77 79 92 102 103 105 106 110 123 124 128 134 148 151 155 157 161 168 169 182 183 190 192 194 198 210 212 215 219 225 241 243 245 248 250 253 257 259 261 266 270 271 272 273 274 278 279 283 287 297 298 300
56
7 11 18 19 20 24 25 28 31 36 40 44 47 52 54 63 71 73 74 75 81 86 87 94 100 105 111 126 141 144 149 153 166 175 178 182 189 192 195 199 203 206 219 227 232 234 237 256 264 269 274 275 282 286 288 300
66
8 10 22 26 32 34 35 40 42 47 51 52 56 61 65 66 69 73 79 81 92 96 102 106 109 124 128 134 139 144 147 149 151 154 155 165 172 179 182 183 188 199 200 205 209 212 213 220 224 225 235 236 238 239 242 246 247 249 250 271 272 278 286 287 291 292
56
3 7 8 17 20 23 29 31 32 64 68 76 83 88 89 99 105 107 112 114 125 127 128 134 141 152 153 155 156 162 169 170 180 183 188 190 206 207 210 211 215 217 221 222 233 250 252 255 261 264 266 280 286 288 296 298
41
6 9 11 13 20 24 25 36 37 42 43 56 59 67 82 89 94 101 103 109 113 119 129 131 141 148 160 164 169 171 172 192 207 210 216 219 250 259 269 288 300
55
1 6 8 10 15 16 17 28 40 43 44 48 52 60 77 84 91 100 103 106 112 120 121 127 128 134 144 146 153 157 161 164 165 166 170 179 184 185 196 199 205 207 218 229 232 238 240 245 275 285 288 289 291 296 299
66
9 11 18 21 25 27 30 35 37 39 42 43 46 49 50 51 61 66 71 86 93 102 107 111 116 118 131 136 143 156 165 166 170 171 175 177 179 185 188 190 192 195 202 208 212 216 219 220 234 239 241 248 249 261 264 265 267 268 276 277 280 281 290 294 295 300
58
2 4 20 23 25 28 29 30 31 35 38 40 41 46 53 54 65 67 68 76 84 90 93 94 96 101 102 117 118 122 128 130 137 143 144 146 147 153 155 158 161 162 186 193 198 199 200 206 219 226 233 235 248 250 279 280 283 286
61
7 10 13 18 20 24 25 33 59 61 63 64 70 72 79 91 98 108 109 112 123 129 131 142 144 153 156 164 167 168 172 173 178 181 183 185 186 188 195 201 203 204 209 211 213 227 230 233 242 247 249 250 256 260 268 273 274 278 287 289 300
61
7 24 26 37 47 61 65 69 77 88 91 92 96 101 103 109 110 113 126 128 131 135 136 138 142 145 146 151 154 155 162 166 169 170 171 172 178 179 180 182 188 194 199 203 205 211 223 231 234 239 242 246 247 248 251 256 268 275 287 295 296
61
2 12 14 15 17 18 32 46 56 58 64 65 66 71 82 83 84 85 87 90 95 96 103 105 112 128 129 134 135 138 142 144 145 157 159 173 181 189 190 191 199 202 206 207 218 219 220 235 247 271 272 274 276 281 282 288 290 292 293 294 297
56
19 21 34 43 51 52 53 62 64 65 68 69 71 82 94 109 115 120 126 133 134 135 143 150 152 154 156 175 178 194 199 200 201 209 210 213 220 223 225 228 238 245 247 253 254 261 269 274 277 283 284 289 292 295 296 297
55
4 6 8 38 42 49 57 71 74 75 99 105 114 125 127 131 133 137 141 143 149 150 154 156 158 166 169 172 174 175 180 183 189 194 208 211 214 215 216 232 235 239 253 257 264 270 276 280 284 286 289 290 292 294 300
58
3 7 31 34 36 41 43 44 61 85 92 95 100 106 111 112 120 121 130 134 140 141 146 150 157 158 159 160 166 174 176 177 180 182 184 185 187 196 200 209 210 213 214 219 239 243 248 253 255 265 266 278 279 285 286 291 299 300
61
11 12 13 16 19 20 21 26 27 28 35 37 45 48 51 63 67 68 70 72 73 76 81 82 101 107 110 119 121 122 125 127 132 142 145 148 159 161 164 171 178 194 198 200 207 211 213 215 220 222 223 236 238 242 251 255 262 263 270 286 297
65
6 11 18 25 26 35 41 43 45 53 56 57 58 62 63 76 82 97 101 103 104 108 110 116 117 125 126 127 131 136 138 145 153 162 163 164 168 172 175 185 188 197 203 206 207 208 211 215 216 223 229 233 240 242 243 262 267 273 277 287 292 293 294 295 300
61
3 8 11 18 20 26 33 34 52 63 64 76 79 82 83 87 89 97 103 110 113 116 118 120 122 123 126 138 147 150 151 157 164 167 170 173 182 188 195 197 199 206 213 215 216 217 218 222 228 236 244 246 249 252 253 256 266 274 280 284 300
70
4 9 11 23 24 29 30 34 37 38 39 49 51 55 58 59 61 62 70 75 77 80 83 86 92 94 102 104 121 126 127 131 142 146 150 156 159 160 162 169 171 172 176 179 186 187 188 200 203 214 216 220 223 230 238 253 255 256 258 259 260 263 268 273 277 280 288 294 297 298
59
16 19 32 37 40 46 47 49 56 59 62 67 73 78 80 83 90 98 101 102 104 105 107 108 119 131 136 137 140 145 150 153 154 156 163 170 178 183 190 191 194 197 200 217 222 230 234 235 242 247 250 256 262 266 269 276 281 283 298
63
2 3 6 14 21 27 28 38 39 40 45 52 55 60 66 69 71 72 74 80 86 91 99 100 102 105 108 114 115 118 120 121 122 130 134 142 150 164 165 170 176 179 182 185 192 195 206 207 211 212 216 218 222 223 233 255 257 262 277 284 289 292 293
67
8 10 23 25 27 32 35 36 37 47 70 72 73 78 85 90 92 95 98 107 111 112 116 117 118 122 124 126 142 144 150 157 167 170 174 175 176 178 179 185 188 190 193 199 208 210 212 214 222 223 238 247 248 254 257 258 261 263 270 273 277 289 293 294 295 296 297
58
6 9 25 26 28 30 45 57 61 62 63 65 78 88 90 95 97 104 119 128 136 141 142 144 155 163 169 170 177 181 182 187 190 192 198 201 202 203 210 213 221 224 225 232 233 244 246 247 252 256 263 267 269 278 279 290 294 299
60
1 5 6 7 10 11 27 30 35 38 47 53 57 60 67 73 83 87 91 92 97 102 104 106 109 114 115 118 134 137 138 142 143 152 153 160 161 178 185 188 196 203 205 207 209 217 218 219 224 230 243 247 248 253 257 259 268 285 290 294
52
6 9 10 25 27 28 29 39 44 50 51 55 57 58 59 67 71 80 82 85 91 93 94 97 100 104 108 109 110 142 143 158 163 165 170 174 183 184 193 205 207 234 242 249 250 255 257 263 264 272 280 291
60
2 5 15 26 27 31 32 33 36 39 41 45 55 57 59 73 74 81 88 117 124 126 127 130 137 146 154 162 163 164 166 169 174 184 185 187 190 193 196 197 198 199 201 212 213 215 247 254 256 260 266 268 272 275 282 289 293 294 297 300
58
6 9 16 20 32 58 59 61 65 66 67 69 74 82 88 92 104 105 106 110 112 117 121 125 127 128 129 131 132 140 148 154 164 166 173 181 191 196 201 209 213 216 227 238 252 253 255 256 257 262 265 274 276 286 294 297 298 300
73
3 8 10 20 22 24 38 39 40 45 53 55 63 65 70 73 79 81 87 88 96 101 103 115 126 131 132 136 138 141 144 149 152 155 157 158 160 161 164 165 172 178 181 183 190 192 193 194 195 196 200 203 206 208 218 219 222 224 229 235 246 253 254 260 268 269 280 282 283 287 291 295 297
56
3 17 22 29 30 31 34 40 41 42 50 66 69 72 76 77 83 84 86 94 95 97 108 110 116 122 131 135 139 141 142 143 146 150 151 158 163 164 185 186 190 193 201 203 224 229 231 239 242 248 268 272 273 275 282 294
55
12 23 30 37 52 53 55 58 64 65 67 70 74 86 97 108 109 116 118 127 134 135 145 147 153 154 155 157 164 170 172 173 175 178 180 201 213 226 228 233 234 237 238 239 249 250 258 267 269 272 282 287 288 294 300
64
2 6 10 21 25 27 38 41 42 44 49 51 57 62 64 67 71 77 78 80 86 87 94 97 106 109 119 127 128 138 142 144 145 148 151 152 161 164 165 166 167 168 174 176 179 186 193 195 196 201 207 209 212 217 220 232 239 248 265 271 279 281 290 293
50
5 11 13 20 26 30 37 41 42 57 58 67 82 85 88 95 99 101 120 123 129 134 138 145 153 168 180 181 187 192 198 211 213 232 233 239 249 252 253 261 263 268 273 275 278 284 287 292 293 295
54
9 20 29 32 33 36 41 45 52 59 60 67 69 78 80 82 91 92 100 104 106 109 114 122 131 132 136 167 168 171 173 174 177 180 183 192 193 194 201 208 214 216 225 231 233 242 249 259 265 267 271 286 288 295
44
11 18 25 26 35 43 50 51 57 76 79 86 88 93 100 123 139 142 147 154 159 173 174 183 184 192 198 201 217 223 225 226 245 248 260 265 271 272 277 278 289 292 295 296
54
7 10 19 27 48 54 59 60 61 62 67 73 77 84 92 94 99 105 112 113 115 119 134 138 141 146 149 158 159 173 176 180 181 188 191 194 198 205 211 213 225 233 236 246 254 258 262 263 264 266 280 282 289 299
61
3 4 10 13 20 22 24 31 41 59 62 84 93 112 114 129 137 138 151 152 155 156 160 164 171 173 175 180 182 195 198 205 209 216 222 225 227 230 232 235 238 239 242 243 249 252 253 254 255 259 264 267 268 270 281 282 288 292 293 294 296
62
3 4 5 7 11 19 27 32 34 54 60 62 66 67 68 76 82 90 99 101 110 113 116 128 132 133 134 142 156 157 163 172 173 175 179 184 185 192 203 207 209 220 225 232 235 238 244 245 246 250 265 267 271 273 275 276 278 281 284 286 289 290
57
2 3 4 10 17 19 27 30 34 36 41 44 48 51 57 65 72 83 87 89 90 113 115 117 130 149 161 164 168 169 173 178 180 188 194 195 197 202 204 208 214 216 219 222 236 241 242 247 251 261 264 265 274 275 285 287 293
57
1 2 5 6 9 10 11 15 27 29 30 31 32 36 58 65 66 74 80 86 90 99 116 117 120 126 127 128 129 134 138 143 145 148 150 151 156 169 175 183 189 198 205 212 217 227 228 247 261 262 266 271 275 291 296 298 299
58
1 3 4 17 18 20 23 26 30 36 41 42 44 54 58 62 71 73 79 81 84 90 99 100 103 107 108 114 115 125 133 136 138 141 150 166 167 169 171 177 182 217 225 229 233 238 241 242 245 248 253 276 280 282 288 289 290 300
59
12 26 28 33 46 62 65 67 69 70 73 76 77 78 85 86 91 101 109 110 111 115 116 122 135 137 140 146 155 156 160 164 170 171 181 183 189 190 194 216 229 234 236 247 248 256 262 263 264 267 270 271 275 276 279 288 293 297 298
66
1 6 7 11 12 37 38 39 40 51 54 62 67 71 72 73 75 78 79 83 85 86 96 99 105 106 111 112 113 115 125 134 136 141 142 145 146 149 153 167 170 171 174 178 183 184 187 201 202 215 218 221 228 231 235 244 247 250 259 266 268 277 280 281 284 285
58
5 14 28 31 32 33 47 48 52 53 54 57 63 66 70 71 78 98 110 114 115 116 118 129 134 143 150 159 163 164 167 174 176 177 181 195 199 200 201 204 219 220 222 233 240 251 257 258 262 264 278 280 281 286 291 293 294 299
63
2 10 11 12 18 20 21 40 41 44 50 55 60 63 67 72 74 75 81 93 96 97 99 100 103 106 114 121 122 135 137 144 146 150 151 153 168 174 177 188 191 192 195 198 214 222 223 227 239 242 248 254 255 266 269 272 276 283 284 287 291 292 294
61
9 11 14 16 19 25 29 31 35 37 41 44 50 52 55 67 78 87 90 93 95 98 105 106 108 109 118 122 127 129 134 138 145 150 152 153 154 159 160 165 181 194 202 208 220 221 224 239 251 254 261 268 270 271 272 275 277 284 290 291 292
59
3 11 12 16 20 22 29 37 38 45 51 54 55 56 73 80 84 88 92 98 108 114 116 126 132 135 140 141 143 144 145 146 148 156 169 170 173 175 177 179 187 191 193 208 210 213 224 231 233 240 242 252 264 266 269 270 271 291 292
56
5 6 18 21 25 41 45 47 51 59 62 64 67 77 88 91 97 108 110 112 115 117 122 128 131 132 133 137 144 152 181 182 184 190 195 198 200 210 217 226 229 230 231 234 244 250 255 258 259 263 268 269 270 276 295 300
58
3 4 6 13 25 29 52 60 63 69 72 74 84 99 103 114 124 126 130 133 139 140 147 151 156 165 171 175 178 179 182 183 184 187 205 208 211 220 221 224 226 234 239 240 241 247 250 263 270 271 282 285 287 288 289 294 297 299
63
8 9 10 11 13 15 26 29 33 38 51 68 72 76 80 96 98 100 108 111 124 128 136 142 143 149 152 157 158 163 165 169 172 178 182 183 185 186 189 194 195 200 201 204 211 213 214 236 237 241 242 243 244 250 252 259 268 270 273 275 283 288 291
53
2 4 8 9 16 35 51 52 53 56 65 69 88 89 99 109 125 126 127 131 137 143 169 170 171 176 179 180 184 186 190 192 193 197 198 201 206 208 217 228 237 244 248 255 264 274 280 284 286 287 289 293 294
66
1 3 7 19 22 25 28 31 34 41 44 53 54 55 56 60 63 68 72 75 82 85 94 96 98 99 105 109 112 126 129 142 143 146 148 154 155 156 159 162 170 174 185 186 187 188 191 192 196 203 207 222 223 231 234 239 242 255 260 265 269 270 271 279 283 298
61
4 5 7 10 20 29 38 39 48 55 57 59 62 74 85 87 98 101 105 106 108 110 113 114 115 117 118 121 131 137 141 142 144 148 160 166 174 179 182 183 188 191 193 204 227 230 235 236 238 241 245 246 253 258 259 270 272 287 294 298 300
55
1 5 9 36 39 40 47 62 74 75 78 85 86 88 92 97 99 100 102 107 115 121 134 141 142 153 154 155 158 159 162 165 175 184 187 190 202 213 214 217 219 221 230 246 248 255 259 263 266 271 279 283 289 293 299
56
2 14 27 32 33 35 46 48 66 70 71 73 81 90 91 93 94 95 99 100 112 122 123 130 135 137 142 145 156 161 169 172 179 181 182 183 190 191 192 196 200 209 214 216 233 245 246 255 257 259 260 271 276 287 289 299
45
1 2 4 7 15 20 26 35 36 41 44 46 47 61 88 89 90 92 105 106 110 114 145 148 151 152 155 162 164 171 177 185 191 205 224 226 231 237 246 255 274 275 279 282 291
63
1 9 23 45 49 54 58 60 62 63 64 75 76 78 81 88 94 111 117 120 123 124 125 129 133 134 139 140 141 144 145 148 149 155 156 168 171 179 184 190 198 206 208 210 211 215 216 219 222 224 225 226 232 240 245 255 258 259 262 263 280 281 286
59
1 3 12 14 16 21 24 36 48 49 56 58 60 69 70 72 76 86 88 94 99 100 105 106 123 136 145 146 151 154 156 164 175 180 183 184 187 194 196 206 219 223 224 226 229 232 235 238 243 244 245 253 254 258 259 283 288 298 299
50
39 49 51 55 57 59 60 65 66 70 73 75 76 82 89 92 100 107 111 116 130 131 134 141 145 146 151 155 160 161 164 165 166 176 184 207 222 223 226 235 237 243 244 251 258 269 272 280 283 292
60
2 5 28 36 39 42 51 53 54 60 65 72 74 83 98 111 112 119 126 129 137 139 140 142 144 157 159 162 163 166 172 174 175 181 190 195 205 206 216 218 220 228 230 231 238 242 245 248 249 250 251 253 257 259 273 276 277 285 295 298
52
9 14 15 21 24 28 30 36 43 64 72 77 79 81 95 98 104 108 119 121 127 132 138 140 144 151 153 154 159 167 177 183 186 187 195 198 201 207 208 212 213 217 222 224 233 236 237 260 273 283 291 296
64
1 5 15 17 27 28 30 35 36 41 44 45 59 60 62 70 75 80 82 89 95 99 108 114 117 122 125 129 130 133 134 135 137 143 145 147 149 157 163 177 180 195 196 197 202 207 222 224 226 229 238 245 247 255 264 265 266 268 269 272 283 292 297 298
60
7 17 19 20 22 24 29 34 51 57 62 65 69 76 77 78 86 90 91 95 96 100 104 106 111 114 121 128 131 138 142 145 152 159 173 175 181 184 185 188 194 209 211 213 223 225 226 228 230 232 234 242 244 247 277 278 287 288 292 297
65
7 24 26 28 34 36 37 42 48 52 55 58 60 62 64 67 71 73 75 80 83 97 99 109 112 117 128 133 138 141 143 152 156 157 158 161 164 177 180 183 184 186 188 202 203 208 210 211 216 217 221 225 230 233 237 240 241 242 252 253 266 279 291 293 295
57
4 17 18 22 35 41 43 46 48 50 53 59 66 75 76 88 93 95 107 116 117 129 131 137 140 141 143 151 153 154 160 163 164 180 181 187 194 201 207 210 214 215 227 235 240 241 242 245 253 259 267 268 271 272 277 297 298
51
3 39 50 58 60 67 72 78 86 89 90 100 101 109 121 125 126 129 135 146 147 157 158 172 174 175 178 183 184 194 196 199 203 206 213 215 216 217 229 233 235 240 243 246 247 264 270 278 280 283 295
57
5 11 13 19 21 27 33 35 36 40 46 47 52 54 62 63 64 78 80 81 88 89 97 99 100 103 119 124 152 155 165 169 181 183 184 189 192 205 213 217 218 219 230 238 250 251 254 261 266 269 280 289 290 291 292 298 300
64
2 5 8 11 12 13 17 24 26 29 33 37 39 41 47 49 64 66 74 90 99 106 108 109 113 119 120 124 129 136 137 145 166 172 175 183 185 186 189 191 198 199 200 202 207 213 224 226 237 243 247 248 252 257 260 265 276 278 279 283 289 292 298 300
63
4 7 8 12 14 33 36 38 47 48 56 57 67 71 73 83 85 88 89 94 100 103 116 120 142 147 148 149 154 156 160 167 169 171 181 185 187 196 197 198 207 212 217 218 221 225 228 246 250 252 255 260 261 265 273 276 277 284 286 293 295 296 298
63
1 8 12 15 17 31 33 34 38 43 49 52 62 65 76 81 90 95 97 98 100 102 110 111 121 124 131 135 136 137 139 143 144 145 149 158 160 165 167 169 173 184 196 201 202 205 210 211 214 221 227 233 237 247 259 260 262 264 280 281 282 288 296
70
2 5 14 20 21 25 28 31 49 53 54 55 58 61 65 71 88 96 98 101 102 108 112 118 119 125 138 140 141 144 153 155 156 161 166 168 172 177 186 193 197 198 200 203 208 209 210 214 217 220 223 229 231 235 236 238 240 242 244 251 257 266 274 275 282 284 287 289 294 300
70
6 10 15 30 38 41 44 46 50 53 59 62 68 79 82 92 99 101 112 116 125 126 129 130 134 135 140 142 143 144 148 151 154 155 161 165 168 170 181 184 186 195 197 199 213 217 218 219 220 229 231 233 237 238 241 243 249 254 255 257 261 262 263 268 274 275 280 284 290 291
