100 200
1.0 1.0 1.0 1.0 1.0 1.0 1.0 1.0 1.0 1.0 1.0 1.0 1.0 1.0 1.0 1.0 1.0 1.0 1.0 1.0 1.0 1.0 1.0 1.0 1.0 1.0 1.0 1.0 1.0 1.0 1.0 1.0 1.0 1.0 1.0 1.0 1.0 1.0 1.0 1.0 1.0 1.0 1.0 1.0 1.0 1.0 1.0 1.0 1.0 1.0 1.0 1.0 1.0 1.0 1.0 1.0 1.0 1.0 1.0 1.0 1.0 1.0 1.0 1.0 1.0 1.0 1.0 1.0 1.0 1.0 1.0 1.0 1.0 1.0 1.0 1.0 1.0 1.0 1.0 1.0 1.0 1.0 1.0 1.0 1.0 1.0 1.0 1.0 1.0 1.0 1.0 1.0 1.0 1.0 1.0 1.0 1.0 1.0 1.0 1.0 1.0 1.0 1.0 1.0 1.0 1.0 1.0 1.0 1.0 1.0 1.0 1.0 1.0 1.0 1.0 1.0 1.0 1.0 1.0 1.0 1.0 1.0 1.0 1.0 1.0 1.0 1.0 1.0 1.0 1.0 1.0 1.0 1.0 1.0 1.0 1.0 1.0 1.0 1.0 1.0 1.0 1.0 1.0 1.0 1.0 1.0 1.0 1.0 1.0 1.0 1.0 1.0 1.0 1.0 1.0 1.0 1.0 1.0 1.0 1.0 1.0 1.0 1.0 1.0 1.0 1.0 1.0 1.0 1.0 1.0 1.0 1.0 1.0 1.0 1.0 1.0 1.0 1.0 1.0 1.0 1.0 1.0 1.0 1.0 1.0 1.0 1.0 1.0 1.0 1.0 1.0 1.0 1.0 1.0 1.0 1.0 1.0 1.0 1.0 1.0
11
30 66 71 74 79 100 124 130 168 187 199
9
52 60 128 130 144 157 158 159 185
14
30 39 46 48 64 67 84 86 103 170 189 192 193 198
7
20 35 44 76 84 124 178
9
9 20 83 95 147 157 168 183 200
10
35 37 48 100 115 119 131 171 187 189
8
5 42 55 70 132 152 167 184
12
10 48 66 72 75 112 115 130 137 138 141 193
7
10 14 26 31 96 106 150
4
15 72 126 199
7
67 82 93 113 156 158 186
7
3 27 34 55 56 68 200
9
1 7 24 74 93 98 120 172 194
9
8 14 34 38 41 54 83 126 142
13
17 21 42 44 53 55 62 130 138 142 154 190 193
9
16 25 80 121 157 161 164 177 181
9
13 71 80 105 119 137 163 183 194
10
19 22 58 66 80 98 103 141 178 198
8
15 27 36 80 104 115 130 174
7
82 95 100 104 132 134 151
7
40 42 95 121 127 149 161
5
13 39 109 114 179
11
10 45 47 53 65 74 90 114 136 186 190
10
9 72 79 113 116 124 141 145 167 184
15
5 7 50 60 67 72 81 91 97 114 132 133 154 177 196
8
16 57 63 74 103 108 126 194
12
48 65 66 70 98 101 116 126 159 166 167 181
9
3 27 51 106 107 108 128 138 178
8
26 27 85 104 129 149 155 173
9
17 40 45 53 93 144 152 157 184
17
11 15 22 23 42 50 54 73 89 95 121 142 153 155 165 180 198
15
1 25 35 54 65 68 92 109 148 155 170 171 174 196 200
10
3 8 23 25 34 40 83 113 173 189
6
15 90 117 124 129 155
9
52 94 113 115 132 147 177 182 189
8
5 25 113 159 167 170 185 197
12
4 15 36 88 101 137 141 143 146 155 162 194
12
22 44 48 81 82 90 92 112 136 140 141 200
10
42 43 55 70 99 100 101 109 131 170
12
16 42 53 55 66 89 96 138 147 156 159 168
13
7 19 30 33 38 41 42 68 76 91 98 133 181
7
49 66 94 123 159 171 185
8
80 92 98 148 161 172 179 192
12
17 36 110 117 134 160 164 167 171 172 176 185
10
13 15 20 38 40 76 108 123 185 194
12
17 18 35 42 55 59 88 96 109 149 171 181
7
4 18 26 57 77 91 122
9
27 40 57 84 91 95 147 175 191
11
26 41 50 57 62 71 72 101 137 146 181
11
21 38 56 76 85 93 105 106 119 158 188
15
4 7 17 30 31 32 40 85 99 109 125 147 168 192 197
7
46 80 86 138 143 164 170
10
13 34 70 102 103 122 137 165 173 175
13
17 24 36 62 64 77 97 109 133 136 163 192 200
8
2 18 53 57 81 101 165 181
7
36 42 49 51 75 102 138
13
13 25 54 67 71 72 108 152 157 175 176 194 196
7
53 73 84 117 137 165 199
9
25 69 75 87 93 98 142 148 194
13
27 45 66 112 130 135 142 162 173 180 186 187 192
4
1 48 126 129
13
1 9 12 15 47 75 90 125 139 182 183 191 196
10
24 74 80 84 94 95 100 101 153 178
6
80 87 91 92 129 175
9
16 60 69 76 95 157 166 171 188
9
3 10 76 77 91 101 115 155 189
8
4 6 10 57 70 97 126 170
17
2 15 29 34 39 84 87 94 100 102 121 129 130 139 140 169 180
9
4 8 14 17 51 56 58 106 142
11
24 33 34 35 42 58 81 83 92 129 135
8
13 14 38 49 52 161 167 172
10
4 5 17 20 28 56 61 116 148 199
8
21 69 107 116 121 143 158 193
16
4 53 56 58 76 86 95 104 128 130 136 143 171 173 177 197
11
6 52 72 81 136 140 146 163 167 180 181
7
21 66 94 141 146 157 196
13
13 48 56 75 77 90 97 99 119 133 139 159 185
8
11 33 36 38 91 153 174 189
10
15 46 66 88 98 110 124 138 177 184
12
11 34 45 50 71 83 84 97 101 138 162 163
16
2 33 40 45 83 88 129 135 145 147 164 166 175 176 189 200
11
7 25 99 105 107 108 119 127 133 151 181
7
33 68 133 134 137 183 186
13
41 48 51 58 59 60 66 83 93 98 178 183 196
9
30 32 78 82 91 105 125 152 173
11
35 40 54 57 97 132 136 141 155 176 200
5
30 91 147 177 180
4
25 91 114 179
14
30 36 38 73 87 107 124 153 156 163 176 178 187 195
9
37 44 57 73 108 137 167 169 185
18
10 19 28 61 69 72 77 91 94 98 101 116 129 146 150 163 173 176
13
8 37 44 45 46 64 79 83 114 119 133 141 158
11
2 3 24 33 36 37 43 46 79 152 198
17
10 20 22 47 58 61 72 80 91 93 96 98 107 126 141 162 172
8
56 77 86 111 117 146 151 160
12
3 14 43 71 90 97 116 118 139 154 173 177
11
5 22 32 33 61 64 68 96 126 131 176
19
6 26 41 50 62 63 65 68 80 99 102 120 144 153 164 180 193 194 196
8
1 14 20 124 134 176 186 190
6
10 41 56 128 152 189
