50 100
1.0 1.0 1.0 1.0 1.0 1.0 1.0 1.0 1.0 1.0 1.0 1.0 1.0 1.0 1.0 1.0 1.0 1.0 1.0 1.0 1.0 1.0 1.0 1.0 1.0 1.0 1.0 1.0 1.0 1.0 1.0 1.0 1.0 1.0 1.0 1.0 1.0 1.0 1.0 1.0 1.0 1.0 1.0 1.0 1.0 1.0 1.0 1.0 1.0 1.0 1.0 1.0 1.0 1.0 1.0 1.0 1.0 1.0 1.0 1.0 1.0 1.0 1.0 1.0 1.0 1.0 1.0 1.0 1.0 1.0 1.0 1.0 1.0 1.0 1.0 1.0 1.0 1.0 1.0 1.0 1.0 1.0 1.0 1.0 1.0 1.0 1.0 1.0 1.0 1.0 1.0 1.0 1.0 1.0 1.0 1.0 1.0 1.0 1.0 1.0
22
4 6 11 17 33 34 37 41 43 44 47 53 54 58 61 66 67 68 69 77 79 82
26
6 11 23 24 26 30 37 44 49 50 55 56 57 58 66 72 73 79 81 82 84 88 90 92 97 98
19
12 15 16 18 32 41 44 49 52 55 56 58 65 70 81 84 92 98 100
24
5 10 14 18 22 32 42 44 46 47 51 57 58 64 66 67 68 73 79 82 83 91 93 98
18
9 16 24 28 32 35 38 49 68 74 75 77 80 84 86 87 88 96
19
13 15 16 17 28 32 33 38 40 41 48 61 62 77 78 81 87 94 99
19
4 11 17 24 31 33 49 53 54 55 56 57 60 66 67 70 79 93 99
16
1 5 12 20 26 28 30 42 52 59 63 68 77 85 87 88
27
2 13 21 24 25 27 28 29 33 34 35 40 44 48 51 55 57 61 65 70 72 75 78 80 86 87 95
28
1 4 10 11 12 16 18 19 27 28 30 32 37 42 43 44 59 62 66 67 68 71 74 76 80 83 91 95
22
7 9 14 15 17 18 25 29 35 36 43 50 51 52 58 66 68 74 76 79 82 83
21
2 5 18 19 26 31 33 42 43 45 47 48 50 69 71 82 85 87 90 91 93
22
1 16 17 28 32 33 34 40 42 54 55 57 64 65 70 74 81 82 86 90 91 98
21
12 18 20 50 53 54 55 56 64 68 75 80 81 82 83 85 91 92 95 96 100
22
21 22 23 28 34 38 45 46 49 61 64 65 68 72 74 77 78 88 94 95 98 100
28
1 2 14 17 21 24 25 26 30 35 36 37 42 45 48 53 65 66 72 74 75 77 79 81 83 87 94 98
16
3 15 21 25 27 31 32 35 40 43 53 72 84 88 89 97
22
3 5 6 13 24 26 29 32 33 47 48 49 52 56 57 66 68 76 80 87 88 95
17
4 5 11 20 26 28 39 51 55 61 71 72 78 82 83 95 99
18
1 2 5 12 35 37 43 50 54 56 63 67 76 79 89 92 96 99
11
3 16 32 39 49 55 62 83 93 96 100
16
5 29 50 51 52 55 56 57 62 69 70 76 77 81 94 97
22
7 8 14 17 19 35 38 39 41 44 45 46 49 52 53 60 61 71 75 80 85 95
21
2 4 6 12 17 18 23 29 33 36 38 48 56 58 70 79 90 92 93 95 97
23
1 5 11 12 15 27 32 33 40 43 48 50 51 56 58 70 71 76 79 84 89 98 99
18
7 9 12 19 30 36 38 41 56 59 60 63 65 70 71 73 84 93
15
3 15 21 30 35 40 48 62 71 72 85 86 87 90 95
20
7 8 12 13 19 24 31 32 34 37 39 65 67 68 72 76 81 82 84 91
28
3 6 8 11 22 23 27 36 37 40 48 53 58 60 62 63 65 66 73 75 76 77 81 85 89 94 96 99
21
4 16 21 25 28 35 36 37 41 42 44 46 47 53 56 58 73 74 77 80 93
18
4 15 20 29 33 35 37 45 46 58 59 60 61 83 90 91 96 97
16
1 4 8 24 28 31 34 45 49 53 59 61 62 71 84 99
21
2 15 21 25 27 28 29 30 32 37 38 42 57 59 73 76 77 82 83 84 92
20
2 10 15 19 21 25 26 28 39 47 48 51 52 54 78 86 92 94 97 99
26
3 4 8 10 11 13 17 18 25 31 49 54 56 58 59 60 69 74 79 83 85 87 92 96 97 98
18
3 8 10 17 19 28 39 42 44 50 54 58 71 80 83 84 88 100
22
1 2 4 10 12 13 28 46 54 56 58 65 67 69 70 71 80 89 92 93 98 100
19
7 17 22 25 29 33 34 35 41 47 48 52 55 56 74 76 82 89 96
21
1 6 7 10 12 17 19 27 28 45 49 55 59 61 64 67 68 80 82 87 99
30
4 5 11 15 21 30 32 34 35 39 42 44 48 50 51 55 56 62 65 66 67 68 72 78 80 82 84 91 96 97
20
6 12 16 20 21 26 27 31 40 41 46 49 50 58 59 61 62 68 78 94
32
1 6 12 14 16 18 21 22 23 26 27 31 32 33 38 42 49 61 62 65 71 72 74 77 80 81 82 83 88 95 96 97
20
12 28 33 34 37 42 44 45 56 57 58 59 61 63 74 86 88 93 98 99
21
7 9 19 22 23 25 26 34 38 39 41 57 63 65 68 69 82 86 93 95 99
13
1 3 14 15 20 24 26 38 44 50 84 95 99
18
2 5 10 17 25 38 44 54 55 62 64 67 75 76 79 82 84 85
23
3 7 9 21 32 35 39 48 49 52 53 54 55 59 66 71 75 80 81 90 91 98 100
20
3 4 28 34 42 44 45 47 52 55 63 65 75 79 86 87 90 91 97 100
15
8 14 15 21 24 28 34 48 49 59 64 66 81 86 96
23
6 9 16 19 21 25 27 40 43 44 50 53 54 59 74 84 86 87 91 92 95 96 99
