100 200
1.0 1.0 1.0 1.0 1.0 1.0 1.0 1.0 1.0 1.0 1.0 1.0 1.0 1.0 1.0 1.0 1.0 1.0 1.0 1.0 1.0 1.0 1.0 1.0 1.0 1.0 1.0 1.0 1.0 1.0 1.0 1.0 1.0 1.0 1.0 1.0 1.0 1.0 1.0 1.0 1.0 1.0 1.0 1.0 1.0 1.0 1.0 1.0 1.0 1.0 1.0 1.0 1.0 1.0 1.0 1.0 1.0 1.0 1.0 1.0 1.0 1.0 1.0 1.0 1.0 1.0 1.0 1.0 1.0 1.0 1.0 1.0 1.0 1.0 1.0 1.0 1.0 1.0 1.0 1.0 1.0 1.0 1.0 1.0 1.0 1.0 1.0 1.0 1.0 1.0 1.0 1.0 1.0 1.0 1.0 1.0 1.0 1.0 1.0 1.0 1.0 1.0 1.0 1.0 1.0 1.0 1.0 1.0 1.0 1.0 1.0 1.0 1.0 1.0 1.0 1.0 1.0 1.0 1.0 1.0 1.0 1.0 1.0 1.0 1.0 1.0 1.0 1.0 1.0 1.0 1.0 1.0 1.0 1.0 1.0 1.0 1.0 1.0 1.0 1.0 1.0 1.0 1.0 1.0 1.0 1.0 1.0 1.0 1.0 1.0 1.0 1.0 1.0 1.0 1.0 1.0 1.0 1.0 1.0 1.0 1.0 1.0 1.0 1.0 1.0 1.0 1.0 1.0 1.0 1.0 1.0 1.0 1.0 1.0 1.0 1.0 1.0 1.0 1.0 1.0 1.0 1.0 1.0 1.0 1.0 1.0 1.0 1.0 1.0 1.0 1.0 1.0 1.0 1.0 1.0 1.0 1.0 1.0 1.0 1.0
38
2 14 18 20 22 41 42 48 61 63 72 73 78 95 99 112 130 133 136 139 140 145 151 155 159 161 166 170 173 176 179 181 190 191 192 196 197 200
38
2 4 10 16 25 28 30 31 33 38 53 57 59 64 75 80 90 104 110 112 127 128 137 139 140 141 148 152 154 167 171 176 179 182 183 192 195 196
34
5 12 14 17 21 32 34 35 38 50 52 62 63 68 72 82 90 94 95 98 99 111 113 114 118 126 134 136 140 157 160 183 184 187
42
9 14 15 21 26 34 36 41 42 52 55 74 77 81 82 84 86 91 92 93 97 106 107 109 111 118 119 120 126 128 143 147 152 156 166 169 174 182 183 184 192 193
38
3 4 9 12 17 19 26 29 33 34 44 46 51 55 60 63 64 68 70 82 87 99 103 107 121 124 133 141 145 146 159 165 167 177 186 187 189 199
55
3 11 21 22 27 30 31 33 35 40 41 44 45 46 48 54 56 65 67 69 73 74 78 80 82 84 86 88 90 92 97 99 103 108 109 116 126 128 133 134 149 154 155 156 157 159 173 176 179 181 184 188 189 194 198
47
2 6 9 12 13 24 27 35 40 42 46 47 49 52 65 69 84 86 93 100 104 110 112 113 125 126 127 129 131 140 142 144 148 151 155 157 158 161 162 176 182 185 187 190 191 197 200
36
2 3 7 10 16 20 23 24 29 39 40 42 48 70 72 76 83 91 96 100 105 106 115 119 123 130 135 141 148 155 160 172 173 177 185 187
32
3 18 29 36 46 51 57 60 66 76 79 80 84 87 97 99 102 105 114 115 116 119 133 136 142 148 151 155 164 166 174 188
31
4 8 10 17 18 22 24 28 55 62 63 70 73 77 78 90 96 104 122 147 150 154 157 162 165 167 168 180 183 199 200
34
1 2 9 14 17 23 28 33 37 39 42 51 55 61 66 74 75 77 83 98 105 111 114 117 129 138 145 148 160 163 165 177 190 200
54
2 3 8 20 27 31 43 47 49 50 67 68 71 72 76 78 86 87 94 95 96 97 98 99 102 104 106 107 108 117 120 122 124 129 130 131 134 135 140 143 145 152 153 154 157 159 162 165 168 172 181 182 183 198
34
13 22 23 26 29 30 32 34 36 37 38 39 52 64 70 74 85 86 94 97 100 105 119 132 133 134 150 163 174 176 181 183 185 194
34
25 45 48 54 59 61 62 69 73 78 84 85 96 98 108 110 112 117 126 135 136 141 144 151 153 158 165 171 173 180 183 186 187 197
28
2 10 11 17 28 57 58 61 68 76 77 87 90 92 100 103 109 121 129 133 140 155 156 163 176 183 190 194
36
3 9 18 23 26 27 28 40 46 53 55 58 69 74 75 84 89 101 103 108 113 116 120 125 129 134 138 139 150 151 161 167 171 188 193 195
33
8 12 15 18 25 39 44 53 62 63 78 79 87 89 91 92 106 107 109 111 112 115 116 119 124 134 137 142 159 172 174 177 193
43
6 21 31 33 37 39 40 46 49 55 67 68 72 81 85 91 92 98 104 122 124 125 130 132 134 136 138 143 155 157 161 162 165 166 169 172 173 178 184 189 196 198 199
39
6 7 9 10 20 31 32 55 56 60 62 77 78 84 86 95 96 97 98 101 103 114 117 120 126 129 130 131 140 150 156 160 161 163 170 175 182 185 189
37
3 20 23 24 28 31 32 37 42 45 46 48 53 57 65 67 69 71 74 79 100 102 117 118 121 138 141 143 145 149 152 154 171 177 179 195 197
48
2 9 10 18 23 26 32 41 50 59 62 64 65 66 67 83 85 89 90 91 93 98 100 101 102 103 104 106 109 111 112 113 115 116 117 121 122 126 135 144 147 158 165 170 182 185 190 194
43
9 11 15 19 28 30 33 37 54 56 57 64 76 77 79 90 92 104 109 112 113 114 115 116 119 128 129 130 144 148 155 159 161 163 165 166 180 181 186 187 193 197 200
43
4 12 23 26 36 37 43 48 49 50 51 55 56 61 62 66 68 69 87 93 95 102 106 107 111 112 116 129 142 143 149 153 154 156 162 181 182 184 185 186 187 195 197
32
1 5 6 13 14 19 22 24 33 41 44 53 57 68 74 75 86 97 109 113 125 133 141 165 168 169 178 180 186 197 199 200
46
3 6 9 14 17 18 22 23 27 34 40 43 56 58 62 65 68 69 75 77 78 80 83 84 85 90 106 108 109 120 123 128 135 138 141 143 146 148 150 160 163 172 180 186 189 199
51
1 11 14 19 20 25 28 35 37 40 47 48 52 58 60 64 65 66 67 71 72 77 78 84 85 88 93 98 105 111 114 115 117 125 134 140 142 143 147 148 155 163 165 166 175 179 180 181 187 191 200
36
1 4 8 23 28 29 38 44 50 56 60 72 79 84 88 92 99 100 103 105 107 114 116 120 124 126 128 129 144 160 163 164 166 167 173 196
40
3 5 11 12 18 28 29 35 37 47 65 68 69 79 84 86 87 89 91 99 102 103 118 122 130 143 144 149 151 152 154 158 167 176 178 180 181 182 195 198
34
5 6 7 9 17 25 27 33 46 59 62 63 64 67 75 76 91 103 112 118 126 127 128 135 143 151 154 156 163 174 182 190 191 199
36
2 6 11 13 14 15 17 24 27 30 36 55 57 60 63 69 82 86 104 109 111 112 125 127 129 131 136 147 154 170 171 172 175 176 191 196
39
1 13 24 28 32 33 37 51 54 61 64 65 73 75 81 88 91 92 94 98 100 109 113 118 124 139 151 152 159 160 165 177 179 181 183 185 195 198 199
41
4 29 40 47 48 50 52 58 62 72 73 76 85 86 93 97 98 102 107 116 122 124 125 127 132 140 145 148 154 155 157 158 159 160 168 169 189 190 193 196 200
45
7 8 19 22 23 26 38 40 42 45 46 49 55 59 68 72 75 76 87 89 103 105 110 113 117 118 120 122 123 124 136 139 142 151 155 156 159 161 163 165 169 170 186 187 188
46
11 12 14 19 21 24 28 47 53 71 80 86 87 90 92 96 100 106 111 121 133 135 137 140 143 144 146 148 152 154 155 162 163 164 167 168 170 175 178 181 182 188 190 193 195 200
51
5 12 13 18 21 26 27 28 32 34 38 39 46 61 62 64 65 66 71 72 74 78 79 85 87 88 92 97 114 120 121 124 127 133 135 139 144 145 147 148 154 155 162 171 172 179 180 189 197 198 200
39
1 10 18 28 30 33 42 44 52 57 63 69 74 79 81 82 93 97 106 108 119 122 126 132 134 142 143 148 149 154 160 161 162 172 176 177 184 186 191
32
1 15 20 30 32 35 43 45 46 47 49 65 83 85 87 98 106 110 135 139 146 147 151 165 167 169 175 177 178 180 189 199
33
6 7 11 15 17 21 37 49 50 52 54 62 67 78 82 87 96 101 105 110 114 116 121 122 123 145 146 163 165 169 182 186 200
43
3 6 13 15 19 22 30 36 37 41 42 50 67 69 77 80 86 87 88 90 97 103 109 119 126 136 141 144 147 154 160 161 162 166 168 173 175 180 182 187 190 192 200
43
4 36 42 43 44 45 46 55 61 64 65 68 71 78 79 80 86 87 89 91 92 98 106 108 112 113 114 116 117 126 127 131 134 151 155 167 171 188 190 191 197 198 199
31
10 13 30 31 36 46 48 58 60 76 80 85 88 95 98 99 101 102 107 116 127 140 143 144 154 165 166 170 172 174 196
55
2 10 11 14 19 20 23 26 27 31 32 33 34 38 39 47 48 50 52 54 55 56 57 64 67 69 72 75 81 83 87 94 102 103 111 132 133 138 143 150 151 155 160 164 167 171 173 177 178 181 182 183 189 192 198
45
1 2 3 4 6 7 10 11 18 22 23 24 26 28 29 34 35 44 47 48 53 61 62 68 72 83 85 87 89 90 101 104 107 108 117 129 131 137 148 150 157 160 171 182 188
36
6 12 20 29 32 46 60 70 79 80 82 86 91 93 97 100 109 114 117 122 125 126 136 142 145 151 156 157 162 163 164 176 178 182 192 194
41
1 6 11 17 19 24 25 26 28 44 52 57 58 60 61 63 68 71 79 87 89 101 104 106 107 108 109 119 120 128 146 152 153 160 163 165 171 182 186 187 198
44
10 19 24 26 29 38 39 44 46 49 51 52 59 64 70 71 72 74 79 81 91 96 98 103 105 107 108 114 117 119 125 130 134 136 140 143 144 145 155 156 158 169 175 195
44
1 7 11 12 24 30 38 41 42 54 57 63 64 69 75 78 81 83 91 94 96 110 111 113 116 118 119 126 129 134 135 138 148 154 159 161 162 166 169 179 185 187 195 196
42
1 10 12 13 27 39 41 43 44 48 49 50 56 58 60 67 71 75 78 79 92 106 112 115 116 119 126 132 133 141 144 148 149 157 169 170 181 182 188 190 197 200
42
1 4 14 20 26 31 34 45 46 51 54 56 62 63 66 73 77 82 85 86 87 89 92 98 117 125 134 135 138 139 141 147 150 155 161 167 168 169 173 174 181 193
40
2 11 13 19 22 23 26 32 40 41 45 55 63 64 66 71 84 88 93 100 103 106 128 134 140 143 145 147 149 152 155 157 160 167 183 188 194 195 196 199
44
4 9 11 21 28 31 35 42 43 44 47 57 61 62 64 69 71 77 91 97 98 100 101 105 110 112 115 116 117 119 129 132 133 142 146 161 163 167 178 179 182 187 191 192
27
6 12 24 30 39 44 49 50 54 61 67 70 73 83 85 95 109 112 122 139 141 151 154 159 161 171 174
47
6 13 14 17 18 19 21 28 32 40 46 48 55 57 67 68 72 74 94 95 104 106 115 121 122 133 134 136 139 149 152 154 156 159 161 163 165 166 172 175 176 178 182 186 189 190 191
37
15 22 27 31 35 36 39 42 54 58 65 67 76 88 97 101 102 121 122 129 132 138 153 154 161 162 164 168 170 174 179 182 183 188 193 194 199
43
3 15 23 34 36 38 56 57 63 65 67 71 83 84 88 89 96 98 99 103 108 112 113 117 123 125 129 138 144 150 158 159 160 161 167 169 179 189 190 191 192 197 198
45
5 6 14 15 18 19 29 37 39 41 43 45 46 47 62 64 66 75 79 82 86 91 98 99 100 102 104 105 108 111 115 119 132 133 134 141 142 148 159 167 172 175 187 198 199
33
1 2 12 14 29 33 36 41 51 53 59 61 70 74 80 85 89 95 96 103 110 112 114 123 134 143 147 151 161 162 175 176 197
40
3 5 8 9 12 19 20 33 35 43 49 50 52 53 54 58 71 79 80 89 90 94 97 101 104 108 110 111 116 125 136 146 155 159 170 175 176 180 181 197
43
3 8 15 26 27 36 37 39 43 52 53 54 56 61 68 79 81 83 85 86 90 96 97 98 105 120 121 122 129 138 142 144 156 171 174 175 178 179 184 193 194 196 197
41
7 10 11 20 21 25 36 37 39 42 43 47 50 52 56 60 61 67 75 77 85 86 88 94 97 100 103 105 107 109 120 125 128 138 143 144 148 163 175 176 191
38
1 9 12 16 22 26 50 51 58 60 62 73 76 78 92 94 96 101 104 106 109 111 116 117 120 124 128 131 135 140 142 150 152 153 161 163 188 200
34
1 6 12 16 47 49 53 54 55 74 92 100 101 109 120 124 126 127 131 133 136 137 143 144 146 148 157 161 175 176 179 189 190 193
51
3 4 12 27 30 33 37 41 43 44 48 49 52 55 65 71 78 79 83 84 85 86 90 91 98 102 104 111 114 117 118 123 124 128 130 145 147 155 156 163 165 170 175 176 180 181 185 186 189 197 198
38
2 4 16 17 19 20 31 32 38 40 45 48 56 61 68 70 71 73 77 82 84 95 98 102 106 124 134 163 164 168 169 172 176 184 187 189 191 193
40
3 23 33 41 47 53 54 58 64 71 72 73 75 87 91 98 99 103 107 118 127 138 141 142 145 149 153 154 155 156 158 159 160 161 169 179 183 193 194 200
49
13 19 21 37 41 45 48 50 54 55 56 60 65 68 77 83 85 86 91 92 97 106 111 112 116 118 120 121 123 127 134 137 138 142 145 154 164 165 169 170 172 176 177 179 190 191 195 197 200
46
6 12 13 24 29 32 39 43 48 61 65 66 72 84 86 89 95 98 99 107 108 116 117 118 125 130 132 135 138 144 157 161 163 167 169 173 177 179 182 183 187 188 189 190 191 200
38
1 3 12 15 22 23 30 39 44 49 55 59 62 65 66 73 74 78 85 94 95 102 104 113 122 138 146 154 155 159 164 166 169 172 186 187 195 198
27
2 10 12 25 28 34 35 43 44 48 56 65 71 96 106 111 112 113 124 131 135 143 160 167 180 191 193
44
8 25 31 33 34 38 40 41 47 50 54 60 64 75 76 78 82 83 85 90 96 102 107 108 109 110 111 114 118 122 123 125 141 148 162 167 172 189 191 192 194 195 198 199
47
3 8 9 10 20 22 25 27 33 34 35 36 40 42 45 46 47 48 58 60 62 63 64 67 75 84 89 91 102 106 118 120 128 129 134 135 139 141 165 167 170 173 174 177 179 187 192
32
1 4 11 16 30 35 37 47 62 82 87 90 93 96 101 103 106 111 122 129 134 145 147 157 167 168 173 176 182 183 196 198
39
9 10 16 20 22 24 25 29 33 38 44 47 51 54 59 65 66 69 76 81 95 97 112 118 121 128 133 134 147 152 153 160 161 165 168 175 178 190 199
38
3 5 7 23 32 40 42 50 52 54 58 61 79 80 87 93 95 110 112 113 122 123 125 126 127 135 139 153 161 168 174 177 178 184 187 188 197 200
33
1 9 10 23 43 49 52 53 58 60 62 63 66 67 87 88 91 112 116 118 120 122 138 156 159 174 176 180 182 191 193 198 199
45
8 14 15 16 18 20 22 23 26 42 43 44 52 53 55 59 61 63 64 68 77 79 81 85 97 98 99 107 108 111 114 123 129 134 143 146 158 160 169 179 182 185 186 191 200
33
3 5 6 14 20 21 28 31 40 42 45 47 51 54 63 69 71 84 89 104 107 109 122 143 144 145 156 160 171 183 191 194 195
47
1 2 4 11 13 16 21 27 35 37 38 39 40 41 42 45 49 50 51 53 62 72 76 79 88 89 94 102 106 114 118 120 135 139 142 143 147 149 158 159 164 169 171 179 180 181 182
47
5 6 7 14 21 22 23 38 39 40 41 43 48 49 50 51 56 72 76 77 78 79 82 83 87 100 103 109 114 115 117 119 121 124 128 129 145 146 160 163 171 173 175 177 178 183 192
29
12 26 28 37 44 47 50 61 62 63 69 79 92 94 104 105 109 112 130 143 150 151 154 155 166 174 187 196 197
40
5 7 8 9 17 23 31 38 39 41 43 45 49 50 52 63 67 68 73 74 94 98 103 106 122 123 131 132 133 134 135 140 153 157 159 163 176 181 196 199
35
5 7 8 13 20 34 36 39 53 60 61 62 64 66 68 71 79 105 116 125 128 131 133 139 140 147 150 161 162 165 166 168 181 187 188
41
8 10 16 25 34 37 38 42 47 49 53 59 60 65 75 80 83 84 89 92 101 106 107 109 115 119 123 128 137 144 145 147 148 155 170 171 176 177 181 191 200
37
5 7 17 23 25 27 33 38 40 41 42 43 47 53 57 62 74 88 107 113 115 125 127 128 129 138 142 147 149 159 160 163 181 187 192 193 194
50
4 10 14 15 16 17 21 23 24 27 32 33 35 44 48 52 57 61 68 74 77 92 96 101 105 123 124 125 126 137 141 143 146 147 149 150 157 160 163 166 168 169 174 176 181 182 183 185 188 196
35
1 6 8 14 23 40 54 57 60 62 67 70 71 73 82 85 89 92 94 103 104 111 112 117 143 149 150 156 158 160 165 167 169 173 193
39
3 27 37 39 40 43 50 67 70 74 83 85 89 93 95 97 98 99 104 113 118 120 122 130 131 136 137 150 156 157 162 164 169 170 173 174 187 193 198
32
9 16 22 23 24 25 36 37 44 48 59 92 105 107 110 111 112 115 120 121 128 138 141 146 149 153 156 176 184 187 192 195
51
2 3 5 7 13 19 20 22 23 30 31 39 41 53 58 63 68 70 74 79 80 83 95 98 99 106 111 117 122 130 137 138 142 143 147 148 153 155 158 159 161 166 176 179 182 185 190 191 195 196 197
46
1 3 4 7 9 10 27 30 34 36 38 41 62 63 64 65 67 68 73 76 78 79 82 86 87 90 107 109 110 112 113 115 117 119 122 128 130 137 147 160 161 176 177 179 184 193
35
8 11 23 26 45 49 60 65 66 70 71 77 92 93 98 99 101 106 115 118 127 128 131 148 151 160 165 171 172 186 189 190 194 195 199
39
2 20 23 24 25 33 41 42 54 67 68 69 74 75 85 87 92 97 98 99 101 105 112 129 148 149 161 162 165 169 175 176 180 182 187 190 194 197 200
38
2 7 8 15 16 17 19 24 26 33 46 51 57 61 67 68 73 77 91 92 93 94 101 108 117 125 135 146 147 148 152 153 170 174 175 180 190 200
38
1 11 17 23 28 29 51 60 65 66 89 93 101 112 115 116 117 118 122 123 130 135 138 146 153 156 160 162 169 170 173 177 179 184 190 192 193 196
49
1 16 17 19 24 27 28 30 37 41 42 44 45 46 50 51 55 74 82 84 85 90 91 95 96 99 104 108 110 113 115 121 125 147 150 151 152 153 162 163 166 167 169 174 182 190 191 192 195
35
3 5 6 7 22 23 24 35 40 43 44 50 59 61 81 89 93 95 96 103 104 105 108 110 117 122 127 131 134 141 155 170 179 187 196
36
26 36 40 44 58 59 68 69 71 74 75 78 81 83 84 87 89 106 120 122 124 125 126 132 141 153 154 156 157 158 161 162 170 172 190 196
43
4 6 7 10 13 24 25 26 28 37 38 40 44 45 47 48 54 56 61 77 84 86 87 89 92 103 107 119 126 129 133 148 156 160 162 164 167 168 170 172 179 186 194
40
7 8 15 24 28 29 30 33 34 36 39 44 46 50 71 82 86 87 88 92 97 103 110 114 115 117 132 139 140 147 150 151 155 163 166 173 178 180 185 196
28
3 10 29 30 32 35 36 40 45 47 59 61 68 74 75 81 84 86 96 97 131 147 161 167 173 181 183 190
