150 300
1.0 1.0 1.0 1.0 1.0 1.0 1.0 1.0 1.0 1.0 1.0 1.0 1.0 1.0 1.0 1.0 1.0 1.0 1.0 1.0 1.0 1.0 1.0 1.0 1.0 1.0 1.0 1.0 1.0 1.0 1.0 1.0 1.0 1.0 1.0 1.0 1.0 1.0 1.0 1.0 1.0 1.0 1.0 1.0 1.0 1.0 1.0 1.0 1.0 1.0 1.0 1.0 1.0 1.0 1.0 1.0 1.0 1.0 1.0 1.0 1.0 1.0 1.0 1.0 1.0 1.0 1.0 1.0 1.0 1.0 1.0 1.0 1.0 1.0 1.0 1.0 1.0 1.0 1.0 1.0 1.0 1.0 1.0 1.0 1.0 1.0 1.0 1.0 1.0 1.0 1.0 1.0 1.0 1.0 1.0 1.0 1.0 1.0 1.0 1.0 1.0 1.0 1.0 1.0 1.0 1.0 1.0 1.0 1.0 1.0 1.0 1.0 1.0 1.0 1.0 1.0 1.0 1.0 1.0 1.0 1.0 1.0 1.0 1.0 1.0 1.0 1.0 1.0 1.0 1.0 1.0 1.0 1.0 1.0 1.0 1.0 1.0 1.0 1.0 1.0 1.0 1.0 1.0 1.0 1.0 1.0 1.0 1.0 1.0 1.0 1.0 1.0 1.0 1.0 1.0 1.0 1.0 1.0 1.0 1.0 1.0 1.0 1.0 1.0 1.0 1.0 1.0 1.0 1.0 1.0 1.0 1.0 1.0 1.0 1.0 1.0 1.0 1.0 1.0 1.0 1.0 1.0 1.0 1.0 1.0 1.0 1.0 1.0 1.0 1.0 1.0 1.0 1.0 1.0 1.0 1.0 1.0 1.0 1.0 1.0 1.0 1.0 1.0 1.0 1.0 1.0 1.0 1.0 1.0 1.0 1.0 1.0 1.0 1.0 1.0 1.0 1.0 1.0 1.0 1.0 1.0 1.0 1.0 1.0 1.0 1.0 1.0 1.0 1.0 1.0 1.0 1.0 1.0 1.0 1.0 1.0 1.0 1.0 1.0 1.0 1.0 1.0 1.0 1.0 1.0 1.0 1.0 1.0 1.0 1.0 1.0 1.0 1.0 1.0 1.0 1.0 1.0 1.0 1.0 1.0 1.0 1.0 1.0 1.0 1.0 1.0 1.0 1.0 1.0 1.0 1.0 1.0 1.0 1.0 1.0 1.0 1.0 1.0 1.0 1.0 1.0 1.0 1.0 1.0 1.0 1.0 1.0 1.0 1.0 1.0 1.0 1.0 1.0 1.0 1.0 1.0 1.0 1.0 1.0 1.0
28
55 70 76 78 79 83 114 137 138 153 165 173 185 195 212 216 225 235 244 245 254 261 267 269 283 287 295 296
33
1 5 10 17 18 21 29 34 35 42 68 81 92 104 119 158 164 167 184 185 188 189 191 198 206 208 217 240 247 271 275 279 292
32
6 23 39 45 55 57 84 87 89 95 100 101 115 117 127 130 146 161 164 175 179 190 192 217 224 254 257 271 277 279 290 291
21
35 57 80 86 99 100 126 131 163 168 170 185 204 215 228 239 256 274 285 287 292
31
9 10 13 14 37 43 44 47 63 75 76 78 84 87 106 110 132 135 157 174 187 196 201 206 217 218 223 229 233 267 298
33
3 36 50 69 70 72 78 93 115 120 132 142 156 160 161 192 194 195 202 207 218 223 227 229 235 239 245 250 264 265 267 271 273
31
2 22 40 77 82 92 101 108 116 117 126 127 140 155 163 167 182 197 212 219 227 235 243 257 258 260 269 275 277 289 298
34
12 17 54 57 72 75 89 92 94 97 98 101 102 106 119 128 140 161 182 183 184 185 208 213 221 232 235 239 251 262 268 279 286 297
28
14 16 22 37 38 53 60 63 73 95 102 113 118 119 120 123 133 136 156 168 180 190 212 229 238 243 255 272
27
3 16 20 23 25 30 31 43 49 58 61 76 78 101 103 136 148 155 164 175 194 199 231 236 258 288 296
34
8 9 17 25 48 69 78 86 93 100 107 111 117 123 129 140 147 156 177 182 186 216 226 233 239 240 257 258 264 266 268 273 280 281
35
11 20 35 39 44 52 60 61 69 71 72 92 97 102 114 120 131 154 157 160 168 174 181 194 211 212 224 249 271 272 283 284 286 287 292
25
12 22 28 40 46 48 60 87 99 101 112 119 133 163 178 183 196 202 208 234 253 264 272 284 287
27
25 41 47 49 50 60 69 89 107 123 128 130 139 142 160 161 166 184 204 226 235 248 250 266 270 288 299
33
10 20 22 26 28 32 35 36 44 46 53 64 70 88 100 104 131 145 150 154 160 168 175 178 186 219 224 231 267 269 288 289 294
30
5 6 10 15 33 41 48 98 101 106 122 126 152 157 159 162 163 165 174 210 212 220 243 245 246 257 265 271 279 280
38
3 10 19 34 46 54 59 68 70 94 100 111 124 127 134 137 141 142 161 163 164 177 183 185 187 190 206 214 227 230 234 236 245 288 290 294 295 299
31
7 17 25 42 51 66 84 104 113 147 153 167 177 195 202 210 215 217 218 219 224 234 238 239 243 244 277 280 287 288 289
38
5 9 11 16 17 28 34 42 47 56 60 64 68 69 71 74 89 96 100 122 140 146 158 184 197 202 214 216 225 228 234 241 250 254 277 285 298 300
25
2 10 11 25 26 34 51 54 62 65 74 89 153 155 164 177 191 218 229 247 249 259 271 276 284
37
14 20 33 37 38 51 61 71 81 90 102 111 115 116 121 122 126 127 139 160 167 184 186 198 204 206 215 226 234 235 239 251 253 263 273 291 298
27
7 13 17 20 33 37 39 69 78 82 98 107 122 138 152 165 179 180 190 205 206 209 232 264 268 282 285
32
8 36 58 60 71 80 93 102 104 114 132 135 143 146 152 153 156 162 184 197 198 204 215 216 218 220 222 236 239 263 276 278
24
3 12 26 33 54 63 115 117 118 119 137 147 169 181 182 196 202 226 259 267 268 290 293 295
22
23 37 65 80 94 107 121 159 161 167 181 184 186 192 207 209 239 250 266 278 281 283
43
3 15 25 26 31 35 52 56 66 71 76 80 82 89 91 98 100 106 112 120 141 157 176 185 190 192 194 206 216 219 232 235 236 246 249 253 257 258 269 276 279 282 288
23
4 14 27 36 40 56 61 70 71 113 146 153 171 217 223 237 241 259 265 274 280 284 293
35
15 19 26 34 36 47 59 61 65 70 89 95 113 129 134 148 149 151 178 206 208 213 214 220 246 249 252 255 259 263 272 276 291 295 300
22
5 19 37 58 83 94 97 98 158 197 203 205 211 228 230 232 233 249 259 268 275 297
38
11 20 36 39 68 87 88 97 112 116 126 127 129 140 142 148 149 153 165 166 176 180 184 190 196 206 213 225 227 231 234 236 244 266 269 270 275 278
36
28 35 48 58 65 68 89 103 116 125 127 128 132 137 142 159 164 178 181 184 187 192 202 212 217 218 221 229 230 232 235 240 241 244 273 288
28
6 9 20 42 43 59 66 72 73 78 85 93 106 107 118 119 129 140 169 186 198 205 226 232 248 260 278 291
33
8 13 18 23 26 48 52 54 75 76 98 99 101 113 122 124 126 143 157 161 171 177 180 182 183 231 243 244 251 261 268 277 299
18
16 46 74 78 86 120 152 164 168 183 186 201 210 213 239 247 290 292
27
22 23 46 51 70 78 86 102 145 152 155 169 177 181 185 198 212 214 216 235 241 245 266 270 280 285 297
38
11 12 41 44 47 58 76 77 79 91 96 102 108 109 112 113 118 120 123 124 125 142 144 159 164 168 170 190 199 200 206 242 244 258 278 290 292 295
29
15 28 48 56 57 66 74 88 111 112 113 124 136 140 141 150 156 168 170 180 193 201 213 235 240 254 266 267 298
30
37 49 52 53 67 81 83 85 92 95 97 108 122 125 127 130 146 171 172 223 236 238 241 249 251 257 263 281 283 295
25
9 18 25 34 39 66 71 90 114 128 151 162 176 182 187 191 227 233 247 261 276 282 291 299 300
25
1 21 25 51 64 65 70 72 79 91 94 96 127 133 158 160 164 173 210 231 233 274 289 292 298
36
1 7 23 24 45 49 60 62 95 96 103 114 115 124 131 132 141 155 159 167 171 185 195 215 234 245 260 270 273 274 276 283 284 287 289 291
32
10 21 31 34 41 44 61 94 101 107 112 116 151 166 199 204 205 225 226 227 242 260 265 268 270 273 277 289 290 293 296 297
35
9 25 34 47 55 61 66 79 95 97 107 117 130 139 154 160 162 170 181 183 190 195 204 217 223 233 234 242 246 250 255 262 263 269 288
30
8 11 18 34 41 42 61 67 89 103 122 129 131 132 133 137 152 162 170 181 182 189 192 193 211 226 231 241 266 277
28
12 14 25 29 54 73 77 80 85 91 103 133 149 151 163 166 172 177 178 199 202 218 222 225 255 263 286 288
25
3 7 37 55 74 78 82 90 102 107 112 118 119 131 138 147 155 157 158 176 229 233 250 269 295
26
5 14 19 20 39 53 60 70 72 99 112 113 119 123 127 138 153 171 181 200 201 205 209 210 254 259
26
11 13 17 22 27 61 62 76 78 95 112 146 161 176 177 202 228 230 236 267 283 287 291 292 296 297
35
2 4 9 15 18 21 54 55 58 67 83 85 87 91 93 96 110 119 138 140 156 166 189 191 193 205 222 224 227 230 267 272 274 295 297
37
5 10 16 17 28 52 53 67 69 78 84 85 90 92 98 130 138 142 143 144 150 163 180 181 193 216 217 232 238 243 248 251 261 263 275 276 295
30
17 20 25 34 36 45 49 52 63 69 75 77 81 136 145 153 169 180 191 208 216 217 235 253 259 264 268 269 275 287
43
7 36 41 49 52 62 73 75 92 94 95 96 102 123 132 134 165 172 175 178 179 180 184 192 197 199 202 206 207 226 230 231 236 242 263 270 278 289 290 292 296 297 298
33
7 12 16 21 44 56 57 60 63 69 71 77 83 120 135 148 149 155 157 164 191 194 201 203 209 215 219 242 262 264 269 287 290
31
17 23 31 36 45 50 57 59 70 71 77 98 100 106 114 119 124 129 137 143 155 162 176 185 186 214 255 273 274 282 289
32
9 27 74 86 88 89 90 108 113 116 117 126 130 135 140 145 146 164 174 185 190 202 203 204 205 210 222 229 234 248 256 296
34
2 5 15 16 22 33 37 42 43 52 53 89 93 137 147 154 176 179 200 206 224 228 230 239 241 254 264 271 279 283 285 295 296 300
22
34 65 66 80 85 110 114 140 154 163 167 168 169 196 203 238 242 261 264 277 284 285
31
7 11 12 13 22 29 35 40 48 86 94 96 102 121 131 137 163 167 168 189 219 231 236 241 251 260 269 271 282 297 299
29
5 19 45 51 53 56 59 62 69 71 78 97 108 145 152 157 158 162 163 167 168 186 222 235 237 239 278 286 292
34
2 8 14 22 35 44 49 67 74 75 93 102 119 125 129 133 141 147 148 149 152 153 187 194 212 216 219 239 245 250 251 258 267 285
30
6 13 41 43 47 51 52 54 57 59 63 65 82 102 104 124 140 152 157 170 188 189 199 203 230 236 248 265 271 299
22
11 26 41 45 46 48 58 62 93 114 120 138 140 155 165 172 178 222 237 250 267 296
31
1 24 27 30 31 47 53 64 65 68 78 85 91 94 111 122 142 143 153 155 161 165 171 183 188 207 216 251 266 298 300
41
2 8 13 14 22 28 48 71 74 83 94 95 98 117 118 120 128 130 146 155 162 175 177 178 181 187 198 209 211 222 237 249 250 255 256 262 267 278 282 289 294
31
5 10 11 37 63 78 88 99 117 124 126 127 132 139 145 166 174 180 192 196 199 211 219 221 227 237 268 271 276 284 287
38
1 8 18 19 21 27 28 45 51 58 59 71 77 81 83 87 88 100 114 115 117 119 120 143 171 175 180 195 199 201 215 229 238 242 246 267 278 296
38
1 21 30 31 37 38 39 44 46 56 67 73 77 83 108 115 122 133 142 145 165 170 171 187 193 203 205 211 223 225 228 261 267 273 284 290 293 300
32
6 15 21 24 28 35 49 65 75 85 89 92 108 120 124 130 132 136 143 148 151 157 175 178 179 217 221 229 236 245 258 264
19
13 21 38 68 84 96 147 157 163 198 215 232 241 244 247 271 274 275 281
27
24 37 42 66 79 99 125 131 133 140 147 153 163 168 169 179 197 200 223 235 244 253 256 261 284 296 300
38
9 12 26 29 32 39 40 43 48 73 100 109 110 116 119 121 122 141 151 158 162 172 178 191 199 211 213 215 216 228 236 253 271 272 274 278 284 288
30
5 8 31 42 61 77 81 86 100 103 104 110 113 115 133 138 147 162 168 173 197 224 237 239 259 264 278 280 289 296
38
2 9 39 44 67 71 73 74 75 94 97 112 128 135 144 149 151 155 167 169 171 177 178 182 190 200 205 208 221 223 228 230 240 256 261 279 287 288
33
28 35 47 60 72 80 82 85 105 113 114 117 119 129 132 142 157 182 225 229 251 254 260 265 269 270 273 281 285 291 292 295 299
32
3 6 8 13 22 32 39 43 46 47 67 80 85 94 96 109 134 143 172 176 181 183 185 186 215 228 232 235 236 240 242 243
28
19 23 25 39 42 57 86 90 93 106 110 115 139 149 166 168 196 231 240 241 246 256 259 279 281 285 288 297
40
5 8 16 24 30 37 40 44 45 55 67 83 87 89 103 116 122 127 134 152 163 166 179 188 199 203 207 208 225 227 230 242 266 267 270 272 278 289 295 297
32
8 27 28 42 47 64 69 83 90 102 121 132 147 148 151 175 179 202 216 219 225 231 233 235 260 263 264 278 281 289 293 300
31
3 20 24 26 44 47 51 56 66 80 95 112 116 133 152 175 184 188 201 202 214 226 232 238 246 250 258 259 266 295 299
30
1 7 10 18 27 35 49 57 79 81 90 106 124 138 157 158 160 181 185 186 202 203 206 214 225 231 243 251 260 283
28
13 25 26 29 48 51 58 70 73 76 90 92 107 119 146 150 174 177 184 223 227 233 239 256 258 264 286 298
34
5 9 12 28 29 32 37 38 58 85 101 102 109 112 137 140 154 155 161 173 176 183 192 200 210 217 230 243 244 247 272 275 282 286
18
8 42 51 107 148 156 157 163 182 183 201 249 250 267 272 294 299 300
36
13 22 23 27 46 69 90 91 93 95 98 104 116 119 122 123 128 130 142 149 150 152 191 205 212 215 226 240 251 261 269 274 277 281 283 290
32
4 14 38 40 45 53 70 79 80 85 87 89 98 128 143 153 161 169 170 175 177 183 184 199 215 236 267 275 276 285 292 298
36
8 12 16 35 39 50 57 72 84 86 89 95 103 107 108 114 120 125 127 128 131 136 145 154 160 164 165 175 192 206 208 261 262 268 295 297
29
4 10 11 12 31 32 36 43 47 68 77 79 89 96 105 119 162 169 173 176 178 189 220 244 256 266 268 273 297
25
5 6 13 44 68 82 86 100 114 125 127 143 148 166 219 233 235 236 237 247 248 249 258 262 297
25
2 3 13 27 36 62 88 90 115 118 124 133 134 150 171 194 197 205 206 218 229 250 252 288 298
32
7 8 32 33 37 39 42 45 55 62 77 78 83 125 147 151 165 179 186 198 206 207 214 218 220 226 228 229 238 264 275 283
32
5 12 14 17 33 40 41 55 63 65 68 70 81 85 89 94 100 106 109 122 135 138 144 153 168 176 192 199 226 232 293 295
27
15 24 32 48 49 56 60 91 97 104 105 111 115 122 147 168 170 171 175 176 182 191 214 215 224 252 278
31
8 26 38 45 47 55 56 62 76 78 81 87 93 98 123 127 132 140 151 161 167 175 188 203 222 252 257 261 275 284 290
33
3 5 6 11 23 32 51 64 75 86 96 98 126 134 138 160 166 170 172 196 197 198 203 212 235 239 241 249 263 266 272 284 288
34
13 17 28 29 38 41 53 55 61 77 85 104 109 111 119 134 135 136 141 154 159 179 186 198 202 206 210 244 245 252 272 278 285 297
23
23 25 28 30 68 79 81 88 94 99 130 152 189 191 203 206 212 223 247 249 251 262 284
38
7 22 27 32 45 54 59 61 88 89 93 124 145 156 167 169 171 182 183 207 208 211 212 213 217 223 229 250 252 259 271 279 285 289 292 297 298 300
27
28 45 51 52 56 62 86 90 93 98 104 111 133 138 166 207 214 220 234 245 252 256 259 264 275 280 288
30
32 36 46 51 62 73 92 93 98 104 108 109 120 128 138 147 148 152 175 186 188 190 191 195 196 212 222 234 258 270
20
2 4 27 30 39 60 89 106 109 127 139 145 180 194 212 216 230 274 281 283
36
19 23 30 87 92 99 103 108 115 119 120 125 130 139 144 148 153 154 160 164 168 169 193 219 234 235 238 245 248 256 261 275 278 284 291 293
29
21 23 24 37 44 46 60 71 76 77 96 111 144 155 172 203 205 207 228 229 231 236 244 247 250 264 265 275 276
32
4 9 10 21 24 32 35 36 42 45 56 95 134 137 147 159 161 164 180 190 191 192 197 204 227 253 260 272 284 285 286 290
31
12 40 58 62 64 67 75 109 115 118 122 132 142 152 158 172 182 190 192 197 203 207 226 228 243 251 266 268 273 275 281
34
20 26 38 44 61 64 80 93 102 106 114 115 122 123 131 148 151 156 169 175 187 188 191 200 212 215 227 228 234 250 270 273 282 296
28
1 10 14 21 41 43 76 79 102 105 111 131 137 157 161 169 173 206 209 212 221 229 232 261 262 263 281 295
25
2 19 25 26 32 34 36 44 56 58 82 95 102 104 115 149 157 177 178 184 197 217 265 267 288
25
11 16 19 23 27 61 74 76 85 90 131 132 136 151 157 158 163 179 200 217 221 222 243 279 286
29
6 27 35 39 51 55 63 65 74 83 84 87 91 92 131 134 137 140 179 191 194 198 207 222 246 262 270 271 297
21
8 18 19 56 68 70 77 81 93 100 107 133 148 155 184 209 210 234 237 257 273
28
7 9 17 18 19 28 38 46 61 80 87 89 99 102 119 127 135 159 163 168 187 197 201 218 245 281 286 295
35
17 25 26 41 50 56 62 63 71 83 93 95 96 103 116 124 139 145 147 156 162 166 172 175 181 188 195 214 223 238 251 252 273 282 297
32
18 33 43 51 58 78 90 91 94 96 118 121 146 153 157 158 162 179 196 211 215 217 224 235 236 240 244 251 271 273 279 289
19
4 11 14 19 28 50 86 110 120 127 136 154 159 183 190 212 225 241 257
29
40 43 75 84 95 103 109 110 116 128 129 138 148 151 153 162 163 182 186 199 200 217 221 222 239 243 295 296 300
28
3 5 15 16 34 36 38 59 65 66 80 102 115 133 136 138 144 148 155 160 164 181 185 210 213 246 254 259
29
1 2 6 8 22 30 34 38 39 44 48 60 61 65 79 93 112 123 134 155 193 197 208 211 250 253 262 280 293
27
2 3 7 37 55 67 83 98 113 123 124 125 132 150 185 194 215 219 221 231 235 244 249 251 254 279 293
26
8 9 22 49 50 63 76 101 129 153 160 168 186 188 192 197 199 201 212 236 249 262 265 283 292 298
29
13 23 25 28 42 43 54 66 67 73 74 102 111 125 177 185 189 192 211 220 228 237 238 246 257 260 266 287 294
31
5 7 8 11 23 28 44 46 47 55 59 60 61 62 78 90 92 94 97 117 126 138 169 170 194 195 221 241 255 284 297
33
16 17 29 48 64 69 70 74 75 79 81 84 102 126 153 164 187 189 192 194 204 207 212 220 223 224 247 252 259 263 281 285 295
30
11 17 24 35 38 62 77 93 95 102 110 146 156 163 172 181 190 228 239 241 244 250 252 273 283 293 294 295 298 300
25
9 10 35 58 65 75 82 83 94 104 110 127 145 151 170 203 222 233 251 255 264 271 276 281 286
30
2 19 20 24 54 57 63 68 85 90 102 113 116 121 127 130 135 156 181 182 191 192 195 209 212 225 235 240 273 298
26
15 17 23 33 49 51 74 80 91 101 107 133 156 162 168 176 202 216 224 229 244 255 260 276 290 299
32
11 14 26 35 52 58 84 94 98 112 118 128 143 149 153 157 163 204 221 225 230 233 238 240 245 262 276 282 286 293 298 300
36
2 7 16 48 52 54 69 74 118 119 120 121 124 150 153 156 172 177 179 181 185 196 209 215 223 237 238 239 243 250 255 256 259 291 296 298
30
14 24 57 72 83 87 88 95 101 105 110 111 121 151 161 172 194 213 216 226 238 244 253 254 258 260 264 267 268 291
34
7 10 21 24 47 51 60 63 73 88 94 104 105 107 110 116 118 143 146 153 185 198 199 226 239 244 250 268 270 271 275 283 286 287
37
8 25 28 33 36 38 41 46 51 53 62 81 101 102 105 107 122 137 145 146 154 157 158 161 163 164 175 184 208 210 241 250 263 291 292 294 299
34
10 29 48 59 61 64 66 80 83 86 111 119 125 145 149 163 166 174 178 190 200 216 217 225 237 241 244 259 261 278 283 290 291 298
31
6 8 18 25 28 31 37 40 64 72 73 79 80 102 117 131 133 149 165 167 172 182 192 197 213 214 244 248 269 286 292
37
2 3 15 18 40 48 57 59 67 70 82 83 108 109 110 122 125 140 141 142 145 147 151 158 161 180 215 225 226 227 228 267 268 284 293 298 300
29
6 8 31 40 64 77 80 88 96 127 131 137 148 158 184 191 212 213 219 225 228 229 239 243 245 255 261 276 285
39
10 13 17 30 31 32 34 49 54 59 60 62 75 76 92 97 103 107 121 122 131 141 147 148 150 161 174 183 190 196 197 202 208 212 228 261 269 280 298
29
3 39 43 52 74 75 80 94 104 115 138 148 153 158 178 184 187 188 195 196 199 203 215 220 227 238 271 286 287
26
16 21 31 38 40 78 91 95 99 106 108 119 121 123 145 146 147 159 173 205 231 234 239 247 275 282
27
1 27 44 48 64 72 73 99 105 110 131 139 166 167 177 188 206 209 216 220 228 250 262 284 287 289 297
26
9 27 29 36 37 46 49 78 82 91 97 110 137 143 151 152 155 159 207 224 225 240 273 283 285 290
25
38 43 53 58 63 73 79 101 108 116 125 170 182 185 191 202 216 218 220 239 245 272 279 282 288
32
6 16 49 52 60 69 72 74 77 81 89 93 100 126 131 140 143 144 146 148 150 153 164 196 201 222 246 270 273 286 288 289
16
85 87 111 126 155 156 179 189 206 207 213 248 253 262 280 292
40
19 38 58 59 65 70 73 81 82 88 93 103 107 110 122 123 127 139 142 145 155 166 169 177 182 184 190 200 203 204 205 220 235 241 246 256 261 262 272 284
28
22 25 34 61 64 65 85 90 95 105 110 113 125 129 134 136 180 182 190 195 209 210 214 240 261 276 292 298
32
40 43 51 66 68 79 98 115 125 138 143 157 167 176 179 183 189 203 217 220 226 239 243 246 250 257 274 275 281 288 291 297
28
9 11 12 13 28 58 72 75 80 90 92 100 123 134 142 162 164 183 189 190 195 211 214 217 220 231 246 288
35
11 17 18 61 62 64 82 92 93 96 105 115 142 150 164 170 182 188 191 196 202 203 205 223 226 240 244 260 263 272 275 276 278 285 294
32
10 16 23 24 40 43 71 95 96 102 105 111 135 141 146 174 184 192 202 203 205 224 232 242 245 247 265 269 272 274 278 297
24
3 31 33 37 46 57 83 115 123 129 137 141 151 156 159 161 180 182 205 227 248 266 271 298
