50 100
1.0 1.0 1.0 1.0 1.0 1.0 1.0 1.0 1.0 1.0 1.0 1.0 1.0 1.0 1.0 1.0 1.0 1.0 1.0 1.0 1.0 1.0 1.0 1.0 1.0 1.0 1.0 1.0 1.0 1.0 1.0 1.0 1.0 1.0 1.0 1.0 1.0 1.0 1.0 1.0 1.0 1.0 1.0 1.0 1.0 1.0 1.0 1.0 1.0 1.0 1.0 1.0 1.0 1.0 1.0 1.0 1.0 1.0 1.0 1.0 1.0 1.0 1.0 1.0 1.0 1.0 1.0 1.0 1.0 1.0 1.0 1.0 1.0 1.0 1.0 1.0 1.0 1.0 1.0 1.0 1.0 1.0 1.0 1.0 1.0 1.0 1.0 1.0 1.0 1.0 1.0 1.0 1.0 1.0 1.0 1.0 1.0 1.0 1.0 1.0
5
58 75 84 85 100
10
11 17 18 21 27 30 57 72 86 89
4
37 52 88 91
11
7 19 39 41 42 59 68 70 86 95 98
4
27 59 62 85
3
25 90 99
8
18 19 20 26 27 32 37 67
6
17 27 36 45 60 62
4
37 48 54 65
4
16 66 83 89
3
10 69 82
7
4 11 32 39 70 71 91
3
31 46 58
4
4 21 83 97
4
36 58 83 98
3
7 67 95
3
49 61 90
9
5 10 37 42 67 69 90 93 98
4
23 37 38 48
8
16 46 53 81 87 93 97 99
3
59 65 82
5
12 41 48 91 94
7
19 39 48 54 65 77 95
6
1 41 64 65 73 99
4
32 52 68 97
5
31 34 72 80 98
12
9 14 20 21 45 49 60 64 81 86 93 96
4
50 76 79 82
5
11 72 84 88 99
5
56 82 86 97 98
4
10 22 50 58
4
6 16 72 92
5
12 13 71 73 100
5
2 33 34 67 89
4
29 41 43 77
2
36 54
5
1 9 14 28 31
2
30 55
4
8 20 70 80
2
19 55
4
33 55 80 97
7
7 19 40 54 67 72 73
1
45
4
1 22 32 39
8
31 34 41 58 60 76 83 89
8
5 21 38 41 52 53 88 95
4
31 80 86 99
4
11 13 47 59
7
8 12 26 57 83 88 96
7
3 25 37 46 55 78 85
