50 100
1.0 1.0 1.0 1.0 1.0 1.0 1.0 1.0 1.0 1.0 1.0 1.0 1.0 1.0 1.0 1.0 1.0 1.0 1.0 1.0 1.0 1.0 1.0 1.0 1.0 1.0 1.0 1.0 1.0 1.0 1.0 1.0 1.0 1.0 1.0 1.0 1.0 1.0 1.0 1.0 1.0 1.0 1.0 1.0 1.0 1.0 1.0 1.0 1.0 1.0 1.0 1.0 1.0 1.0 1.0 1.0 1.0 1.0 1.0 1.0 1.0 1.0 1.0 1.0 1.0 1.0 1.0 1.0 1.0 1.0 1.0 1.0 1.0 1.0 1.0 1.0 1.0 1.0 1.0 1.0 1.0 1.0 1.0 1.0 1.0 1.0 1.0 1.0 1.0 1.0 1.0 1.0 1.0 1.0 1.0 1.0 1.0 1.0 1.0 1.0
23
7 11 16 17 22 25 27 35 39 53 54 58 62 64 76 78 80 86 87 91 94 96 98
20
3 10 11 15 16 17 23 31 34 39 40 47 56 57 71 73 77 82 84 90
14
4 7 12 23 37 40 49 59 63 66 76 85 94 97
23
12 16 21 24 25 27 29 31 36 38 39 44 45 46 52 54 66 75 78 80 84 89 98
25
1 6 11 13 16 19 23 24 32 43 44 46 49 52 55 60 68 74 77 79 80 81 86 95 99
23
3 7 8 9 10 16 23 24 28 29 31 38 47 60 63 68 74 79 84 85 91 98 99
37
1 5 6 8 9 11 17 18 19 24 25 30 35 39 42 44 47 48 53 56 58 60 65 67 69 73 75 76 77 85 88 90 91 92 96 97 99
20
3 8 10 11 19 26 27 31 37 42 50 60 61 65 67 78 79 82 85 91
23
2 5 15 17 18 24 27 30 35 45 48 50 53 57 61 62 67 70 73 74 82 87 94
20
4 10 12 13 17 30 31 35 38 49 50 56 58 65 71 74 76 78 92 93
17
1 15 19 30 31 44 52 54 57 60 61 62 65 68 74 79 100
26
1 4 6 8 11 15 30 33 45 49 52 54 56 63 65 67 73 77 78 90 91 93 95 97 98 100
18
9 10 13 14 17 22 23 24 25 29 45 61 67 69 76 88 98 99
23
5 7 8 14 20 21 31 33 34 37 41 48 55 59 63 66 72 73 77 84 94 95 96
17
7 11 15 17 18 35 50 51 60 68 81 83 84 85 87 92 97
23
2 5 7 11 12 18 28 29 36 37 50 57 62 65 66 70 75 77 80 82 83 89 98
19
1 2 10 12 17 18 20 31 34 38 43 50 56 61 78 84 88 97 99
19
3 8 9 12 16 18 19 31 32 45 48 50 52 54 69 71 84 88 91
18
2 4 6 8 31 38 39 41 47 58 65 66 70 86 87 89 90 100
18
2 13 22 28 29 39 40 41 49 51 52 53 60 66 68 81 99 100
20
6 8 9 11 14 21 45 49 52 60 66 68 69 73 76 82 85 87 96 100
15
2 18 22 31 37 40 46 47 55 63 76 83 89 95 96
20
3 4 5 14 20 23 31 40 44 58 62 67 68 76 77 81 84 87 98 99
19
8 13 14 17 21 31 34 37 39 41 43 53 79 80 81 87 88 92 100
20
4 7 12 13 14 18 19 20 35 37 40 41 42 50 65 74 79 86 94 97
23
2 7 11 15 18 23 28 34 37 47 61 67 69 75 77 78 82 84 88 91 92 95 99
24
5 6 9 10 16 17 31 33 53 54 57 59 60 61 67 69 71 73 77 78 84 86 88 91
16
1 7 12 18 20 26 43 46 50 51 64 71 75 79 82 95
20
2 13 18 25 37 38 43 45 47 50 62 67 70 78 83 84 85 87 91 94
28
1 2 3 6 11 13 16 18 22 23 24 25 39 47 52 54 58 60 66 67 78 79 88 92 93 95 99 100
20
8 14 28 32 40 45 57 59 67 70 72 73 78 80 83 88 91 93 96 100
16
9 11 13 21 23 29 39 45 51 63 69 77 79 86 88 89
26
3 9 20 23 30 31 38 39 42 43 44 50 53 55 56 60 63 74 76 81 84 85 88 90 97 98
20
14 27 40 49 50 52 55 58 63 65 66 70 71 73 76 79 86 90 95 100
23
7 15 17 28 29 30 31 35 37 38 45 51 54 64 66 71 73 74 77 85 86 90 92
27
5 7 18 19 22 27 29 31 33 35 42 43 48 53 55 58 62 67 68 72 73 77 83 86 91 93 99
20
1 3 4 9 18 22 26 35 41 42 58 71 77 80 83 85 91 92 97 100
16
10 13 14 31 41 44 53 57 60 63 71 72 75 77 82 85
21
3 6 7 9 10 14 17 21 26 35 39 55 56 57 61 63 73 78 94 96 97
16
1 6 18 27 28 35 50 55 57 63 65 70 79 84 87 95
21
4 9 24 38 39 40 42 43 46 49 67 68 70 74 78 81 82 83 87 93 97
25
2 7 20 24 25 28 30 33 35 37 50 54 55 56 57 60 61 69 73 76 79 91 95 99 100
16
2 15 16 18 19 24 28 30 41 53 67 72 75 84 89 90
20
3 5 7 18 21 27 29 42 47 60 64 67 68 72 80 83 84 85 88 98
19
6 8 9 16 21 31 33 44 45 46 53 54 55 66 69 73 76 86 98
25
1 4 5 8 14 21 24 25 29 30 43 44 47 51 55 56 68 72 73 76 77 88 90 95 100
18
9 14 15 24 26 28 30 31 40 43 45 49 55 63 64 73 79 80
19
4 18 20 22 26 29 31 38 46 48 61 63 66 69 72 75 84 86 92
19
3 18 24 26 30 32 49 53 54 57 60 61 64 74 75 77 80 98 100
23
5 8 15 16 31 33 36 42 44 49 50 51 52 54 55 57 58 72 85 91 93 94 100
