150 300
1.0 1.0 1.0 1.0 1.0 1.0 1.0 1.0 1.0 1.0 1.0 1.0 1.0 1.0 1.0 1.0 1.0 1.0 1.0 1.0 1.0 1.0 1.0 1.0 1.0 1.0 1.0 1.0 1.0 1.0 1.0 1.0 1.0 1.0 1.0 1.0 1.0 1.0 1.0 1.0 1.0 1.0 1.0 1.0 1.0 1.0 1.0 1.0 1.0 1.0 1.0 1.0 1.0 1.0 1.0 1.0 1.0 1.0 1.0 1.0 1.0 1.0 1.0 1.0 1.0 1.0 1.0 1.0 1.0 1.0 1.0 1.0 1.0 1.0 1.0 1.0 1.0 1.0 1.0 1.0 1.0 1.0 1.0 1.0 1.0 1.0 1.0 1.0 1.0 1.0 1.0 1.0 1.0 1.0 1.0 1.0 1.0 1.0 1.0 1.0 1.0 1.0 1.0 1.0 1.0 1.0 1.0 1.0 1.0 1.0 1.0 1.0 1.0 1.0 1.0 1.0 1.0 1.0 1.0 1.0 1.0 1.0 1.0 1.0 1.0 1.0 1.0 1.0 1.0 1.0 1.0 1.0 1.0 1.0 1.0 1.0 1.0 1.0 1.0 1.0 1.0 1.0 1.0 1.0 1.0 1.0 1.0 1.0 1.0 1.0 1.0 1.0 1.0 1.0 1.0 1.0 1.0 1.0 1.0 1.0 1.0 1.0 1.0 1.0 1.0 1.0 1.0 1.0 1.0 1.0 1.0 1.0 1.0 1.0 1.0 1.0 1.0 1.0 1.0 1.0 1.0 1.0 1.0 1.0 1.0 1.0 1.0 1.0 1.0 1.0 1.0 1.0 1.0 1.0 1.0 1.0 1.0 1.0 1.0 1.0 1.0 1.0 1.0 1.0 1.0 1.0 1.0 1.0 1.0 1.0 1.0 1.0 1.0 1.0 1.0 1.0 1.0 1.0 1.0 1.0 1.0 1.0 1.0 1.0 1.0 1.0 1.0 1.0 1.0 1.0 1.0 1.0 1.0 1.0 1.0 1.0 1.0 1.0 1.0 1.0 1.0 1.0 1.0 1.0 1.0 1.0 1.0 1.0 1.0 1.0 1.0 1.0 1.0 1.0 1.0 1.0 1.0 1.0 1.0 1.0 1.0 1.0 1.0 1.0 1.0 1.0 1.0 1.0 1.0 1.0 1.0 1.0 1.0 1.0 1.0 1.0 1.0 1.0 1.0 1.0 1.0 1.0 1.0 1.0 1.0 1.0 1.0 1.0 1.0 1.0 1.0 1.0 1.0 1.0 1.0 1.0 1.0 1.0 1.0 1.0
38
1 10 13 37 39 41 42 70 72 86 87 88 93 100 104 107 121 122 141 146 149 150 170 176 178 201 202 208 219 227 230 231 242 253 266 268 288 290
25
15 35 41 83 112 114 120 122 127 129 134 157 169 175 177 195 200 234 237 256 266 267 274 287 295
23
11 30 34 53 69 84 89 93 129 154 170 174 183 214 219 225 229 235 260 280 285 290 296
37
14 25 31 34 47 48 50 51 66 69 72 75 79 84 86 88 95 99 113 127 128 135 139 163 172 173 214 222 232 233 236 245 247 255 269 276 294
27
5 25 38 53 60 75 82 83 90 105 127 129 149 174 182 183 190 191 198 206 212 232 243 254 278 286 291
28
11 19 22 49 51 104 109 118 121 129 134 154 158 168 172 177 185 187 192 198 211 222 246 248 262 285 288 299
32
12 18 26 38 51 54 55 84 86 116 130 132 140 155 158 169 185 192 195 196 212 216 234 235 238 265 275 279 293 296 297 298
34
7 9 12 20 46 47 54 61 63 75 77 79 95 96 99 100 106 120 125 131 142 154 155 159 179 205 208 228 236 244 248 256 260 262
38
8 22 28 32 35 39 49 61 65 78 101 107 109 111 118 123 125 130 142 153 157 160 166 174 191 217 220 226 234 238 245 252 253 255 271 290 295 299
27
5 13 48 57 68 86 106 109 110 114 118 135 136 139 141 142 147 174 189 190 209 233 249 261 278 297 298
30
20 26 35 44 46 49 66 70 72 73 77 92 105 113 125 142 148 156 159 177 191 198 203 216 230 235 252 257 262 291
24
2 7 9 12 17 26 36 56 60 61 64 77 92 97 109 137 153 171 206 213 219 255 272 278
37
4 8 11 18 21 25 30 56 66 70 97 105 115 118 121 125 128 130 134 139 142 155 165 174 180 192 193 206 214 215 216 245 257 270 282 286 296
29
5 14 19 22 23 41 44 54 59 89 110 153 154 197 207 227 235 236 245 247 254 256 258 259 262 277 279 286 298
26
22 24 26 37 45 56 93 101 137 139 151 153 167 172 185 187 190 197 225 228 232 241 259 260 264 267
23
2 7 21 45 47 51 57 80 112 141 159 172 185 206 212 213 227 228 244 260 265 269 281
24
12 28 32 45 56 61 67 74 82 93 107 146 152 162 185 203 206 233 245 249 267 268 269 294
36
9 15 19 21 28 47 53 66 67 85 90 110 111 115 116 119 128 135 161 165 168 174 186 200 203 208 222 223 244 245 246 254 271 272 279 282
32
9 25 32 49 51 66 75 80 99 101 103 124 126 133 136 143 152 161 162 165 178 180 181 184 227 235 262 280 291 294 296 297
27
3 19 38 53 61 68 80 87 91 94 100 104 126 141 168 179 186 187 201 207 235 261 263 268 281 282 294
27
7 26 28 60 62 67 88 110 111 140 146 148 157 163 164 173 180 181 183 190 218 224 241 253 254 267 284
39
9 11 18 28 32 33 34 35 41 42 53 62 67 86 90 91 96 97 102 104 111 116 159 160 165 170 172 179 180 205 210 211 212 217 223 229 248 249 296
34
9 17 23 30 38 47 48 62 70 72 100 101 120 124 128 130 138 155 161 177 190 191 198 204 209 217 241 257 264 265 275 286 292 296
30
12 22 23 40 49 57 81 88 92 93 99 103 121 132 145 149 171 181 198 199 202 210 213 230 239 253 254 284 290 293
24
5 16 23 34 36 45 56 57 65 77 80 84 89 111 141 164 181 214 217 222 227 230 265 300
31
5 11 13 18 19 46 59 64 76 78 89 96 99 102 112 117 122 128 134 140 163 187 207 209 211 238 251 263 277 279 292
29
25 37 58 76 83 96 104 119 121 127 139 141 146 147 160 164 167 175 232 239 258 274 275 284 285 289 296 298 300
27
4 8 30 36 54 81 90 96 125 137 140 150 155 159 160 164 170 173 176 183 190 241 243 248 265 287 297
26
2 9 15 18 27 41 52 59 75 76 108 112 116 143 156 165 171 193 194 225 229 236 240 244 258 260
21
18 24 25 30 34 114 116 126 135 147 162 164 208 213 234 240 263 266 274 284 295
36
9 14 25 31 44 80 87 93 97 103 110 115 117 122 128 133 136 158 171 178 183 184 186 191 197 200 206 221 227 232 240 255 262 263 287 291
28
2 18 19 31 40 46 56 81 84 101 103 119 120 121 122 127 146 173 185 190 191 219 234 273 285 286 293 296
30
6 15 18 32 34 36 50 57 65 75 82 102 113 123 125 126 128 136 137 144 162 184 188 225 227 276 282 289 295 299
27
1 35 42 47 49 72 79 100 123 138 141 150 158 167 175 192 194 210 233 249 251 254 265 277 287 289 290
32
1 28 30 37 45 50 57 72 77 101 112 118 120 121 134 142 154 164 167 172 188 192 197 206 209 214 217 219 240 247 281 292
40
2 6 7 13 25 33 34 42 58 61 65 95 101 113 124 125 128 135 150 170 171 177 183 185 192 208 209 219 237 245 255 259 260 262 265 266 269 284 293 295
31
3 13 30 33 46 64 65 90 91 102 114 115 120 137 141 151 158 162 180 188 198 205 209 218 221 243 249 263 265 266 294
38
8 18 19 20 28 37 43 53 64 65 80 87 93 100 111 116 120 124 140 149 150 152 154 165 168 175 178 199 224 226 227 237 261 275 280 286 287 292
33
25 26 29 31 71 76 88 97 113 120 122 131 138 140 150 162 167 170 205 210 213 218 220 224 225 226 227 229 244 246 249 263 279
29
16 17 20 27 30 32 46 47 56 74 92 103 109 115 145 150 153 165 176 179 183 185 186 190 195 262 268 284 292
32
17 20 42 47 75 79 83 131 137 142 145 156 160 161 164 174 187 208 210 211 213 225 226 249 251 270 272 275 282 284 286 299
21
7 23 26 47 67 80 87 94 102 132 136 140 144 203 232 239 252 266 274 285 299
24
14 33 38 72 75 88 100 101 102 138 141 145 161 191 209 227 260 268 270 271 278 279 286 298
31
6 7 13 29 40 51 52 72 76 84 91 92 103 123 124 129 142 167 168 196 219 229 233 239 248 255 259 265 285 295 300
32
3 5 15 18 19 28 34 70 86 89 93 101 113 121 122 124 127 128 137 145 152 156 184 189 196 197 202 221 231 260 263 297
23
9 25 26 47 71 82 114 146 148 149 157 159 164 185 196 200 201 202 204 214 226 262 291
37
11 12 18 26 30 33 35 46 62 66 76 107 140 156 161 184 185 189 193 199 219 228 231 237 242 248 249 261 272 273 275 276 278 286 293 295 297
36
5 13 34 54 63 74 79 89 90 104 126 135 139 141 163 168 169 177 178 184 194 195 199 208 218 220 234 235 236 252 253 267 270 288 292 299
37
4 24 28 47 50 57 58 59 62 64 69 71 75 79 93 100 105 120 128 141 147 165 168 184 191 204 208 232 235 250 254 261 264 268 271 284 286
31
15 23 30 36 58 59 92 95 104 108 109 111 119 133 144 153 157 162 163 164 166 170 189 190 192 198 209 223 230 272 273
22
2 5 12 23 52 79 80 101 104 107 119 158 172 180 184 191 200 231 244 269 286 297
28
49 50 61 74 88 97 98 106 107 122 123 141 158 166 185 190 201 206 223 237 239 255 272 273 275 276 277 290
28
9 11 43 45 63 71 78 88 91 114 121 130 135 144 156 161 183 186 199 207 223 225 246 251 273 275 283 297
35
16 33 36 51 61 91 93 94 105 106 110 117 140 141 150 152 175 184 197 200 223 226 227 230 231 235 238 241 255 261 263 275 276 279 299
38
1 10 26 33 52 64 65 67 99 105 108 111 112 118 130 138 140 151 153 173 188 190 201 207 224 225 228 234 235 249 260 262 273 274 287 289 290 297
31
10 16 24 46 58 62 63 77 106 115 124 133 140 148 175 199 215 219 224 227 229 230 233 234 237 248 255 281 286 288 300
28
4 21 40 48 57 86 92 103 110 116 121 122 134 156 166 175 176 182 185 187 193 199 203 206 214 245 256 295
26
8 21 25 26 35 49 58 73 76 106 127 129 149 187 191 196 228 239 246 252 254 257 269 281 294 295
27
1 11 13 28 36 52 58 68 93 103 107 118 145 150 164 176 188 189 197 198 232 235 264 267 268 277 278
33
3 11 12 15 24 28 32 33 44 46 49 58 70 74 89 113 116 129 131 134 145 152 192 201 204 210 224 232 235 239 254 275 291
33
1 8 9 11 23 25 30 34 39 41 53 55 66 79 98 101 108 109 130 148 203 210 230 232 243 247 248 276 283 286 289 292 300
36
4 13 21 34 38 49 51 53 56 59 64 91 116 143 149 150 155 159 171 181 185 187 202 207 211 212 213 215 217 224 239 246 250 252 266 268
33
15 19 20 28 35 38 40 45 52 73 75 76 85 86 110 114 146 148 160 164 183 184 187 232 241 243 245 269 270 274 275 279 297
28
8 16 26 29 43 50 65 80 85 103 112 119 120 121 136 139 189 207 210 221 222 229 231 246 249 250 266 278
28
27 30 39 47 52 60 62 90 98 100 109 117 120 130 133 135 137 145 149 163 166 170 175 187 210 236 247 251
30
19 21 30 32 37 42 57 59 78 113 116 128 138 139 177 193 199 218 222 230 235 253 254 256 277 281 288 293 297 299
45
4 14 18 20 26 28 31 45 49 52 56 78 82 85 91 94 98 100 103 106 126 127 131 145 146 150 153 155 161 187 193 199 203 206 209 210 214 230 234 235 258 259 265 271 278
39
5 13 17 18 23 33 41 51 52 57 58 60 79 81 83 90 94 105 109 120 122 142 152 168 172 193 198 213 216 229 236 239 250 256 272 273 278 297 300
31
4 6 7 20 28 44 52 55 72 76 89 99 101 107 121 123 125 127 139 140 150 169 195 212 223 229 245 277 291 293 294
30
3 7 9 11 12 15 17 31 38 64 65 109 117 135 139 148 168 173 185 189 195 200 201 233 237 240 241 261 262 291
30
2 9 23 40 67 86 91 113 115 120 136 137 141 149 164 166 183 185 192 203 212 216 229 247 252 264 274 277 280 287
28
9 11 22 23 25 32 48 54 57 60 74 75 79 84 108 114 121 124 159 168 199 204 212 216 217 236 243 251
25
44 61 65 81 85 89 103 111 117 124 126 128 134 141 149 152 163 166 170 179 202 225 240 254 267
28
2 35 42 54 55 59 71 80 82 124 127 130 163 166 169 173 186 188 194 197 244 255 257 259 269 278 290 293
26
4 17 18 47 54 57 74 75 85 92 103 118 121 127 132 155 171 188 210 228 238 248 266 273 286 292
27
4 12 24 40 47 50 85 98 107 118 122 127 129 145 152 169 189 206 224 255 277 278 281 288 291 296 299
27
1 19 27 40 74 75 78 93 95 135 137 140 142 147 154 157 201 208 210 233 251 255 257 262 268 282 295
31
6 39 50 73 114 116 131 132 134 147 162 163 173 176 178 183 184 186 191 192 203 212 218 232 238 243 246 260 266 268 275
28
38 44 51 66 69 84 85 89 109 122 134 135 136 139 141 147 151 173 184 217 221 222 232 233 241 285 286 299
32
4 5 10 25 35 48 52 61 83 111 130 137 149 157 177 178 184 197 216 240 243 245 258 262 266 271 274 275 276 277 279 296
31
2 7 20 21 24 50 52 62 80 91 94 115 138 140 144 147 171 174 184 186 190 194 209 225 236 241 247 251 258 265 285
23
4 6 19 26 52 55 70 72 95 97 101 106 126 127 138 153 189 218 226 248 267 272 290
29
10 14 15 36 55 64 80 97 102 119 136 152 156 159 165 171 196 221 225 234 237 242 243 251 254 274 276 284 287
34
9 10 29 33 38 41 42 53 54 56 72 78 104 111 119 137 142 143 144 146 152 167 186 213 214 217 222 237 248 256 259 267 283 296
28
20 57 60 116 118 132 143 144 146 149 152 159 160 163 172 176 186 205 206 208 209 231 232 253 267 270 299 300
34
16 33 35 41 52 82 108 115 124 131 134 139 143 144 148 151 152 154 162 167 185 187 197 204 205 219 234 241 249 257 271 276 284 297
30
9 23 27 28 30 31 35 40 42 47 48 75 78 80 107 112 114 115 119 125 151 156 159 162 179 184 194 199 280 285
29
7 14 17 22 24 25 32 41 43 58 88 104 113 121 127 163 164 178 184 194 209 214 219 225 235 276 283 290 293
38
8 12 18 22 27 31 38 39 68 76 84 85 87 115 128 133 160 161 162 178 201 214 215 219 223 226 235 240 242 245 251 260 261 270 277 293 296 300
38
4 8 11 15 49 55 60 74 78 79 91 92 98 128 134 141 147 156 157 158 159 184 187 194 205 209 212 213 231 233 240 253 270 274 275 284 288 294
28
4 7 9 28 69 88 97 114 123 137 143 151 173 185 201 212 229 244 261 267 269 275 283 288 290 291 294 300
30
21 22 24 39 54 65 73 81 89 99 112 118 172 175 182 202 225 234 241 248 256 277 278 283 287 288 293 296 297 298
36
15 24 39 41 43 44 54 63 87 88 116 118 129 149 157 166 177 192 198 199 203 209 212 215 221 222 234 247 248 249 254 259 273 274 275 277
31
7 17 32 35 48 51 54 69 73 74 88 91 97 100 113 139 178 185 190 191 192 195 205 210 218 222 229 238 252 264 268
32
5 9 21 24 43 46 75 80 83 99 116 117 124 129 141 154 162 163 171 172 208 214 218 220 226 228 234 251 272 283 286 293
33
22 29 69 106 109 115 124 128 136 149 158 160 163 170 171 179 185 188 203 218 221 222 227 238 240 244 254 260 265 272 276 282 286
35
2 19 38 42 43 60 68 71 77 86 91 93 94 116 117 130 135 136 144 145 146 154 162 169 207 208 225 233 246 253 268 283 289 298 299
27
3 6 10 21 34 47 60 66 70 82 107 122 157 161 165 169 177 194 198 209 222 231 235 251 255 262 263
24
7 52 65 69 112 113 116 119 165 180 181 202 204 207 218 222 226 227 229 237 240 256 273 274
29
21 22 35 53 65 70 72 87 91 100 110 113 137 159 168 197 207 219 228 233 234 241 256 258 264 271 275 278 287
29
1 33 47 48 50 61 70 117 119 130 140 149 156 161 167 168 170 173 189 210 211 214 227 263 268 276 279 290 291
36
1 13 14 18 31 33 42 50 63 75 84 89 97 106 110 123 128 148 158 161 163 178 195 218 219 221 222 246 247 257 261 271 283 286 289 294
21
34 41 71 73 92 96 99 103 129 145 158 201 216 227 241 253 260 263 278 284 290
36
15 18 25 30 43 45 46 61 73 81 87 95 97 111 113 120 124 125 134 148 152 158 173 176 180 193 205 210 212 218 219 221 261 281 285 292
22
37 69 88 91 102 109 124 129 145 155 176 178 181 193 205 212 215 224 232 233 247 260
36
2 4 6 10 14 16 20 25 26 29 41 52 81 90 115 117 126 128 136 139 144 145 177 193 208 219 220 224 235 239 240 246 248 256 262 274
25
24 27 31 52 57 58 100 109 119 125 145 150 168 189 195 198 201 207 221 230 236 245 260 263 271
23
1 11 13 57 62 73 106 108 114 116 165 175 191 206 213 221 228 235 240 252 267 294 296
28
7 18 19 51 56 63 65 85 89 97 107 111 116 163 166 168 220 233 241 244 251 254 267 268 274 291 292 300
25
3 52 53 57 58 64 86 100 133 136 141 142 190 200 221 222 223 226 238 264 268 272 280 282 299
35
7 15 17 20 21 22 31 38 50 60 75 111 112 113 118 121 127 129 150 153 162 164 177 178 186 192 194 197 223 237 243 250 260 269 295
29
13 15 19 25 32 35 52 65 82 90 95 101 133 144 164 171 174 175 184 192 210 228 230 235 243 252 268 280 289
24
14 48 63 68 72 104 108 110 116 135 155 161 186 203 216 220 225 257 266 268 272 276 281 284
26
15 45 58 59 92 95 106 109 120 121 125 129 133 146 161 173 184 197 212 216 236 239 245 259 260 288
37
5 12 36 45 51 53 74 78 83 90 93 101 103 114 130 132 142 143 145 155 162 166 188 190 203 219 221 228 243 248 250 256 262 268 288 289 298
31
3 7 10 39 66 70 78 80 90 94 104 125 128 131 134 136 137 160 162 164 172 188 210 224 230 231 268 270 273 287 298
33
4 14 26 30 39 46 51 83 85 97 113 118 128 131 140 149 157 184 196 199 202 209 215 218 229 235 236 240 251 257 265 283 287
32
10 11 25 34 53 61 74 76 85 102 104 113 125 129 133 153 160 167 169 180 182 186 192 220 226 233 248 249 251 264 279 298
32
13 38 54 55 59 63 65 93 95 118 123 125 146 152 153 154 155 181 182 191 202 215 229 230 231 233 237 244 265 268 279 287
21
1 23 31 39 63 77 87 95 102 110 121 145 148 157 163 171 246 248 254 263 282
28
16 31 33 41 48 50 51 63 93 113 118 137 143 153 171 178 181 214 222 223 236 244 257 262 272 275 284 298
26
3 12 13 23 42 60 64 66 69 70 86 89 90 122 124 125 156 180 197 211 221 239 249 253 276 289
28
9 26 28 34 39 40 44 52 66 70 78 87 101 117 123 130 132 135 137 169 188 201 240 255 263 264 281 287
24
7 13 29 44 63 74 101 102 107 110 117 120 132 136 138 139 142 156 162 209 237 260 262 287
28
14 22 33 40 42 55 63 83 107 109 132 139 145 159 187 195 200 207 219 220 224 238 248 262 265 279 286 296
30
16 21 28 31 41 46 61 81 99 101 102 108 126 131 133 151 168 169 188 220 225 238 242 252 257 266 276 277 288 292
28
4 5 20 33 43 52 66 83 86 93 98 116 129 148 154 156 169 170 185 212 230 233 248 270 273 288 289 295
33
4 7 8 24 27 28 30 49 55 73 81 85 90 92 108 119 131 133 149 154 158 160 162 200 201 214 217 233 237 238 269 281 294
30
26 27 30 42 44 46 60 72 78 81 82 95 127 132 134 135 174 180 185 190 203 217 222 224 242 254 267 273 291 292
26
1 9 14 15 21 39 61 68 70 77 108 111 133 138 139 165 171 200 209 210 217 221 224 231 261 264
32
1 11 12 14 23 28 29 39 53 77 87 89 90 114 122 127 133 144 157 163 176 178 183 201 209 247 251 267 271 276 279 296
30
3 9 20 29 40 45 67 73 83 104 111 133 149 150 154 175 178 179 186 204 207 211 221 225 229 233 252 261 265 289
43
7 8 10 15 24 27 29 34 69 73 74 75 82 95 98 101 109 112 123 130 132 137 138 148 159 164 178 185 199 204 217 231 241 248 252 254 260 261 269 278 282 298 299
18
46 73 93 116 135 146 150 159 175 183 191 192 195 234 243 260 281 299
28
50 61 68 73 75 101 108 109 110 121 124 144 159 173 177 194 211 229 233 239 250 252 264 266 267 268 282 293
33
11 13 31 38 42 45 46 53 65 86 106 117 125 139 150 153 158 176 177 188 205 221 222 226 239 240 246 253 254 257 268 274 282
24
1 20 32 43 67 85 101 114 117 125 131 139 163 181 192 193 197 199 218 222 225 260 269 294
28
17 24 45 57 68 70 77 98 105 108 110 128 129 159 164 193 222 231 246 251 254 256 257 258 269 271 275 281
32
19 20 38 42 83 84 86 97 100 105 113 114 126 147 150 161 177 182 183 195 207 231 233 234 237 240 243 246 263 266 293 300
35
9 16 24 27 34 46 53 88 93 111 113 117 119 122 123 129 133 142 159 171 176 196 198 225 228 231 245 248 255 258 265 268 279 288 294
21
46 47 67 87 100 102 105 106 113 119 134 148 157 158 185 188 195 214 263 273 291
32
6 20 26 28 40 44 47 65 84 93 99 104 110 122 131 146 151 155 164 168 177 194 198 208 225 234 248 261 265 279 294 300
33
21 29 31 40 49 60 66 85 88 94 104 111 116 129 131 135 148 154 157 168 174 175 192 197 198 199 232 254 261 267 268 270 293
26
17 19 22 43 60 87 98 134 140 149 159 160 165 188 190 209 212 215 216 218 236 238 261 266 276 294
19
16 18 39 56 57 61 70 75 86 88 115 123 129 133 188 190 196 206 234
33
10 12 33 36 49 53 54 55 60 65 78 82 85 108 114 123 127 140 143 147 150 161 176 191 200 205 224 228 234 248 252 256 289
35
27 40 52 55 57 63 70 73 74 79 98 113 114 118 136 143 166 168 170 171 172 174 177 195 204 222 225 231 235 252 282 285 287 288 293
26
7 14 47 52 62 63 69 75 76 102 105 107 109 120 143 148 159 163 168 170 186 188 218 225 249 259
27
1 24 31 39 43 65 67 87 96 114 115 120 125 137 141 144 145 147 163 171 177 186 204 229 230 231 265
30
23 26 29 37 52 53 55 57 59 85 88 92 107 111 135 166 187 191 192 218 219 221 228 235 237 250 268 277 284 285
