150 300
1.0 1.0 1.0 1.0 1.0 1.0 1.0 1.0 1.0 1.0 1.0 1.0 1.0 1.0 1.0 1.0 1.0 1.0 1.0 1.0 1.0 1.0 1.0 1.0 1.0 1.0 1.0 1.0 1.0 1.0 1.0 1.0 1.0 1.0 1.0 1.0 1.0 1.0 1.0 1.0 1.0 1.0 1.0 1.0 1.0 1.0 1.0 1.0 1.0 1.0 1.0 1.0 1.0 1.0 1.0 1.0 1.0 1.0 1.0 1.0 1.0 1.0 1.0 1.0 1.0 1.0 1.0 1.0 1.0 1.0 1.0 1.0 1.0 1.0 1.0 1.0 1.0 1.0 1.0 1.0 1.0 1.0 1.0 1.0 1.0 1.0 1.0 1.0 1.0 1.0 1.0 1.0 1.0 1.0 1.0 1.0 1.0 1.0 1.0 1.0 1.0 1.0 1.0 1.0 1.0 1.0 1.0 1.0 1.0 1.0 1.0 1.0 1.0 1.0 1.0 1.0 1.0 1.0 1.0 1.0 1.0 1.0 1.0 1.0 1.0 1.0 1.0 1.0 1.0 1.0 1.0 1.0 1.0 1.0 1.0 1.0 1.0 1.0 1.0 1.0 1.0 1.0 1.0 1.0 1.0 1.0 1.0 1.0 1.0 1.0 1.0 1.0 1.0 1.0 1.0 1.0 1.0 1.0 1.0 1.0 1.0 1.0 1.0 1.0 1.0 1.0 1.0 1.0 1.0 1.0 1.0 1.0 1.0 1.0 1.0 1.0 1.0 1.0 1.0 1.0 1.0 1.0 1.0 1.0 1.0 1.0 1.0 1.0 1.0 1.0 1.0 1.0 1.0 1.0 1.0 1.0 1.0 1.0 1.0 1.0 1.0 1.0 1.0 1.0 1.0 1.0 1.0 1.0 1.0 1.0 1.0 1.0 1.0 1.0 1.0 1.0 1.0 1.0 1.0 1.0 1.0 1.0 1.0 1.0 1.0 1.0 1.0 1.0 1.0 1.0 1.0 1.0 1.0 1.0 1.0 1.0 1.0 1.0 1.0 1.0 1.0 1.0 1.0 1.0 1.0 1.0 1.0 1.0 1.0 1.0 1.0 1.0 1.0 1.0 1.0 1.0 1.0 1.0 1.0 1.0 1.0 1.0 1.0 1.0 1.0 1.0 1.0 1.0 1.0 1.0 1.0 1.0 1.0 1.0 1.0 1.0 1.0 1.0 1.0 1.0 1.0 1.0 1.0 1.0 1.0 1.0 1.0 1.0 1.0 1.0 1.0 1.0 1.0 1.0 1.0 1.0 1.0 1.0 1.0 1.0
70
4 13 15 17 19 21 26 30 36 37 38 42 46 48 54 59 67 69 72 76 77 80 81 89 93 100 103 110 121 122 131 132 133 137 141 149 151 152 153 154 160 165 168 170 177 184 191 196 205 211 212 214 222 223 233 236 242 247 248 258 260 261 266 272 278 279 280 285 286 297
57
3 9 12 14 20 32 37 41 42 45 47 53 57 62 63 69 71 77 85 96 97 102 104 105 106 108 111 112 122 124 134 142 148 149 153 154 160 161 162 164 180 184 188 189 198 200 203 207 214 228 244 266 267 268 270 295 296
62
5 16 21 35 37 59 69 71 74 75 76 87 88 93 97 102 112 119 121 122 127 129 132 133 135 138 141 143 144 145 146 147 149 152 155 157 162 163 166 168 174 175 178 180 181 193 196 200 210 224 231 235 240 252 255 260 265 281 289 290 299 300
74
10 13 19 22 39 40 46 53 54 55 58 62 63 74 81 82 87 88 92 98 100 101 102 106 108 113 116 118 125 127 131 133 138 141 151 154 159 161 178 181 182 183 190 202 204 205 209 211 216 222 224 226 242 252 253 254 258 260 262 264 265 267 270 281 282 283 284 288 289 290 294 295 298 299
64
11 20 21 23 24 27 30 31 36 41 42 46 57 66 67 71 85 88 102 105 109 118 120 123 124 139 140 143 144 151 156 163 169 171 172 175 177 186 190 192 195 199 200 201 207 208 210 215 221 223 224 233 236 242 247 250 256 274 278 283 284 286 295 299
59
10 13 18 28 32 43 49 61 63 65 67 80 82 92 96 98 104 107 115 116 120 124 126 132 136 141 146 149 163 171 177 180 181 182 185 187 188 190 192 193 200 206 209 211 212 216 222 226 227 228 235 255 264 265 269 281 286 287 299
60
11 12 15 16 23 33 35 36 42 43 50 55 58 59 69 72 78 79 81 87 94 99 100 103 114 117 119 120 126 130 135 146 149 152 154 155 161 167 178 186 200 201 206 212 217 220 225 231 235 249 258 262 263 281 283 285 288 289 298 299
58
6 9 11 12 24 26 28 30 34 36 49 50 53 54 56 60 70 73 75 80 81 97 98 99 102 103 113 123 124 128 138 144 151 156 158 167 168 184 192 197 201 210 211 215 218 232 245 262 265 267 268 269 270 278 279 287 295 296
67
11 22 23 25 26 31 34 35 40 46 47 57 59 61 69 71 78 81 91 94 96 98 103 110 112 119 123 125 127 129 132 133 139 142 147 148 151 160 162 163 166 173 181 183 186 188 195 196 198 208 213 224 228 232 235 236 243 244 246 250 255 259 267 275 283 286 288
54
5 11 15 18 22 26 28 49 53 56 65 66 70 77 80 81 85 103 108 109 119 120 122 134 136 140 145 150 151 152 165 166 169 170 177 179 184 187 190 192 193 195 209 216 220 222 228 230 234 237 251 270 271 275
67
14 18 19 20 22 24 25 40 46 56 58 64 68 70 76 81 85 91 102 104 109 119 121 122 128 132 135 142 145 153 160 161 168 179 182 185 186 189 191 195 196 197 202 203 212 214 216 217 220 224 227 229 230 231 238 244 249 260 278 281 282 285 286 288 295 297 299
63
6 9 12 13 16 19 22 27 31 33 35 36 41 46 47 52 55 61 65 68 71 80 83 87 90 92 94 100 111 115 118 122 123 125 130 131 136 145 154 160 161 162 167 169 174 181 183 188 194 195 198 199 209 218 227 233 244 253 256 257 258 272 276
62
5 10 15 24 25 28 49 52 65 68 74 80 81 84 88 91 96 97 115 116 122 123 125 129 130 134 140 141 146 147 154 160 170 171 180 181 183 187 198 205 207 209 214 215 216 219 224 226 233 238 240 249 255 262 263 268 269 278 288 290 295 297
61
2 20 21 31 33 36 37 40 48 51 55 58 60 66 67 76 80 82 84 90 99 103 104 106 109 112 115 118 129 130 141 142 154 158 170 176 177 178 182 194 198 201 205 206 214 216 225 233 246 253 258 261 263 266 269 272 276 279 285 287 300
68
1 14 22 26 28 31 33 45 61 66 67 69 73 75 76 80 87 92 94 99 102 103 104 108 109 110 117 126 128 129 132 135 139 140 143 147 151 156 158 160 163 165 181 189 211 212 214 215 216 217 222 223 236 242 248 252 253 262 263 264 270 272 277 278 287 292 294 299
53
15 28 33 34 45 57 58 60 63 67 69 73 74 80 81 91 92 97 99 100 105 107 111 117 128 131 133 134 146 147 153 162 165 167 169 172 174 177 183 198 219 227 232 239 240 252 262 263 271 272 284 287 297
58
3 14 26 33 35 46 53 56 65 69 72 75 95 98 119 122 123 130 134 140 143 158 159 171 173 177 184 186 190 200 204 205 206 211 216 226 230 231 232 234 237 240 243 248 255 258 264 267 270 274 279 283 285 287 291 293 294 298
53
2 12 17 22 23 25 27 30 36 39 45 49 51 52 54 58 60 69 80 95 98 101 115 132 138 140 150 152 155 160 170 172 182 189 191 197 200 203 207 216 236 237 240 245 246 249 271 274 282 288 292 293 300
59
8 9 16 22 27 28 30 34 36 41 42 51 52 53 57 62 82 88 98 100 103 104 106 111 119 122 123 128 130 134 135 137 150 158 171 177 187 191 198 202 206 213 215 224 226 229 231 237 238 240 249 252 255 257 269 279 280 299 300
65
2 8 9 10 14 16 19 26 35 36 41 47 48 49 50 52 53 54 59 60 61 62 66 79 86 89 91 95 96 102 109 123 129 133 135 136 137 140 146 148 157 163 165 173 183 188 193 194 195 217 242 244 245 249 250 254 258 263 267 270 282 285 287 290 293
75
5 8 22 27 33 44 47 48 49 55 57 62 66 69 71 75 80 81 84 88 89 99 105 110 116 117 118 123 128 130 132 133 134 141 143 144 145 147 149 156 165 171 172 175 177 180 184 186 195 196 197 199 205 214 217 218 219 220 230 231 233 237 242 243 249 259 266 267 268 269 273 283 285 296 297
62
6 9 12 25 31 34 45 47 49 54 65 70 71 77 78 80 91 99 113 114 116 123 126 130 133 135 138 143 147 154 158 160 163 169 173 178 179 191 194 196 197 200 204 205 207 212 215 219 225 227 231 244 265 270 272 278 283 285 287 295 297 300
55
5 8 21 23 25 35 37 38 42 48 72 77 88 92 97 99 107 110 112 114 118 120 127 133 140 141 147 155 157 159 162 163 169 178 180 194 203 206 207 208 215 223 244 252 254 257 265 267 268 280 283 288 292 294 298
59
3 6 9 12 20 22 23 43 45 49 50 53 58 61 62 70 73 79 82 91 100 112 118 119 124 129 135 142 152 161 167 169 179 183 195 197 200 201 213 221 232 235 238 239 240 246 249 252 256 257 259 269 270 272 276 278 292 296 297
52
3 6 7 8 11 12 29 39 50 52 61 63 73 83 88 92 109 111 114 115 118 123 125 126 127 128 133 138 139 141 146 155 157 168 172 178 190 199 201 205 213 215 225 230 240 250 253 254 258 265 287 299
63
4 6 7 8 11 17 25 36 37 40 42 43 50 57 78 80 83 84 85 86 98 100 101 104 105 108 116 125 128 143 148 149 151 155 174 176 180 182 184 193 203 204 205 218 220 223 235 238 239 241 244 251 252 253 261 263 272 280 283 285 288 290 293
63
2 4 15 18 19 20 21 24 28 31 36 39 46 48 54 59 64 70 79 95 102 103 113 116 118 125 128 129 136 142 148 149 150 151 153 154 155 157 159 164 165 171 183 187 199 203 210 222 226 232 234 238 244 248 251 256 260 265 268 269 273 278 285
51
10 11 13 24 27 39 46 50 55 64 66 67 70 72 79 84 85 88 100 118 119 124 125 133 135 147 152 158 165 167 172 179 180 191 196 204 213 220 225 231 233 239 247 257 261 263 270 275 278 280 288
55
20 29 30 31 34 40 41 65 68 74 79 81 89 90 111 120 140 142 147 154 161 164 165 168 171 179 183 188 190 191 196 197 199 204 212 214 215 217 221 225 236 239 245 247 262 265 267 270 271 274 277 284 285 292 293
46
10 39 47 52 53 64 73 83 87 92 111 118 119 122 128 153 154 156 158 162 164 168 172 175 184 186 187 195 197 199 211 217 221 231 237 250 253 254 256 259 268 277 287 288 290 299
55
5 6 11 16 23 24 38 40 42 46 51 53 56 63 64 67 68 71 73 85 89 104 112 124 132 134 145 146 153 169 171 173 174 175 180 188 194 196 201 202 205 211 215 217 220 224 234 251 263 272 288 293 295 297 298
54
4 8 11 13 20 21 27 38 56 58 59 64 68 76 77 87 93 96 103 104 134 136 142 145 148 151 158 161 162 164 165 170 185 191 193 194 203 208 216 218 226 230 234 242 251 253 254 274 275 276 279 282 285 299
59
1 7 8 12 16 28 29 32 35 38 51 52 62 64 72 76 77 83 85 89 93 97 101 102 105 106 107 114 115 116 118 126 127 137 148 158 159 165 176 177 189 195 200 208 213 214 217 225 241 245 253 259 260 269 273 274 276 279 285
58
1 3 8 9 17 31 32 34 35 38 40 41 43 45 47 61 62 65 73 74 86 92 105 107 108 111 123 128 129 138 142 156 160 161 162 176 187 204 209 210 215 216 231 235 243 248 261 263 272 280 282 283 284 291 293 294 295 300
65
8 12 19 25 26 33 34 36 38 41 45 51 58 60 61 68 84 89 92 104 113 119 120 126 128 130 135 141 143 152 158 161 163 166 173 177 178 179 194 196 199 200 206 207 209 212 216 220 223 229 235 236 238 239 240 262 264 270 274 277 289 294 296 297 298
67
4 10 13 20 22 24 25 26 29 34 36 42 52 54 55 63 64 65 69 73 77 86 96 109 113 115 117 127 132 137 142 145 149 156 157 160 164 165 170 176 180 204 205 206 213 220 222 224 239 242 243 252 254 260 263 266 268 271 272 278 280 283 285 291 295 299 300
69
6 9 15 19 20 24 25 26 27 31 43 54 55 57 59 60 71 77 78 79 82 83 84 85 93 94 98 99 105 106 108 119 121 126 129 136 137 147 150 151 152 154 158 161 175 186 197 198 206 208 211 215 217 223 226 239 243 244 246 249 251 252 254 261 263 264 272 274 283
68
19 20 23 28 32 36 41 42 44 45 48 57 61 63 66 74 76 77 79 86 97 99 100 113 124 126 128 129 130 133 136 139 140 146 147 152 156 157 164 168 169 170 173 174 179 182 191 198 199 203 209 211 218 220 232 236 241 247 248 256 259 260 279 283 287 290 295 297
53
1 2 4 5 13 39 40 54 56 57 61 63 66 67 72 84 87 88 95 102 104 106 115 134 135 137 138 142 153 157 172 178 179 181 183 184 192 197 208 209 222 223 234 239 245 249 256 264 274 282 287 289 297
61
8 10 11 13 14 20 22 32 40 54 61 64 75 93 95 98 103 105 107 110 117 120 122 126 130 134 138 143 146 153 161 165 166 169 172 180 183 184 186 189 195 202 203 208 210 214 215 223 232 236 237 238 239 240 241 244 246 258 265 290 300
75
1 2 8 9 13 17 22 35 37 38 45 46 58 60 64 76 83 90 92 93 95 96 99 104 107 110 112 114 121 123 135 136 137 138 143 145 153 165 170 178 180 182 183 186 187 197 199 200 208 210 214 217 224 227 229 235 243 246 250 251 253 257 261 262 269 271 275 279 281 287 289 290 291 293 295
59
6 16 24 25 29 35 40 41 42 44 47 49 53 55 56 68 73 83 91 111 113 116 124 126 127 128 130 133 139 144 145 147 154 155 161 166 168 169 175 178 183 198 204 216 221 222 227 230 239 243 245 247 254 260 272 273 279 285 295
56
8 12 13 18 25 32 38 40 41 44 48 55 61 66 69 78 79 81 87 96 97 100 108 111 115 119 128 134 144 147 153 154 163 170 171 173 176 182 183 188 203 238 245 256 259 260 271 272 273 275 277 279 280 284 296 299
57
1 6 12 17 33 34 38 45 48 52 54 60 62 66 68 71 79 85 86 90 94 95 100 110 119 127 129 130 153 155 156 157 159 177 178 180 185 194 196 198 200 211 215 218 221 225 227 232 235 240 251 253 255 256 262 273 284
60
5 7 8 14 21 24 27 33 35 37 43 52 57 74 98 105 114 118 119 120 122 123 129 135 137 141 149 152 154 155 166 172 173 178 179 184 187 189 194 195 197 199 204 206 207 210 212 215 222 232 235 237 241 267 277 287 290 291 294 295
52
1 6 10 21 23 57 84 97 103 104 105 107 113 121 125 127 130 135 143 147 148 149 150 153 157 160 163 173 183 184 186 194 201 209 215 216 217 218 219 230 232 238 243 258 259 264 265 282 295 297 298 300
54
1 12 16 18 21 28 33 38 42 57 64 70 80 84 87 110 119 120 122 126 133 137 138 151 159 167 176 177 182 193 194 209 210 213 214 221 224 227 233 247 248 249 252 254 259 268 271 275 278 281 285 290 296 299
58
1 5 11 21 22 28 29 31 46 48 49 52 56 64 71 74 79 84 85 103 104 109 116 119 131 132 137 138 142 144 145 146 150 158 161 162 166 174 186 214 216 218 219 221 223 226 228 230 234 238 243 248 254 257 263 272 299 300
56
18 31 33 42 43 70 72 80 84 87 93 94 101 104 113 124 125 140 141 142 148 149 150 152 157 161 170 178 181 183 189 198 199 202 208 213 214 216 217 219 222 232 234 243 247 252 253 256 257 265 271 272 273 284 286 294
61
7 8 10 19 22 28 33 41 42 47 56 58 68 69 77 79 91 103 109 112 117 120 125 126 131 132 134 140 146 148 149 154 155 156 162 164 166 171 177 188 190 192 194 196 199 203 205 209 230 234 236 239 250 251 254 260 262 279 290 294 297
66
2 8 14 17 20 26 27 28 36 41 44 50 54 55 56 58 61 63 68 72 74 77 82 85 86 87 95 106 107 111 116 119 121 124 126 128 129 130 133 135 145 146 148 151 154 158 166 178 183 192 195 199 200 202 207 213 218 220 233 237 247 262 268 287 296 300
57
7 11 13 19 20 23 24 28 31 37 43 51 56 59 74 76 79 82 83 90 99 109 118 135 140 143 146 147 148 153 161 162 168 170 171 177 196 213 238 241 242 247 249 255 257 258 262 267 268 271 279 280 285 287 288 290 300
60
7 8 11 12 26 31 32 34 50 51 54 60 65 67 77 84 101 109 116 121 122 125 126 132 137 139 145 146 157 163 169 176 179 180 181 183 184 186 187 188 200 208 212 216 219 225 230 231 245 249 250 251 266 267 270 282 286 287 289 293
64
4 13 14 18 19 27 28 36 37 43 49 50 55 59 62 65 75 76 91 94 104 108 109 110 113 115 117 141 152 161 162 170 172 174 175 176 180 186 187 193 195 197 200 209 216 221 229 230 234 239 242 244 254 255 261 264 265 269 273 281 283 286 292 300
57
1 7 9 12 15 23 32 49 52 58 63 73 80 81 84 87 88 90 91 106 107 113 116 123 124 136 138 141 142 153 154 155 156 163 165 173 175 188 190 191 193 206 213 229 232 234 235 256 263 272 275 277 278 286 291 297 298
70
6 7 16 17 23 25 28 40 42 44 63 74 76 78 81 82 84 87 88 98 105 106 108 110 121 123 125 131 132 133 140 141 146 155 164 165 167 177 179 180 182 183 184 187 188 196 199 202 206 208 209 211 213 228 248 253 257 258 259 264 267 269 271 278 279 283 284 285 287 292
53
7 8 15 21 22 23 28 37 53 61 68 72 75 81 82 84 96 99 102 122 124 128 130 134 138 142 150 160 177 182 197 202 206 208 220 223 230 232 235 239 243 245 247 248 253 255 256 260 269 274 275 277 283
65
3 4 29 35 38 42 48 51 53 60 61 63 65 68 77 78 83 88 103 104 108 110 113 114 117 118 123 125 134 137 144 152 161 165 166 168 179 181 185 189 190 194 197 204 208 210 217 221 224 226 233 235 237 243 247 251 274 275 276 279 280 286 298 299 300
58
5 8 9 11 15 16 19 27 29 32 34 42 47 50 59 62 64 67 72 75 87 89 90 91 92 95 96 98 101 119 123 124 129 130 136 137 138 145 153 169 184 187 198 199 200 201 205 219 235 256 260 262 265 273 282 283 286 295
53
1 24 28 34 37 38 46 50 60 62 69 70 73 78 82 87 90 97 108 114 120 129 148 158 164 167 172 180 184 195 196 199 204 205 209 210 214 219 221 224 226 228 234 246 250 255 261 269 270 273 276 291 295
51
1 8 14 18 22 28 32 38 46 49 52 72 81 85 90 93 99 100 127 139 144 148 157 163 173 174 175 178 182 184 187 207 208 209 212 227 238 239 242 244 246 247 255 256 257 260 277 283 291 298 300
45
8 14 19 20 25 27 39 58 74 78 79 82 85 89 92 98 102 110 117 127 131 132 137 145 161 164 166 170 184 197 198 199 217 222 226 238 247 249 250 257 258 263 269 284 289
55
2 4 11 14 24 29 31 43 45 49 53 55 56 57 61 64 71 72 85 92 94 98 99 106 111 113 135 136 142 149 151 157 163 167 171 173 175 181 184 200 208 210 216 224 227 235 244 247 252 253 266 279 281 285 290
56
18 21 29 30 37 47 48 53 62 64 75 77 78 79 80 83 88 94 102 106 108 120 121 124 126 128 131 143 147 155 156 157 165 168 175 180 184 197 204 206 210 215 217 220 224 242 244 256 263 270 272 279 281 283 284 295
54
16 18 22 24 27 29 39 44 52 57 59 76 78 82 83 95 117 119 126 128 132 140 141 142 147 150 157 172 182 184 185 187 189 195 196 207 208 210 220 232 233 234 237 241 242 248 261 268 269 274 285 294 295 300
60
6 16 26 29 36 37 40 57 82 88 91 92 95 97 101 106 107 112 113 115 121 122 123 127 137 142 144 153 172 177 180 190 205 206 217 223 224 225 226 228 229 233 240 241 243 248 249 252 258 264 265 279 280 281 286 287 290 292 294 299
53
20 38 49 50 53 55 57 77 81 94 95 105 124 125 168 172 174 175 181 182 185 191 199 200 202 204 208 210 218 222 226 228 231 234 238 241 243 244 245 249 254 257 265 272 276 279 285 290 291 292 294 297 299
49
2 12 24 30 31 49 55 58 72 75 78 87 90 98 100 110 114 124 142 146 150 152 153 155 170 172 176 178 199 202 219 227 232 236 237 247 250 256 258 261 266 278 281 284 286 288 292 298 300
55
4 20 27 28 30 35 42 50 52 53 54 75 81 91 92 102 103 107 115 120 131 132 135 136 139 154 156 166 168 170 188 191 200 203 204 209 211 214 218 219 224 239 244 251 254 260 263 265 272 281 282 283 285 289 297
74
3 7 8 11 16 22 31 33 34 41 54 65 67 73 74 83 86 93 100 106 113 121 123 129 133 134 135 136 139 142 144 148 152 153 154 155 157 169 170 175 180 181 182 185 192 193 195 203 204 211 213 215 216 222 223 228 235 236 237 240 248 253 257 260 261 266 268 272 273 285 286 288 289 295
61
5 11 12 19 25 26 28 30 31 33 47 52 57 62 78 82 97 99 111 118 125 126 131 135 153 154 157 158 159 161 174 177 181 185 188 192 193 199 202 208 212 213 217 229 230 232 235 241 253 257 258 264 265 269 270 279 291 293 294 296 299
56
10 11 12 27 32 48 49 52 58 67 69 74 75 78 79 81 87 88 90 92 94 100 102 103 107 115 116 117 118 124 126 135 140 143 146 149 153 155 157 158 176 180 181 197 198 200 204 231 246 249 251 256 286 287 292 294
41
3 10 23 27 40 55 58 63 69 72 75 97 98 106 119 121 122 127 128 130 159 164 170 186 187 195 197 201 203 213 228 235 237 243 249 269 271 274 286 288 295
67
8 12 20 22 24 27 36 37 46 50 63 77 83 88 94 95 99 104 107 111 116 124 125 127 128 130 133 136 143 147 151 163 165 171 172 177 184 185 191 198 199 200 202 211 213 215 227 231 239 241 242 244 247 248 250 263 271 272 274 275 277 285 289 292 293 294 300
46
6 14 15 29 30 39 45 54 58 60 72 74 78 80 87 89 95 109 115 116 118 121 127 131 147 149 153 159 160 170 182 185 214 233 237 242 248 251 253 256 264 280 283 286 287 297
57
1 2 12 22 28 31 32 39 40 54 57 64 75 78 86 91 94 106 107 109 115 118 133 148 151 156 165 178 183 186 187 197 210 214 219 221 223 224 225 226 233 239 244 246 247 251 252 254 256 269 273 277 278 286 288 289 292
54
3 6 7 14 18 19 34 36 46 55 59 72 92 101 108 109 118 130 133 134 148 154 161 172 173 179 188 192 195 198 203 204 206 209 213 219 222 228 236 238 241 245 246 249 258 259 264 265 277 284 285 293 294 298
67
3 5 8 12 16 20 22 24 29 34 39 46 53 71 72 73 80 85 88 100 101 106 119 124 127 137 141 144 146 147 150 158 164 165 173 176 185 190 200 201 202 205 207 214 218 221 224 225 227 242 243 249 250 251 256 265 268 272 273 274 276 278 279 283 286 293 298
70
1 4 13 16 19 25 30 32 39 42 49 51 53 57 58 59 60 67 69 70 74 75 81 83 88 92 95 104 109 112 117 118 119 136 137 141 147 151 153 161 162 166 167 173 174 176 179 184 185 186 192 195 197 198 212 235 237 240 247 261 269 275 277 281 284 288 290 296 298 300
56
5 19 26 31 40 45 55 64 65 67 68 76 87 109 110 116 120 125 139 141 142 144 146 157 167 169 172 181 188 194 195 198 200 202 204 205 211 213 222 223 228 229 232 237 241 249 256 261 262 264 272 279 280 286 298 299
50
3 4 7 13 14 28 44 49 59 60 73 75 80 84 90 95 96 103 105 115 121 122 135 147 149 151 162 172 178 179 196 201 203 215 216 222 223 233 240 246 255 256 266 276 277 282 286 291 292 293
52
3 12 13 18 19 21 29 32 36 41 45 51 63 65 70 72 91 93 97 106 111 114 125 130 141 166 172 178 183 184 192 195 196 198 203 204 209 216 219 239 241 243 247 250 251 252 256 260 264 269 279 295
63
5 17 18 26 37 43 48 50 58 61 64 74 76 88 90 93 97 103 105 110 111 117 119 120 123 128 130 132 138 143 145 152 155 157 158 170 182 183 186 197 204 205 206 213 216 224 228 238 250 253 255 256 262 264 266 267 270 273 274 281 289 291 297
57
4 11 12 27 29 30 35 39 42 44 52 58 65 68 74 76 80 85 88 95 103 104 106 118 136 155 156 158 163 168 170 175 176 178 181 187 190 191 205 214 221 225 227 230 233 237 245 246 253 259 264 266 283 287 294 297 299
59
9 10 11 13 20 22 24 26 34 35 41 45 54 71 74 81 88 90 91 98 101 102 104 106 113 123 124 136 145 147 154 159 163 195 197 202 207 215 223 226 228 230 239 240 250 253 257 262 273 275 278 279 280 281 282 284 291 293 298
61
4 15 17 18 20 25 30 42 45 51 57 60 69 75 85 89 94 96 105 106 113 116 117 121 124 130 132 136 155 157 160 161 163 167 168 175 185 186 188 189 191 200 203 206 219 224 225 237 241 242 245 248 251 258 262 265 273 282 291 294 296
49
1 11 13 14 29 31 34 35 38 44 47 50 62 66 71 76 93 101 104 117 122 123 125 128 133 144 147 150 170 183 188 189 205 211 212 214 218 227 232 246 251 256 267 279 288 293 295 296 300
51
7 12 13 25 29 36 38 39 47 49 50 57 58 68 72 85 90 94 97 104 124 126 130 136 144 152 157 164 167 168 174 178 182 184 186 196 210 219 221 223 225 234 241 243 244 247 250 264 268 276 282
58
1 5 7 11 12 24 28 37 50 51 52 53 88 98 99 102 105 111 115 117 120 124 129 136 139 140 142 145 147 155 156 160 161 163 168 180 194 201 203 205 208 212 216 226 227 228 235 238 243 252 264 265 269 273 275 284 287 288
64
3 5 8 10 12 28 34 36 39 46 48 52 53 64 66 75 83 86 91 92 93 99 103 108 120 122 124 136 139 145 146 154 156 167 172 174 177 179 185 186 190 191 192 197 198 200 203 205 230 231 235 239 250 251 254 257 268 271 277 279 290 293 294 299
57
3 4 6 10 13 14 17 23 25 31 38 40 57 64 65 68 74 77 89 96 97 99 102 116 122 128 133 134 140 146 149 156 161 165 171 174 180 183 192 194 207 214 219 220 221 222 230 231 235 241 242 245 246 280 283 287 289
66
3 5 26 27 43 48 50 54 58 63 74 77 85 86 97 98 100 102 105 108 114 118 128 131 133 134 139 148 153 157 166 175 182 183 190 195 205 206 208 209 210 211 216 218 219 220 232 233 237 238 243 247 250 260 265 267 268 269 271 274 275 276 277 278 279 281
53
1 23 27 30 35 37 38 39 47 51 56 57 58 71 73 92 100 102 103 108 111 112 122 124 128 137 146 147 159 168 172 173 176 179 183 191 200 203 206 207 209 211 213 216 221 236 246 251 265 277 289 293 294
56
1 7 9 10 13 21 40 49 52 56 60 77 79 90 96 98 102 108 114 115 120 127 128 129 131 141 142 150 165 166 168 173 175 177 181 183 186 187 195 198 201 211 215 217 227 228 231 232 237 239 244 252 272 275 280 287
52
1 6 7 13 18 22 24 27 28 34 37 38 41 54 55 59 64 72 81 85 99 114 129 134 137 162 163 172 175 183 184 192 202 204 212 213 215 222 224 225 239 249 259 262 265 269 272 279 287 288 291 295
51
2 3 13 24 29 44 48 51 52 56 70 71 72 74 85 86 88 93 96 110 113 114 117 122 125 126 135 150 156 160 162 163 167 173 177 182 196 203 213 220 225 247 252 258 268 271 273 284 285 294 296
49
2 7 10 12 29 46 49 51 55 57 59 69 71 78 91 92 94 101 108 112 113 117 119 127 128 131 142 143 145 156 159 164 173 184 194 196 205 216 217 221 222 247 250 261 269 281 285 288 300
62
2 7 8 13 21 25 33 37 52 53 54 58 61 63 85 92 94 96 97 101 105 106 108 115 118 129 137 146 149 152 153 161 166 168 170 171 176 177 180 181 183 188 201 208 213 217 218 225 231 238 245 247 253 255 265 266 267 268 277 278 279 300
68
15 16 24 26 32 35 36 41 43 45 46 47 52 59 64 65 67 70 71 87 88 97 99 102 105 111 121 123 127 142 143 149 151 152 154 157 158 159 162 167 172 180 187 189 198 207 211 215 232 233 234 246 250 251 257 260 265 274 275 277 278 279 287 296 297 298 299 300
54
6 23 24 34 44 56 57 60 61 63 64 76 77 78 79 81 86 105 116 126 127 128 130 133 134 137 144 152 165 181 195 199 209 210 211 213 217 223 232 236 237 241 242 248 252 254 255 259 261 269 277 289 295 296
57
9 10 20 32 36 38 45 47 60 61 65 70 71 78 81 84 88 93 96 100 101 103 118 132 142 152 153 155 156 158 164 168 169 173 176 184 186 193 194 197 198 201 202 209 217 219 237 257 260 268 270 276 279 284 286 295 300
54
2 3 4 5 12 14 16 21 22 23 31 35 44 48 53 57 60 62 66 68 76 108 110 112 117 119 121 135 142 152 154 159 166 172 173 176 177 196 201 202 205 207 213 218 224 235 240 242 244 266 274 286 288 293
67
2 14 15 18 22 26 27 28 34 35 43 47 49 50 52 58 68 74 91 96 100 102 117 118 125 126 129 137 138 153 156 158 160 163 166 167 174 177 180 185 201 203 204 205 212 218 220 228 230 232 233 235 236 239 241 245 246 247 253 259 261 266 267 270 275 283 294
68
2 4 9 15 17 18 19 20 22 24 32 33 34 38 40 45 54 66 69 75 86 88 96 101 105 121 123 130 132 142 153 156 158 166 168 172 173 189 193 195 196 198 199 204 205 211 215 217 219 223 225 232 233 236 240 244 255 258 264 265 270 282 283 285 286 288 298 300
56
1 5 14 15 20 28 29 35 42 57 58 64 65 67 68 73 77 78 79 87 88 97 98 104 111 119 121 122 126 130 136 144 145 147 150 151 155 158 162 164 168 169 172 185 193 201 208 213 230 238 267 270 276 282 293 294
62
1 24 28 29 32 37 38 47 54 57 72 74 80 81 82 87 91 98 103 105 107 108 115 118 121 131 135 138 143 149 154 161 163 168 171 172 176 184 192 211 216 226 229 230 234 236 241 245 253 254 258 260 266 270 276 277 282 285 286 292 294 297
59
7 8 16 21 34 40 44 58 64 65 74 75 83 91 95 98 113 114 115 123 125 128 129 141 153 155 156 174 182 188 194 198 204 208 211 220 222 226 227 230 239 253 255 262 263 264 265 267 268 270 275 277 280 282 286 290 291 296 300
60
2 4 5 14 16 19 24 36 37 40 41 43 46 49 60 70 80 82 92 99 109 116 118 123 124 137 138 147 148 151 152 160 177 179 182 184 185 195 198 201 203 208 211 217 219 227 231 243 247 250 252 269 278 281 283 284 286 287 295 297
51
12 18 25 33 43 51 57 59 62 64 68 74 87 89 90 96 98 99 105 108 109 111 113 120 123 124 139 148 168 171 173 181 199 202 205 207 213 216 220 221 222 223 226 235 242 247 260 275 291 293 294
71
11 13 15 24 27 45 47 49 50 56 59 66 72 79 84 90 92 94 97 101 103 108 123 124 128 132 139 143 150 151 155 161 162 165 166 167 172 175 179 185 186 202 203 207 208 209 212 216 222 224 226 231 236 237 239 243 246 255 266 268 269 273 276 283 284 288 290 292 294 298 299
54
9 17 20 31 35 38 43 45 51 52 57 68 77 90 107 111 114 116 119 133 134 136 138 147 150 151 153 160 161 162 164 174 178 179 189 196 201 205 210 212 214 216 219 232 244 253 255 259 260 264 271 288 291 295
69
2 4 7 18 25 32 39 40 44 46 48 49 51 57 59 60 62 63 65 67 69 71 75 77 82 86 106 108 113 119 133 134 138 140 146 161 163 171 179 184 186 191 192 200 203 206 208 214 215 216 219 220 221 223 224 225 227 231 234 244 246 252 254 255 258 261 263 277 285
59
14 18 26 31 32 36 38 39 41 45 56 58 61 62 65 68 70 73 75 78 79 82 102 104 105 108 120 141 145 149 152 155 158 159 169 174 189 192 197 202 203 208 209 210 213 223 228 238 240 245 250 251 252 279 283 285 288 292 298
75
1 11 15 21 26 30 32 38 42 43 53 54 58 59 64 67 68 76 84 86 99 101 108 112 113 120 122 125 133 139 150 152 154 157 161 162 166 173 178 184 187 189 196 202 203 204 206 209 214 219 222 224 226 230 231 245 246 253 255 256 258 266 267 270 272 274 276 277 278 281 284 285 292 299 300
51
5 15 16 17 37 42 45 48 54 62 82 93 95 109 114 123 124 132 137 143 144 146 147 165 167 183 192 193 194 200 203 208 211 215 216 218 222 237 238 241 245 246 248 249 254 259 267 268 280 281 283
59
1 12 14 18 32 33 35 42 55 56 73 75 87 88 93 94 106 112 121 129 135 137 143 154 157 159 165 167 174 178 181 184 186 191 195 197 199 200 202 208 209 213 218 221 224 228 234 240 245 247 250 251 254 267 269 271 286 288 292
66
1 11 12 16 18 23 24 27 33 39 41 43 47 50 51 53 60 65 70 74 80 87 89 92 94 95 103 111 118 120 130 131 133 138 139 146 147 149 153 154 156 159 163 169 178 183 187 192 193 201 216 223 234 241 246 247 250 252 258 262 273 274 276 292 293 299
55
6 7 17 22 24 26 32 44 48 56 58 61 62 65 75 86 98 100 102 107 109 112 127 130 131 132 134 135 155 164 173 175 180 186 197 198 204 209 210 215 218 219 221 227 241 245 260 266 273 275 277 285 286 290 294
65
7 10 14 20 21 24 44 57 60 61 68 72 74 76 77 82 85 89 93 95 99 100 107 114 116 117 119 125 127 130 135 141 143 145 156 164 167 177 192 202 203 205 214 216 217 230 231 234 235 239 256 257 259 260 264 273 276 279 280 283 284 286 288 289 296
62
16 20 25 26 33 39 46 53 54 56 58 60 64 72 78 84 85 88 90 93 99 100 101 118 121 123 126 132 136 143 145 148 154 159 164 166 169 171 172 186 187 197 200 203 210 214 216 219 224 229 235 251 255 259 263 267 268 274 278 280 282 290
53
2 3 6 17 24 27 30 35 36 39 58 63 69 74 87 102 110 112 117 118 130 136 147 150 151 154 156 163 175 178 179 189 191 193 201 208 211 219 220 231 233 236 237 242 255 279 281 283 294 295 297 298 299
60
4 8 10 12 14 17 18 20 21 22 27 28 32 35 46 52 60 68 70 73 80 82 89 90 97 104 113 124 126 128 133 136 156 163 174 182 198 199 201 212 216 230 235 237 245 251 252 253 257 259 268 271 274 275 276 283 287 290 296 299
61
1 2 4 10 12 17 19 21 23 35 40 42 47 49 50 59 61 85 89 100 101 102 103 104 110 115 135 139 146 153 160 168 171 173 181 194 195 199 200 203 206 209 211 216 218 228 240 243 248 258 259 266 267 269 272 278 285 292 295 296 297
56
3 10 22 24 29 34 35 40 45 54 60 64 67 71 76 101 104 105 107 108 114 123 125 127 128 143 147 148 164 173 177 180 182 185 194 196 199 215 216 224 225 230 232 237 241 248 250 257 263 264 265 267 272 281 295 300
59
2 15 20 23 26 27 31 32 38 45 49 51 55 62 63 64 66 84 88 101 104 105 115 125 129 130 133 143 165 173 175 178 187 191 214 217 232 233 234 236 237 240 244 247 251 254 260 261 264 265 266 268 274 280 282 291 292 296 300
66
3 8 9 16 17 30 31 32 39 50 56 61 63 66 76 79 81 85 95 97 100 102 103 104 113 125 127 130 132 141 150 152 154 155 160 162 166 167 169 179 181 182 184 186 188 193 198 201 204 208 210 215 219 227 236 242 247 248 252 260 262 268 269 279 290 296
58
3 13 14 27 30 33 44 45 49 53 60 63 71 75 79 80 85 94 95 109 110 114 131 137 141 153 155 163 167 170 171 175 176 178 185 189 193 194 196 201 202 206 210 215 232 233 235 243 252 255 259 268 271 278 290 294 295 296
56
4 7 11 15 23 26 30 35 37 38 41 45 46 50 56 58 59 60 61 63 64 74 81 86 91 94 105 112 120 123 128 130 135 137 157 174 176 186 195 198 199 205 215 216 220 225 230 233 238 250 257 259 274 277 281 297
67
3 5 9 12 19 24 31 33 45 48 49 51 52 60 67 80 81 83 86 87 92 95 97 100 101 107 111 117 120 132 138 139 142 149 150 154 157 159 164 171 174 181 183 184 185 200 203 213 215 221 229 231 245 251 255 257 258 264 269 270 272 276 278 282 287 295 297
62
2 5 11 24 26 34 36 51 55 56 57 58 59 73 75 76 83 85 87 96 97 100 101 106 112 116 118 123 125 131 138 139 141 160 162 167 170 182 190 191 193 195 198 202 210 219 225 227 230 241 242 243 244 262 263 276 280 284 286 289 290 296
59
1 2 3 4 6 14 19 21 45 46 48 50 66 70 71 72 76 80 83 85 86 90 92 94 106 111 113 118 120 121 122 127 131 151 157 160 161 166 168 170 177 187 188 198 201 212 229 231 234 241 245 265 275 279 280 288 293 299 300
68
7 9 22 24 40 43 44 46 57 58 60 63 64 65 66 67 71 72 80 85 86 88 90 97 98 100 102 107 110 111 118 122 135 139 141 143 147 154 165 170 172 175 177 180 182 184 200 209 215 217 218 223 235 239 246 252 257 262 270 271 273 279 281 282 286 288 294 296
61
3 7 12 14 21 30 33 36 37 41 43 57 60 64 66 68 69 75 77 84 88 89 98 99 110 118 120 124 128 134 142 143 151 155 157 158 160 163 167 169 178 182 193 201 212 215 222 223 225 234 237 248 254 255 257 270 274 275 283 284 289
56
9 12 14 15 23 25 36 38 54 58 63 69 71 73 75 78 79 86 105 109 111 123 126 127 130 138 141 142 143 149 152 156 158 170 172 173 176 177 187 193 208 221 223 224 229 231 247 252 254 256 260 271 277 284 286 287
52
1 6 9 12 17 29 43 55 61 69 71 72 77 80 85 89 95 97 102 103 105 109 121 127 135 136 137 138 145 150 157 172 174 176 189 190 198 201 208 210 223 228 233 234 236 240 241 246 253 286 287 294
58
3 10 24 26 33 42 45 50 52 58 64 66 70 75 79 84 85 88 89 105 108 113 118 119 120 121 127 128 133 138 145 146 150 166 167 175 180 188 202 216 220 221 224 228 229 231 235 243 244 245 251 256 267 269 271 273 294 298
60
7 11 12 16 17 21 23 24 26 32 46 48 49 73 76 79 89 93 98 101 122 124 128 132 133 143 147 148 149 155 159 160 162 163 166 169 180 182 188 190 199 201 203 213 214 215 218 220 222 235 236 238 248 249 258 267 268 271 278 288
72
1 7 13 15 19 25 31 32 36 37 44 47 50 51 52 55 59 62 65 72 73 84 87 89 93 94 95 103 106 108 113 117 118 138 139 143 148 151 153 157 159 164 166 169 173 174 176 177 179 190 191 192 195 196 197 204 209 212 224 231 232 233 234 250 255 266 272 279 281 286 299 300
57
4 5 20 22 27 28 30 34 37 43 45 59 64 65 70 72 78 81 82 92 95 96 100 107 112 129 135 136 138 140 149 161 164 172 174 180 183 188 195 196 204 210 212 222 225 234 239 241 251 256 266 267 269 276 277 279 284
63
3 4 5 8 13 30 38 59 64 67 73 76 80 89 92 94 95 100 101 103 104 107 109 111 113 115 118 120 122 124 133 136 138 140 141 145 146 149 151 157 164 176 186 187 191 195 199 208 219 228 234 239 243 248 250 255 262 275 280 285 287 293 300
63
9 10 14 15 16 27 30 31 51 54 55 56 57 61 68 74 81 88 93 100 102 112 121 124 127 129 132 136 138 139 145 156 166 171 177 183 202 203 211 217 218 222 224 236 245 246 248 250 251 252 254 263 264 265 269 283 284 286 288 295 296 299 300
53
1 4 10 11 14 18 33 38 52 57 58 64 66 67 77 81 82 86 94 104 110 113 117 119 122 124 127 131 135 136 137 148 154 177 187 190 200 206 220 221 223 226 232 234 235 247 262 274 276 277 281 292 296
69
11 18 23 25 26 32 33 35 43 46 48 50 51 55 57 59 63 64 65 69 73 81 82 95 97 101 103 114 116 117 121 123 124 144 158 165 167 170 173 174 176 178 179 181 185 193 194 195 196 199 201 202 206 213 219 233 235 244 245 250 252 257 258 268 270 282 286 289 296
68
1 4 8 16 23 26 29 30 36 42 45 47 48 50 53 58 61 62 68 76 84 85 90 104 109 112 114 118 120 122 125 128 135 137 140 142 149 154 164 165 168 171 174 179 183 188 191 204 205 207 208 212 215 217 218 221 227 230 236 238 250 255 258 269 271 279 282 291
48
19 38 39 50 51 53 58 74 75 77 89 90 100 107 124 128 130 131 137 138 140 146 153 162 166 167 171 187 202 204 210 213 218 236 244 249 251 257 258 260 261 275 282 284 285 287 288 299
55
1 2 6 21 26 32 34 36 44 48 51 55 60 68 69 75 84 92 96 102 109 112 113 114 123 128 132 146 147 152 156 158 172 183 186 191 194 205 211 215 223 231 236 243 245 247 248 252 257 258 264 275 278 280 285
56
4 7 16 38 44 55 56 57 64 73 78 84 86 98 105 112 114 116 117 131 134 136 144 147 152 158 159 166 169 172 179 186 191 196 215 219 224 227 234 235 240 241 247 248 251 260 261 262 265 266 273 276 280 285 286 297
64
4 12 14 25 27 31 37 40 43 45 48 49 50 51 53 58 65 67 68 69 70 75 87 91 98 104 111 117 133 137 139 141 153 157 164 175 176 178 179 183 184 194 202 207 209 214 220 221 227 228 237 239 247 254 255 263 269 270 272 275 283 294 296 298
62
1 6 24 26 36 38 40 43 44 51 58 62 65 68 77 78 81 82 94 97 105 106 108 111 113 117 130 143 147 148 152 164 167 169 172 173 181 195 196 204 205 210 211 213 218 221 227 228 234 241 245 260 265 268 270 274 277 279 284 285 286 287
66
3 5 7 10 16 19 22 24 32 41 42 44 54 59 60 62 65 68 88 94 96 97 99 101 104 105 106 112 113 116 120 121 124 125 131 137 139 145 146 149 165 167 173 179 181 183 186 193 195 206 208 211 214 223 235 244 251 252 253 261 264 268 284 287 291 298
