50 100
1.0 1.0 1.0 1.0 1.0 1.0 1.0 1.0 1.0 1.0 1.0 1.0 1.0 1.0 1.0 1.0 1.0 1.0 1.0 1.0 1.0 1.0 1.0 1.0 1.0 1.0 1.0 1.0 1.0 1.0 1.0 1.0 1.0 1.0 1.0 1.0 1.0 1.0 1.0 1.0 1.0 1.0 1.0 1.0 1.0 1.0 1.0 1.0 1.0 1.0 1.0 1.0 1.0 1.0 1.0 1.0 1.0 1.0 1.0 1.0 1.0 1.0 1.0 1.0 1.0 1.0 1.0 1.0 1.0 1.0 1.0 1.0 1.0 1.0 1.0 1.0 1.0 1.0 1.0 1.0 1.0 1.0 1.0 1.0 1.0 1.0 1.0 1.0 1.0 1.0 1.0 1.0 1.0 1.0 1.0 1.0 1.0 1.0 1.0 1.0
23
4 6 8 9 11 17 18 21 25 28 33 34 39 42 46 50 60 61 72 77 79 89 98
18
5 11 14 16 17 29 38 46 48 53 55 58 72 74 75 76 78 97
23
1 17 24 25 27 35 40 45 46 49 50 54 63 64 65 71 72 78 79 85 91 92 97
19
6 14 22 32 38 39 48 52 61 63 65 67 72 75 83 86 90 91 93
23
1 5 9 10 13 15 27 28 29 34 42 46 47 50 57 61 69 70 71 79 89 91 97
19
3 4 10 11 12 14 21 27 32 36 45 57 60 73 77 83 85 95 96
17
1 6 12 15 23 25 27 34 36 38 45 46 57 78 80 81 90
22
2 11 12 17 24 34 37 38 43 52 53 54 56 59 65 67 74 80 91 93 97 99
22
10 16 35 39 41 43 51 52 54 58 62 66 69 73 74 76 77 81 93 94 96 98
20
3 4 8 11 17 29 36 42 43 44 48 66 69 70 74 85 89 91 92 97
18
2 3 14 19 24 25 27 29 30 48 53 64 66 75 81 85 86 98
17
18 26 38 40 47 49 51 53 65 68 73 82 84 86 90 95 97
21
1 4 8 11 18 29 34 36 38 44 47 51 53 60 62 76 81 87 93 95 97
26
2 7 17 23 27 32 35 37 41 56 61 64 66 67 73 78 79 80 82 84 86 88 91 92 95 97
21
5 7 8 13 18 19 25 47 49 51 52 55 60 61 63 64 66 68 80 85 91
22
10 13 18 22 24 28 32 34 36 41 44 45 47 50 60 71 73 79 86 89 90 95
17
3 15 19 22 24 29 40 42 52 74 75 79 81 83 89 92 96
25
2 5 6 19 20 24 26 31 36 37 39 40 45 62 64 65 67 77 79 82 86 87 90 96 100
19
2 6 10 17 21 23 28 30 40 43 48 52 62 67 70 87 97 99 100
21
2 6 10 17 21 23 27 28 31 33 34 35 40 41 44 56 65 81 86 94 99
27
1 2 4 8 9 13 23 24 28 32 33 38 44 48 63 66 69 70 71 73 77 79 80 82 84 94 95
21
3 7 14 15 20 25 38 47 50 53 56 57 59 61 62 63 64 77 78 85 91
22
3 8 17 31 34 41 43 46 48 50 64 66 67 70 71 72 79 82 89 94 96 98
22
6 8 10 17 37 39 42 44 49 52 57 59 60 64 67 68 69 73 83 85 86 96
22
1 3 9 18 20 29 33 41 46 48 55 56 58 67 70 72 81 87 92 95 98 100
23
7 14 15 17 20 21 25 29 44 45 48 50 56 58 66 68 76 77 84 86 87 94 96
21
4 7 8 9 14 16 28 31 38 48 53 55 58 70 71 72 74 78 84 85 91
21
1 2 4 7 14 17 24 34 35 37 40 54 57 59 60 77 83 85 86 93 99
25
11 12 13 15 16 20 25 27 28 47 53 54 56 57 61 70 71 77 78 79 81 82 91 95 96
22
2 8 9 14 15 27 34 43 48 57 59 61 62 65 72 74 78 80 81 82 85 87
24
2 4 6 7 9 13 26 29 32 43 44 51 56 59 65 68 69 70 73 77 80 84 85 96
25
5 8 16 20 23 26 28 29 31 37 38 40 42 56 60 61 64 66 67 75 77 80 83 84 91
20
3 6 9 10 15 17 18 20 21 29 31 38 40 56 58 75 76 86 87 95
20
1 7 8 9 12 20 23 24 26 42 46 52 57 74 79 83 89 91 94 95
24
2 5 6 12 13 14 17 22 23 29 33 39 58 61 64 65 66 72 73 80 82 92 96 100
19
6 8 21 22 27 30 38 41 43 44 60 62 63 64 70 72 77 83 89
20
9 16 22 24 25 27 30 31 36 37 48 49 73 78 82 83 86 92 95 99
21
16 24 29 34 35 39 42 62 63 64 65 67 69 70 73 79 81 83 84 97 100
30
13 14 16 20 22 23 27 32 37 38 41 46 54 59 61 63 65 66 68 69 70 77 81 82 84 85 88 92 95 97
19
5 7 16 29 32 33 35 36 39 42 45 46 54 57 59 61 71 85 87
21
7 12 24 31 40 43 45 46 52 53 55 60 63 68 74 75 80 83 94 97 100
21
4 7 11 19 21 26 35 37 45 51 53 58 65 66 69 84 88 95 97 98 99
22
8 11 14 19 21 22 28 43 44 47 55 58 67 72 75 76 80 82 85 89 93 99
14
2 10 30 47 58 60 65 72 73 75 84 85 90 97
22
1 3 7 12 13 16 27 34 37 41 48 65 69 70 72 73 76 87 90 96 98 99
14
13 17 29 34 35 41 54 55 60 70 83 88 95 98
23
5 7 18 19 30 34 38 41 46 50 52 55 59 74 79 81 84 86 87 88 89 98 100
19
2 6 16 23 38 39 45 47 48 59 67 69 75 82 89 91 93 94 96
17
1 7 18 23 25 29 33 36 40 44 46 51 52 87 95 97 100
24
4 16 21 23 24 25 26 32 35 36 37 38 41 45 47 52 64 66 67 78 79 82 88 96
