50 100
1.0 1.0 1.0 1.0 1.0 1.0 1.0 1.0 1.0 1.0 1.0 1.0 1.0 1.0 1.0 1.0 1.0 1.0 1.0 1.0 1.0 1.0 1.0 1.0 1.0 1.0 1.0 1.0 1.0 1.0 1.0 1.0 1.0 1.0 1.0 1.0 1.0 1.0 1.0 1.0 1.0 1.0 1.0 1.0 1.0 1.0 1.0 1.0 1.0 1.0 1.0 1.0 1.0 1.0 1.0 1.0 1.0 1.0 1.0 1.0 1.0 1.0 1.0 1.0 1.0 1.0 1.0 1.0 1.0 1.0 1.0 1.0 1.0 1.0 1.0 1.0 1.0 1.0 1.0 1.0 1.0 1.0 1.0 1.0 1.0 1.0 1.0 1.0 1.0 1.0 1.0 1.0 1.0 1.0 1.0 1.0 1.0 1.0 1.0 1.0
7
17 55 67 70 71 80 97
4
36 38 66 93
3
29 39 52
6
39 56 71 83 88 100
5
8 46 56 57 98
5
34 38 84 89 99
3
17 71 82
7
18 24 59 70 79 86 95
4
15 68 91 92
6
30 32 60 61 78 79
1
54
4
5 26 41 68
5
42 60 79 91 98
5
17 27 32 33 70
3
8 35 36
6
13 20 55 77 97 99
3
9 48 64
1
5
6
4 27 36 37 67 81
4
4 43 86 90
6
23 47 56 72 73 82
6
5 7 11 17 20 74
9
12 14 15 34 45 47 52 62 78
10
15 24 32 41 43 45 52 71 85 86
7
2 4 15 22 48 75 81
7
12 20 21 35 67 76 84
9
13 20 26 41 53 72 82 93 97
3
16 21 25
1
82
5
36 51 60 64 83
9
4 33 44 47 48 69 73 88 93
6
16 30 40 68 76 85
4
1 3 55 75
3
7 75 95
4
18 19 31 37
5
17 33 74 88 93
4
34 57 71 99
7
8 35 45 68 76 93 98
4
23 38 67 92
5
35 38 65 91 98
8
18 41 44 52 54 64 74 97
5
49 51 60 71 85
5
44 61 77 93 97
5
5 41 54 75 89
4
7 42 90 96
5
38 44 52 53 55
7
2 28 45 46 48 49 76
6
14 24 28 37 49 88
5
10 15 27 61 94
4
4 62 80 100
