150 300
1.0 1.0 1.0 1.0 1.0 1.0 1.0 1.0 1.0 1.0 1.0 1.0 1.0 1.0 1.0 1.0 1.0 1.0 1.0 1.0 1.0 1.0 1.0 1.0 1.0 1.0 1.0 1.0 1.0 1.0 1.0 1.0 1.0 1.0 1.0 1.0 1.0 1.0 1.0 1.0 1.0 1.0 1.0 1.0 1.0 1.0 1.0 1.0 1.0 1.0 1.0 1.0 1.0 1.0 1.0 1.0 1.0 1.0 1.0 1.0 1.0 1.0 1.0 1.0 1.0 1.0 1.0 1.0 1.0 1.0 1.0 1.0 1.0 1.0 1.0 1.0 1.0 1.0 1.0 1.0 1.0 1.0 1.0 1.0 1.0 1.0 1.0 1.0 1.0 1.0 1.0 1.0 1.0 1.0 1.0 1.0 1.0 1.0 1.0 1.0 1.0 1.0 1.0 1.0 1.0 1.0 1.0 1.0 1.0 1.0 1.0 1.0 1.0 1.0 1.0 1.0 1.0 1.0 1.0 1.0 1.0 1.0 1.0 1.0 1.0 1.0 1.0 1.0 1.0 1.0 1.0 1.0 1.0 1.0 1.0 1.0 1.0 1.0 1.0 1.0 1.0 1.0 1.0 1.0 1.0 1.0 1.0 1.0 1.0 1.0 1.0 1.0 1.0 1.0 1.0 1.0 1.0 1.0 1.0 1.0 1.0 1.0 1.0 1.0 1.0 1.0 1.0 1.0 1.0 1.0 1.0 1.0 1.0 1.0 1.0 1.0 1.0 1.0 1.0 1.0 1.0 1.0 1.0 1.0 1.0 1.0 1.0 1.0 1.0 1.0 1.0 1.0 1.0 1.0 1.0 1.0 1.0 1.0 1.0 1.0 1.0 1.0 1.0 1.0 1.0 1.0 1.0 1.0 1.0 1.0 1.0 1.0 1.0 1.0 1.0 1.0 1.0 1.0 1.0 1.0 1.0 1.0 1.0 1.0 1.0 1.0 1.0 1.0 1.0 1.0 1.0 1.0 1.0 1.0 1.0 1.0 1.0 1.0 1.0 1.0 1.0 1.0 1.0 1.0 1.0 1.0 1.0 1.0 1.0 1.0 1.0 1.0 1.0 1.0 1.0 1.0 1.0 1.0 1.0 1.0 1.0 1.0 1.0 1.0 1.0 1.0 1.0 1.0 1.0 1.0 1.0 1.0 1.0 1.0 1.0 1.0 1.0 1.0 1.0 1.0 1.0 1.0 1.0 1.0 1.0 1.0 1.0 1.0 1.0 1.0 1.0 1.0 1.0 1.0 1.0 1.0 1.0 1.0 1.0 1.0
72
3 5 6 15 16 17 19 20 21 27 29 31 35 37 39 42 47 48 54 56 58 59 64 78 79 80 90 91 101 102 103 104 106 110 113 116 117 118 126 131 132 136 139 144 151 154 156 181 190 192 196 201 202 203 213 218 223 225 226 231 232 239 240 242 245 258 264 270 271 291 294 296
53
2 4 5 7 11 12 19 29 32 41 49 52 57 63 64 66 67 69 72 80 82 105 115 136 141 144 145 146 153 155 162 167 176 186 188 199 202 203 212 221 227 234 242 247 255 263 267 274 277 280 283 290 298
52
12 14 15 24 35 37 46 48 52 60 68 72 79 84 96 97 98 107 108 111 114 115 122 124 130 132 133 135 138 139 140 141 142 154 165 176 179 186 187 203 211 217 220 236 240 264 265 276 278 282 288 294
63
7 11 14 22 30 31 34 40 43 51 55 58 63 66 67 74 75 79 81 83 96 103 125 135 139 143 151 152 153 158 174 176 182 188 198 201 203 208 211 213 218 220 225 227 231 233 237 244 246 249 253 257 261 266 268 274 275 280 282 287 289 295 298
70
2 15 17 19 20 26 28 31 34 48 49 52 63 68 71 74 77 89 91 96 98 103 105 109 113 116 121 122 126 127 142 151 159 163 167 169 173 185 186 188 189 200 201 205 209 214 215 217 218 220 231 237 238 242 250 255 257 258 261 264 269 271 272 278 283 286 287 292 294 299
51
2 4 11 15 29 39 47 52 55 58 61 62 67 69 70 79 81 82 85 91 116 135 150 151 156 157 167 171 175 177 180 183 184 203 206 209 211 227 229 230 232 244 245 250 252 256 259 263 274 284 285
62
3 5 21 22 38 45 52 53 55 58 60 67 77 78 80 95 98 100 105 106 108 109 123 144 148 156 159 163 176 178 181 183 184 187 188 189 190 191 193 194 197 205 207 214 215 220 224 230 234 238 240 241 253 254 266 272 273 274 292 294 298 299
51
11 14 15 17 19 21 23 27 32 41 47 49 56 67 69 81 86 98 99 101 106 118 120 121 123 124 126 129 130 131 132 141 152 157 160 161 175 195 213 215 225 226 230 232 239 247 252 261 277 282 289
55
2 3 8 9 10 14 17 19 22 31 40 44 54 72 78 79 84 90 92 93 97 98 103 105 106 111 116 118 120 126 127 140 143 144 148 150 151 154 174 181 183 185 201 203 208 229 234 243 245 255 259 271 277 279 284
61
4 15 16 25 28 35 52 53 66 68 70 71 72 76 79 83 84 88 93 94 99 109 115 119 122 132 136 139 143 151 152 157 167 173 176 193 201 206 208 212 213 215 216 218 221 222 223 231 234 238 240 241 245 248 250 266 290 291 293 294 296
59
1 9 16 25 29 31 33 34 37 40 44 45 47 48 49 57 60 75 78 83 91 95 100 103 105 106 113 123 128 134 135 146 153 160 169 170 172 173 174 193 196 197 201 210 221 229 239 246 261 264 266 267 274 277 280 288 295 296 298
49
1 8 16 25 26 43 54 67 69 71 73 102 103 109 118 127 144 165 171 172 174 178 187 192 197 200 212 213 223 225 227 229 230 232 233 236 239 242 247 258 260 261 262 264 267 287 288 290 300
54
5 15 18 26 27 31 34 36 38 40 48 53 62 64 80 81 83 93 104 106 107 112 123 128 129 131 132 155 159 168 181 185 189 203 206 207 209 211 219 222 223 231 235 242 249 251 257 269 275 280 282 294 297 299
71
1 11 17 20 26 33 35 39 40 47 55 57 62 63 75 76 77 79 83 92 93 95 97 98 102 105 118 125 128 130 136 142 143 144 146 148 154 157 162 169 173 176 191 196 197 198 199 202 209 218 219 222 223 237 241 242 243 249 250 251 253 261 264 267 270 274 275 288 292 297 300
65
6 8 11 24 38 39 40 41 44 45 47 48 53 56 61 70 75 80 81 83 88 100 104 108 115 119 132 137 140 142 143 145 149 157 159 171 172 186 187 193 205 206 211 216 217 219 221 227 231 238 244 247 251 259 260 263 267 276 278 281 283 294 296 297 298
59
1 23 24 28 30 48 50 51 54 55 56 58 61 62 68 72 76 77 86 88 100 103 112 123 131 139 144 146 150 158 160 169 172 178 179 180 188 201 208 212 213 215 216 219 230 242 243 252 253 254 257 258 260 266 279 280 289 295 297
62
4 11 12 13 27 32 36 37 43 44 46 47 50 57 63 65 70 72 77 80 81 82 84 85 96 107 119 124 137 139 141 142 144 146 152 155 159 175 178 179 181 188 189 191 192 195 196 197 199 203 209 214 227 236 237 244 254 261 264 283 288 296
53
18 24 31 32 35 45 57 61 63 75 77 85 87 88 97 112 113 118 122 134 135 136 137 138 143 148 152 159 168 171 180 183 194 207 220 230 233 234 236 240 243 245 251 254 255 259 263 265 266 277 281 284 293
63
2 4 5 11 12 13 18 19 22 24 26 27 33 35 37 47 63 69 76 81 82 83 96 98 103 113 125 132 145 152 155 159 160 165 167 174 180 181 185 193 197 212 215 220 221 229 231 234 236 241 242 246 249 250 257 261 264 271 281 283 285 287 295
50
4 11 12 14 25 28 34 39 46 54 59 64 66 69 70 77 80 87 98 105 109 112 120 123 125 134 144 146 157 161 164 174 177 181 189 193 216 223 224 228 238 247 262 264 265 274 282 284 289 300
62
6 14 17 19 20 22 31 36 53 56 66 73 75 79 81 83 84 87 92 102 104 105 116 121 122 123 125 137 146 147 151 153 155 158 161 162 167 169 172 181 184 185 190 197 205 214 216 221 224 230 233 239 240 241 258 263 265 268 273 279 291 292
56
3 4 12 13 14 19 20 21 24 31 35 37 50 52 55 57 60 63 66 67 69 76 79 80 89 91 97 98 102 106 113 126 132 137 147 148 166 169 170 173 182 190 197 209 213 218 230 233 259 278 285 286 288 290 291 299
60
6 10 17 26 31 41 53 54 61 64 68 81 84 98 101 113 114 120 124 126 128 133 143 145 146 151 156 157 158 178 179 187 188 190 192 195 197 201 202 220 221 222 224 229 233 244 246 248 252 253 254 256 258 261 274 280 285 289 290 297
63
4 5 6 9 13 14 19 22 24 28 29 41 44 45 50 54 56 59 78 87 89 90 110 119 121 122 127 131 135 139 145 148 150 154 156 158 161 162 179 180 185 190 202 208 209 213 216 220 223 227 231 233 235 238 246 264 278 280 286 290 291 292 295
58
18 20 30 32 42 43 49 50 56 58 59 71 76 88 91 93 95 103 107 112 114 125 126 130 133 136 144 146 156 170 176 179 188 192 194 199 200 201 203 212 214 216 218 224 228 230 235 245 249 257 258 261 262 265 278 286 293 297
61
2 15 16 20 25 35 37 47 52 59 61 64 68 69 80 81 88 89 90 94 95 98 99 103 104 106 111 112 130 135 137 138 144 149 155 169 175 178 186 192 198 202 203 204 207 209 211 225 228 230 240 245 250 257 259 274 284 285 287 290 294
63
3 10 27 35 40 47 52 53 54 68 71 75 79 82 87 89 93 95 108 111 113 122 132 134 135 137 138 155 159 161 164 167 169 175 183 185 189 191 193 196 199 201 208 218 222 224 227 232 234 238 243 245 251 255 264 267 271 280 283 284 285 286 296
55
3 6 9 11 16 20 21 28 33 39 46 47 70 72 74 78 84 86 92 101 103 106 112 115 123 125 129 134 143 168 170 176 181 184 190 191 194 198 202 218 226 227 229 232 237 241 255 256 259 273 278 280 287 291 299
63
2 6 7 9 11 12 19 22 24 33 39 49 51 57 59 61 71 83 85 86 93 95 96 99 109 122 127 134 137 138 143 145 149 150 158 159 167 168 189 193 204 209 211 214 217 220 222 226 230 236 243 247 262 264 268 270 273 276 279 280 288 289 294
60
4 15 18 21 27 38 39 46 61 64 68 70 71 73 77 84 99 101 109 114 116 118 119 126 127 142 144 146 155 157 167 170 175 176 178 190 195 198 199 201 204 207 212 213 229 230 244 246 251 253 263 268 269 270 273 274 277 278 292 294
59
2 8 10 16 18 24 25 35 36 38 49 54 67 71 75 80 85 89 98 100 104 114 120 122 124 131 141 142 145 154 161 175 176 186 190 192 195 196 199 202 204 212 213 215 244 251 252 253 254 255 258 263 264 269 276 286 287 289 300
67
7 10 11 12 15 23 27 28 29 30 48 50 51 59 64 68 69 70 73 74 79 81 88 89 99 102 104 107 114 123 129 149 154 162 165 168 171 172 173 175 177 179 181 183 185 192 200 207 212 214 215 216 218 222 224 230 235 236 240 241 261 268 269 273 275 285 298
56
2 5 14 15 25 28 30 32 35 36 37 40 50 54 67 68 78 89 91 95 99 108 119 128 133 141 151 152 159 161 162 169 172 182 185 201 202 203 212 215 217 218 234 236 246 250 251 270 271 278 280 282 283 284 296 299
58
8 9 11 14 17 25 27 28 32 35 54 59 62 63 68 91 95 104 110 126 130 136 143 146 147 150 157 160 163 165 167 174 176 179 181 191 195 200 202 205 212 214 219 220 224 227 233 237 241 242 248 255 263 271 277 282 295 299
60
2 16 17 21 24 26 30 32 36 43 59 64 67 69 73 74 83 100 104 105 110 112 114 118 119 130 132 148 150 151 152 160 161 176 180 200 201 206 210 212 216 217 220 225 226 230 234 240 243 250 252 259 260 261 262 263 265 268 276 295
57
6 21 22 23 28 30 36 37 42 49 51 54 61 62 64 75 77 83 88 95 96 97 98 101 109 114 115 123 125 133 140 145 148 152 155 180 182 189 193 196 197 203 207 214 217 221 229 237 241 253 265 267 276 289 291 296 297
61
2 8 11 16 34 42 52 53 57 61 71 73 76 88 93 105 109 114 115 120 126 134 135 140 142 144 153 170 173 180 181 186 187 191 199 200 209 213 216 222 224 225 226 230 234 237 238 241 246 250 251 253 260 261 262 270 278 284 289 299 300
58
4 11 17 28 35 42 49 50 53 55 56 67 70 77 97 98 99 100 101 106 111 112 115 116 121 123 137 146 151 169 171 172 181 186 202 207 209 216 221 224 229 230 238 243 245 262 264 267 271 272 276 277 282 283 284 290 293 300
68
6 12 21 26 28 29 32 38 39 44 45 47 56 58 62 63 67 72 78 81 85 90 95 101 102 110 111 114 118 121 122 140 143 149 151 155 156 163 164 169 171 172 176 180 185 186 190 198 202 203 205 208 210 219 220 221 224 249 251 252 253 260 268 277 287 288 296 297
42
2 7 10 24 26 28 33 38 47 57 63 93 97 103 124 126 131 149 153 155 161 167 171 174 183 185 189 194 198 208 210 211 214 238 240 252 261 268 273 275 281 287
72
2 3 5 6 9 10 13 16 20 21 23 24 37 45 46 47 50 61 62 65 68 69 73 75 89 101 105 107 110 111 113 115 121 122 123 126 131 132 133 139 143 154 160 164 167 168 185 194 195 199 210 220 221 224 225 243 245 248 252 253 259 261 264 266 269 270 272 274 277 289 291 292
59
4 6 8 10 11 12 13 17 18 22 32 51 54 58 62 67 76 79 81 82 94 96 107 113 116 128 131 140 150 153 156 158 164 177 178 180 183 200 201 207 213 229 233 235 236 237 239 246 249 250 254 255 261 270 279 284 293 296 300
64
4 15 19 20 22 30 36 39 51 52 54 62 63 64 65 68 72 79 84 85 89 90 97 101 105 107 109 112 130 131 143 144 146 148 149 150 153 156 157 158 161 172 181 204 205 209 212 216 218 225 241 248 249 252 256 258 260 264 268 269 285 287 289 294
64
8 10 11 15 16 17 19 25 36 38 51 61 79 86 92 96 99 104 115 117 120 123 124 130 134 143 149 154 158 159 166 168 178 179 181 186 187 191 195 197 198 200 202 203 206 207 208 212 223 225 238 241 244 252 254 259 261 263 267 268 269 278 289 298
60
3 6 11 15 20 22 30 38 39 40 41 44 51 52 57 58 66 73 76 81 82 83 88 89 90 92 95 98 112 114 117 126 136 137 143 168 175 181 186 187 189 192 197 200 215 216 241 242 244 253 258 268 270 274 275 277 281 283 290 298
63
2 4 17 18 21 22 27 32 43 47 48 49 50 55 68 73 79 80 88 90 102 112 114 115 116 131 142 147 151 152 153 158 162 166 172 178 183 200 201 202 206 214 221 222 229 234 235 237 239 241 247 253 257 259 263 270 275 278 279 285 290 291 296
58
1 6 13 18 21 26 31 33 34 45 46 53 57 59 61 72 79 85 92 96 97 98 100 106 113 117 120 141 146 149 150 169 173 175 180 181 184 186 187 198 205 209 211 223 226 227 231 234 237 254 258 264 268 269 271 288 292 300
45
20 22 26 28 29 31 34 39 41 42 50 59 63 66 69 71 79 86 91 113 114 126 139 157 163 187 193 194 195 201 208 209 215 226 234 250 259 260 264 267 278 288 294 295 296
56
4 8 10 16 17 19 22 30 35 44 53 60 62 74 81 82 83 90 92 94 100 102 105 109 124 125 132 137 153 154 169 174 175 176 183 184 185 193 198 202 205 208 215 221 225 226 227 234 238 257 266 278 279 280 286 294
49
5 7 12 23 24 39 41 48 57 58 70 74 82 85 86 87 97 99 101 105 108 124 130 137 140 152 156 163 186 190 192 194 205 213 217 230 232 242 247 248 254 256 267 279 286 288 289 290 297
67
4 5 8 27 36 39 41 42 45 48 49 50 51 61 64 67 69 85 93 94 98 102 110 111 112 118 124 128 137 139 141 145 147 150 157 158 165 169 173 176 184 190 191 198 201 202 203 208 209 212 227 231 232 233 238 240 241 244 248 250 256 259 276 278 288 289 291
49
1 3 5 9 19 21 22 43 53 62 63 68 74 87 89 98 114 115 117 122 128 132 134 137 143 158 162 163 168 170 176 181 184 186 194 196 205 210 219 229 236 239 246 247 264 270 274 279 288
54
6 11 15 16 17 21 27 36 40 57 59 61 74 78 86 92 106 108 111 125 128 130 131 139 145 147 151 153 164 166 168 174 175 181 185 189 190 199 206 214 230 237 239 240 242 244 245 246 257 261 272 283 294 297
68
9 10 11 12 22 23 25 26 27 32 33 39 52 53 55 58 63 72 77 78 81 82 85 91 94 98 100 105 110 111 112 114 117 123 132 135 138 139 141 150 154 156 159 166 167 168 176 177 186 197 205 215 217 218 220 223 226 234 236 244 249 253 260 267 273 289 295 298
67
4 6 8 9 11 14 16 33 34 39 40 41 47 49 51 54 56 58 62 70 81 83 84 86 91 105 107 108 109 110 118 119 127 128 130 146 150 154 158 160 161 166 168 169 170 192 195 197 200 209 212 213 216 221 223 229 239 250 254 256 262 277 283 285 290 298 300
55
1 13 14 21 28 38 48 49 50 53 70 75 79 85 94 102 103 109 115 116 118 121 122 132 133 134 138 141 149 150 158 159 161 163 164 178 184 190 208 227 229 233 237 238 240 242 243 256 263 265 281 285 290 291 299
55
4 6 12 13 14 16 18 19 22 31 44 50 60 73 78 91 96 98 105 109 126 131 134 156 161 164 182 184 191 199 200 201 202 211 212 216 228 230 233 238 239 240 241 246 248 249 250 261 267 268 272 275 285 292 300
60
3 4 7 13 14 24 27 32 40 41 42 63 75 77 79 80 81 85 86 87 94 95 105 107 109 112 115 118 119 121 123 127 131 146 147 149 152 157 166 168 175 181 195 196 207 218 232 244 245 255 256 259 265 270 271 282 285 289 293 295
67
14 15 17 22 24 26 30 33 34 39 55 63 65 67 68 69 73 76 78 79 81 82 95 104 106 116 127 128 140 141 142 154 157 164 168 175 176 177 180 182 188 190 201 208 211 217 218 219 221 223 226 233 235 243 244 245 247 248 252 273 276 277 282 283 294 296 300
54
10 16 19 22 27 31 32 40 41 44 48 49 50 65 68 84 89 97 100 101 109 111 122 128 130 137 138 141 147 177 179 186 190 193 198 200 201 219 226 228 230 236 237 239 240 241 245 253 257 276 287 289 295 299
72
5 7 13 18 19 26 27 36 39 45 47 52 54 58 60 61 68 69 76 82 83 84 91 95 96 101 103 108 121 133 136 138 140 142 143 145 151 154 155 156 159 160 164 165 168 170 172 173 174 177 181 182 184 185 188 193 212 215 220 231 232 235 239 248 262 263 269 271 277 285 287 295
68
3 13 15 26 28 31 41 42 48 49 50 57 62 65 67 73 74 80 87 89 90 92 93 94 101 103 110 115 118 119 121 128 129 138 139 141 146 154 166 169 171 172 182 189 191 193 202 207 211 214 226 236 239 244 257 261 268 269 273 274 275 277 280 285 288 290 294 296
54
5 6 7 8 9 11 12 14 16 24 31 38 41 65 73 74 76 78 82 84 88 94 102 103 104 105 137 140 157 159 175 179 183 191 192 198 199 200 201 203 223 227 238 259 261 262 263 266 271 285 290 294 295 298
63
3 12 14 19 30 31 32 34 36 39 48 49 50 55 58 61 65 70 75 76 80 93 95 102 107 115 121 123 130 132 140 144 146 149 151 153 161 162 164 166 169 172 176 178 190 198 199 200 205 208 209 231 242 243 253 256 258 259 262 269 271 279 300
49
17 19 26 32 35 41 42 43 47 49 55 59 69 70 75 95 102 105 110 120 129 132 134 151 162 165 167 174 185 188 195 200 209 214 215 218 236 242 248 252 256 259 260 263 264 282 284 291 292
58
13 22 25 28 34 43 45 46 55 61 62 66 78 83 88 90 98 99 100 106 110 121 124 125 126 136 139 142 155 157 159 170 184 185 195 203 207 209 210 213 224 226 228 229 241 245 253 254 260 261 272 274 276 279 282 286 293 299
49
8 18 47 51 55 69 74 75 78 83 84 93 96 101 116 122 132 133 135 140 141 150 153 156 158 162 169 171 175 176 180 183 184 188 195 197 205 215 216 218 219 231 247 261 276 277 283 286 296
51
5 7 9 11 12 18 19 22 31 47 59 61 64 72 76 82 97 99 103 106 107 110 116 122 132 143 147 148 160 163 165 166 173 174 186 193 203 206 210 213 219 245 246 253 260 264 277 279 283 291 297
60
5 8 16 21 26 35 36 39 40 45 46 55 58 64 71 79 89 105 106 110 111 117 119 120 127 129 133 143 145 157 158 160 172 174 178 182 192 193 196 205 206 207 226 228 235 237 240 249 260 261 263 264 267 269 271 273 275 276 277 282
61
8 16 17 22 26 32 61 63 67 72 78 81 84 85 87 89 95 96 98 100 103 107 114 119 124 130 134 136 139 141 142 152 158 162 166 168 169 176 192 200 201 205 208 215 216 219 230 231 239 241 243 250 252 256 260 265 266 271 285 289 294
45
17 18 24 32 55 65 69 74 76 81 84 87 89 92 106 107 108 109 110 111 113 120 135 137 139 154 156 158 169 170 171 178 185 191 206 215 242 258 271 273 281 283 284 288 292
63
1 10 13 17 24 25 29 30 31 46 48 50 63 70 73 75 84 89 99 110 121 122 124 125 131 136 137 139 147 151 154 161 164 172 174 177 185 187 196 198 208 212 216 217 226 229 233 234 235 236 238 239 250 252 254 255 256 258 261 262 269 276 280
42
3 21 28 29 37 47 53 54 62 70 73 76 81 84 103 115 120 130 131 134 142 149 159 168 187 198 207 208 210 214 217 222 224 257 259 271 276 284 288 293 295 296
66
1 2 3 6 7 8 9 15 21 24 26 28 31 34 37 51 57 59 60 69 71 80 81 84 87 93 95 98 99 119 126 130 138 139 148 164 175 176 182 185 187 189 190 198 201 205 210 211 217 228 238 239 240 241 243 255 256 262 266 279 283 287 294 297 298 299
68
4 6 7 8 10 11 13 16 21 27 31 37 41 49 61 69 71 76 79 85 86 89 92 94 97 104 113 114 118 121 129 130 132 134 138 140 143 147 148 149 151 157 159 163 188 189 203 208 215 218 225 230 235 238 251 260 265 270 271 274 278 280 285 287 292 293 295 297
69
3 6 8 12 14 19 20 21 23 28 31 34 40 49 50 52 56 60 61 63 65 66 69 91 94 108 111 116 117 118 119 120 121 122 124 125 126 134 136 144 149 155 169 177 181 187 188 189 190 192 206 212 213 225 229 238 240 245 247 249 251 253 254 273 275 277 279 280 290
62
7 8 12 19 25 31 37 40 44 55 58 59 67 68 69 71 78 83 87 95 106 108 112 123 127 131 135 136 137 146 147 155 157 158 163 177 193 199 201 205 208 215 217 218 220 221 233 236 246 247 252 255 258 262 266 270 276 277 281 283 291 296
56
3 5 21 22 26 29 34 46 52 58 62 63 65 68 70 72 73 74 77 89 92 101 103 115 125 151 153 160 163 165 175 176 183 184 185 197 203 217 219 222 223 224 226 233 235 236 241 242 252 256 280 281 284 285 293 295
60
6 12 16 21 24 26 42 43 44 46 48 50 58 59 60 67 71 80 82 86 87 98 99 100 105 106 111 112 114 117 124 127 129 140 143 146 147 148 150 153 159 169 172 182 183 189 194 207 212 215 253 256 258 259 272 278 290 291 297 300
59
1 2 6 7 19 20 21 28 29 30 32 34 35 54 55 72 73 81 82 88 96 99 108 112 115 119 129 132 136 139 143 148 150 155 159 164 177 195 201 212 213 217 220 221 222 224 232 246 247 249 256 258 267 268 274 276 286 287 290
63
5 7 8 15 20 22 24 25 33 37 43 47 51 54 57 59 69 73 77 81 83 93 96 97 99 102 114 115 125 134 135 136 139 149 162 167 169 179 186 188 189 192 193 197 203 204 205 206 213 217 220 223 230 232 241 254 269 271 283 287 289 291 293
62
3 13 21 23 28 40 41 42 44 64 67 70 73 75 80 85 88 98 99 104 112 118 120 121 122 123 126 127 131 147 152 159 163 164 168 174 179 185 186 188 194 197 198 202 203 210 215 216 219 223 226 229 231 232 234 243 256 257 268 276 283 289
68
1 7 8 15 16 23 25 26 27 31 33 40 47 49 51 52 53 63 66 68 73 77 85 86 93 94 95 100 101 102 107 111 116 118 135 136 141 144 147 154 158 162 165 169 171 172 176 191 204 212 215 220 226 228 231 232 237 250 259 269 274 275 276 281 287 289 295 297
60
1 3 9 15 21 28 30 32 34 41 50 51 54 56 59 65 70 71 86 89 92 100 108 118 119 123 132 135 138 141 145 146 152 153 163 169 172 185 186 188 194 199 203 204 208 209 218 219 231 232 242 243 249 255 265 274 277 295 296 300
58
1 8 9 11 19 20 33 35 46 48 62 63 66 79 80 81 84 96 100 104 108 110 112 115 119 124 134 139 147 156 164 165 166 179 180 185 204 205 214 216 222 230 232 233 240 241 242 245 254 255 258 259 265 269 271 281 282 297
53
7 8 17 20 21 24 25 28 29 33 34 35 38 40 45 49 53 66 70 75 86 87 88 102 105 110 111 113 119 127 130 132 134 142 144 147 149 153 167 180 195 211 219 225 229 234 250 254 263 271 279 285 291
51
9 13 16 30 32 37 45 47 48 52 64 73 76 88 90 92 93 102 106 108 109 119 126 128 144 158 170 180 185 187 193 194 202 206 211 213 227 232 236 237 246 252 259 265 270 274 275 285 290 292 299
61
6 9 11 15 16 24 28 31 32 34 39 41 54 58 62 65 80 82 85 90 96 97 102 115 118 119 124 125 129 134 136 139 147 154 156 160 167 170 176 178 187 190 192 194 196 210 217 222 226 230 233 242 251 258 270 278 282 286 288 294 296
60
9 16 17 39 46 49 54 57 61 73 78 82 84 85 86 89 93 98 100 103 105 109 111 113 120 123 129 132 140 152 160 170 171 176 185 189 196 205 206 210 211 212 214 217 230 239 240 243 246 248 257 260 268 271 276 284 287 290 299 300
68
3 8 11 13 28 29 38 40 43 48 52 55 58 64 73 74 77 88 90 92 93 101 104 105 110 115 117 118 122 134 135 137 141 147 152 157 167 168 172 176 177 179 187 189 191 193 197 198 199 200 201 203 204 205 209 214 216 225 237 238 239 242 254 255 282 283 289 293
64
3 11 15 17 23 31 32 34 45 50 59 61 65 68 73 76 77 89 93 107 110 114 116 119 124 130 131 136 157 159 162 163 164 166 177 178 179 180 185 186 188 194 196 202 203 219 223 227 234 237 238 239 240 248 252 253 256 261 263 266 279 288 291 293
62
2 4 13 16 18 28 29 46 48 51 53 57 59 62 64 69 75 79 81 82 83 85 89 96 104 105 119 120 130 134 140 143 147 149 152 153 165 168 169 184 189 191 196 210 220 223 234 236 240 244 254 255 261 267 268 270 272 280 281 286 294 299
55
8 12 14 15 16 18 34 37 44 45 50 53 58 59 67 72 75 79 81 88 93 97 105 109 116 133 137 143 149 152 154 160 166 173 176 178 179 181 182 188 196 208 213 214 217 227 228 242 259 279 282 289 290 295 298
54
9 14 22 28 38 39 43 44 46 53 56 64 68 73 79 83 87 93 99 102 110 112 116 118 119 123 136 141 145 156 171 192 198 206 209 213 217 222 223 228 230 231 242 249 251 260 269 272 276 279 283 285 289 290
63
5 9 10 17 19 20 22 23 27 30 37 46 52 65 66 69 73 74 75 79 80 89 92 98 100 101 105 107 108 110 112 118 120 124 125 131 141 145 155 156 164 167 169 179 181 193 198 212 215 219 223 229 232 238 247 248 254 255 276 283 286 292 300
55
5 6 7 23 30 36 46 61 67 68 73 78 89 92 93 94 99 107 116 122 137 138 148 156 160 169 173 175 178 186 191 193 200 202 205 224 225 227 231 239 247 249 253 256 258 261 267 269 270 273 274 275 281 296 300
72
2 13 18 22 23 24 25 26 27 28 29 33 39 43 47 50 55 58 64 68 70 73 76 82 83 86 98 100 103 106 108 111 114 116 136 143 150 153 170 173 181 182 186 189 190 194 196 200 205 209 214 218 220 225 229 231 234 237 240 246 247 249 251 253 265 275 278 282 285 286 288 293
61
4 8 14 16 18 20 21 33 43 47 49 52 78 79 92 106 108 115 116 118 141 143 154 166 169 171 172 173 175 177 178 180 192 194 197 199 202 209 210 214 216 222 227 228 237 239 241 247 250 252 253 263 264 274 276 280 287 292 294 298 300
59
8 12 14 18 19 23 25 30 31 37 46 50 51 53 57 59 60 63 64 66 69 88 91 96 101 118 120 123 136 140 141 142 144 145 148 152 153 160 163 165 168 173 185 190 198 207 220 226 232 234 237 255 262 267 278 281 286 292 295
58
3 8 9 21 24 34 35 36 37 38 49 62 66 67 68 70 71 99 100 101 106 112 117 119 123 127 131 135 139 148 149 158 165 173 183 186 187 191 205 211 218 221 226 234 238 239 240 241 245 250 265 267 275 277 278 286 290 292
56
2 6 19 22 34 36 41 44 53 60 77 78 82 83 85 88 90 104 117 132 146 149 153 156 157 158 161 162 164 166 171 172 174 180 183 190 207 209 211 212 215 217 223 225 228 232 233 248 249 251 256 258 264 268 290 292
56
2 14 17 20 24 34 35 40 43 44 48 51 52 58 69 72 86 87 97 98 100 104 111 116 121 123 125 136 140 145 156 160 165 168 172 173 182 192 195 201 203 207 214 218 221 222 223 225 229 238 250 261 270 272 277 296
64
2 11 14 18 19 21 22 26 35 37 39 49 52 55 65 69 70 81 82 85 88 93 97 99 102 109 111 115 135 142 143 147 152 161 165 166 168 176 177 182 184 186 188 189 191 196 205 206 222 224 226 230 234 245 249 251 255 259 264 278 280 285 292 300
65
4 7 9 13 20 25 27 29 36 47 55 73 75 77 85 89 93 97 99 104 117 123 124 127 129 131 132 134 138 139 147 148 149 153 156 157 167 170 171 172 174 200 203 204 205 210 213 217 218 223 226 227 239 242 247 253 256 258 269 273 279 282 284 288 291
66
1 10 17 19 25 27 32 36 43 46 53 57 62 68 69 72 74 79 87 88 99 105 113 120 125 126 136 137 139 141 146 157 168 170 179 184 185 187 204 205 210 211 218 221 230 231 233 248 258 259 260 265 266 269 272 275 277 278 281 283 288 291 292 293 297 299
65
7 9 12 15 17 19 30 33 34 35 39 41 42 44 52 54 55 61 62 67 70 86 91 92 93 98 102 105 108 119 124 127 130 132 145 152 153 156 167 168 173 177 179 191 195 197 205 211 213 228 231 235 237 241 258 262 272 274 275 279 281 282 284 292 300
54
1 15 17 20 26 29 31 40 41 45 49 69 70 83 85 93 106 120 122 128 136 145 156 157 158 160 170 172 173 174 178 186 188 199 201 202 210 213 218 222 223 228 229 233 238 239 240 243 250 252 254 265 283 290
61
4 35 41 47 50 58 59 62 67 69 71 76 79 84 85 96 102 105 106 112 115 132 143 153 159 165 166 167 170 175 176 177 180 190 192 194 198 199 202 206 207 209 212 220 221 225 228 230 235 237 238 240 246 248 260 261 265 269 281 291 293
74
3 5 10 20 23 26 32 36 38 40 42 56 59 60 65 69 71 75 76 78 79 83 86 88 91 92 99 104 105 109 111 112 113 114 119 123 124 125 128 138 141 148 149 157 159 166 183 190 193 194 201 205 212 213 214 215 218 219 220 222 223 227 228 236 239 243 245 251 266 271 275 276 277 289
51
1 3 12 15 20 28 32 33 40 47 52 57 71 76 78 85 86 92 96 102 109 110 111 116 129 131 134 142 143 150 170 179 186 193 196 201 213 224 225 244 253 260 266 272 273 276 279 283 288 297 299
54
5 11 16 17 22 27 37 40 47 56 59 69 74 83 88 89 90 92 102 107 110 113 120 125 130 133 134 148 155 163 170 177 179 182 188 190 193 199 219 221 223 226 231 233 234 237 241 268 273 283 284 287 298 299
55
18 24 25 30 33 34 47 50 52 55 57 58 60 72 82 89 92 100 103 111 115 121 127 135 139 143 144 155 156 158 170 174 178 179 181 183 192 207 210 211 215 219 220 221 225 226 243 262 263 265 271 279 286 287 298
54
3 8 14 24 26 31 45 46 50 56 58 61 71 72 76 78 89 93 104 112 127 130 133 142 144 148 149 163 171 182 190 192 193 198 207 210 215 221 222 224 230 235 236 240 259 264 270 271 280 282 287 296 298 299
56
1 8 9 16 21 30 34 53 71 75 77 86 92 103 105 117 120 128 133 136 139 141 153 154 158 161 165 171 189 194 197 200 202 206 211 219 222 224 225 227 232 236 238 249 253 259 261 269 270 275 276 279 282 287 295 298
62
1 3 4 5 15 18 24 28 32 55 57 61 62 64 77 83 91 92 95 99 100 102 109 112 115 122 136 137 138 144 156 157 161 165 169 170 172 175 181 188 196 206 208 209 220 226 237 242 247 250 253 254 256 257 258 274 279 284 290 294 296 299
61
2 4 14 18 24 28 33 35 43 46 50 52 54 55 56 60 64 68 88 90 93 94 95 96 97 105 106 112 120 125 126 136 141 145 160 162 163 165 166 170 172 176 191 197 201 212 219 224 227 228 230 248 253 257 261 267 269 275 289 291 293
59
8 10 14 23 29 34 36 37 38 42 48 50 51 58 75 76 99 101 106 107 108 111 112 118 130 133 137 140 149 151 156 157 159 169 178 180 183 184 185 189 194 199 205 208 222 238 242 243 248 254 255 259 268 280 284 288 290 294 300
63
1 2 3 5 8 15 21 22 29 34 36 55 56 58 62 65 69 71 74 90 91 92 99 100 108 110 111 122 123 127 128 133 152 157 160 164 167 171 179 191 200 206 209 210 216 217 219 236 240 247 250 251 259 264 266 267 268 269 274 277 291 296 300
63
1 3 4 8 9 13 15 20 21 23 27 30 36 49 54 58 69 70 74 79 88 95 104 105 114 121 123 124 127 130 132 133 135 139 143 144 145 154 157 163 172 177 181 185 190 193 203 204 221 225 233 236 241 246 248 253 254 265 266 284 286 298 300
64
4 6 7 19 31 32 36 38 47 49 50 56 58 60 65 66 74 81 84 85 95 104 114 115 122 124 125 135 137 138 145 146 152 155 156 167 172 180 188 190 195 198 200 204 207 209 213 214 217 222 226 233 234 235 236 237 241 251 262 264 267 268 280 287
66
18 20 23 25 31 39 41 49 52 54 56 60 64 80 81 85 87 91 93 95 109 116 120 124 131 133 137 140 151 157 158 162 173 176 183 186 187 199 200 205 209 211 214 215 221 226 228 229 238 247 248 254 255 259 261 264 267 269 276 281 282 284 286 290 297 299
59
4 5 9 13 16 19 23 30 38 39 45 55 57 62 68 70 83 89 92 98 102 117 118 120 121 124 130 145 146 147 159 162 165 168 173 179 180 183 193 202 204 212 213 229 231 234 242 247 248 250 251 254 259 262 268 272 278 281 299
62
7 10 15 16 18 24 40 41 42 49 53 58 59 60 67 73 85 92 93 96 115 116 120 128 130 134 137 138 140 142 143 144 146 161 162 165 166 178 182 185 190 195 209 215 224 225 227 232 236 243 245 248 253 264 266 269 275 285 288 292 293 295
56
3 8 13 19 27 33 41 50 55 57 60 69 74 84 85 86 91 95 99 103 107 124 131 134 138 143 152 156 164 173 177 179 181 183 199 201 202 217 224 226 237 246 250 252 253 254 257 270 275 279 280 281 282 287 296 297
60
2 13 16 27 31 38 46 53 58 70 71 74 77 92 98 99 105 115 120 125 130 131 137 138 149 153 156 157 160 176 180 181 184 185 193 195 199 203 205 212 222 227 229 232 236 239 241 246 254 257 259 261 263 266 276 283 296 297 298 299
60
1 7 19 28 34 42 43 53 61 70 71 75 82 84 86 90 96 97 109 111 113 115 120 124 135 137 139 140 143 147 153 157 159 161 162 171 180 183 186 187 199 214 216 217 218 221 222 227 233 234 237 260 261 264 267 281 283 284 286 288
49
3 13 19 27 34 50 55 68 74 78 80 81 92 94 96 100 107 115 118 121 125 126 134 142 146 151 158 169 171 172 183 186 187 192 193 207 208 213 220 224 227 234 239 241 244 251 280 284 293
56
7 15 16 22 27 30 32 55 60 61 67 77 80 97 98 105 107 113 115 118 127 143 147 150 151 152 155 157 174 178 184 185 190 191 194 196 201 205 207 217 231 232 233 235 244 251 259 263 269 276 281 289 292 295 296 300
60
1 2 19 23 27 31 33 34 36 37 38 48 56 57 62 66 68 72 79 83 84 90 91 92 96 99 107 116 118 120 122 124 133 140 143 145 154 159 166 167 171 173 176 199 200 205 218 227 228 231 241 242 246 248 250 259 267 276 282 299
55
11 21 33 50 55 65 72 76 77 84 87 89 93 97 99 100 103 115 128 130 139 140 148 152 158 162 166 171 178 196 197 198 202 208 212 215 222 232 233 235 239 241 247 258 260 262 263 267 276 278 288 290 298 299 300
52
3 15 33 37 40 47 52 56 58 69 70 71 79 108 110 116 119 121 127 130 135 138 139 140 148 169 175 184 187 195 198 201 203 206 210 223 225 228 230 231 235 243 245 249 259 274 279 284 287 298 299 300
53
4 9 20 23 28 33 38 41 45 49 51 54 64 65 66 68 70 88 91 102 110 121 127 128 129 130 131 139 143 144 146 158 166 171 172 178 180 190 196 209 216 224 225 242 249 251 257 279 285 286 288 290 296
66
1 12 15 22 23 34 39 42 44 46 58 59 68 71 80 81 82 90 93 110 113 114 118 121 122 124 132 133 140 141 143 147 148 161 168 172 176 188 192 194 201 211 216 218 230 235 236 239 240 242 252 255 256 258 260 261 263 265 267 272 278 279 284 286 288 292
61
3 11 13 14 23 25 26 31 35 42 43 46 48 49 55 57 58 61 63 76 83 86 87 103 104 109 112 120 124 127 130 137 139 152 153 159 167 171 173 186 194 195 199 208 209 211 212 218 223 225 227 237 238 239 241 251 258 263 266 277 285
63
25 27 28 36 38 39 48 53 54 57 60 63 64 68 70 73 74 77 84 93 102 104 105 109 112 119 122 128 131 137 139 141 156 164 170 172 176 177 178 185 188 189 194 197 218 221 222 225 227 236 244 246 247 248 258 263 264 271 273 278 279 280 291
59
4 5 10 11 16 20 22 28 36 44 47 48 53 62 65 74 75 85 88 91 92 98 107 108 117 120 122 124 129 134 139 141 143 156 158 164 171 193 200 203 204 208 209 211 214 218 220 222 223 225 234 238 256 265 277 290 296 297 300
51
5 12 15 27 40 70 72 84 85 86 92 96 106 112 119 120 132 138 148 151 152 154 158 159 163 171 174 176 181 193 200 202 204 208 209 215 219 223 240 241 254 258 260 265 270 271 273 280 284 296 299
51
2 5 9 10 16 17 22 38 46 62 69 72 74 77 80 86 89 90 99 101 108 124 126 142 158 160 165 166 172 176 180 188 195 197 209 217 220 221 223 224 227 231 232 234 241 245 255 261 271 276 281
50
2 3 4 16 21 34 35 37 39 40 48 52 57 63 75 85 92 100 112 125 129 133 145 155 168 171 184 185 192 194 204 210 212 216 220 222 228 231 232 239 253 258 267 268 277 290 291 292 299 300
56
12 14 15 17 21 26 30 33 34 38 40 41 50 53 58 72 73 78 81 89 96 110 120 121 122 132 146 164 166 169 172 173 177 188 191 195 204 209 210 211 214 217 227 229 232 233 234 250 257 264 267 272 282 284 298 300
68
2 14 16 17 19 21 23 28 44 56 57 59 63 64 66 71 75 81 82 84 86 91 93 115 121 122 132 135 143 146 148 156 164 172 176 178 185 190 193 203 205 209 210 211 212 219 220 228 235 237 238 243 244 248 249 254 257 261 265 266 271 275 279 281 284 287 293 294
73
2 3 7 13 15 20 23 27 28 33 35 44 52 60 64 67 70 73 77 85 89 96 99 106 107 108 117 118 122 132 133 135 146 147 149 151 153 155 156 163 166 167 171 178 185 188 190 192 195 202 205 207 208 215 221 226 235 237 242 245 251 252 259 263 272 273 274 275 282 292 295 296 300
53
24 27 31 34 36 38 48 51 67 68 71 79 81 90 91 92 99 107 122 127 128 129 131 135 150 152 154 158 159 166 178 189 206 211 213 215 217 220 226 229 236 248 256 260 264 265 270 283 285 293 295 298 299
67
1 3 10 13 14 22 23 26 28 29 31 32 37 48 49 52 59 63 65 67 68 71 80 85 88 90 93 99 105 107 117 120 129 133 134 135 145 146 153 157 159 161 164 170 174 175 179 184 185 186 187 188 202 206 214 216 219 228 229 244 249 269 275 278 283 286 288
66
9 19 20 25 31 38 46 51 59 62 68 69 70 72 74 79 85 87 91 92 97 104 105 106 110 119 124 127 137 144 148 156 157 158 163 164 173 184 186 189 190 196 204 206 207 210 211 215 220 227 240 241 246 249 252 253 257 259 260 266 267 274 282 288 289 298
61
6 9 13 15 18 29 30 32 40 58 67 77 82 83 86 88 97 100 101 103 106 112 113 120 137 141 144 145 156 166 170 171 175 179 187 189 191 192 194 195 200 207 209 218 220 228 231 235 237 247 249 252 256 257 259 261 263 275 276 281 291
57
1 5 7 10 12 15 19 20 21 25 27 34 44 52 53 68 71 73 83 84 91 94 97 102 118 125 145 155 157 158 163 167 173 175 177 180 198 202 203 206 224 225 227 229 232 243 245 248 252 255 256 257 268 270 280 281 297
63
5 8 12 14 19 22 26 29 34 52 54 58 61 72 75 76 82 85 88 91 93 99 105 106 113 118 127 130 132 133 135 142 146 148 152 158 163 167 168 174 176 178 179 182 189 198 199 203 205 216 238 245 246 249 258 259 265 274 285 288 290 294 297
58
3 9 10 11 14 16 20 26 28 38 41 58 72 73 76 77 78 84 91 92 97 100 101 110 117 120 121 131 134 137 149 150 152 156 158 167 171 177 184 190 200 207 209 217 218 221 231 240 250 259 265 273 276 280 285 290 294 295
69
3 6 7 13 15 19 23 25 28 41 57 65 70 72 74 76 82 85 88 90 92 94 95 102 103 112 113 116 119 122 124 145 147 165 167 175 187 189 190 198 201 207 210 211 212 213 215 219 224 226 229 238 239 240 241 247 252 259 261 262 263 264 270 273 282 285 290 294 295
