50 100
1.0 1.0 1.0 1.0 1.0 1.0 1.0 1.0 1.0 1.0 1.0 1.0 1.0 1.0 1.0 1.0 1.0 1.0 1.0 1.0 1.0 1.0 1.0 1.0 1.0 1.0 1.0 1.0 1.0 1.0 1.0 1.0 1.0 1.0 1.0 1.0 1.0 1.0 1.0 1.0 1.0 1.0 1.0 1.0 1.0 1.0 1.0 1.0 1.0 1.0 1.0 1.0 1.0 1.0 1.0 1.0 1.0 1.0 1.0 1.0 1.0 1.0 1.0 1.0 1.0 1.0 1.0 1.0 1.0 1.0 1.0 1.0 1.0 1.0 1.0 1.0 1.0 1.0 1.0 1.0 1.0 1.0 1.0 1.0 1.0 1.0 1.0 1.0 1.0 1.0 1.0 1.0 1.0 1.0 1.0 1.0 1.0 1.0 1.0 1.0
5
1 21 38 72 80
3
36 39 85
3
6 14 58
6
35 36 53 54 62 82
2
9 11
5
17 35 42 66 95
4
6 48 49 81
3
71 79 100
7
7 48 55 67 71 72 97
7
9 26 56 65 71 93 99
3
25 49 91
9
10 13 24 31 40 49 72 79 89
5
6 14 52 74 80
2
32 37
7
1 11 14 32 36 63 93
12
20 23 34 35 57 67 73 79 81 83 93 96
4
31 46 69 93
6
4 8 30 60 77 90
5
38 48 61 62 78
6
6 9 19 26 28 44
8
4 6 25 26 30 48 51 83
2
49 69
5
19 25 72 77 83
5
15 25 32 42 89
5
20 47 61 64 78
2
56 64
4
7 30 66 68
3
35 54 74
5
5 30 70 91 94
1
6
6
18 30 32 68 76 100
6
32 40 69 89 98 99
3
62 69 73
5
6 60 77 85 98
4
2 31 45 58
8
10 25 44 56 68 74 97 99
3
51 56 89
2
27 98
2
38 61
3
12 28 65
4
12 29 39 79
3
17 26 83
7
6 10 12 17 23 33 55
5
46 50 60 85 92
8
19 27 32 39 48 59 66 82
7
7 11 14 16 27 33 97
6
27 28 42 73 80 95
8
1 3 14 29 44 46 53 68
3
3 56 60
5
19 32 45 75 95
