50 100
1.0 1.0 1.0 1.0 1.0 1.0 1.0 1.0 1.0 1.0 1.0 1.0 1.0 1.0 1.0 1.0 1.0 1.0 1.0 1.0 1.0 1.0 1.0 1.0 1.0 1.0 1.0 1.0 1.0 1.0 1.0 1.0 1.0 1.0 1.0 1.0 1.0 1.0 1.0 1.0 1.0 1.0 1.0 1.0 1.0 1.0 1.0 1.0 1.0 1.0 1.0 1.0 1.0 1.0 1.0 1.0 1.0 1.0 1.0 1.0 1.0 1.0 1.0 1.0 1.0 1.0 1.0 1.0 1.0 1.0 1.0 1.0 1.0 1.0 1.0 1.0 1.0 1.0 1.0 1.0 1.0 1.0 1.0 1.0 1.0 1.0 1.0 1.0 1.0 1.0 1.0 1.0 1.0 1.0 1.0 1.0 1.0 1.0 1.0 1.0
14
14 31 32 33 38 40 41 50 75 79 80 88 92 96
8
2 7 47 51 55 65 93 98
9
5 6 23 32 35 55 57 71 84
11
5 12 15 46 53 56 59 64 84 88 93
7
11 30 57 58 64 76 79
10
2 8 11 22 30 35 58 70 93 96
8
10 27 29 47 81 91 92 100
10
9 24 27 31 40 41 49 69 86 90
8
4 15 16 44 47 65 80 89
10
9 26 34 39 42 46 59 65 82 95
12
5 25 27 32 42 53 54 66 67 71 88 100
13
6 13 24 26 28 29 31 42 53 68 73 93 94
8
5 10 24 60 68 69 72 83
11
7 12 18 25 38 57 69 76 77 89 99
10
19 24 25 29 33 54 55 57 94 100
11
17 20 22 24 28 35 36 46 57 72 92
9
6 16 24 25 30 48 80 81 87
9
9 17 34 60 73 92 94 95 96
11
1 8 15 25 31 42 73 77 78 79 87
13
9 10 19 20 36 41 54 60 61 66 83 84 95
13
14 19 29 42 46 52 61 63 64 72 74 76 84
8
13 18 22 28 60 64 78 100
9
5 9 63 67 68 72 85 89 100
7
16 24 29 36 41 48 63
7
11 16 17 19 86 92 100
6
22 27 55 65 83 98
4
10 15 49 57
8
11 19 33 40 55 60 61 84
14
17 18 29 34 37 43 49 50 51 56 69 83 87 100
10
1 5 14 16 25 47 86 87 92 93
15
3 8 9 11 14 19 21 22 28 38 50 57 61 97 100
9
5 11 32 61 81 83 91 93 94
12
19 25 26 27 36 61 63 64 68 83 93 94
8
10 18 23 27 29 41 49 69
12
10 13 26 28 52 56 61 65 70 76 79 90
7
18 19 23 24 32 58 66
8
1 39 60 65 73 77 82 99
12
2 20 34 38 45 57 63 70 75 76 77 81
11
10 28 45 49 73 77 80 82 86 92 96
4
7 25 48 68
10
4 10 16 40 44 68 70 79 87 91
10
6 11 19 23 47 56 61 64 66 89
13
1 4 27 30 32 46 58 59 60 77 78 90 96
10
3 19 58 60 65 74 81 86 91 98
10
2 29 33 36 43 57 71 74 86 96
7
3 13 16 58 76 84 97
10
12 18 22 30 34 39 73 75 83 84
12
11 30 32 35 47 48 58 63 65 68 90 91
10
8 15 23 28 31 37 43 52 81 82
11
6 24 34 42 46 56 75 81 83 93 95
