150 300
1.0 1.0 1.0 1.0 1.0 1.0 1.0 1.0 1.0 1.0 1.0 1.0 1.0 1.0 1.0 1.0 1.0 1.0 1.0 1.0 1.0 1.0 1.0 1.0 1.0 1.0 1.0 1.0 1.0 1.0 1.0 1.0 1.0 1.0 1.0 1.0 1.0 1.0 1.0 1.0 1.0 1.0 1.0 1.0 1.0 1.0 1.0 1.0 1.0 1.0 1.0 1.0 1.0 1.0 1.0 1.0 1.0 1.0 1.0 1.0 1.0 1.0 1.0 1.0 1.0 1.0 1.0 1.0 1.0 1.0 1.0 1.0 1.0 1.0 1.0 1.0 1.0 1.0 1.0 1.0 1.0 1.0 1.0 1.0 1.0 1.0 1.0 1.0 1.0 1.0 1.0 1.0 1.0 1.0 1.0 1.0 1.0 1.0 1.0 1.0 1.0 1.0 1.0 1.0 1.0 1.0 1.0 1.0 1.0 1.0 1.0 1.0 1.0 1.0 1.0 1.0 1.0 1.0 1.0 1.0 1.0 1.0 1.0 1.0 1.0 1.0 1.0 1.0 1.0 1.0 1.0 1.0 1.0 1.0 1.0 1.0 1.0 1.0 1.0 1.0 1.0 1.0 1.0 1.0 1.0 1.0 1.0 1.0 1.0 1.0 1.0 1.0 1.0 1.0 1.0 1.0 1.0 1.0 1.0 1.0 1.0 1.0 1.0 1.0 1.0 1.0 1.0 1.0 1.0 1.0 1.0 1.0 1.0 1.0 1.0 1.0 1.0 1.0 1.0 1.0 1.0 1.0 1.0 1.0 1.0 1.0 1.0 1.0 1.0 1.0 1.0 1.0 1.0 1.0 1.0 1.0 1.0 1.0 1.0 1.0 1.0 1.0 1.0 1.0 1.0 1.0 1.0 1.0 1.0 1.0 1.0 1.0 1.0 1.0 1.0 1.0 1.0 1.0 1.0 1.0 1.0 1.0 1.0 1.0 1.0 1.0 1.0 1.0 1.0 1.0 1.0 1.0 1.0 1.0 1.0 1.0 1.0 1.0 1.0 1.0 1.0 1.0 1.0 1.0 1.0 1.0 1.0 1.0 1.0 1.0 1.0 1.0 1.0 1.0 1.0 1.0 1.0 1.0 1.0 1.0 1.0 1.0 1.0 1.0 1.0 1.0 1.0 1.0 1.0 1.0 1.0 1.0 1.0 1.0 1.0 1.0 1.0 1.0 1.0 1.0 1.0 1.0 1.0 1.0 1.0 1.0 1.0 1.0 1.0 1.0 1.0 1.0 1.0 1.0 1.0 1.0 1.0 1.0 1.0 1.0
56
6 7 12 13 18 25 26 29 34 38 42 45 55 56 59 69 81 94 97 102 106 112 114 121 130 131 135 139 140 141 149 157 160 165 166 168 170 173 181 192 195 198 203 224 225 235 241 252 255 274 276 284 286 290 296 299
59
17 28 41 54 59 83 97 99 104 108 109 115 119 120 122 124 125 129 139 140 141 147 153 157 158 159 161 163 168 170 171 173 176 178 180 184 187 191 193 201 202 213 220 226 228 233 235 240 244 249 251 257 262 275 276 277 279 281 299
67
1 3 10 17 18 23 28 35 39 43 50 51 52 55 64 65 67 69 74 82 94 95 98 101 110 114 115 126 128 142 146 148 149 156 160 164 166 167 170 176 177 182 198 201 209 210 213 216 217 220 221 226 241 245 253 256 257 259 262 263 271 277 281 284 288 293 295
59
8 11 36 43 50 56 58 64 65 66 69 72 73 77 82 84 98 102 106 113 122 127 140 145 147 158 161 172 173 177 179 180 185 186 187 188 194 202 203 209 210 222 227 236 237 238 239 247 262 272 274 277 278 282 285 289 290 291 300
65
8 13 16 17 26 28 29 40 42 43 47 52 53 59 60 62 63 64 65 67 74 75 84 85 89 90 91 98 101 103 113 126 131 133 135 136 138 140 145 154 159 166 170 176 186 190 195 197 198 204 216 219 220 221 237 238 250 251 257 267 271 282 284 286 289
60
2 20 21 27 39 45 58 62 66 69 90 91 93 94 96 98 108 111 116 117 118 126 130 134 137 140 149 151 155 160 161 168 171 181 188 193 194 196 199 210 218 219 222 224 225 232 233 234 244 247 253 258 262 267 270 272 285 291 294 295
69
4 7 12 13 23 27 34 48 55 58 64 68 73 79 80 92 95 97 101 102 103 106 111 112 114 116 117 125 128 130 138 139 141 148 149 156 161 166 171 174 178 179 180 184 198 200 201 211 212 227 232 235 237 241 247 249 252 253 254 264 269 273 275 285 289 292 293 294 300
56
2 5 7 14 18 21 24 33 44 49 60 63 67 76 90 94 98 105 108 109 119 128 137 139 144 148 161 162 163 172 177 189 190 196 198 205 211 214 216 220 222 225 228 230 234 235 238 251 252 253 256 274 281 285 294 295
67
9 12 15 23 28 30 40 41 46 49 53 56 61 62 68 71 76 80 83 84 85 94 100 103 104 106 107 114 128 130 135 136 147 155 169 171 173 180 181 185 191 192 195 198 203 206 228 233 234 237 240 241 245 248 251 255 260 275 277 282 287 288 290 292 294 295 296
54
1 3 8 13 21 34 49 50 55 58 62 69 70 77 81 85 95 97 104 108 115 116 122 134 148 157 159 162 166 168 170 175 176 180 211 216 226 227 228 233 236 245 252 256 260 263 275 277 278 280 283 285 286 297
59
5 9 15 17 18 28 29 31 34 38 48 50 52 59 61 67 70 72 73 76 82 84 85 90 120 124 125 136 138 148 149 160 166 178 181 182 188 192 196 198 199 204 213 225 228 231 233 234 235 245 249 250 264 272 277 282 287 289 296
55
4 5 7 14 20 24 26 31 34 44 47 51 59 65 66 78 79 89 90 93 95 97 102 107 108 111 122 129 130 152 162 164 168 175 189 190 200 201 219 228 233 239 242 243 255 261 268 270 274 285 286 288 290 291 294
62
6 8 9 18 25 27 37 46 47 52 55 66 70 73 75 76 78 83 90 92 93 98 107 114 123 132 135 144 145 147 149 169 171 172 177 180 182 183 193 202 211 214 221 225 229 234 235 236 240 244 245 247 248 251 254 259 264 269 270 271 277 295
68
7 26 28 35 36 40 48 49 50 51 57 63 66 67 83 84 85 87 89 97 99 103 107 110 117 120 127 130 133 136 140 142 147 155 159 161 163 173 174 187 188 191 195 198 207 208 209 210 213 223 226 227 229 232 233 235 237 240 252 262 264 266 270 274 283 284 288 296
50
1 4 5 6 26 29 34 37 42 43 53 64 65 67 70 76 98 104 118 120 134 135 138 139 154 155 160 161 167 175 181 183 191 197 200 202 203 214 216 230 231 232 240 250 252 258 263 267 268 299
59
3 14 16 24 28 29 35 41 43 64 67 69 74 95 97 107 108 124 129 134 139 140 143 147 153 160 168 174 176 179 180 181 183 188 200 204 208 214 215 217 219 222 226 232 234 242 251 256 260 263 273 278 283 286 288 289 291 292 295
55
7 12 14 19 23 26 27 28 32 33 34 37 42 46 49 50 54 96 100 107 120 127 134 135 142 162 167 168 172 176 186 188 189 195 199 202 204 208 211 220 234 237 241 257 260 265 267 269 274 275 278 287 289 291 294
51
1 12 16 20 23 24 26 30 32 65 69 71 74 81 106 111 116 120 129 134 140 154 155 158 166 168 177 189 191 193 205 208 209 218 221 224 236 237 243 248 250 256 258 263 267 273 283 285 286 287 299
65
2 5 7 14 15 16 28 33 40 53 56 58 65 69 76 77 86 87 94 102 103 105 106 107 112 124 127 131 133 146 151 160 165 170 177 179 187 190 191 193 201 206 214 216 217 219 220 224 225 226 231 235 242 243 244 250 251 255 268 279 280 283 289 294 298
60
1 2 6 11 14 20 23 24 37 41 53 55 58 65 67 74 78 81 82 84 94 95 103 106 109 111 112 113 118 122 128 135 143 144 149 163 169 184 185 186 190 192 196 197 202 203 209 211 212 214 216 217 224 225 227 250 254 276 277 291
60
2 7 10 17 26 32 35 36 47 49 55 56 59 61 62 64 70 71 80 81 90 94 98 101 111 114 117 120 121 128 129 130 144 152 166 167 168 179 207 215 223 224 226 230 231 236 237 238 240 245 247 248 260 265 277 279 282 284 286 295
54
13 18 33 34 45 51 68 69 72 74 79 81 82 85 90 95 101 109 121 127 130 140 144 145 150 158 162 165 175 177 180 183 193 198 212 218 228 233 235 238 239 242 248 252 263 265 269 272 279 280 287 289 293 300
58
3 14 22 24 25 26 39 40 46 61 62 63 69 71 72 75 82 83 85 97 100 102 103 104 108 111 131 132 140 141 146 167 168 173 186 191 192 199 200 207 215 217 218 223 228 229 230 231 232 242 250 260 275 283 290 298 299 300
68
2 8 14 18 25 36 41 43 46 47 48 49 52 55 73 74 78 79 82 83 85 88 90 101 105 111 116 120 121 135 138 145 146 148 150 160 165 166 167 169 170 171 174 186 190 195 200 201 203 220 224 226 241 246 248 251 259 261 269 271 275 276 277 278 284 285 289 293
63
4 5 7 9 21 30 35 39 41 51 57 59 68 70 72 73 83 84 86 89 99 105 106 108 115 117 126 138 144 152 157 163 189 195 197 198 203 204 209 210 213 217 218 219 226 229 242 243 249 253 256 258 260 265 266 269 274 276 284 286 287 295 299
46
3 5 7 9 18 21 24 41 42 45 46 54 63 69 78 85 92 96 98 118 120 137 145 150 151 162 172 182 208 211 214 215 228 231 235 239 242 245 249 252 260 267 273 285 296 297
58
12 14 18 36 38 42 46 60 65 66 72 77 85 88 103 111 116 124 128 129 132 133 137 142 146 147 148 154 159 160 164 165 167 180 186 187 191 200 201 203 205 213 215 218 223 231 232 241 242 244 245 259 269 271 277 288 297 300
59
18 22 26 33 40 43 44 46 50 52 54 56 60 70 71 80 88 90 96 98 100 103 105 107 108 113 115 128 133 134 137 146 155 160 165 170 173 182 183 200 207 214 216 219 228 229 230 232 233 236 242 246 253 267 271 272 282 286 289
63
6 7 8 9 11 13 15 22 24 26 35 48 52 56 60 70 72 73 75 76 80 85 88 89 90 97 99 108 112 117 128 130 131 134 135 138 140 142 157 173 178 190 195 202 204 211 212 214 218 225 230 233 262 265 266 269 276 277 278 279 280 282 298
61
1 5 7 16 21 27 31 38 43 52 53 68 74 75 88 90 91 103 107 109 114 115 119 120 121 126 135 138 142 153 162 163 180 190 198 200 201 202 215 219 225 226 232 238 239 240 242 245 248 255 257 258 262 268 270 279 280 283 291 293 296
56
4 7 8 10 11 23 27 30 37 48 50 56 69 70 73 85 90 95 97 105 115 124 125 128 129 130 137 150 151 165 166 167 171 176 178 183 185 186 187 191 196 201 202 203 225 226 235 236 243 249 251 256 260 268 279 297
64
2 13 14 24 25 43 49 56 58 68 71 75 84 88 90 97 98 99 101 105 108 113 114 117 119 126 128 130 138 139 141 146 152 154 160 161 168 178 185 186 187 188 189 191 198 202 203 213 216 217 220 231 232 234 236 237 243 251 264 267 272 282 289 299
62
3 4 5 12 14 15 22 23 32 36 38 49 53 54 65 66 79 82 83 90 97 98 102 110 114 122 123 125 141 148 150 164 166 176 177 184 190 197 215 220 223 224 229 237 241 243 246 247 248 255 261 262 263 265 274 276 280 281 286 288 292 298
50
2 33 35 41 42 50 52 54 56 63 71 74 80 94 97 109 115 117 122 124 133 134 140 141 147 149 150 159 160 162 168 182 184 202 211 213 216 222 229 237 243 252 262 265 271 273 276 281 291 296
54
6 12 13 14 21 23 32 61 69 71 75 76 84 89 91 94 96 99 107 114 118 121 124 126 128 130 131 133 141 147 150 152 156 158 164 165 182 183 184 185 194 198 209 215 235 255 260 262 279 281 284 290 293 299
57
2 4 9 11 19 21 24 30 35 36 41 43 44 49 50 52 66 67 68 75 81 86 95 101 109 111 112 116 120 123 128 133 144 151 154 170 174 175 188 193 198 204 237 239 243 252 256 258 259 260 261 265 271 276 286 298 300
70
1 6 7 9 11 14 16 19 20 22 27 31 37 41 44 48 49 55 59 71 75 77 84 88 90 93 100 107 109 118 121 127 128 138 144 147 148 150 152 166 172 174 184 189 193 195 196 207 209 215 228 230 232 233 234 236 240 241 243 244 246 249 251 253 263 278 282 287 288 289
56
12 14 15 23 33 37 38 39 40 41 42 55 65 68 69 72 74 88 89 106 119 125 129 138 144 147 148 157 159 161 166 167 180 182 191 198 205 212 214 223 224 229 231 236 237 238 240 249 267 268 279 281 282 289 292 293
61
8 9 10 12 13 29 42 47 49 51 53 58 68 72 77 82 85 94 96 100 101 106 111 116 118 129 134 135 138 142 143 152 160 170 179 180 182 202 206 208 210 211 216 220 222 227 228 229 232 241 247 249 250 276 280 281 284 285 287 288 297
62
1 12 14 18 26 32 34 37 39 44 47 52 56 64 66 70 73 83 87 92 98 108 117 130 135 137 139 141 150 153 154 155 158 160 171 177 195 200 202 207 212 213 215 218 219 222 223 227 235 240 245 252 255 256 257 258 262 272 275 279 282 286
63
3 5 6 7 15 16 18 29 32 39 41 51 53 62 64 71 75 80 84 85 86 89 91 105 110 120 123 127 131 132 135 144 147 151 160 162 163 165 169 174 179 182 184 188 190 191 200 204 208 211 214 218 225 230 234 241 250 253 259 275 283 292 293
65
1 17 28 30 36 40 46 48 57 65 68 69 82 83 92 95 96 101 105 107 114 126 127 129 139 140 148 150 156 157 162 165 171 173 176 185 192 200 208 211 212 214 216 222 223 224 227 236 238 242 244 247 251 253 254 257 260 269 271 276 277 288 290 294 298
56
1 10 12 18 20 21 31 37 38 46 49 62 68 76 84 89 90 117 122 123 137 154 155 156 160 163 165 179 180 182 184 199 205 208 214 216 217 218 219 228 231 239 242 244 256 258 259 265 270 271 277 280 281 282 290 300
53
9 23 26 28 39 40 46 57 58 59 62 66 76 78 81 89 95 96 101 109 111 117 130 132 133 146 166 175 176 179 184 188 203 205 206 212 225 232 235 237 243 247 252 253 255 258 260 264 273 274 277 279 300
57
6 9 13 16 20 26 27 31 36 41 45 46 68 69 72 75 82 83 92 100 102 104 106 116 117 129 146 153 154 163 168 170 173 182 191 195 197 202 214 223 225 226 239 241 242 249 254 268 269 271 277 278 282 287 289 299 300
67
8 9 11 16 21 23 27 36 38 41 48 51 55 58 65 70 73 79 86 87 88 90 92 103 112 115 120 124 133 134 136 138 140 145 150 151 160 164 168 171 172 175 181 183 197 200 204 213 215 219 235 238 241 242 243 254 257 260 263 265 278 279 280 291 292 298 300
58
9 11 13 14 21 28 30 33 42 55 59 61 63 64 72 75 86 89 96 97 99 102 104 110 113 115 120 122 132 135 138 156 167 168 170 172 176 179 182 185 198 200 202 212 215 221 239 240 247 251 255 256 261 262 270 272 287 288
54
9 13 16 23 24 28 30 36 40 41 47 51 57 69 77 94 102 103 111 115 126 142 150 153 154 156 166 169 172 173 180 183 199 201 202 216 218 219 230 241 245 253 256 258 266 270 275 276 277 284 290 291 293 300
55
6 18 27 32 34 35 41 44 46 52 53 58 59 61 63 68 82 83 85 86 92 96 98 106 119 124 130 139 141 144 147 155 169 177 185 188 202 207 209 215 216 218 225 232 233 244 245 252 254 255 256 285 288 291 293
61
4 12 13 17 19 20 21 27 33 36 37 38 41 42 60 64 70 75 80 87 90 97 111 123 124 125 132 134 136 140 142 148 152 156 157 166 187 191 192 199 200 201 205 210 221 224 225 227 229 230 231 233 238 243 245 281 283 286 289 292 293
62
2 9 15 19 20 21 35 41 42 44 48 49 53 55 59 63 65 69 81 90 91 97 98 102 107 109 112 114 122 123 124 126 133 134 155 157 165 183 194 212 214 224 228 229 230 238 241 244 250 270 271 273 274 275 276 279 281 286 288 290 296 299
71
3 4 7 9 11 12 13 17 18 21 25 27 28 37 39 49 50 55 56 60 61 66 67 73 75 76 83 87 93 94 95 96 107 110 115 116 120 127 131 138 149 152 154 155 161 162 167 168 175 178 180 193 199 202 207 209 210 211 215 222 228 237 240 261 263 269 273 276 281 289 290
47
4 9 15 16 20 26 31 32 35 40 49 50 53 61 70 81 88 94 110 111 112 116 128 129 138 139 150 161 175 185 192 196 204 226 227 230 246 255 259 263 268 278 280 281 290 293 295
58
2 7 22 30 32 34 46 58 59 68 69 77 85 92 102 106 110 111 112 114 117 119 126 127 135 138 149 156 174 175 176 177 179 186 187 188 195 199 200 213 229 234 236 244 246 247 249 256 265 266 267 275 280 292 294 295 298 299
63
1 2 10 12 19 20 21 26 37 39 45 46 52 63 64 67 68 69 87 89 105 106 120 125 129 132 133 136 143 144 148 150 153 160 168 187 190 193 201 211 212 213 222 224 232 239 244 245 250 259 261 264 266 267 272 275 277 278 292 294 296 298 299
53
8 12 13 14 16 23 25 28 29 31 40 41 50 54 55 56 73 75 77 96 100 104 112 119 130 135 143 144 147 149 152 153 172 175 189 191 198 207 216 220 235 236 247 251 259 261 263 270 271 279 285 287 298
66
5 12 16 17 20 28 31 33 42 52 55 59 60 62 66 71 79 83 99 103 109 112 117 120 121 123 134 138 140 147 149 152 157 158 161 164 169 170 173 174 176 178 180 191 193 211 213 216 225 234 236 248 252 253 255 258 262 263 267 272 274 276 281 294 298 300
61
14 18 22 24 25 29 40 41 42 49 54 56 62 71 73 78 88 93 94 95 96 97 100 101 102 103 113 115 117 119 121 125 138 139 144 150 152 159 162 174 177 187 189 197 199 202 222 225 226 237 248 252 255 259 274 275 284 289 292 293 300
59
1 2 5 9 15 16 22 26 27 29 39 48 50 59 64 67 73 78 83 85 86 92 100 106 108 110 114 115 120 122 124 134 143 147 148 155 157 162 165 182 184 189 195 202 208 219 224 237 248 250 251 267 272 273 275 282 284 297 300
53
5 23 27 28 35 40 46 48 50 60 66 67 75 76 85 94 97 105 107 116 119 125 126 130 132 137 140 162 163 167 176 179 186 187 190 191 195 211 215 225 232 238 240 246 252 254 258 261 273 274 284 286 288
62
5 8 12 13 14 22 24 25 35 38 39 41 46 47 48 54 63 66 69 71 73 74 75 79 94 96 102 109 113 114 124 131 132 137 142 143 144 146 152 153 162 165 167 168 169 174 177 179 186 191 200 214 222 237 239 253 256 268 278 280 292 299
51
12 24 26 30 37 39 43 44 47 51 52 54 58 77 91 96 97 104 115 120 122 125 126 127 147 151 178 181 184 195 200 204 205 215 220 224 225 228 237 241 256 259 267 275 276 277 278 287 294 296 299
62
1 11 22 26 33 37 54 56 67 69 72 75 78 90 95 99 111 115 121 123 127 130 138 142 146 148 150 159 167 169 175 176 178 179 187 189 194 202 204 207 210 211 215 226 228 230 232 233 237 241 243 247 251 262 264 268 273 279 280 283 289 297
65
4 15 17 23 24 25 28 30 35 38 39 48 50 56 60 61 69 75 87 101 103 106 111 112 114 115 119 124 133 137 144 146 156 158 160 163 170 171 178 179 184 189 190 195 211 212 218 223 224 235 242 248 261 262 268 269 270 271 272 277 281 286 292 298 300
57
2 3 8 10 20 23 26 38 39 42 43 57 58 66 78 94 97 98 99 109 110 112 120 124 125 130 140 142 145 148 150 154 159 162 164 167 168 169 185 190 193 195 198 201 203 221 224 240 243 244 250 253 256 267 273 275 284
61
4 16 22 26 31 34 39 46 48 63 70 76 78 86 98 100 103 112 116 124 126 130 133 139 149 155 178 179 181 185 190 191 195 199 203 209 212 214 215 217 221 225 227 229 232 236 239 240 252 254 262 265 268 272 277 278 279 280 284 286 289
66
3 10 12 13 22 33 39 40 42 46 54 55 56 60 61 70 75 76 77 90 92 95 101 109 111 113 115 117 124 126 128 131 137 145 147 155 159 165 168 169 177 182 186 204 205 213 215 216 220 221 222 224 230 234 235 239 242 249 255 259 264 267 280 289 291 294
49
8 9 11 14 15 16 26 38 39 40 58 68 77 84 87 88 89 91 94 95 102 110 115 121 123 126 127 132 154 158 167 171 181 187 192 197 216 217 229 237 250 257 268 270 274 279 293 295 297
66
11 18 21 24 27 31 32 33 40 41 45 47 56 57 61 69 70 72 79 94 98 108 110 112 113 114 116 117 119 120 121 130 131 142 147 149 151 159 166 169 170 179 181 182 183 189 191 200 201 202 206 207 215 225 230 233 238 239 247 259 267 269 273 284 287 297
64
1 6 9 10 15 16 18 24 25 30 41 42 44 45 60 64 66 74 76 85 89 93 101 110 112 115 123 124 126 133 134 135 146 152 154 155 157 174 182 184 211 215 216 222 224 225 228 230 232 237 241 243 248 252 257 261 271 281 287 288 291 296 299 300
71
4 7 10 34 40 42 46 47 54 57 58 59 62 63 66 67 75 76 82 90 94 95 101 112 117 120 121 122 127 135 140 142 145 148 150 153 155 158 161 179 187 191 192 194 197 203 209 212 214 218 219 222 230 232 233 238 242 245 262 264 265 270 272 277 280 284 286 288 289 291 294
70
1 2 3 4 15 17 18 38 51 57 58 59 64 65 66 68 76 79 80 82 83 84 95 105 111 115 119 121 122 125 131 135 146 151 152 157 166 171 172 173 182 189 190 191 192 194 196 198 212 216 229 232 233 242 244 248 262 265 276 279 283 285 287 289 291 292 294 298 299 300
50
1 3 12 15 17 20 27 28 30 31 36 49 50 51 52 58 60 61 63 69 78 109 119 120 129 132 134 139 142 148 162 166 173 175 188 195 196 213 218 221 223 231 237 238 260 275 281 285 287 293
78
12 16 20 22 24 25 28 29 37 42 43 44 45 49 59 61 63 65 78 80 85 89 91 93 99 102 108 114 116 118 119 120 126 137 139 141 150 152 155 166 167 169 170 173 177 181 187 193 196 198 200 201 204 207 212 221 222 224 225 227 228 232 243 247 248 255 257 264 265 271 275 279 280 284 287 289 290 297
62
2 12 19 24 31 32 36 37 52 58 59 61 64 69 79 84 93 106 109 111 112 113 118 121 122 129 130 139 145 146 150 153 162 168 177 194 198 205 215 220 221 234 235 236 240 242 244 253 254 257 259 260 261 264 266 272 273 274 294 296 297 298
52
6 8 11 20 26 31 35 41 58 60 67 82 102 104 106 107 112 115 117 120 139 144 147 150 155 158 159 166 172 175 178 186 195 205 211 212 218 223 227 230 241 247 259 264 267 271 276 277 280 283 290 291
53
3 4 6 25 26 29 35 46 55 56 61 68 72 75 76 77 89 91 111 114 115 117 123 127 132 146 149 151 155 157 163 187 201 202 208 220 224 226 238 239 245 250 255 259 261 262 266 274 277 285 290 293 299
65
10 12 14 16 20 25 26 28 29 31 33 40 52 53 55 56 61 64 76 92 94 95 98 100 105 106 110 119 121 125 145 148 155 157 158 168 172 174 176 180 188 196 203 205 210 211 212 214 216 218 229 233 234 237 244 258 259 261 263 266 267 271 289 296 299
62
1 27 29 32 33 45 47 48 51 53 54 67 68 72 78 80 91 97 98 99 100 108 109 112 122 125 137 152 161 164 166 170 177 179 180 187 189 190 198 200 204 209 210 211 217 221 222 223 226 227 234 241 246 250 256 262 265 271 281 290 292 296
52
18 27 31 38 39 43 44 48 53 62 63 70 73 79 82 83 87 88 91 95 103 112 118 123 125 128 142 148 161 164 167 175 177 181 194 204 207 211 213 215 217 218 219 222 227 242 252 259 263 266 269 284
62
1 9 10 11 13 17 29 31 34 37 38 39 45 48 51 66 70 84 88 91 93 99 102 111 112 115 119 124 125 128 138 139 141 143 149 168 171 177 185 187 193 200 203 206 207 209 214 218 221 225 227 230 237 244 251 258 262 275 284 289 290 292
56
5 10 14 15 16 17 19 21 29 30 32 34 35 47 60 62 66 67 76 77 84 85 88 91 97 100 101 105 111 117 121 128 134 137 154 170 173 180 186 189 194 198 222 227 235 236 238 245 252 257 278 283 285 287 294 297
66
2 4 5 9 16 18 25 27 31 34 35 36 39 41 47 48 53 55 65 71 73 75 80 81 82 96 99 106 110 116 118 121 130 136 142 143 154 156 162 167 169 173 178 187 197 199 207 212 213 219 241 246 251 255 256 257 261 268 271 275 278 286 288 291 296 300
53
1 7 12 14 24 27 28 34 47 53 54 57 58 69 87 90 91 96 97 103 106 108 121 132 137 143 145 148 149 152 163 165 172 173 175 176 187 206 208 233 236 239 243 247 265 266 267 273 276 282 293 294 296
67
5 22 24 26 38 39 43 56 57 58 67 68 70 71 79 81 87 92 97 101 109 110 111 116 117 121 125 128 133 136 137 142 144 145 150 152 162 163 164 173 179 188 190 194 200 206 211 213 226 227 228 233 239 243 244 245 246 250 254 257 260 261 270 287 292 295 297
54
5 6 7 11 15 30 34 38 43 50 54 61 64 74 76 85 90 97 100 106 108 112 118 135 139 154 159 163 177 195 199 200 209 212 222 227 237 238 241 242 245 249 253 256 263 275 277 282 286 292 294 296 297 299
57
25 26 40 42 44 45 46 47 50 70 76 79 85 89 91 92 99 100 112 115 119 120 121 125 127 130 131 132 134 148 151 154 161 163 173 175 182 192 202 205 206 216 221 236 254 255 268 269 270 277 281 282 285 287 291 295 298
57
6 8 22 23 35 38 41 43 44 46 62 64 68 74 75 84 88 95 96 100 105 114 115 127 135 137 138 139 144 148 149 156 157 167 176 187 194 197 199 204 213 214 215 224 227 229 238 242 243 252 267 275 284 291 293 296 299
54
1 5 6 11 19 26 42 44 45 55 58 60 64 67 69 75 78 82 94 96 117 134 138 147 148 150 155 162 167 172 178 183 203 208 214 215 216 218 226 230 239 241 253 260 261 264 265 270 272 275 283 295 297 299
48
6 8 9 16 28 32 43 46 47 52 62 85 100 101 102 113 119 122 123 130 132 144 150 157 160 168 174 176 180 183 202 212 215 217 219 224 227 233 237 241 259 261 265 270 273 293 294 298
60
7 13 25 26 28 38 39 49 50 52 56 60 63 66 69 75 80 90 91 99 106 115 121 124 128 135 138 141 155 158 166 170 172 174 177 198 200 207 220 223 224 226 228 246 249 253 255 257 263 267 269 271 276 281 286 291 292 295 296 299
74
17 18 19 26 32 35 38 46 50 52 54 55 56 57 58 59 62 72 77 78 81 82 89 91 94 99 105 111 117 123 126 132 133 135 136 140 142 153 154 157 163 166 169 170 171 178 181 184 197 199 206 213 226 229 230 233 234 235 237 240 245 249 252 253 258 260 261 275 278 281 282 292 295 296
62
4 11 15 17 23 30 39 42 47 52 54 55 56 57 61 72 73 79 81 84 93 95 105 107 111 118 121 135 142 144 145 146 147 148 170 182 195 198 212 218 220 221 226 229 231 233 235 239 243 244 246 248 270 272 274 279 288 289 290 293 295 297
46
5 22 27 35 38 49 53 55 57 75 84 85 99 100 106 110 112 128 129 130 133 137 139 140 141 146 151 158 191 204 209 217 224 229 238 240 241 253 254 255 258 264 270 275 293 300
65
1 5 13 15 21 23 25 26 29 32 35 38 40 45 59 62 64 66 71 80 87 90 93 96 98 101 107 110 114 115 121 124 127 128 129 130 150 156 168 179 188 190 200 202 210 220 221 222 226 227 230 233 238 239 245 250 255 257 258 270 276 283 287 288 289
53
3 7 9 27 30 31 44 47 50 68 71 72 77 79 94 101 102 119 123 125 128 139 141 142 147 150 156 160 163 176 183 191 202 203 205 207 221 222 223 229 230 234 246 254 260 262 272 277 281 282 286 292 294
63
1 2 3 8 10 15 24 27 39 40 43 48 51 54 55 61 74 77 95 102 106 110 112 115 116 125 127 136 139 140 143 148 162 180 186 188 189 191 195 198 199 203 204 209 210 216 221 222 235 243 245 247 250 254 255 265 268 274 284 285 286 290 294
72
6 19 27 29 30 38 47 48 49 50 51 57 61 68 70 72 74 77 79 82 86 88 90 96 101 105 107 111 118 120 130 134 136 137 153 154 155 167 168 170 171 172 173 178 179 180 183 185 187 189 191 193 195 218 239 242 243 246 248 258 262 263 265 266 268 269 274 279 292 297 299 300
59
21 32 33 41 44 46 55 56 59 60 65 69 78 79 83 86 98 108 110 118 120 131 138 141 142 143 150 153 156 158 159 164 170 173 176 179 181 185 190 197 207 211 217 229 231 234 242 243 251 267 269 275 280 283 290 292 294 297 299
57
7 10 11 12 21 26 30 31 36 38 40 46 51 60 61 67 73 77 81 83 85 91 93 95 97 98 99 107 128 139 148 167 171 174 175 184 189 195 196 211 213 214 222 226 227 241 246 252 255 256 262 270 273 281 282 286 300
67
9 13 14 18 19 20 23 32 40 46 47 49 53 65 69 70 73 75 76 79 82 83 84 85 93 94 95 101 107 109 112 115 116 119 125 132 133 136 140 153 157 158 170 185 187 195 202 213 217 232 233 235 237 238 239 245 247 250 265 274 276 280 282 286 289 292 297
61
1 3 7 14 27 30 36 40 46 54 56 60 62 64 67 77 79 86 98 103 104 115 127 140 144 149 153 157 165 167 173 177 178 180 184 189 193 199 202 214 216 222 224 227 228 237 240 243 253 255 256 257 264 266 271 272 280 285 286 287 295
54
1 11 15 27 29 41 47 65 66 74 75 87 97 99 100 101 113 116 123 127 142 147 148 154 157 159 163 172 177 189 192 194 195 197 206 212 213 217 227 228 229 231 234 239 240 242 248 251 269 284 286 288 289 294
62
9 10 16 21 22 28 30 35 36 39 42 45 47 50 57 59 68 74 75 87 89 91 93 101 106 107 117 119 123 131 139 142 143 146 152 157 160 166 167 175 181 184 187 194 196 199 204 206 219 223 225 231 233 250 253 257 263 268 277 279 285 290
72
6 7 8 10 18 21 26 29 30 32 33 34 47 48 51 53 54 56 59 65 67 68 72 82 83 95 101 104 105 113 117 120 129 132 137 141 149 152 157 163 167 170 173 178 181 184 190 192 194 204 208 211 212 216 221 227 233 240 243 246 249 252 255 261 266 270 272 273 285 292 298 300
69
1 2 3 7 9 11 20 28 29 33 44 49 50 65 66 76 77 78 81 82 83 84 87 91 97 98 100 103 106 110 113 117 118 119 133 137 139 141 147 149 151 164 169 177 185 191 193 200 202 204 209 214 225 231 244 247 248 254 260 261 262 263 268 271 277 282 285 288 294
53
4 9 23 37 38 42 57 74 78 79 82 84 87 94 97 99 100 103 107 108 118 122 130 133 142 151 154 159 168 170 171 185 188 189 190 192 193 194 201 207 212 216 220 233 234 238 257 266 281 291 292 293 296
69
6 8 9 11 12 13 21 24 25 38 39 43 47 51 52 53 54 60 67 74 80 90 91 95 97 99 103 104 114 115 128 131 132 134 138 144 148 155 156 160 169 174 175 176 178 181 187 193 196 206 212 215 218 220 221 223 232 239 241 242 247 252 253 254 256 259 273 280 297
67
3 7 9 16 20 21 27 29 32 33 42 45 50 51 54 55 61 62 63 66 67 68 72 80 93 100 109 110 120 123 126 127 129 132 133 135 137 140 145 154 155 157 172 174 179 181 184 186 193 204 209 210 214 216 228 233 238 240 267 274 277 283 284 285 286 298 299
57
4 15 16 33 34 36 43 46 57 67 68 69 86 88 90 94 112 117 124 128 133 139 151 153 159 167 171 179 180 181 182 183 184 194 195 198 201 203 205 207 225 226 230 235 244 257 259 260 269 270 271 276 278 285 289 292 295
64
1 13 14 15 20 36 38 39 40 45 49 50 55 62 63 72 79 83 88 89 94 100 101 102 105 107 116 127 129 131 137 142 146 147 150 153 155 164 168 177 189 191 199 200 203 204 207 211 217 222 224 226 230 237 239 241 245 254 255 257 269 287 291 294
59
4 7 8 17 22 26 28 29 41 52 56 58 63 68 71 73 76 85 89 99 102 105 109 119 126 128 130 133 135 137 144 146 149 153 155 161 170 193 198 206 215 216 221 225 227 228 232 233 237 240 256 259 261 262 273 277 280 295 300
66
4 7 8 10 16 32 48 60 71 79 80 82 89 90 100 103 106 110 116 133 136 137 143 144 148 154 155 157 160 163 170 172 177 182 184 185 186 187 188 189 193 195 204 208 214 216 225 229 233 236 244 249 253 261 262 267 268 270 275 276 278 279 280 284 289 298
63
1 5 10 11 22 28 36 38 41 42 45 46 51 60 65 67 70 73 75 77 83 85 94 100 113 118 121 124 130 132 139 144 147 156 163 171 179 190 191 194 199 210 212 219 220 225 231 235 238 242 244 254 255 261 263 266 267 272 280 285 289 295 300
51
7 8 16 18 26 35 38 39 42 52 54 59 60 62 66 70 82 91 94 100 104 109 111 119 127 133 138 141 146 151 155 163 170 171 174 180 182 189 190 193 207 211 230 240 243 247 257 264 276 285 290
54
4 7 8 12 26 37 46 57 64 65 66 68 70 77 83 89 90 91 100 103 106 109 121 125 129 133 139 149 150 151 154 162 165 167 171 175 176 179 199 200 206 208 216 222 228 233 238 246 253 255 258 268 276 293
54
9 11 14 23 31 32 33 40 47 48 52 54 62 66 72 74 81 84 86 89 92 95 97 129 139 143 146 149 154 166 169 180 186 193 197 214 217 218 219 220 226 230 234 235 244 248 254 255 260 278 287 295 296 300
63
1 3 6 14 20 21 28 31 34 41 49 53 57 58 61 64 66 69 72 73 77 87 88 91 95 96 98 102 113 116 122 142 143 150 157 160 169 181 183 184 190 196 198 203 210 224 225 226 229 242 247 255 261 267 268 278 279 284 285 289 293 296 298
61
2 14 24 28 36 40 45 48 58 65 68 72 80 81 83 87 88 89 92 94 98 101 102 103 117 118 120 127 137 142 156 159 166 174 177 182 184 186 197 201 205 211 216 218 219 223 227 230 237 241 245 261 273 277 278 281 283 285 289 290 296
64
5 13 14 19 23 25 26 45 52 54 66 67 74 75 88 113 114 116 125 131 135 139 143 150 151 152 153 159 160 162 165 166 170 174 177 184 190 199 203 205 214 215 219 221 223 239 242 243 250 251 256 258 259 260 264 265 282 283 284 286 287 288 298 299
60
3 6 18 20 32 35 40 44 45 51 64 68 70 72 75 81 82 102 107 112 117 119 120 121 123 126 129 137 152 155 159 160 162 163 165 176 188 199 200 217 220 221 227 231 238 243 254 255 258 259 260 266 269 270 274 276 277 282 284 299
53
3 7 9 31 45 47 52 56 61 63 65 72 73 91 95 98 100 107 112 114 115 118 119 135 139 144 152 158 167 169 187 196 201 206 207 213 214 223 226 234 246 251 257 263 264 267 270 275 276 283 284 288 291
59
2 3 12 14 16 17 18 23 27 33 34 36 37 45 60 61 67 74 80 81 91 97 104 117 122 125 127 131 133 142 148 157 159 164 171 172 173 175 187 199 203 208 209 212 214 222 225 227 234 240 249 254 258 265 275 278 281 286 290
67
2 10 12 19 21 22 23 24 28 31 35 42 43 46 49 60 61 63 64 66 74 75 76 86 88 91 103 106 113 118 124 133 141 146 156 158 159 166 192 195 200 206 212 217 220 226 228 232 234 236 238 246 252 253 254 256 262 264 266 267 273 276 277 278 285 294 299
67
3 4 17 22 24 27 34 37 40 43 54 62 63 65 66 72 75 80 85 89 92 94 101 104 109 112 121 122 125 129 131 136 137 139 141 146 149 161 175 176 179 181 185 194 197 200 203 210 215 219 231 234 235 237 238 241 249 265 270 276 277 284 287 288 289 298 299
56
4 9 35 47 51 57 58 60 61 82 83 86 97 108 116 122 125 130 134 137 142 146 149 151 164 169 171 174 176 177 178 179 184 191 197 198 202 210 217 218 221 223 232 234 240 241 243 252 256 257 264 266 270 287 291 300
64
1 7 12 14 15 17 18 20 22 24 41 42 47 54 56 60 63 87 89 93 95 105 111 113 117 120 147 149 152 160 165 169 174 176 180 184 194 196 197 203 207 210 215 217 225 240 241 244 249 255 259 260 261 273 274 277 279 288 290 291 294 295 296 298
62
5 15 20 22 28 46 54 57 62 64 68 69 71 73 74 75 82 85 87 102 107 109 113 125 126 127 131 140 144 153 159 162 164 167 168 170 178 192 193 198 199 204 205 206 212 215 224 227 228 230 233 250 262 270 271 273 285 286 291 292 295 298
59
5 12 14 17 30 44 45 46 56 61 72 73 74 89 105 108 111 115 117 122 124 131 134 140 141 142 144 148 156 163 168 170 173 177 180 194 201 207 208 210 216 217 220 221 222 228 242 243 247 250 262 263 264 274 281 283 288 290 297
66
2 13 16 18 20 24 32 34 36 46 62 68 69 71 72 78 80 82 87 94 103 121 122 134 135 141 142 144 145 150 153 155 158 162 165 166 168 170 179 185 186 192 206 207 208 214 221 236 239 242 247 248 249 250 251 254 256 269 272 281 282 283 287 289 292 294
59
1 5 6 7 17 18 20 23 25 35 36 39 41 42 46 49 50 58 68 79 84 85 91 93 109 115 116 121 136 151 159 163 176 185 190 192 195 197 200 201 203 207 210 217 234 241 253 256 257 260 280 283 286 288 290 291 294 296 299
50
6 7 11 17 20 22 32 40 43 44 47 50 66 67 72 74 88 93 94 95 98 101 109 110 120 128 130 150 153 157 161 166 167 175 176 183 197 215 217 222 226 230 234 239 240 246 260 261 287 296
56
3 11 12 17 18 22 52 55 56 57 58 61 62 63 78 85 90 102 122 128 130 131 135 141 153 163 165 166 167 168 175 176 177 180 185 204 205 206 211 212 213 216 229 231 234 239 240 242 245 248 257 260 267 279 293 299
70
5 8 9 12 14 23 28 37 49 51 54 55 57 63 65 74 75 88 91 95 96 101 103 105 106 114 122 123 130 131 132 135 136 138 142 144 148 151 154 157 165 167 168 171 175 176 178 179 181 182 183 187 189 200 201 211 223 229 234 239 242 245 252 256 268 275 280 283 284 288
52
15 25 26 34 37 43 44 48 50 56 59 60 73 98 113 116 122 124 130 136 139 147 150 152 153 156 158 169 172 173 176 182 194 195 208 216 218 226 233 237 241 243 244 250 265 272 275 278 280 287 293 294
65
12 27 29 30 32 37 39 43 46 55 56 59 63 74 78 80 86 92 99 102 106 107 108 118 120 126 128 135 139 152 154 158 160 162 177 186 191 196 199 200 207 208 210 212 215 216 219 223 224 225 239 242 243 244 256 259 265 271 276 278 282 285 289 295 300
49
2 3 9 15 18 21 42 43 44 57 58 66 73 74 78 83 88 93 94 97 100 106 121 133 162 169 175 178 182 184 188 190 194 209 213 229 234 235 241 242 255 259 265 275 278 284 288 293 295
66
3 15 26 32 34 37 38 44 47 55 61 68 70 78 79 85 86 94 100 101 107 110 111 114 115 119 122 133 137 142 145 149 152 155 156 164 169 177 196 200 201 202 213 214 215 221 229 235 238 241 244 252 253 256 263 264 265 266 269 284 287 288 291 292 293 296
68
6 7 10 12 13 16 21 22 24 37 42 46 56 58 62 64 67 68 74 75 82 90 91 97 101 103 107 114 122 124 125 134 141 144 145 147 149 151 155 156 159 165 179 183 184 188 193 195 202 207 209 222 223 225 228 232 233 247 253 262 265 270 276 277 290 291 295 297
58
2 6 13 17 26 37 38 39 44 45 52 60 63 71 76 78 80 83 85 91 96 101 102 106 111 115 122 125 130 146 155 159 165 183 184 188 189 190 194 196 197 206 225 236 242 243 255 257 262 268 269 273 275 280 282 289 295 297
60
10 15 25 28 33 35 44 54 59 61 66 75 89 91 98 101 106 112 115 122 124 128 130 131 135 137 148 153 172 175 181 182 183 199 203 204 206 209 213 219 227 230 237 239 240 242 245 247 248 249 258 263 266 267 278 279 280 283 287 293
65
4 10 16 25 34 39 46 49 58 64 67 73 87 90 93 95 98 99 101 102 111 118 127 142 144 145 146 149 150 154 159 175 179 187 191 199 201 206 208 215 218 224 231 236 238 239 242 245 246 247 250 254 265 267 269 274 276 282 285 290 292 293 294 296 298
40
1 6 19 20 23 25 35 58 60 64 65 72 78 86 97 98 100 108 113 116 120 131 140 142 172 182 191 196 198 210 223 233 241 252 258 262 268 281 292 293
57
3 6 13 19 25 30 31 40 41 46 49 54 59 62 64 69 70 71 75 76 82 95 112 116 118 121 129 130 133 139 151 155 165 180 186 189 197 199 201 203 207 210 214 221 235 239 240 249 256 257 260 269 279 281 288 291 293
70
4 7 19 20 21 29 32 33 35 41 43 52 54 57 62 66 69 71 75 77 80 86 93 100 105 110 120 123 124 134 139 143 145 151 154 162 163 164 166 174 181 184 186 188 189 190 191 193 196 197 203 204 206 212 218 220 228 232 235 237 249 252 255 262 263 266 268 269 272 292
55
4 8 10 24 28 36 41 51 64 66 73 79 81 85 90 96 99 103 106 109 113 114 127 133 135 138 146 149 150 153 156 157 158 167 172 179 181 197 209 215 227 228 230 234 238 245 247 257 267 275 276 281 285 287 288
52
9 14 21 22 28 34 41 51 58 68 73 76 92 94 100 102 111 112 113 114 123 126 131 133 135 136 141 176 178 181 182 196 199 202 225 226 228 232 238 243 245 246 252 255 263 265 266 267 282 283 292 297
60
3 10 12 13 16 17 21 33 34 36 39 40 41 44 55 63 64 83 84 85 86 89 96 98 99 101 108 122 135 137 147 148 153 156 159 181 183 186 188 189 192 193 204 207 214 218 222 224 227 230 233 247 248 249 259 265 277 293 297 300
60
3 7 9 13 22 24 33 55 57 60 63 68 69 75 76 79 80 87 89 92 99 105 106 108 113 115 116 120 124 127 132 144 155 159 163 168 172 174 179 182 198 202 203 207 212 213 216 226 229 240 242 259 264 267 269 270 273 276 277 298
67
5 17 26 37 42 45 50 59 60 65 66 68 70 72 74 92 95 101 103 113 115 125 129 130 135 136 140 142 144 148 156 160 162 163 164 168 169 171 175 177 185 187 197 199 201 205 211 212 219 228 235 238 243 246 247 249 250 251 256 257 258 272 275 289 290 291 297
