50 100
1.0 1.0 1.0 1.0 1.0 1.0 1.0 1.0 1.0 1.0 1.0 1.0 1.0 1.0 1.0 1.0 1.0 1.0 1.0 1.0 1.0 1.0 1.0 1.0 1.0 1.0 1.0 1.0 1.0 1.0 1.0 1.0 1.0 1.0 1.0 1.0 1.0 1.0 1.0 1.0 1.0 1.0 1.0 1.0 1.0 1.0 1.0 1.0 1.0 1.0 1.0 1.0 1.0 1.0 1.0 1.0 1.0 1.0 1.0 1.0 1.0 1.0 1.0 1.0 1.0 1.0 1.0 1.0 1.0 1.0 1.0 1.0 1.0 1.0 1.0 1.0 1.0 1.0 1.0 1.0 1.0 1.0 1.0 1.0 1.0 1.0 1.0 1.0 1.0 1.0 1.0 1.0 1.0 1.0 1.0 1.0 1.0 1.0 1.0 1.0
19
8 15 16 24 26 36 40 45 48 49 55 60 62 65 66 82 87 90 100
15
2 3 5 9 16 23 26 30 35 36 40 55 57 63 92
9
6 14 38 39 68 82 83 89 93
10
6 11 15 17 45 62 63 68 85 90
8
3 13 39 41 63 76 79 83
10
7 8 18 26 38 45 49 54 89 94
12
7 10 14 31 38 43 65 69 73 75 77 98
8
22 28 51 56 61 80 93 98
9
21 27 34 45 57 72 75 82 96
12
3 4 17 43 45 48 53 60 74 77 83 96
10
26 30 33 35 36 41 44 60 70 98
6
26 40 43 66 73 75
12
22 27 30 34 53 61 72 73 74 76 90 93
5
9 19 20 41 51
12
5 10 35 39 40 41 66 71 74 75 88 94
13
1 9 24 25 30 40 45 53 64 78 82 99 100
13
5 9 13 22 29 30 31 43 45 66 75 87 96
15
1 16 18 20 27 37 62 71 72 73 75 76 78 94 97
8
6 18 45 56 58 78 89 100
15
8 10 16 17 18 20 36 40 44 50 63 68 73 83 98
13
1 11 15 28 34 53 60 65 69 70 81 87 95
11
1 4 20 24 26 34 50 58 63 65 78
9
2 8 19 21 42 60 66 78 89
5
33 42 53 61 90
8
12 37 38 60 70 89 92 93
19
3 4 8 11 16 18 19 30 41 49 53 60 62 63 68 79 81 88 98
11
2 6 10 36 59 75 80 83 90 93 96
9
25 40 68 75 76 77 81 96 99
14
3 7 15 23 36 48 51 56 60 61 70 71 83 98
6
25 54 60 61 86 100
5
15 35 39 83 92
12
3 5 6 32 33 51 62 64 76 78 82 93
19
16 21 23 27 31 37 44 45 51 54 58 62 63 66 67 71 78 91 98
7
25 30 38 71 82 92 97
12
14 18 22 23 28 41 49 59 69 77 82 90
8
33 35 58 60 67 69 71 85
6
17 19 29 51 59 60
10
24 35 39 45 48 54 59 64 67 79
9
4 25 26 31 49 62 69 74 78
12
8 9 30 33 44 56 64 73 81 89 91 95
13
3 5 17 27 33 39 60 64 65 66 85 88 96
11
17 29 34 40 45 54 58 60 61 67 89
16
17 19 23 26 27 28 33 38 52 64 72 82 84 88 93 95
12
4 5 8 31 37 47 57 59 89 90 93 98
10
6 26 27 40 47 49 61 62 71 92
15
2 9 10 13 21 25 29 32 34 38 55 56 75 83 89
8
7 8 15 45 69 76 90 92
8
15 17 24 46 47 65 86 90
4
40 52 69 81
9
14 19 21 23 33 48 55 86 98
