50 100
1.0 1.0 1.0 1.0 1.0 1.0 1.0 1.0 1.0 1.0 1.0 1.0 1.0 1.0 1.0 1.0 1.0 1.0 1.0 1.0 1.0 1.0 1.0 1.0 1.0 1.0 1.0 1.0 1.0 1.0 1.0 1.0 1.0 1.0 1.0 1.0 1.0 1.0 1.0 1.0 1.0 1.0 1.0 1.0 1.0 1.0 1.0 1.0 1.0 1.0 1.0 1.0 1.0 1.0 1.0 1.0 1.0 1.0 1.0 1.0 1.0 1.0 1.0 1.0 1.0 1.0 1.0 1.0 1.0 1.0 1.0 1.0 1.0 1.0 1.0 1.0 1.0 1.0 1.0 1.0 1.0 1.0 1.0 1.0 1.0 1.0 1.0 1.0 1.0 1.0 1.0 1.0 1.0 1.0 1.0 1.0 1.0 1.0 1.0 1.0
19
10 14 20 26 27 37 38 46 54 62 67 72 74 82 83 85 91 92 93
23
3 9 12 15 16 24 30 34 36 41 43 49 54 57 59 65 66 70 74 75 76 79 88
18
2 5 13 17 24 30 31 36 43 45 53 60 62 65 80 89 92 95
17
4 5 13 15 21 24 28 35 41 45 47 53 64 74 77 80 99
22
1 2 7 8 10 15 30 37 39 46 47 48 55 65 66 70 73 74 75 78 90 92
18
12 14 15 19 20 33 35 36 37 40 45 50 52 56 57 68 74 96
16
8 11 16 19 30 31 34 38 42 47 63 66 70 72 81 89
25
4 8 9 16 27 28 32 35 41 42 47 52 55 56 60 68 72 73 79 80 85 94 95 99 100
15
2 15 19 23 25 45 52 65 75 80 83 86 88 89 96
19
1 2 4 11 19 36 37 39 41 56 60 62 74 78 80 84 90 93 98
21
3 5 13 20 22 31 34 42 46 48 55 58 59 68 69 73 78 81 88 90 91
14
12 14 15 21 26 43 47 51 54 60 68 72 79 90
27
8 9 10 13 14 17 20 21 22 23 28 31 34 36 37 38 39 43 57 58 61 62 64 65 68 77 78
15
6 8 29 41 47 50 55 56 68 72 73 79 80 85 87
22
3 4 15 20 23 28 29 39 43 44 54 58 60 63 72 77 78 79 83 86 94 99
23
19 20 21 23 24 26 27 28 29 35 37 46 52 61 71 73 77 78 81 87 89 90 93
14
21 26 27 28 32 33 40 59 67 68 85 86 87 92
18
3 7 23 24 25 26 38 46 48 50 58 59 60 64 69 70 77 83
20
7 10 14 17 24 25 28 32 49 50 55 56 60 64 67 76 85 86 87 99
22
1 5 12 13 14 25 26 29 32 34 36 38 42 49 51 57 71 75 82 89 90 95
19
3 4 12 17 20 21 29 33 36 38 41 49 53 56 61 68 77 79 92
22
1 2 8 9 11 12 16 17 24 27 28 31 32 33 35 39 53 56 63 89 92 96
14
5 20 23 36 37 49 50 57 70 71 77 89 94 99
16
4 6 14 15 23 24 25 29 49 53 56 64 65 78 87 91
20
6 15 16 19 21 22 24 31 34 35 36 38 49 66 69 74 77 85 96 99
16
7 9 12 14 27 28 30 36 48 60 62 68 82 83 88 98
17
3 4 5 18 20 21 22 32 51 57 63 65 69 76 83 92 99
17
4 7 17 24 27 32 38 43 52 59 62 75 77 81 85 86 88
14
8 12 18 20 21 24 25 34 38 45 64 76 79 91
25
3 5 9 16 19 20 23 25 27 28 34 45 49 54 55 58 66 68 75 79 80 83 87 88 91
24
1 3 4 21 22 25 28 29 31 35 38 40 44 48 57 68 71 76 85 87 90 92 94 100
15
15 23 29 30 31 37 61 62 63 73 87 92 94 97 99
17
4 15 17 20 30 34 46 49 51 53 55 59 76 83 89 91 94
26
1 6 8 9 14 16 21 25 27 28 44 45 46 49 57 61 64 66 67 69 75 77 78 80 85 96
17
2 14 21 23 27 30 36 39 54 59 67 77 78 82 85 88 97
17
10 12 17 20 21 29 48 50 64 77 78 80 84 86 89 94 98
22
6 11 12 22 25 36 38 40 47 50 55 57 59 60 65 69 75 77 80 87 94 97
18
2 6 30 31 32 34 36 39 41 48 58 75 77 79 81 91 96 99
20
13 14 18 22 23 25 26 28 31 35 36 37 44 51 52 65 74 80 82 84
13
2 13 22 33 55 60 63 75 77 78 79 87 100
21
12 17 19 23 28 32 36 37 39 40 44 57 59 60 62 71 72 80 88 96 99
16
2 5 6 8 11 13 18 19 42 48 64 68 86 89 93 96
21
2 3 5 14 16 17 23 30 35 36 38 46 53 56 61 62 69 76 84 94 96
23
2 15 21 25 29 35 36 40 44 46 50 53 57 62 66 71 77 85 89 91 95 96 100
23
5 8 10 11 18 24 30 37 45 46 50 51 57 59 62 64 69 70 73 88 90 92 96
22
4 11 13 14 15 25 31 35 40 44 51 54 59 60 79 82 86 88 91 93 97 99
24
10 14 21 24 30 38 41 47 58 62 63 65 70 71 75 78 79 81 82 85 89 90 93 98
26
2 3 5 7 8 11 21 22 24 25 27 28 32 36 44 50 52 55 60 67 70 73 77 80 85 95
14
6 9 15 27 30 36 39 49 57 67 78 92 97 99
21
3 4 15 24 25 26 30 34 35 37 44 50 54 66 67 71 75 77 78 83 86
