100 200
1.0 1.0 1.0 1.0 1.0 1.0 1.0 1.0 1.0 1.0 1.0 1.0 1.0 1.0 1.0 1.0 1.0 1.0 1.0 1.0 1.0 1.0 1.0 1.0 1.0 1.0 1.0 1.0 1.0 1.0 1.0 1.0 1.0 1.0 1.0 1.0 1.0 1.0 1.0 1.0 1.0 1.0 1.0 1.0 1.0 1.0 1.0 1.0 1.0 1.0 1.0 1.0 1.0 1.0 1.0 1.0 1.0 1.0 1.0 1.0 1.0 1.0 1.0 1.0 1.0 1.0 1.0 1.0 1.0 1.0 1.0 1.0 1.0 1.0 1.0 1.0 1.0 1.0 1.0 1.0 1.0 1.0 1.0 1.0 1.0 1.0 1.0 1.0 1.0 1.0 1.0 1.0 1.0 1.0 1.0 1.0 1.0 1.0 1.0 1.0 1.0 1.0 1.0 1.0 1.0 1.0 1.0 1.0 1.0 1.0 1.0 1.0 1.0 1.0 1.0 1.0 1.0 1.0 1.0 1.0 1.0 1.0 1.0 1.0 1.0 1.0 1.0 1.0 1.0 1.0 1.0 1.0 1.0 1.0 1.0 1.0 1.0 1.0 1.0 1.0 1.0 1.0 1.0 1.0 1.0 1.0 1.0 1.0 1.0 1.0 1.0 1.0 1.0 1.0 1.0 1.0 1.0 1.0 1.0 1.0 1.0 1.0 1.0 1.0 1.0 1.0 1.0 1.0 1.0 1.0 1.0 1.0 1.0 1.0 1.0 1.0 1.0 1.0 1.0 1.0 1.0 1.0 1.0 1.0 1.0 1.0 1.0 1.0 1.0 1.0 1.0 1.0 1.0 1.0 1.0 1.0 1.0 1.0 1.0 1.0
15
5 13 20 21 23 31 42 68 70 101 105 111 149 168 199
24
10 21 23 25 42 45 46 47 53 85 89 94 96 110 116 130 144 150 156 162 166 172 186 198
15
2 8 11 36 95 117 125 131 159 160 165 191 197 198 199
19
35 37 46 51 53 109 121 122 136 137 140 148 152 162 163 172 179 180 181
21
5 8 10 17 24 26 31 39 44 62 69 75 133 134 135 148 151 178 180 198 200
17
1 4 7 9 16 18 50 58 60 70 75 106 152 163 175 179 183
19
5 9 11 18 31 46 47 54 74 92 104 109 114 116 117 129 149 187 190
18
10 14 26 29 37 45 46 61 67 91 97 104 106 130 151 170 176 180
23
18 30 41 45 50 59 67 84 90 104 122 126 128 135 142 160 167 176 182 183 190 195 198
20
4 5 11 30 52 59 68 78 89 94 107 113 122 127 138 141 167 174 176 183
15
1 17 33 39 43 47 52 62 92 96 136 166 167 179 185
21
19 41 56 58 60 65 70 74 80 87 101 104 108 135 159 174 187 190 191 194 199
20
12 24 25 28 38 41 52 60 78 111 114 119 142 145 146 154 162 168 170 190
23
2 5 10 19 29 33 37 46 66 68 83 86 90 92 108 115 126 138 148 152 156 191 195
19
1 4 9 16 17 18 22 35 40 43 47 50 56 67 115 125 138 165 167
15
22 24 40 46 55 60 94 96 98 110 140 163 172 180 185
19
6 10 15 35 51 63 76 94 107 123 131 146 154 155 160 169 175 186 195
20
10 17 18 36 56 69 70 73 76 78 81 106 107 112 114 125 155 160 198 200
22
17 27 43 66 69 70 72 82 84 86 90 107 112 122 127 131 141 149 154 159 161 176
26
13 22 27 28 32 45 67 72 77 78 105 106 111 120 127 130 131 136 152 153 160 182 186 187 193 196
24
1 21 25 26 32 43 49 68 72 77 90 113 124 134 140 145 163 168 170 179 186 190 195 196
14
18 29 43 71 81 110 114 125 129 142 154 155 176 199
14
6 60 62 65 93 107 139 140 149 166 171 176 179 193
23
11 13 16 18 22 33 40 49 51 66 79 82 83 102 115 124 132 147 149 150 166 184 185
18
13 17 25 49 59 72 78 84 99 103 107 108 141 179 181 183 186 200
12
2 15 16 34 48 70 108 112 133 144 158 182
12
8 40 47 73 91 98 119 138 155 160 166 169
15
15 16 29 39 50 51 62 74 94 107 118 120 128 160 195
16
54 67 73 91 102 106 118 120 123 129 137 155 162 176 187 191
18
17 18 24 40 44 51 55 66 76 101 124 141 149 156 165 171 187 196
21
5 14 15 31 33 43 52 53 54 59 82 113 119 120 125 127 129 133 144 153 169
24
8 12 18 30 37 45 60 72 78 79 88 110 120 133 155 156 161 163 167 169 170 179 183 195
17
8 10 14 19 25 26 35 61 64 71 80 110 115 131 136 155 191
15
1 5 12 50 52 74 93 99 123 132 133 139 145 146 161
19
7 51 62 73 77 89 95 108 112 122 126 135 139 165 181 183 184 186 197
23
2 3 9 12 18 27 28 31 54 56 72 77 78 114 118 121 123 135 137 153 169 172 198
21
9 15 47 56 80 96 98 119 125 131 135 138 143 156 159 163 169 173 178 189 200
16
7 17 22 24 27 42 45 46 55 57 69 98 111 137 149 154
23
24 35 38 39 52 64 69 93 131 143 152 155 167 169 170 178 181 182 187 188 192 195 200
23
1 19 22 23 24 38 41 45 53 56 67 71 85 120 121 128 178 179 185 190 192 194 197
25
15 23 24 31 38 39 40 41 45 47 56 59 67 119 122 130 133 157 158 159 160 168 175 177 182
24
5 23 30 35 44 56 64 68 87 94 100 106 113 114 118 132 151 152 154 156 164 181 185 188
16
17 47 50 89 99 100 113 114 119 121 152 163 167 184 188 191
15
2 19 28 53 54 79 84 88 98 113 123 128 141 146 181
14
1 30 48 52 83 84 91 92 96 126 130 141 151 188
18
5 17 21 27 29 40 47 60 67 77 85 86 87 93 106 149 160 179
16
14 38 71 77 89 92 99 104 111 112 116 122 149 153 175 200
20
8 13 16 29 32 43 53 68 69 93 98 103 116 138 145 156 164 190 192 193
23
2 11 14 16 25 35 43 50 51 79 96 97 105 110 116 136 142 146 148 158 162 187 191
21
6 10 14 21 29 32 40 44 48 101 106 113 114 134 137 145 153 158 161 165 188
22
1 15 18 68 70 71 84 86 90 121 134 135 138 144 154 162 167 170 172 180 187 190
19
3 23 26 43 55 77 78 94 98 122 128 149 152 156 164 165 176 178 189
22
3 6 10 13 18 19 21 43 55 78 79 89 107 114 119 136 143 154 158 172 176 191
20
4 7 17 23 26 44 49 61 69 115 119 121 123 128 135 138 146 158 179 197
13
29 31 62 114 115 119 125 151 155 165 181 183 191
18
42 44 61 69 85 96 110 120 123 133 159 166 169 173 187 188 192 199
24
18 20 47 50 53 62 69 77 91 93 97 98 111 122 127 131 140 155 176 177 183 189 192 195
30
6 13 14 16 40 41 46 50 63 70 71 73 74 90 103 111 112 131 133 147 153 154 159 160 161 179 184 187 192 196
18
3 23 30 33 36 40 44 59 67 104 111 133 152 166 169 178 193 200
25
2 10 12 33 40 44 45 53 57 59 61 62 66 70 79 86 89 98 101 103 117 121 126 159 167
27
14 18 35 36 51 57 63 68 73 83 90 92 95 96 101 103 105 113 115 132 135 137 138 141 179 183 187
18
1 13 21 54 73 81 93 96 110 114 116 139 167 172 179 192 195 198
23
5 10 30 44 51 52 60 67 81 87 100 108 110 117 122 139 143 155 179 180 181 193 199
18
1 22 33 34 44 51 61 64 74 82 87 98 108 110 111 112 117 179
13
17 29 34 43 49 61 63 100 125 141 175 184 192
23
9 13 16 26 30 51 56 63 69 72 83 98 100 111 115 157 172 174 175 188 190 193 198
17
1 4 26 41 49 55 70 73 86 102 109 111 117 119 152 173 196
19
14 31 32 39 42 55 58 60 70 82 102 119 122 127 144 169 173 190 194
15
11 24 53 65 67 70 86 89 101 102 107 135 146 150 157
20
9 18 23 26 46 50 63 75 79 84 100 110 126 128 131 144 147 177 184 192
19
1 2 10 12 35 40 65 74 79 86 103 105 108 113 131 142 167 191 199
21
3 9 10 15 19 30 35 86 96 99 106 109 132 136 138 146 158 169 172 192 200
22
12 13 20 22 23 28 57 73 77 86 88 96 101 106 122 124 126 139 145 152 180 199
17
26 28 33 43 51 62 69 73 100 104 118 122 138 165 173 175 198
22
31 34 53 58 60 69 70 78 79 84 93 113 118 124 132 135 146 158 160 169 181 196
11
5 22 28 49 62 90 108 110 123 128 175
22
2 5 17 29 42 43 48 51 52 54 85 105 116 121 136 139 152 156 185 189 194 195
20
3 21 23 32 33 67 72 84 88 93 98 99 101 104 113 153 160 165 167 193
21
13 16 23 34 42 43 45 47 55 59 79 83 90 107 108 114 117 144 175 185 197
20
2 15 16 34 41 45 50 51 61 84 96 101 103 104 108 112 117 123 130 159
17
17 29 45 52 61 68 74 88 94 97 106 111 118 126 128 138 182
15
20 33 47 52 61 82 84 86 96 119 146 150 157 163 186
22
7 13 15 26 28 33 50 57 72 74 77 82 88 95 99 103 120 122 132 137 140 176
26
10 14 36 39 42 43 48 54 58 64 66 74 100 105 123 127 136 139 142 149 166 168 170 175 196 197
14
5 7 11 22 29 38 42 45 83 141 149 156 159 193
15
2 10 30 39 48 65 84 94 100 115 153 165 171 186 187
18
11 18 21 67 68 71 80 81 110 130 131 145 147 161 172 184 186 195
21
7 12 38 58 68 70 95 103 108 115 116 124 131 136 155 165 166 180 186 195 196
28
7 8 17 24 26 29 42 45 58 59 70 71 74 78 83 86 89 94 112 128 129 130 146 153 182 186 194 196
28
4 18 19 31 33 38 43 49 50 51 97 102 104 115 119 128 132 133 135 156 157 159 167 176 177 187 189 190
20
20 24 37 46 48 55 57 72 76 84 88 91 97 99 114 120 148 175 182 189
16
24 55 56 58 69 85 94 112 118 130 143 149 150 158 161 193
15
41 78 84 87 109 113 117 124 131 137 139 163 169 173 190
19
1 3 24 33 37 39 41 56 59 61 65 82 120 121 155 163 170 187 194
15
15 21 24 37 66 68 70 73 74 103 107 157 179 190 194
25
6 10 24 28 35 40 51 66 67 76 87 89 91 108 114 122 140 144 146 149 154 179 183 188 198
18
4 24 35 39 53 56 63 71 91 95 98 120 133 162 164 171 186 196
23
25 29 62 71 85 89 93 98 117 118 119 138 141 147 149 155 157 163 180 181 187 190 194
18
3 7 20 22 45 54 67 70 75 92 94 96 104 117 144 145 148 169
18
9 15 30 32 50 73 115 124 139 146 149 152 153 160 172 178 194 195
