100 200
1.0 1.0 1.0 1.0 1.0 1.0 1.0 1.0 1.0 1.0 1.0 1.0 1.0 1.0 1.0 1.0 1.0 1.0 1.0 1.0 1.0 1.0 1.0 1.0 1.0 1.0 1.0 1.0 1.0 1.0 1.0 1.0 1.0 1.0 1.0 1.0 1.0 1.0 1.0 1.0 1.0 1.0 1.0 1.0 1.0 1.0 1.0 1.0 1.0 1.0 1.0 1.0 1.0 1.0 1.0 1.0 1.0 1.0 1.0 1.0 1.0 1.0 1.0 1.0 1.0 1.0 1.0 1.0 1.0 1.0 1.0 1.0 1.0 1.0 1.0 1.0 1.0 1.0 1.0 1.0 1.0 1.0 1.0 1.0 1.0 1.0 1.0 1.0 1.0 1.0 1.0 1.0 1.0 1.0 1.0 1.0 1.0 1.0 1.0 1.0 1.0 1.0 1.0 1.0 1.0 1.0 1.0 1.0 1.0 1.0 1.0 1.0 1.0 1.0 1.0 1.0 1.0 1.0 1.0 1.0 1.0 1.0 1.0 1.0 1.0 1.0 1.0 1.0 1.0 1.0 1.0 1.0 1.0 1.0 1.0 1.0 1.0 1.0 1.0 1.0 1.0 1.0 1.0 1.0 1.0 1.0 1.0 1.0 1.0 1.0 1.0 1.0 1.0 1.0 1.0 1.0 1.0 1.0 1.0 1.0 1.0 1.0 1.0 1.0 1.0 1.0 1.0 1.0 1.0 1.0 1.0 1.0 1.0 1.0 1.0 1.0 1.0 1.0 1.0 1.0 1.0 1.0 1.0 1.0 1.0 1.0 1.0 1.0 1.0 1.0 1.0 1.0 1.0 1.0 1.0 1.0 1.0 1.0 1.0 1.0
20
10 33 36 38 64 76 78 82 87 96 109 120 128 151 159 166 171 184 188 195
19
4 8 19 20 69 70 103 113 119 123 125 129 135 146 147 162 179 183 187
16
1 6 8 15 35 64 74 78 84 90 100 126 140 141 172 181
20
18 21 35 46 52 58 61 62 82 90 91 95 99 128 133 162 172 177 184 188
18
6 14 16 29 31 32 38 39 43 49 70 88 102 138 158 170 189 191
21
15 18 22 39 45 55 67 68 73 80 97 107 109 114 122 158 170 173 178 192 200
18
2 6 9 28 50 55 69 78 85 93 98 102 110 114 121 122 140 159
26
10 24 29 41 69 80 82 86 98 102 109 118 123 134 136 138 142 150 154 155 161 162 168 186 194 200
17
7 22 25 35 57 60 76 82 91 99 107 118 168 171 172 175 185
17
7 18 34 77 96 103 119 126 134 141 147 152 168 171 178 179 198
23
18 19 25 35 49 50 66 84 85 93 105 107 126 143 144 162 166 171 181 188 192 193 198
16
9 14 38 48 53 73 84 107 109 130 141 142 159 178 179 181
21
13 14 17 44 57 62 80 103 105 109 114 118 119 124 130 147 177 178 184 190 197
19
17 18 30 40 57 62 71 74 77 111 119 138 141 163 165 167 176 189 193
20
11 14 26 28 38 39 40 41 46 49 50 64 77 84 98 103 154 155 187 193
14
14 20 46 86 93 102 107 120 130 137 144 154 166 198
20
6 7 16 22 24 50 63 66 99 102 104 109 141 145 148 153 164 173 178 190
24
5 23 30 45 48 50 54 56 81 96 98 106 120 128 140 143 160 164 167 169 170 182 196 197
13
15 48 51 58 66 85 91 105 154 171 188 198 200
10
1 4 28 52 62 63 104 114 175 198
22
3 13 16 27 28 31 39 48 50 51 74 83 103 121 130 135 165 174 177 179 192 193
21
5 34 37 42 51 68 77 89 94 95 104 152 167 173 180 182 189 192 193 195 200
23
7 8 30 36 40 51 69 97 98 99 100 111 136 139 145 156 157 159 177 181 194 197 199
23
8 11 12 16 26 31 36 45 52 59 70 71 82 83 102 119 134 135 171 176 178 186 197
20
3 7 24 25 27 29 33 67 80 86 90 95 118 122 142 149 151 154 164 186
13
39 46 83 89 96 116 122 125 151 156 174 183 198
18
14 23 35 42 48 82 86 99 108 125 130 133 137 140 162 176 178 198
21
7 21 31 36 48 57 58 61 63 76 77 78 79 90 95 96 125 131 165 186 195
16
20 42 45 49 50 53 68 75 90 105 109 113 126 142 178 188
19
39 49 59 61 63 73 77 85 97 120 125 131 137 142 151 165 173 188 200
16
11 20 25 29 33 57 114 116 121 147 161 175 186 187 189 193
26
6 16 17 19 38 57 59 69 70 76 77 79 82 106 110 121 125 128 140 144 147 152 166 188 193 200
18
15 24 48 50 56 63 92 93 100 101 102 103 137 144 157 158 174 194
15
14 31 44 48 77 105 107 138 162 180 187 189 190 195 197
18
8 9 17 18 23 39 44 69 77 88 97 131 145 146 148 169 170 184
12
10 27 31 33 46 48 63 87 118 129 135 180
29
5 7 18 20 22 29 31 41 72 76 77 78 83 92 93 99 100 101 115 128 134 135 140 153 155 167 173 179 188
18
17 20 52 77 92 94 108 111 120 121 122 126 136 153 154 165 191 198
24
4 18 29 36 42 44 50 56 83 98 107 109 112 117 132 133 138 145 155 161 173 184 187 195
24
5 10 26 27 46 53 57 61 71 94 109 128 144 148 149 150 156 166 173 174 177 179 186 189
25
6 7 25 35 48 70 75 79 91 97 107 113 126 133 135 142 144 145 153 154 158 159 174 182 184
17
23 34 42 47 53 74 78 89 123 126 137 144 145 146 167 173 185
18
10 29 31 51 54 79 82 107 108 112 123 124 139 141 142 158 187 188
17
9 14 54 55 59 62 93 109 110 112 119 150 153 162 165 166 171
18
35 45 83 86 93 95 101 114 135 137 142 151 153 162 164 166 175 182
18
7 17 22 49 57 59 69 74 87 88 92 97 126 133 167 186 192 196
27
12 14 17 26 40 45 49 51 69 73 91 101 107 111 116 122 125 132 146 149 159 161 165 176 177 181 183
17
4 17 19 22 26 31 46 68 88 103 110 130 134 164 183 191 194
22
12 34 42 64 72 80 87 90 101 133 137 145 149 155 161 163 164 176 188 189 191 195
16
13 17 20 24 28 56 78 91 98 116 120 121 150 153 167 200
23
2 6 16 28 31 33 35 46 48 55 57 60 61 84 97 102 109 137 147 157 161 163 198
27
4 11 14 18 27 34 35 48 53 56 59 64 66 67 73 78 90 118 123 129 137 138 153 154 155 190 200
16
26 32 34 35 47 74 75 112 114 124 127 149 161 165 181 185
12
5 30 36 66 72 77 124 159 176 181 198 200
15
19 21 23 35 42 75 85 112 117 119 127 129 158 167 171
24
9 16 20 66 74 80 90 107 114 115 120 126 136 142 150 157 160 167 169 171 191 192 195 196
16
3 10 21 23 35 40 45 64 78 87 88 120 145 148 178 199
24
2 6 12 18 25 30 42 60 70 88 100 102 116 129 139 142 159 164 167 170 179 184 195 198
17
7 10 12 34 38 56 58 77 89 95 130 155 158 159 171 176 180
18
21 26 31 41 83 86 100 104 114 133 138 143 145 151 158 182 184 191
17
10 17 21 55 59 60 86 93 124 129 139 166 170 171 193 194 195
12
6 11 72 85 96 112 122 125 145 154 160 166
21
29 32 36 40 53 68 70 81 82 98 99 117 119 131 159 166 167 168 176 183 188
20
17 21 24 31 49 53 57 62 68 83 91 94 98 137 140 142 151 153 163 176
22
7 14 31 33 54 74 87 90 92 101 103 111 123 130 150 164 166 172 174 179 187 197
16
38 44 46 55 63 89 93 97 99 116 119 121 122 129 143 178
15
14 17 23 32 58 68 78 88 95 121 122 131 160 169 187
19
1 11 13 37 40 53 78 81 94 112 120 129 131 145 161 170 191 197 198
17
2 6 7 16 17 19 23 31 47 79 118 123 128 137 159 180 188
18
2 22 30 45 54 63 95 101 106 108 111 118 150 155 165 172 177 188
15
3 16 31 43 64 88 89 108 113 158 159 175 185 195 199
26
8 9 16 49 50 58 64 66 85 97 98 104 109 115 120 123 127 139 145 149 152 162 168 180 182 191
21
3 30 49 60 61 95 98 106 110 116 122 130 132 160 163 175 176 183 184 188 191
13
42 53 56 63 75 82 94 111 128 146 158 169 178
20
12 14 39 54 71 76 84 88 116 117 118 120 126 127 133 134 146 154 159 185
21
15 16 23 25 45 63 74 81 97 100 112 113 126 133 155 156 163 164 170 179 185
12
1 5 19 37 40 50 57 106 125 127 160 173
20
21 22 23 27 36 63 68 69 74 75 101 116 142 151 153 160 175 180 190 198
17
19 26 41 42 59 69 81 94 98 108 117 127 133 156 182 187 192
27
4 7 16 28 36 49 53 55 59 72 75 81 83 87 88 96 102 127 141 148 154 160 163 171 173 191 193
20
8 12 30 40 68 79 87 91 92 94 98 114 134 137 138 150 167 173 188 194
26
2 3 5 8 14 17 24 44 53 57 69 70 77 81 93 98 100 103 116 124 126 161 165 183 186 188
15
10 13 23 41 54 74 75 87 91 94 102 122 151 157 176
19
5 6 16 21 48 56 63 73 84 86 101 106 126 132 140 141 160 190 193
19
11 13 38 39 48 60 75 84 99 115 129 140 145 146 180 184 185 188 194
22
2 3 4 5 31 32 40 50 58 59 68 69 76 78 81 89 118 132 148 180 199 200
24
3 10 22 28 33 34 41 62 69 72 74 97 98 101 109 110 133 138 142 156 175 178 188 193
21
2 4 6 15 17 19 30 38 42 48 50 68 73 80 97 121 125 138 142 152 174
16
17 22 59 61 78 89 100 101 105 118 120 127 178 181 187 191
15
26 48 77 85 87 112 121 132 134 138 151 153 184 186 194
18
6 9 12 28 63 70 74 91 103 110 132 156 164 172 180 191 192 197
19
4 10 15 19 23 26 78 96 98 100 113 123 128 137 144 148 177 178 179
21
17 24 26 27 30 39 44 56 71 72 95 102 124 140 141 147 148 155 168 170 172
16
12 13 54 57 60 96 123 135 137 140 159 160 167 168 177 197
23
19 33 38 41 52 67 73 80 96 98 118 124 133 140 147 155 158 167 170 181 183 186 192
15
3 20 24 40 42 92 95 99 102 103 114 164 169 175 180
15
6 16 46 53 54 69 87 91 98 103 111 145 147 167 185
18
8 16 19 20 33 40 48 50 57 62 113 116 135 153 158 162 192 194
20
1 11 15 37 41 82 85 89 104 112 121 122 124 141 149 158 166 190 193 194
20
2 9 43 52 58 60 69 71 79 97 104 118 128 139 146 153 157 160 172 188
