50 100
1.0 1.0 1.0 1.0 1.0 1.0 1.0 1.0 1.0 1.0 1.0 1.0 1.0 1.0 1.0 1.0 1.0 1.0 1.0 1.0 1.0 1.0 1.0 1.0 1.0 1.0 1.0 1.0 1.0 1.0 1.0 1.0 1.0 1.0 1.0 1.0 1.0 1.0 1.0 1.0 1.0 1.0 1.0 1.0 1.0 1.0 1.0 1.0 1.0 1.0 1.0 1.0 1.0 1.0 1.0 1.0 1.0 1.0 1.0 1.0 1.0 1.0 1.0 1.0 1.0 1.0 1.0 1.0 1.0 1.0 1.0 1.0 1.0 1.0 1.0 1.0 1.0 1.0 1.0 1.0 1.0 1.0 1.0 1.0 1.0 1.0 1.0 1.0 1.0 1.0 1.0 1.0 1.0 1.0 1.0 1.0 1.0 1.0 1.0 1.0
22
3 4 23 27 30 35 39 41 46 48 50 69 72 73 74 75 78 79 81 83 92 100
17
2 5 12 14 18 22 26 30 48 50 61 70 74 93 94 96 99
21
3 12 13 16 21 24 28 31 39 41 43 45 51 54 57 58 61 75 78 80 100
27
1 2 4 5 9 10 13 20 23 26 36 43 47 51 54 55 59 64 65 68 69 74 77 83 84 94 98
23
5 8 10 11 35 39 42 46 50 52 53 57 64 65 69 75 79 83 85 86 87 98 100
20
6 10 12 13 16 21 37 42 50 56 57 58 59 65 75 80 81 87 90 92
21
1 7 19 20 22 23 33 35 36 41 55 60 63 73 78 80 81 86 87 92 95
29
11 12 15 18 19 20 23 29 30 32 35 36 41 42 48 50 52 55 59 63 64 65 68 72 75 77 93 94 97
29
6 8 9 12 27 29 30 33 37 41 43 46 50 51 52 56 58 61 64 67 70 77 81 83 90 92 94 95 99
22
1 2 3 9 12 19 23 30 46 48 51 58 60 61 65 71 75 80 85 86 87 90
23
7 9 10 12 19 22 34 40 43 46 54 56 59 60 63 65 67 68 77 78 93 97 100
19
9 11 12 13 16 23 28 43 49 53 57 66 75 84 87 88 92 94 97
19
1 6 7 19 22 29 34 35 37 44 47 53 56 62 66 83 87 89 98
25
1 7 8 11 13 18 21 25 28 29 30 38 39 42 48 49 50 54 56 57 74 80 90 94 98
16
11 18 21 27 28 33 36 39 52 56 62 67 69 70 74 83
19
3 5 19 20 22 29 30 31 38 44 49 50 51 61 62 70 73 86 100
14
4 10 15 31 32 44 48 53 73 78 88 95 96 100
23
17 18 22 23 27 35 39 41 42 43 52 54 55 56 59 69 75 80 86 87 88 89 91
20
7 17 19 25 39 41 43 44 45 48 49 56 57 59 61 66 82 83 93 97
26
4 6 7 11 13 22 23 28 30 31 33 35 40 42 43 44 45 55 59 68 73 79 84 94 95 100
25
3 7 8 12 13 16 19 27 29 30 34 35 36 43 44 45 55 64 77 81 82 84 90 95 100
14
1 7 18 19 34 39 40 57 68 71 73 77 90 99
28
4 8 14 15 16 19 20 21 23 25 26 42 43 47 49 54 59 63 66 70 74 77 80 81 88 91 92 97
18
7 8 11 24 25 30 34 42 43 45 50 60 61 76 77 84 86 98
22
13 14 18 21 23 28 29 38 45 46 47 50 60 63 69 72 77 81 91 92 97 100
18
9 15 17 23 27 31 35 42 46 47 60 61 65 73 78 79 83 93
26
3 5 8 14 16 23 24 26 34 35 42 48 49 50 55 56 64 69 71 72 75 83 89 92 93 100
17
9 14 29 30 34 35 46 49 56 60 61 66 72 75 92 94 96
17
8 9 12 24 25 28 30 36 44 49 53 54 60 64 88 95 99
19
3 14 16 23 36 40 41 45 48 51 64 66 68 73 75 84 85 89 92
28
2 3 4 8 11 16 26 27 29 33 36 37 38 44 46 55 58 59 63 65 66 67 77 79 80 84 88 99
17
2 5 10 12 13 14 35 38 48 53 78 81 82 85 96 97 100
20
3 5 11 13 17 19 27 31 34 39 41 50 58 65 71 72 77 78 85 86
25
5 12 25 27 31 35 40 41 48 53 54 55 57 64 66 68 69 74 75 83 85 86 92 94 97
17
3 4 16 17 24 31 45 46 50 55 58 60 62 66 68 72 99
18
15 18 20 21 22 23 24 32 34 35 37 41 45 67 75 76 98 100
15
1 12 15 17 20 26 38 39 41 54 57 71 77 93 100
24
7 18 19 21 27 29 32 38 45 54 56 57 62 66 70 71 73 77 79 86 89 90 93 97
29
1 7 12 15 25 27 28 30 32 42 43 45 48 49 53 57 58 59 61 66 69 72 78 79 87 93 98 99 100
24
1 5 8 9 16 19 21 26 30 32 36 42 48 51 55 59 61 74 75 78 83 95 97 98
26
3 5 6 10 11 16 23 24 27 30 31 38 43 49 52 53 58 59 60 66 67 70 82 83 96 98
16
1 8 18 21 28 32 47 56 59 65 68 76 79 81 88 100
16
1 6 9 10 20 34 37 40 53 56 67 71 73 81 85 88
19
9 11 27 29 42 45 46 52 55 67 69 79 84 85 87 91 92 95 97
24
2 5 13 16 21 31 33 39 44 50 54 55 56 61 64 69 80 81 83 93 95 97 98 100
15
11 14 45 47 48 56 58 64 80 81 82 84 89 96 100
17
2 6 7 13 17 30 34 44 46 71 78 83 86 87 92 97 99
25
2 3 9 17 23 26 30 36 41 49 54 56 57 58 59 64 68 72 82 85 86 88 95 97 98
21
2 17 18 20 32 33 35 43 50 52 63 69 72 74 78 80 84 92 95 96 99
21
1 4 6 17 21 25 26 27 29 39 46 50 57 58 60 62 67 82 88 94 95
