50 100
1.0 1.0 1.0 1.0 1.0 1.0 1.0 1.0 1.0 1.0 1.0 1.0 1.0 1.0 1.0 1.0 1.0 1.0 1.0 1.0 1.0 1.0 1.0 1.0 1.0 1.0 1.0 1.0 1.0 1.0 1.0 1.0 1.0 1.0 1.0 1.0 1.0 1.0 1.0 1.0 1.0 1.0 1.0 1.0 1.0 1.0 1.0 1.0 1.0 1.0 1.0 1.0 1.0 1.0 1.0 1.0 1.0 1.0 1.0 1.0 1.0 1.0 1.0 1.0 1.0 1.0 1.0 1.0 1.0 1.0 1.0 1.0 1.0 1.0 1.0 1.0 1.0 1.0 1.0 1.0 1.0 1.0 1.0 1.0 1.0 1.0 1.0 1.0 1.0 1.0 1.0 1.0 1.0 1.0 1.0 1.0 1.0 1.0 1.0 1.0
4
25 34 78 88
12
4 13 19 21 30 36 39 46 80 93 97 99
8
2 3 12 29 36 59 96 98
9
7 14 27 50 52 70 78 99 100
8
3 10 23 44 53 62 63 99
6
7 48 58 89 90 93
12
5 17 21 27 33 49 56 73 76 81 87 100
6
18 23 26 36 84 96
8
8 28 59 66 72 89 97 100
9
7 23 24 26 36 44 55 64 93
13
1 3 19 21 23 52 67 73 75 78 81 90 95
10
18 36 37 57 66 81 89 92 95 99
11
8 9 15 48 52 55 61 63 68 84 96
5
10 34 47 52 56
10
23 30 31 36 51 54 56 65 82 99
8
8 9 20 24 42 43 61 84
5
12 14 24 26 54
5
12 51 52 66 78
13
2 23 41 50 51 52 57 59 74 76 89 98 99
18
8 9 17 37 39 49 51 55 56 58 70 72 82 84 87 92 98 99
8
9 19 37 41 46 57 86 90
6
10 14 69 82 84 98
13
3 7 17 28 29 32 52 63 69 70 81 88 92
7
30 31 56 66 67 68 87
11
16 17 19 36 38 56 59 64 72 94 96
10
4 20 22 34 35 45 59 74 85 93
11
6 18 21 34 39 40 55 62 72 81 97
10
6 12 19 26 36 54 56 58 81 98
8
17 19 32 42 78 83 86 100
10
5 7 11 19 21 65 73 81 85 100
10
4 30 38 58 59 65 71 72 73 83
8
4 22 34 40 43 78 84 98
8
31 32 44 47 56 62 68 92
6
7 19 21 45 74 85
9
14 16 20 36 48 51 56 60 91
9
6 14 18 21 39 62 68 70 99
8
3 5 14 17 22 33 41 68
10
10 20 24 71 72 75 77 89 94 96
13
6 12 20 28 29 40 44 69 73 77 86 88 100
8
4 10 35 57 60 85 94 97
11
9 27 31 41 63 75 76 87 89 92 95
9
13 40 59 65 68 76 83 90 96
6
7 16 40 57 94 98
11
5 16 21 25 26 50 66 69 72 89 96
13
5 6 11 25 27 28 30 37 54 59 70 74 90
16
2 5 11 14 25 47 48 55 66 67 68 78 81 83 84 99
9
16 50 53 56 59 73 76 98 100
11
3 10 24 25 39 49 72 79 83 88 97
7
14 30 49 63 70 84 86
9
5 7 8 11 12 16 22 34 96
