100 200
1.0 1.0 1.0 1.0 1.0 1.0 1.0 1.0 1.0 1.0 1.0 1.0 1.0 1.0 1.0 1.0 1.0 1.0 1.0 1.0 1.0 1.0 1.0 1.0 1.0 1.0 1.0 1.0 1.0 1.0 1.0 1.0 1.0 1.0 1.0 1.0 1.0 1.0 1.0 1.0 1.0 1.0 1.0 1.0 1.0 1.0 1.0 1.0 1.0 1.0 1.0 1.0 1.0 1.0 1.0 1.0 1.0 1.0 1.0 1.0 1.0 1.0 1.0 1.0 1.0 1.0 1.0 1.0 1.0 1.0 1.0 1.0 1.0 1.0 1.0 1.0 1.0 1.0 1.0 1.0 1.0 1.0 1.0 1.0 1.0 1.0 1.0 1.0 1.0 1.0 1.0 1.0 1.0 1.0 1.0 1.0 1.0 1.0 1.0 1.0 1.0 1.0 1.0 1.0 1.0 1.0 1.0 1.0 1.0 1.0 1.0 1.0 1.0 1.0 1.0 1.0 1.0 1.0 1.0 1.0 1.0 1.0 1.0 1.0 1.0 1.0 1.0 1.0 1.0 1.0 1.0 1.0 1.0 1.0 1.0 1.0 1.0 1.0 1.0 1.0 1.0 1.0 1.0 1.0 1.0 1.0 1.0 1.0 1.0 1.0 1.0 1.0 1.0 1.0 1.0 1.0 1.0 1.0 1.0 1.0 1.0 1.0 1.0 1.0 1.0 1.0 1.0 1.0 1.0 1.0 1.0 1.0 1.0 1.0 1.0 1.0 1.0 1.0 1.0 1.0 1.0 1.0 1.0 1.0 1.0 1.0 1.0 1.0 1.0 1.0 1.0 1.0 1.0 1.0 1.0 1.0 1.0 1.0 1.0 1.0
42
3 5 7 16 20 24 27 28 38 43 51 52 53 54 60 61 68 69 71 76 77 80 85 99 100 103 114 120 126 132 138 147 158 159 164 173 174 177 179 182 185 189
45
1 2 5 6 7 10 22 24 28 29 32 33 39 40 51 64 67 69 71 80 86 89 96 99 101 107 108 114 117 118 122 124 125 130 140 141 149 150 168 170 172 174 179 194 195
33
4 8 10 14 22 27 28 47 54 58 60 62 65 74 99 100 102 107 110 112 113 114 115 124 128 136 141 143 165 174 194 195 196
46
9 11 23 26 27 29 36 38 42 43 45 49 53 60 62 65 72 77 79 80 84 87 96 97 99 105 107 110 111 112 117 122 123 125 129 143 158 162 165 167 168 176 178 181 185 188
38
4 5 13 16 18 23 26 34 36 50 55 61 64 65 71 75 79 87 90 91 94 100 104 108 116 122 127 133 136 138 160 162 165 172 177 181 191 192
38
4 13 17 19 22 23 24 42 54 60 62 67 71 82 90 91 94 97 103 110 115 116 120 126 127 138 144 147 155 168 172 175 176 181 186 188 197 198
44
14 18 20 23 28 31 32 35 37 45 48 61 67 69 70 79 80 84 90 92 93 101 106 109 122 124 130 135 140 141 147 149 150 153 168 169 179 183 186 190 192 197 198 199
51
2 4 7 8 15 16 27 30 31 33 34 38 40 44 45 52 58 60 74 78 85 87 106 109 112 113 118 120 121 122 123 124 127 134 136 144 156 162 163 168 169 170 173 174 178 179 182 186 187 193 199
39
9 11 16 20 24 26 30 38 39 44 46 55 57 59 64 65 66 69 70 77 86 88 102 104 106 108 110 113 120 123 144 163 174 175 178 188 189 192 200
39
3 7 9 11 12 18 33 43 44 47 51 55 58 66 68 77 93 102 104 108 124 128 132 140 141 146 148 149 165 167 170 175 180 185 186 187 194 195 196
37
16 19 24 34 39 41 43 62 65 69 70 88 90 97 104 110 115 117 119 122 124 127 130 133 136 140 147 152 154 166 168 177 178 181 190 195 198
43
10 13 14 16 25 28 33 34 36 42 44 49 52 53 64 66 72 79 81 85 94 95 99 103 111 116 118 123 125 128 131 136 137 145 147 159 166 169 172 182 191 192 198
35
6 8 17 27 32 40 48 49 53 55 64 83 85 87 95 96 98 100 101 124 131 133 138 141 144 153 158 160 162 164 172 177 183 190 198
39
5 8 18 19 21 22 26 35 49 56 65 66 71 78 82 87 90 92 95 97 104 109 115 120 133 134 140 142 143 145 148 151 152 159 164 168 173 174 184
43
10 24 30 32 36 39 53 55 57 64 65 67 75 86 94 99 102 114 116 120 128 130 135 138 141 147 149 150 155 156 157 162 168 169 174 177 179 181 183 189 194 195 199
42
3 5 7 15 17 20 23 26 37 39 42 54 55 60 61 64 71 72 77 82 88 94 103 106 108 113 116 122 124 125 135 149 152 157 161 165 175 176 181 188 194 195
55
5 12 14 17 32 41 47 48 49 50 55 58 59 61 63 65 69 71 74 75 85 86 89 90 94 96 103 107 111 112 114 117 118 121 123 132 139 140 142 143 153 154 161 172 176 177 183 186 188 191 193 194 195 197 199
34
1 10 11 13 17 23 28 52 53 54 58 59 65 75 78 87 90 91 110 112 118 119 134 136 141 146 155 176 178 179 180 188 189 199
40
3 8 17 23 27 47 49 51 52 60 61 62 65 66 80 82 83 90 91 93 97 107 109 111 112 120 122 128 133 139 145 149 154 161 176 178 179 194 196 199
47
1 4 15 25 26 31 38 46 47 48 50 53 55 60 64 65 66 73 77 81 86 89 96 108 113 116 126 128 130 132 136 141 144 145 151 158 165 166 171 173 174 180 182 185 186 190 194
36
3 4 7 13 16 23 29 57 73 75 77 82 87 89 103 104 108 110 113 116 123 126 130 134 136 146 150 158 160 162 167 169 176 178 184 188
38
1 9 10 14 20 26 28 29 30 32 47 49 52 57 71 73 78 85 89 92 107 108 111 113 118 123 139 158 162 171 175 177 179 181 184 186 192 196
49
1 2 5 7 11 16 21 23 29 31 35 38 40 41 44 49 53 54 56 63 65 71 76 78 85 101 105 108 109 117 119 126 130 131 138 140 146 149 152 153 158 168 174 177 182 183 186 191 197
46
1 3 9 23 27 29 36 46 48 49 50 54 58 65 69 72 76 79 91 92 96 103 111 116 117 121 125 128 139 143 145 149 150 153 156 160 167 173 176 181 182 185 186 194 196 198
48
9 22 24 25 27 29 30 39 41 55 56 57 58 67 70 72 73 88 94 96 99 100 102 105 111 114 120 121 122 127 131 134 138 143 144 145 152 160 163 164 170 177 178 180 186 189 199 200
46
3 4 6 7 11 13 16 23 24 26 32 40 45 53 54 60 61 64 68 72 110 113 117 121 124 125 126 131 137 140 145 151 152 153 162 163 168 171 172 176 179 184 189 191 199 200
38
8 11 12 14 15 22 24 30 31 43 49 58 64 74 85 91 99 101 106 109 110 112 116 117 118 120 130 132 137 144 146 150 154 156 158 177 184 192
42
5 15 20 22 25 29 30 36 37 49 52 62 66 67 78 88 89 91 93 101 105 107 117 121 123 130 134 135 150 152 156 160 162 163 165 170 172 180 181 189 192 198
36
3 4 9 14 24 31 32 42 44 45 52 55 57 58 67 68 79 80 91 104 106 117 135 136 161 165 168 170 172 175 179 180 189 194 197 200
45
5 8 11 13 14 16 17 20 25 31 33 45 46 54 56 60 61 73 80 81 87 93 101 113 123 139 148 149 150 154 156 159 160 163 164 170 173 176 178 182 185 188 192 197 199
45
5 11 12 14 15 18 21 27 37 43 49 57 62 69 72 89 92 93 96 98 105 108 110 120 122 131 137 143 149 150 152 159 161 163 170 173 174 175 185 191 193 194 196 199 200
38
5 8 18 20 38 49 53 54 55 58 68 69 70 76 79 81 86 88 89 90 94 97 110 119 122 130 134 141 144 146 158 159 167 185 188 192 194 198
38
1 8 13 24 25 29 33 35 53 54 63 76 80 81 87 96 101 106 108 109 110 116 119 130 134 135 147 150 153 155 160 161 162 172 177 184 189 191
27
14 15 27 33 40 43 47 60 82 90 98 104 114 118 124 134 148 157 158 164 170 176 179 180 189 194 197
37
19 23 24 27 28 29 41 47 50 53 61 64 77 81 84 98 105 106 109 118 123 132 133 137 138 141 148 156 168 170 171 176 180 182 184 191 196
34
5 29 32 43 48 50 60 64 67 68 69 84 87 99 102 112 116 122 126 133 140 143 150 155 157 159 163 174 186 187 188 190 191 199
42
1 12 14 22 26 28 29 31 35 36 46 51 54 58 64 69 72 76 95 109 110 122 131 136 137 138 139 142 144 147 151 153 155 157 159 162 167 168 173 183 184 192
48
1 3 13 34 42 43 44 48 52 53 55 59 61 64 72 77 84 87 88 93 103 105 108 110 115 117 120 128 129 139 143 149 155 158 162 163 164 166 168 171 173 174 178 179 181 185 188 199
36
4 5 11 17 21 22 25 39 41 47 48 50 57 58 67 69 71 76 82 98 100 108 112 113 127 129 151 152 156 177 181 188 191 192 193 195
50
2 3 17 23 37 38 45 46 51 52 57 58 60 62 63 64 67 71 76 79 80 84 94 98 106 108 110 111 112 114 126 128 138 150 151 152 153 157 161 165 166 171 172 176 177 184 189 191 193 197
42
5 8 11 18 20 23 28 30 32 35 36 39 43 46 50 55 58 80 89 95 98 102 105 109 122 126 128 136 140 141 143 144 145 148 149 151 163 164 166 171 177 198
44
3 6 7 15 17 23 24 25 33 34 35 40 42 45 52 53 60 66 67 75 77 79 80 89 92 93 95 103 105 110 112 130 133 141 149 153 154 156 157 164 171 174 175 196
41
3 6 8 14 15 23 26 35 40 41 48 50 51 56 68 71 72 75 76 77 78 82 85 90 96 106 108 110 136 147 154 163 164 165 166 167 177 178 182 197 198
43
4 6 18 19 20 25 32 36 39 47 51 52 54 57 70 76 81 82 86 92 95 103 114 122 125 130 133 140 148 149 154 155 162 163 166 174 179 180 182 189 192 196 197
51
9 16 18 23 35 42 45 48 55 58 59 64 66 68 70 74 80 88 89 92 97 98 108 111 114 121 122 128 130 132 138 141 145 149 150 151 158 161 162 165 168 169 170 171 173 174 176 184 186 191 194
42
10 12 28 31 39 42 43 48 51 61 68 70 81 85 91 98 100 102 104 119 122 126 129 131 136 139 140 151 152 154 155 158 161 163 168 177 178 180 183 187 189 196
33
7 8 14 35 36 37 43 48 56 64 66 68 70 88 90 94 95 100 113 114 116 122 125 142 144 146 147 169 175 184 195 197 198
42
1 6 26 28 32 35 36 37 42 50 55 58 60 61 62 63 64 68 70 75 78 91 98 99 101 109 120 127 133 142 146 147 148 156 160 169 173 176 177 182 185 194
39
3 4 6 9 12 14 29 32 36 39 43 54 62 65 78 83 94 98 102 110 111 115 120 128 129 131 141 142 152 156 157 160 170 171 175 178 183 186 192
35
5 8 12 21 29 34 39 41 48 52 56 59 63 67 81 83 84 85 108 117 124 128 134 143 149 150 153 156 162 166 170 175 181 186 195
45
2 7 10 14 23 25 38 50 51 52 57 60 66 70 78 82 87 88 91 92 102 103 107 112 115 116 117 125 126 131 141 142 146 148 158 168 171 172 173 174 175 192 193 196 197
41
1 2 5 10 16 18 27 51 52 62 79 80 90 94 99 100 103 104 106 107 109 118 119 128 133 134 140 145 151 153 154 158 160 161 171 177 181 190 191 199 200
38
11 13 21 24 29 31 32 33 40 45 53 66 67 68 70 75 78 79 90 96 104 115 120 132 133 135 138 139 143 144 149 151 155 161 163 169 177 178
38
1 2 11 15 21 22 30 32 39 47 58 59 63 68 71 73 74 75 84 93 96 99 104 107 117 125 134 138 146 149 160 174 176 183 185 186 192 197
42
1 2 3 5 9 18 19 21 24 27 33 37 48 56 61 66 70 74 77 79 90 99 103 114 116 127 128 130 144 145 149 150 153 157 165 167 169 170 178 192 194 197
45
3 5 7 8 15 23 32 34 36 39 42 53 54 57 78 79 81 83 85 86 90 93 99 102 105 108 114 129 130 133 136 139 140 146 147 150 162 166 167 182 185 186 189 192 198
45
5 10 12 13 16 21 39 40 46 51 52 53 54 55 58 61 66 70 75 79 80 82 91 94 95 97 116 124 129 131 133 140 146 148 159 163 166 172 176 179 180 181 195 199 200
48
8 10 16 19 20 34 42 48 49 51 53 61 63 67 71 75 77 85 88 98 100 107 113 121 123 126 129 131 140 147 148 149 151 153 156 162 164 165 166 173 181 184 185 192 193 194 196 200
40
5 9 11 13 18 24 25 30 36 38 40 47 48 52 55 62 77 79 82 83 84 88 89 93 103 106 120 131 135 154 155 169 174 179 182 184 186 187 189 197
39
12 14 17 20 21 28 38 40 46 51 54 62 70 73 76 77 78 84 91 92 95 101 113 120 123 132 138 140 146 150 156 161 164 173 174 175 180 193 194
46
3 10 12 13 14 15 21 23 26 28 31 48 50 52 53 59 65 66 71 75 78 83 86 96 101 108 109 116 118 121 128 133 136 138 139 142 149 154 157 158 160 163 171 191 195 200
33
2 5 11 16 19 25 43 44 45 48 49 51 57 65 68 73 82 83 86 87 95 111 121 131 133 138 142 143 150 156 171 179 200
40
7 15 22 36 37 45 46 48 50 52 60 82 87 88 91 100 120 122 123 131 132 133 134 135 144 147 149 152 154 155 156 161 166 174 183 186 190 194 197 198
41
3 6 14 16 18 19 23 24 28 34 37 43 57 62 71 72 73 75 87 91 92 98 110 112 120 136 138 139 143 144 147 153 161 165 177 178 184 191 192 196 197
46
3 8 21 25 31 40 42 45 50 59 60 62 63 64 70 73 79 82 87 90 91 92 103 107 112 113 118 119 120 130 133 135 153 158 161 165 167 169 171 179 180 187 191 192 194 200
38
14 16 17 18 24 26 27 34 41 43 49 59 64 66 73 76 78 81 82 90 91 99 107 117 120 126 129 141 151 154 156 176 179 184 187 193 195 197
37
9 11 15 22 23 24 29 37 42 44 46 56 61 78 82 92 99 108 109 110 115 121 125 126 130 132 136 137 145 150 162 165 169 170 180 188 193
35
2 11 12 27 28 38 58 63 68 85 95 100 102 105 106 112 117 126 131 134 136 149 150 152 154 155 160 162 170 180 181 185 189 196 200
46
4 6 9 12 20 31 33 35 36 40 43 45 48 49 51 54 56 59 60 65 67 73 75 76 82 96 98 106 110 118 119 122 129 130 141 143 146 151 163 164 169 171 172 179 186 194
50
7 12 14 19 24 27 38 43 46 53 57 58 63 68 75 77 79 82 83 84 87 88 92 99 103 105 106 111 113 114 117 125 130 136 138 143 148 150 152 154 155 158 165 175 180 187 189 190 193 199
31
7 8 21 29 33 46 49 62 67 71 81 92 107 109 114 118 120 130 131 134 135 139 141 144 149 168 172 173 181 186 192
46
3 5 9 16 28 32 43 44 45 46 48 49 54 56 57 58 75 87 88 95 96 108 110 112 114 116 117 133 139 141 147 155 156 157 162 163 168 169 172 175 180 182 183 188 189 200
42
1 3 8 19 29 33 36 38 43 47 51 59 62 64 65 67 68 80 89 91 92 93 109 114 120 123 125 134 141 145 146 148 155 156 157 159 165 172 179 192 195 200
48
7 14 18 21 24 25 28 29 31 38 41 44 47 48 57 59 60 63 65 80 81 84 91 95 100 103 104 105 114 120 123 129 130 144 146 149 150 155 157 159 161 163 167 170 171 174 175 200
32
5 12 19 20 27 40 43 58 59 63 76 77 83 95 129 130 136 144 149 150 152 153 154 162 164 167 169 171 179 184 185 191
32
1 2 14 20 21 31 33 34 36 42 43 50 55 60 66 80 81 90 92 96 102 103 122 124 127 158 176 178 181 185 189 198
36
1 4 7 12 14 17 23 24 27 29 30 42 57 80 83 87 92 95 100 102 103 124 126 132 136 147 150 152 157 163 164 181 190 191 194 199
54
1 2 9 12 14 18 20 36 42 43 45 46 50 51 65 66 67 73 74 80 81 83 87 90 92 93 94 95 96 98 102 104 105 110 112 124 127 136 140 141 146 147 152 163 165 174 177 178 180 181 184 187 196 197
30
3 4 8 15 19 44 47 80 81 82 85 86 93 97 107 116 119 131 140 154 159 163 169 170 177 184 185 186 193 196
39
2 3 11 14 15 18 19 21 30 36 41 42 43 44 51 60 61 78 85 86 88 92 94 102 109 114 116 119 131 157 159 164 165 166 169 172 188 191 200
39
3 4 7 11 15 19 20 30 31 32 33 38 41 54 55 57 60 61 66 69 73 77 91 92 106 111 121 129 134 139 144 166 170 172 173 176 178 186 193
48
11 12 20 28 37 39 43 56 57 61 62 68 71 75 96 108 113 114 118 119 120 122 124 129 131 135 136 139 144 145 146 149 153 154 162 166 170 176 177 178 180 186 190 192 194 195 196 198
45
1 13 18 23 35 36 37 38 56 64 70 71 74 75 77 80 84 92 100 102 104 106 108 110 112 114 115 119 120 127 132 134 135 138 139 140 144 146 151 153 154 175 187 197 199
49
2 5 7 10 12 14 19 21 22 30 36 41 49 50 51 59 63 64 67 73 76 82 83 84 89 105 124 126 133 135 138 141 143 147 151 164 167 168 169 173 176 178 182 183 184 190 192 195 199
40
1 3 4 5 10 11 20 21 25 35 38 56 58 64 66 70 71 79 82 90 94 97 107 110 111 114 126 131 135 136 137 152 155 166 171 176 178 180 184 187
39
1 3 4 5 15 18 21 22 29 37 43 45 47 50 54 55 78 80 85 88 93 95 105 109 114 117 123 132 135 140 142 153 156 158 168 185 187 188 190
43
2 4 20 25 26 29 43 49 53 57 60 64 65 70 73 75 80 82 89 92 113 115 117 121 128 131 133 145 147 150 155 163 164 166 167 171 175 179 181 188 191 192 196
38
4 5 6 15 26 31 33 34 54 60 63 65 69 72 75 76 82 88 95 103 105 114 129 134 138 141 143 144 150 163 165 172 174 176 183 188 190 197
34
8 16 29 30 34 35 46 57 59 69 74 79 84 88 92 100 103 106 111 114 116 117 121 126 134 135 148 151 160 166 168 195 197 199
48
10 13 14 28 33 34 35 45 50 52 53 58 61 62 67 74 85 86 87 91 92 95 96 104 105 113 116 117 119 122 123 126 128 134 136 138 140 144 146 149 150 152 158 167 184 191 195 197
54
16 19 22 25 26 28 31 34 42 43 45 47 49 51 52 53 54 69 70 78 86 94 96 98 99 101 107 122 131 134 136 138 143 148 150 158 159 163 164 165 166 170 172 175 176 181 183 184 185 192 197 198 199 200
43
1 6 8 22 24 31 34 35 40 47 59 63 69 70 85 86 87 88 89 95 100 102 105 109 113 118 130 133 138 140 143 148 152 155 158 163 165 173 174 183 196 198 200
47
5 13 15 16 20 26 31 35 36 50 51 52 58 59 63 66 69 72 82 84 89 92 93 95 96 103 107 117 118 123 129 130 141 146 149 150 155 157 158 159 166 167 169 175 177 191 192
29
1 2 32 34 38 49 56 66 68 75 80 82 95 103 111 116 117 120 125 131 134 141 149 171 179 183 191 193 197
37
8 10 14 20 22 23 24 27 34 39 43 45 67 72 75 77 81 84 90 95 114 120 128 131 146 148 159 161 163 174 179 181 184 185 191 193 195
38
5 9 15 18 19 34 35 47 61 62 63 65 88 89 91 97 99 103 105 110 120 124 127 133 138 145 152 159 167 168 172 173 174 183 194 197 199 200
38
3 5 6 11 27 30 33 34 36 48 52 62 65 68 84 89 91 101 103 105 110 112 113 126 129 131 132 134 149 154 156 163 175 176 179 184 191 195
36
2 11 14 28 35 39 49 59 67 78 79 88 91 93 97 104 107 110 115 117 124 133 139 140 143 151 152 170 171 174 179 180 181 187 192 197
34
6 8 10 11 19 22 34 42 43 49 59 63 74 75 92 94 98 110 118 141 155 157 158 164 166 167 173 177 181 183 187 188 191 196
37
3 6 10 17 18 20 22 23 32 41 48 56 59 62 65 83 84 93 99 124 128 132 133 137 139 151 152 162 164 166 169 170 177 186 187 192 197
