100 200
1.0 1.0 1.0 1.0 1.0 1.0 1.0 1.0 1.0 1.0 1.0 1.0 1.0 1.0 1.0 1.0 1.0 1.0 1.0 1.0 1.0 1.0 1.0 1.0 1.0 1.0 1.0 1.0 1.0 1.0 1.0 1.0 1.0 1.0 1.0 1.0 1.0 1.0 1.0 1.0 1.0 1.0 1.0 1.0 1.0 1.0 1.0 1.0 1.0 1.0 1.0 1.0 1.0 1.0 1.0 1.0 1.0 1.0 1.0 1.0 1.0 1.0 1.0 1.0 1.0 1.0 1.0 1.0 1.0 1.0 1.0 1.0 1.0 1.0 1.0 1.0 1.0 1.0 1.0 1.0 1.0 1.0 1.0 1.0 1.0 1.0 1.0 1.0 1.0 1.0 1.0 1.0 1.0 1.0 1.0 1.0 1.0 1.0 1.0 1.0 1.0 1.0 1.0 1.0 1.0 1.0 1.0 1.0 1.0 1.0 1.0 1.0 1.0 1.0 1.0 1.0 1.0 1.0 1.0 1.0 1.0 1.0 1.0 1.0 1.0 1.0 1.0 1.0 1.0 1.0 1.0 1.0 1.0 1.0 1.0 1.0 1.0 1.0 1.0 1.0 1.0 1.0 1.0 1.0 1.0 1.0 1.0 1.0 1.0 1.0 1.0 1.0 1.0 1.0 1.0 1.0 1.0 1.0 1.0 1.0 1.0 1.0 1.0 1.0 1.0 1.0 1.0 1.0 1.0 1.0 1.0 1.0 1.0 1.0 1.0 1.0 1.0 1.0 1.0 1.0 1.0 1.0 1.0 1.0 1.0 1.0 1.0 1.0 1.0 1.0 1.0 1.0 1.0 1.0 1.0 1.0 1.0 1.0 1.0 1.0
17
17 18 29 48 55 60 62 79 80 81 82 88 96 98 119 124 138
12
16 21 48 65 88 92 95 96 103 122 150 179
17
5 19 26 47 66 98 106 127 134 157 161 174 176 191 197 198 199
15
3 15 27 38 42 67 69 72 79 80 96 126 134 144 145
25
2 5 12 38 39 50 54 78 79 80 90 93 103 127 144 164 169 178 183 186 187 189 195 198 200
28
7 9 14 16 29 41 72 74 82 89 90 92 95 98 103 104 105 131 132 134 137 152 155 164 168 171 180 182
19
24 37 42 54 55 66 69 78 90 98 105 127 143 150 156 158 159 162 179
12
13 19 20 39 41 47 51 113 120 124 163 181
16
17 35 44 54 59 62 70 82 94 114 123 127 130 146 149 176
19
2 4 8 24 26 61 62 83 88 93 119 126 127 134 155 157 158 168 197
15
1 38 49 55 56 62 67 69 72 143 148 154 171 183 195
22
17 23 36 37 42 53 55 71 73 81 91 94 103 130 133 154 159 167 168 170 178 190
23
5 8 18 20 48 65 71 76 91 93 103 110 119 130 131 144 153 154 169 172 175 191 198
20
2 13 35 41 46 64 65 76 77 84 88 102 114 117 134 161 167 178 189 200
13
5 29 41 43 55 80 120 126 138 162 174 176 197
22
7 9 28 38 41 45 52 65 74 76 86 90 94 115 134 137 148 149 153 160 164 176
23
2 6 7 31 39 41 49 51 68 75 76 82 88 98 109 125 131 144 160 163 178 190 194
15
4 18 34 41 57 59 75 86 87 91 114 115 134 147 185
12
2 14 46 53 64 86 138 142 144 147 165 177
18
2 13 15 22 26 41 48 63 71 76 92 109 132 164 165 176 181 193
28
15 22 24 37 46 47 49 51 53 55 67 72 82 84 91 92 98 106 136 139 149 153 167 171 179 182 194 197
20
29 32 33 52 58 75 77 78 80 85 86 112 126 143 156 165 171 190 191 200
22
1 18 23 32 33 40 50 59 65 79 80 93 118 133 136 141 151 156 158 173 192 194
16
37 52 57 63 66 73 86 107 119 126 130 169 182 183 186 195
20
10 12 33 34 79 82 96 99 102 103 105 106 115 118 133 153 156 157 174 196
19
5 16 19 22 26 39 42 46 47 80 88 89 110 116 118 123 172 190 198
18
13 16 18 34 39 71 81 114 128 131 136 139 141 165 170 188 189 193
9
19 39 54 88 99 118 139 140 169
21
6 19 26 49 52 56 63 67 77 87 112 119 131 137 138 143 147 168 176 190 199
14
18 50 52 54 81 96 104 107 121 127 154 163 179 195
21
4 39 40 44 48 64 66 70 72 77 90 94 112 128 173 174 175 179 184 188 200
20
11 17 32 38 42 48 64 70 76 88 89 98 105 125 126 138 141 163 167 176
18
34 42 46 48 54 60 89 90 103 110 121 123 129 147 148 185 189 193
17
21 30 59 70 71 78 94 95 101 108 132 155 157 162 169 176 199
19
6 21 27 40 54 65 91 103 105 117 136 148 159 162 165 189 190 191 196
15
42 67 73 86 108 114 115 151 152 159 162 177 182 193 200
16
17 20 24 33 37 40 46 51 56 109 114 120 132 150 156 197
17
32 82 97 115 117 118 126 136 139 148 154 159 160 177 188 190 193
17
1 8 45 68 75 92 93 96 117 143 154 172 176 179 182 191 199
18
8 40 46 58 66 67 69 88 100 122 129 131 139 156 163 165 186 196
18
33 48 51 56 62 74 77 98 100 122 135 137 169 176 180 185 194 196
15
8 11 20 35 45 75 99 101 111 123 140 159 169 180 195
17
27 34 37 48 69 82 84 85 113 119 122 123 147 160 164 172 184
18
4 8 38 52 71 87 96 115 122 126 141 151 153 159 161 177 195 200
23
10 13 32 33 39 46 59 65 84 93 101 110 118 130 141 143 148 154 158 175 195 198 200
14
36 42 43 103 111 118 124 131 148 162 167 178 181 186
14
4 33 37 46 52 115 135 136 146 147 166 169 185 198
21
7 37 49 52 53 64 72 79 80 101 113 116 120 124 128 137 148 151 153 175 198
17
2 13 21 23 41 45 51 74 83 104 109 110 165 174 186 199 200
13
27 39 47 65 98 102 117 121 161 170 173 195 197
22
4 6 40 49 77 86 96 112 122 125 128 129 132 137 141 145 166 191 193 194 197 198
24
3 23 41 42 43 49 63 66 68 74 92 94 106 107 110 127 129 141 148 163 169 175 196 199
17
12 18 34 36 74 76 90 106 110 112 115 124 133 144 145 148 195
21
6 20 22 38 50 71 82 85 98 107 117 124 127 133 142 144 145 176 181 191 196
21
7 18 39 40 46 54 63 69 75 77 80 96 98 131 138 163 172 183 193 195 200
30
6 16 26 38 49 54 58 65 66 83 85 88 97 98 100 102 109 114 124 128 133 135 137 138 153 155 165 171 178 190
19
7 8 25 37 49 56 63 77 94 103 105 120 128 130 131 139 182 185 189
19
10 14 15 16 23 77 85 90 91 96 97 114 138 149 158 160 171 189 197
21
13 18 19 23 26 27 49 52 56 59 67 69 71 72 116 117 137 151 153 160 198
25
3 12 19 22 23 26 30 34 37 47 53 62 65 72 78 86 104 112 113 129 130 131 148 161 191
23
10 33 50 53 64 89 93 97 102 110 113 116 118 119 134 143 144 149 160 179 181 188 193
23
16 32 51 68 78 80 81 98 104 120 126 131 133 145 151 153 154 165 172 178 182 189 197
26
3 7 8 21 26 34 69 74 79 83 85 86 107 122 123 124 132 141 144 148 150 171 175 183 184 188
21
11 42 47 79 82 84 104 107 112 119 124 125 142 153 160 165 173 179 181 192 199
12
7 16 34 53 78 89 94 135 142 146 168 198
27
14 15 16 42 46 52 75 90 100 101 103 113 119 127 128 132 141 151 155 157 159 175 176 177 184 192 195
21
1 3 21 31 36 43 46 79 92 100 113 136 139 160 165 167 170 172 181 191 200
18
6 7 23 31 36 54 63 95 115 120 148 149 157 164 168 181 193 199
28
5 10 17 28 32 36 46 52 79 93 97 107 110 116 120 128 129 130 138 149 163 167 173 176 183 187 192 195
21
19 25 40 58 67 75 80 84 107 113 115 116 130 143 148 150 165 177 181 190 192
25
10 17 27 29 37 48 49 51 88 94 95 109 110 121 125 126 137 144 145 148 157 170 183 199 200
28
3 25 26 50 59 60 62 65 91 92 103 112 116 119 122 129 131 144 146 160 177 179 180 183 185 186 192 199
15
29 42 55 75 81 85 96 105 132 139 146 152 158 178 182
19
9 16 18 42 45 48 51 54 66 67 84 94 114 124 131 160 172 179 195
12
24 72 100 130 134 146 153 155 161 169 174 193
25
1 3 5 15 27 31 40 41 57 60 98 100 107 111 112 113 122 126 134 142 173 175 177 182 183
15
1 26 33 42 50 68 91 93 96 129 147 159 168 189 199
18
7 23 35 53 56 57 109 112 118 129 136 141 144 155 163 180 189 194
18
13 29 38 45 58 64 77 87 92 95 99 127 133 135 162 171 188 195
20
4 24 26 42 50 64 87 88 100 105 108 124 134 139 151 181 184 191 197 198
21
2 25 30 31 36 41 66 72 79 93 105 107 129 133 144 149 167 169 172 198 199
25
1 4 12 18 19 45 46 55 71 75 82 83 85 91 93 105 107 114 152 170 185 186 189 194 196
23
1 27 32 40 43 45 56 57 58 105 126 132 134 137 139 144 152 154 166 175 193 194 196
16
22 25 29 47 59 81 87 92 109 125 130 137 138 144 178 187
23
1 4 10 17 19 26 37 40 56 61 62 70 95 100 110 114 119 124 133 144 152 161 190
28
7 19 46 58 64 68 80 86 90 98 99 111 132 133 134 142 149 152 155 158 167 169 170 178 182 183 192 198
27
2 17 28 41 47 49 51 55 61 62 70 78 89 92 93 94 102 103 111 131 139 143 154 155 165 193 198
20
7 10 31 49 54 65 75 83 89 101 114 138 143 145 152 154 162 186 190 195
21
3 24 29 43 52 54 67 81 91 94 98 118 120 122 131 133 154 168 179 180 199
16
15 47 49 52 61 68 70 74 92 103 120 135 137 151 194 198
16
8 11 30 41 57 64 100 121 129 131 157 159 175 177 181 187
15
30 39 40 43 53 54 73 79 111 118 126 127 135 194 197
18
17 54 57 67 71 72 85 88 106 118 120 132 137 169 175 183 184 191
18
1 22 25 33 77 78 97 108 136 159 176 177 179 186 189 190 197 199
22
2 17 19 32 35 60 68 77 93 106 107 109 124 138 139 142 144 145 149 161 166 168
20
6 26 31 49 51 53 57 58 59 62 67 92 117 133 136 156 164 179 182 194
17
11 12 19 50 57 76 85 105 113 126 132 146 152 154 156 163 186
24
5 13 15 27 29 38 40 76 78 83 98 99 104 115 131 143 146 154 171 172 174 187 190 193
21
6 12 23 40 44 46 49 78 79 81 109 117 126 134 138 154 164 169 171 181 187
19
3 12 18 32 39 44 49 77 87 88 96 110 111 137 156 178 185 190 195
