50 100
1.0 1.0 1.0 1.0 1.0 1.0 1.0 1.0 1.0 1.0 1.0 1.0 1.0 1.0 1.0 1.0 1.0 1.0 1.0 1.0 1.0 1.0 1.0 1.0 1.0 1.0 1.0 1.0 1.0 1.0 1.0 1.0 1.0 1.0 1.0 1.0 1.0 1.0 1.0 1.0 1.0 1.0 1.0 1.0 1.0 1.0 1.0 1.0 1.0 1.0 1.0 1.0 1.0 1.0 1.0 1.0 1.0 1.0 1.0 1.0 1.0 1.0 1.0 1.0 1.0 1.0 1.0 1.0 1.0 1.0 1.0 1.0 1.0 1.0 1.0 1.0 1.0 1.0 1.0 1.0 1.0 1.0 1.0 1.0 1.0 1.0 1.0 1.0 1.0 1.0 1.0 1.0 1.0 1.0 1.0 1.0 1.0 1.0 1.0 1.0
20
12 14 20 24 25 26 34 40 41 46 55 58 62 73 80 83 86 89 92 96
18
10 12 15 20 30 34 43 44 51 53 63 64 71 79 89 96 97 98
17
4 14 18 36 46 49 55 62 63 74 77 85 87 94 95 98 100
19
4 16 18 22 28 42 44 49 54 55 62 66 80 84 85 87 89 97 98
30
2 3 8 14 20 29 30 34 37 40 41 42 43 44 45 48 50 51 52 54 57 61 72 75 78 85 86 91 97 100
20
3 22 26 37 40 41 45 47 51 53 54 64 67 71 74 77 88 92 95 100
23
1 13 14 18 34 41 42 47 48 51 55 56 61 63 69 80 81 83 88 91 92 94 100
29
7 10 12 15 21 23 26 29 33 36 49 51 54 55 56 61 64 70 72 79 81 83 84 88 89 94 95 98 100
17
5 14 17 23 32 35 45 48 62 68 76 77 82 84 88 89 100
21
13 18 31 37 39 41 42 43 44 48 50 51 55 61 71 72 76 82 88 92 93
21
7 11 12 13 24 25 26 30 32 34 39 44 48 50 72 73 79 80 89 90 96
21
4 17 23 27 36 42 44 49 54 55 56 61 63 67 71 74 81 86 93 96 98
28
1 2 13 21 23 26 27 28 30 34 35 47 54 56 61 64 66 68 71 76 78 82 85 86 94 97 98 99
14
3 8 11 32 41 45 52 64 69 71 72 79 88 95
13
2 6 9 16 24 31 33 43 53 70 72 83 90
14
2 8 26 33 42 46 47 52 55 56 73 80 82 95
18
5 7 9 21 33 36 41 45 46 49 55 57 62 68 71 72 78 81
20
4 12 29 32 35 38 42 45 48 50 58 59 78 81 82 84 91 92 96 97
18
1 3 4 13 18 26 28 39 41 50 61 72 80 82 87 91 92 95
18
1 3 13 22 28 34 42 49 60 61 64 77 80 84 92 94 97 98
21
1 3 8 9 12 27 31 34 38 53 54 60 65 67 68 71 74 75 93 94 98
21
6 10 15 18 23 25 28 30 31 33 36 37 39 42 51 53 55 58 67 73 94
14
1 7 11 12 23 28 47 48 49 63 74 86 92 93
16
3 13 14 15 18 22 23 29 33 36 44 53 59 83 88 93
18
4 11 12 13 18 28 36 38 45 54 56 59 61 72 73 76 90 95
20
4 6 7 11 26 32 35 40 50 57 61 73 75 77 88 91 92 94 96 97
18
10 17 19 22 30 33 34 39 41 54 61 64 72 73 74 82 83 92
21
3 9 12 14 25 28 29 31 35 44 50 58 66 69 74 75 80 83 89 90 91
16
12 19 36 48 50 52 64 65 69 73 81 85 90 91 94 96
16
6 8 15 21 25 26 37 38 53 67 81 83 84 88 89 94
20
2 3 4 7 17 27 35 38 39 43 44 46 52 56 67 71 73 75 77 90
22
1 6 7 11 13 15 17 19 21 33 41 46 53 64 65 69 70 75 83 87 89 94
23
3 4 7 11 13 20 22 25 40 46 51 53 55 63 67 71 72 73 74 75 84 89 92
16
2 5 12 24 35 41 44 49 52 57 62 66 84 88 91 96
18
9 15 17 23 26 30 31 39 43 44 46 54 55 61 65 68 81 83
19
9 11 15 19 20 22 37 49 54 58 59 63 67 68 73 79 91 96 98
31
1 4 17 18 22 28 29 30 34 38 41 42 43 49 51 54 57 66 67 69 73 74 75 78 81 82 84 87 88 95 99
25
4 7 9 13 16 26 27 31 32 33 35 37 39 54 62 65 68 70 77 83 86 87 88 93 97
23
7 12 13 14 18 20 21 22 24 27 36 39 48 52 56 60 71 74 75 80 82 91 100
24
6 8 18 20 21 29 31 35 36 38 41 45 46 57 61 65 72 74 81 89 91 97 98 99
20
3 5 8 12 18 19 24 29 32 42 45 50 62 63 65 66 74 82 93 96
16
1 2 8 13 17 27 28 31 41 43 48 50 66 71 73 76
14
8 14 37 42 43 47 50 52 56 78 81 84 94 99
22
1 9 17 26 29 31 32 38 41 45 57 60 69 70 73 79 80 86 89 90 94 95
20
1 5 8 39 47 52 53 54 59 60 61 69 70 85 88 91 96 97 99 100
23
3 5 6 7 10 16 17 18 21 22 30 42 44 51 52 53 58 72 80 82 89 92 95
12
1 13 23 30 33 44 46 66 75 80 85 87
19
3 5 13 16 28 32 35 37 40 47 49 60 62 70 79 81 85 88 97
30
3 5 6 10 15 20 21 23 26 27 28 29 30 31 39 42 46 47 50 53 55 59 61 65 66 73 79 80 85 100
21
4 8 13 15 22 25 34 54 60 61 69 70 72 79 80 84 90 92 94 99 100
