50 100
1.0 1.0 1.0 1.0 1.0 1.0 1.0 1.0 1.0 1.0 1.0 1.0 1.0 1.0 1.0 1.0 1.0 1.0 1.0 1.0 1.0 1.0 1.0 1.0 1.0 1.0 1.0 1.0 1.0 1.0 1.0 1.0 1.0 1.0 1.0 1.0 1.0 1.0 1.0 1.0 1.0 1.0 1.0 1.0 1.0 1.0 1.0 1.0 1.0 1.0 1.0 1.0 1.0 1.0 1.0 1.0 1.0 1.0 1.0 1.0 1.0 1.0 1.0 1.0 1.0 1.0 1.0 1.0 1.0 1.0 1.0 1.0 1.0 1.0 1.0 1.0 1.0 1.0 1.0 1.0 1.0 1.0 1.0 1.0 1.0 1.0 1.0 1.0 1.0 1.0 1.0 1.0 1.0 1.0 1.0 1.0 1.0 1.0 1.0 1.0
5
5 11 18 40 63
4
7 29 64 88
4
24 29 42 62
7
18 27 28 60 71 88 98
7
16 23 33 62 86 95 97
7
7 16 39 43 61 71 99
6
2 33 44 51 62 83
7
7 34 55 73 88 91 92
6
17 23 53 77 87 96
5
10 15 45 71 85
7
17 19 20 37 39 56 74
3
30 45 78
5
3 4 19 55 62
3
7 46 70
6
9 29 40 42 51 97
1
47
4
17 21 27 65
7
4 12 22 41 57 60 94
4
6 10 24 28
6
2 14 20 67 68 95
5
17 50 65 88 99
3
68 75 81
7
26 35 37 48 50 92 93
7
14 19 31 37 45 60 80
7
24 28 35 69 81 87 98
5
18 33 36 92 93
5
13 14 23 38 44
3
47 67 94
4
50 54 67 71
3
34 66 83
3
71 83 100
5
58 62 85 89 93
5
82 87 89 96 100
5
8 16 18 74 82
6
9 13 72 80 83 91
4
9 20 30 50
9
13 71 80 81 83 85 87 95 99
6
29 56 59 71 81 84
6
3 15 26 31 91 93
1
91
9
10 24 43 59 78 86 90 96 100
7
12 14 67 77 82 84 90
6
5 10 13 15 81 83
5
28 40 42 76 79
5
10 33 73 78 89
1
37
5
18 63 64 70 86
7
8 19 20 26 51 57 77
8
7 14 50 58 63 88 90 97
4
36 53 81 98
