150 300
1.0 1.0 1.0 1.0 1.0 1.0 1.0 1.0 1.0 1.0 1.0 1.0 1.0 1.0 1.0 1.0 1.0 1.0 1.0 1.0 1.0 1.0 1.0 1.0 1.0 1.0 1.0 1.0 1.0 1.0 1.0 1.0 1.0 1.0 1.0 1.0 1.0 1.0 1.0 1.0 1.0 1.0 1.0 1.0 1.0 1.0 1.0 1.0 1.0 1.0 1.0 1.0 1.0 1.0 1.0 1.0 1.0 1.0 1.0 1.0 1.0 1.0 1.0 1.0 1.0 1.0 1.0 1.0 1.0 1.0 1.0 1.0 1.0 1.0 1.0 1.0 1.0 1.0 1.0 1.0 1.0 1.0 1.0 1.0 1.0 1.0 1.0 1.0 1.0 1.0 1.0 1.0 1.0 1.0 1.0 1.0 1.0 1.0 1.0 1.0 1.0 1.0 1.0 1.0 1.0 1.0 1.0 1.0 1.0 1.0 1.0 1.0 1.0 1.0 1.0 1.0 1.0 1.0 1.0 1.0 1.0 1.0 1.0 1.0 1.0 1.0 1.0 1.0 1.0 1.0 1.0 1.0 1.0 1.0 1.0 1.0 1.0 1.0 1.0 1.0 1.0 1.0 1.0 1.0 1.0 1.0 1.0 1.0 1.0 1.0 1.0 1.0 1.0 1.0 1.0 1.0 1.0 1.0 1.0 1.0 1.0 1.0 1.0 1.0 1.0 1.0 1.0 1.0 1.0 1.0 1.0 1.0 1.0 1.0 1.0 1.0 1.0 1.0 1.0 1.0 1.0 1.0 1.0 1.0 1.0 1.0 1.0 1.0 1.0 1.0 1.0 1.0 1.0 1.0 1.0 1.0 1.0 1.0 1.0 1.0 1.0 1.0 1.0 1.0 1.0 1.0 1.0 1.0 1.0 1.0 1.0 1.0 1.0 1.0 1.0 1.0 1.0 1.0 1.0 1.0 1.0 1.0 1.0 1.0 1.0 1.0 1.0 1.0 1.0 1.0 1.0 1.0 1.0 1.0 1.0 1.0 1.0 1.0 1.0 1.0 1.0 1.0 1.0 1.0 1.0 1.0 1.0 1.0 1.0 1.0 1.0 1.0 1.0 1.0 1.0 1.0 1.0 1.0 1.0 1.0 1.0 1.0 1.0 1.0 1.0 1.0 1.0 1.0 1.0 1.0 1.0 1.0 1.0 1.0 1.0 1.0 1.0 1.0 1.0 1.0 1.0 1.0 1.0 1.0 1.0 1.0 1.0 1.0 1.0 1.0 1.0 1.0 1.0 1.0 1.0 1.0 1.0 1.0 1.0 1.0
30
4 21 32 35 42 45 48 51 53 55 56 73 112 130 134 139 141 152 157 175 185 201 210 212 213 221 226 269 281 282
27
6 27 29 33 38 53 70 76 84 86 101 117 131 149 155 157 161 172 178 184 202 217 218 223 241 290 297
33
4 14 21 23 41 46 54 60 66 133 137 154 159 179 189 190 196 205 207 209 211 219 244 251 252 253 271 276 279 280 281 284 295
33
14 16 39 48 50 51 67 82 91 100 129 143 156 159 174 179 184 198 201 205 212 218 219 227 229 238 243 247 251 279 283 290 295
20
3 7 19 44 50 80 83 107 113 125 134 162 177 189 191 196 208 209 227 262
38
13 14 23 28 47 53 71 76 80 83 93 106 108 121 125 144 149 159 176 184 190 191 197 199 201 203 209 210 222 228 230 239 240 247 255 259 261 269
31
1 6 63 67 68 89 104 115 119 126 142 144 147 171 174 182 187 188 196 204 216 221 234 235 238 247 248 267 270 272 293
32
5 15 26 37 57 64 73 80 82 90 94 98 105 109 135 137 145 146 149 163 168 181 213 226 227 242 244 247 259 279 284 289
31
11 25 30 38 44 47 54 96 126 128 139 144 145 148 151 161 180 189 198 217 227 230 242 249 256 260 262 264 267 272 287
22
15 21 22 27 35 64 76 89 92 96 113 126 139 162 196 214 230 231 248 256 269 284
30
2 5 20 22 49 52 69 83 90 112 126 132 140 153 163 169 174 179 184 190 213 227 228 247 256 259 266 282 287 296
32
8 16 26 35 38 52 54 65 82 110 111 113 114 119 131 151 157 184 185 186 190 203 215 226 239 243 245 247 261 278 294 299
33
9 13 35 37 41 48 50 52 67 71 79 84 89 93 97 115 118 127 128 135 150 201 207 211 217 223 228 234 239 268 274 290 291
32
6 13 24 28 50 56 74 76 79 88 91 108 112 130 139 162 168 171 186 190 193 195 204 218 220 229 231 239 241 262 287 297
25
14 30 57 75 81 106 116 118 120 131 141 163 164 165 166 176 197 208 224 250 255 256 269 285 287
32
9 21 23 28 31 36 47 56 59 76 77 79 92 98 154 155 159 164 166 170 184 202 212 217 261 263 268 273 277 285 290 297
32
3 5 36 58 65 67 81 93 98 108 114 123 134 136 149 150 161 186 195 219 221 227 235 241 247 254 260 263 264 289 296 299
27
4 7 9 30 49 60 77 78 114 132 135 159 162 165 176 187 189 192 215 241 247 253 259 265 269 284 286
29
8 31 42 50 55 66 98 100 101 105 113 118 128 136 137 143 157 163 166 168 171 174 185 191 196 249 259 267 269
21
7 10 40 90 136 140 151 167 180 199 200 202 208 217 218 222 250 263 282 298 300
24
5 17 37 47 54 65 73 87 93 101 106 115 116 126 149 152 193 226 230 233 244 264 281 284
38
17 18 20 29 42 45 58 61 65 87 95 101 133 138 139 155 159 170 179 184 188 191 197 210 219 220 225 236 242 246 257 262 274 276 284 287 297 299
32
10 14 16 32 40 45 47 69 72 93 100 113 114 127 160 164 168 169 170 178 179 190 192 194 195 201 206 221 223 249 260 297
36
15 16 35 59 62 73 78 81 89 96 105 115 118 125 129 130 133 156 174 178 179 183 188 192 198 206 208 227 228 241 257 262 269 278 281 294
26
19 40 73 76 84 88 96 98 108 127 129 135 145 154 155 168 174 191 201 202 209 210 212 265 281 299
28
5 8 63 76 77 89 98 115 122 125 146 153 157 159 170 178 181 191 203 214 223 235 236 241 247 272 296 298
27
5 21 26 33 48 77 80 84 85 115 141 144 154 156 157 160 181 185 213 215 216 237 271 282 283 285 289
37
11 27 53 54 62 68 69 74 78 83 87 91 94 108 118 128 159 170 173 176 185 194 196 213 227 231 236 249 254 257 259 272 273 284 292 298 300
26
2 29 30 54 56 59 62 71 75 76 82 105 109 174 185 203 217 221 228 233 239 246 248 282 290 299
36
2 12 19 23 27 33 46 50 61 68 77 80 82 84 86 91 115 120 135 141 150 155 164 175 181 187 196 215 244 246 262 266 277 289 293 300
26
4 6 10 16 23 52 62 74 96 97 116 136 165 167 175 179 191 193 204 226 228 239 245 249 256 257
20
1 61 75 85 103 121 145 164 190 199 200 205 206 210 225 255 271 275 294 295
32
6 15 19 20 22 25 38 40 44 48 81 115 131 132 152 178 205 208 218 222 224 229 234 244 252 260 264 266 267 268 286 298
37
6 10 13 44 45 47 50 55 63 64 76 82 95 107 114 118 122 138 142 147 150 152 162 163 178 179 204 211 226 244 255 258 259 260 280 287 289
27
27 61 65 87 92 111 118 121 140 148 154 168 178 187 192 213 217 220 234 235 248 252 254 258 271 273 300
25
41 57 73 81 113 115 141 161 171 187 188 191 192 201 209 216 254 263 275 278 283 288 290 292 294
30
14 34 45 47 55 56 76 80 88 91 112 127 130 133 194 223 225 231 233 240 249 256 260 263 269 272 277 283 287 298
34
4 8 15 22 24 29 57 72 73 84 96 97 102 111 113 116 117 129 142 143 159 164 179 181 185 217 225 227 232 245 271 276 281 296
36
12 15 22 34 38 53 55 75 76 80 85 101 111 116 119 123 131 136 141 163 178 182 186 215 218 219 226 235 252 257 258 270 287 293 295 296
36
4 8 13 24 29 30 41 45 83 90 95 110 112 118 120 131 139 147 151 156 165 172 175 190 193 200 203 227 240 261 267 274 277 289 292 298
37
9 13 18 29 35 37 39 51 52 60 82 85 104 110 124 139 150 153 163 165 170 177 178 184 187 188 191 193 203 216 217 224 230 258 261 268 284
29
7 14 24 39 43 49 57 98 110 111 117 131 142 160 165 183 196 201 204 209 222 235 238 254 266 277 279 280 294
34
23 38 42 45 50 54 61 68 77 93 107 113 114 142 143 146 161 179 190 194 200 211 214 217 218 220 227 237 239 243 265 266 279 281
33
15 23 41 45 47 81 96 97 120 124 129 154 158 164 174 175 184 187 190 193 197 199 204 208 212 236 246 252 256 261 275 279 282
21
10 53 57 70 101 103 107 133 136 142 157 168 191 209 246 249 262 265 278 287 295
27
1 22 39 53 67 68 85 89 121 123 127 133 140 147 159 168 172 193 213 249 259 267 274 278 281 285 287
30
4 6 10 23 42 45 53 74 80 95 99 116 130 145 151 164 169 184 212 224 228 229 231 233 251 271 276 283 289 299
38
17 34 42 51 59 65 69 74 77 91 102 109 117 122 145 153 155 158 194 197 202 204 208 212 214 220 227 247 254 256 258 264 271 277 290 292 296 298
33
10 17 20 26 28 31 42 45 47 54 71 84 85 120 134 139 152 157 160 163 177 204 213 217 218 241 242 247 251 254 278 292 293
25
7 9 21 39 47 49 62 64 146 147 152 157 158 164 178 190 192 196 209 226 228 231 235 263 292
22
27 39 41 49 62 63 68 112 115 148 159 161 165 190 234 238 262 264 273 281 284 296
39
7 11 12 15 28 31 39 42 46 47 75 98 99 115 119 132 138 145 149 152 164 167 170 173 176 186 200 209 210 215 226 229 231 242 247 253 262 281 296
36
10 23 40 45 50 52 53 57 74 83 91 95 99 106 109 110 113 125 127 129 146 149 156 165 166 167 177 181 193 203 217 223 241 284 287 292
33
15 46 47 49 51 53 56 59 67 101 116 118 124 127 131 145 146 148 149 154 164 174 181 207 234 239 262 263 273 280 284 288 294
28
20 21 40 61 71 95 97 120 141 148 149 160 174 176 181 182 221 227 248 249 257 266 270 277 281 286 292 295
27
8 9 13 25 32 42 62 63 68 70 89 96 103 123 140 149 151 164 169 185 202 210 248 253 262 276 285
32
1 10 23 32 36 38 48 52 79 82 99 100 105 108 112 121 148 155 168 217 225 226 253 259 262 263 264 266 276 277 282 299
24
46 54 62 65 88 100 104 112 120 122 130 132 177 185 200 214 237 241 242 245 252 259 280 290
38
13 14 21 30 40 41 45 49 51 56 81 90 108 122 124 127 133 136 151 153 162 167 168 172 175 179 194 195 206 214 215 222 224 240 247 255 272 295
23
31 38 46 53 76 89 113 121 133 139 168 188 201 206 214 217 230 253 256 257 263 265 266
23
8 18 24 47 54 63 65 71 94 103 106 114 195 196 203 210 238 248 251 269 282 289 292
19
7 34 39 47 54 62 83 85 90 91 107 138 153 162 240 247 251 261 297
25
44 54 86 122 129 131 138 141 142 146 163 166 170 179 187 193 208 211 219 236 238 262 284 297 298
43
3 7 17 23 30 33 45 51 61 64 72 76 87 99 100 107 110 116 117 123 125 127 130 134 147 156 157 176 181 182 184 185 201 202 209 215 218 237 261 266 285 292 295
28
5 43 55 62 64 73 86 104 110 123 125 128 147 151 155 165 171 174 195 196 233 244 246 251 256 287 291 293
31
1 5 26 39 42 44 55 57 61 65 81 87 89 110 115 129 143 154 161 168 172 175 180 197 217 229 232 256 262 298 300
37
3 9 18 23 40 53 55 67 70 78 80 91 107 113 150 181 193 200 210 221 223 237 240 241 245 263 269 271 272 273 275 278 279 282 283 288 295
30
2 7 26 41 65 70 74 81 93 97 109 118 126 128 159 171 172 191 206 215 219 231 239 242 243 248 250 261 269 293
27
1 16 30 41 81 88 96 100 125 135 166 173 174 181 197 204 219 220 244 245 249 250 259 277 279 284 298
30
11 12 21 33 43 53 86 92 94 98 99 117 124 144 148 157 158 187 194 221 233 235 248 255 268 272 273 284 296 300
27
1 14 24 54 56 67 79 82 83 90 93 107 119 130 135 150 155 184 187 189 199 224 237 255 272 287 292
25
2 30 42 50 66 72 77 81 89 101 108 117 118 127 139 141 185 187 195 196 203 225 235 252 269
29
13 24 27 47 56 57 69 72 89 94 112 114 136 140 156 164 173 185 186 195 199 200 228 251 252 253 263 264 277
31
9 17 37 43 62 66 68 75 77 81 90 91 95 99 109 110 118 120 151 166 168 174 192 198 201 218 228 231 248 275 284
35
18 24 34 36 39 42 45 54 60 63 68 96 131 141 144 146 154 156 162 180 185 195 200 201 205 209 210 213 221 229 236 249 252 263 281
32
3 14 16 27 28 29 31 32 85 92 96 107 119 121 125 130 149 150 156 164 172 189 202 214 230 232 253 259 274 277 296 297
28
6 13 15 23 26 37 39 52 63 72 80 85 93 109 127 130 132 138 141 142 143 161 191 205 217 219 276 286
28
3 35 42 50 58 85 100 106 123 139 141 155 156 161 191 209 226 232 236 242 258 264 265 269 270 274 288 297
24
8 9 14 38 54 65 98 104 115 116 147 179 188 191 218 220 228 231 234 237 242 255 266 283
34
2 28 35 51 58 69 75 81 82 83 91 109 125 135 142 150 155 157 170 175 184 196 220 221 223 230 237 246 251 272 277 285 288 297
27
2 17 28 31 53 57 72 76 85 148 157 158 187 188 197 200 213 220 221 224 253 263 277 280 285 290 299
37
5 18 24 28 29 30 35 45 62 72 75 77 80 81 95 116 122 124 130 133 147 151 157 171 172 174 176 182 183 185 191 207 227 236 240 246 296
35
1 2 15 41 46 49 51 55 77 80 90 122 127 128 130 136 138 149 175 177 223 224 232 238 240 241 242 252 256 270 271 272 273 287 300
15
1 30 38 82 84 102 148 190 195 209 218 225 244 269 289
32
31 53 56 68 75 82 100 103 106 107 115 119 136 140 142 150 160 171 181 183 184 195 196 202 213 216 242 267 268 275 281 288
26
3 14 31 39 51 54 56 67 108 118 122 127 145 167 190 212 213 214 236 247 257 261 266 279 283 300
35
6 10 18 32 43 46 47 56 57 61 69 78 85 96 103 115 123 137 143 150 160 162 163 178 182 184 186 192 196 209 214 219 221 225 295
39
19 33 34 39 41 43 45 54 57 65 68 71 81 85 90 91 101 111 113 116 121 133 156 166 168 189 200 210 230 233 235 252 267 271 277 283 289 295 297
28
3 9 10 33 70 90 96 117 124 134 138 143 154 155 159 183 184 196 224 226 235 241 246 252 255 260 288 293
35
14 31 42 44 60 70 72 73 80 86 94 102 107 121 127 128 132 141 144 152 163 167 189 192 201 205 216 232 247 258 262 281 292 293 294
23
44 47 70 85 87 90 91 118 124 125 153 162 175 183 210 221 225 233 236 237 271 273 284
35
18 26 32 54 61 68 77 80 81 82 83 87 90 91 99 101 106 113 124 137 140 149 179 182 184 189 191 195 205 219 235 239 254 256 296
38
4 6 7 9 43 50 52 63 66 76 82 108 110 114 117 124 141 154 186 191 198 200 211 221 222 224 226 237 247 255 260 261 273 278 283 292 296 297
22
27 36 59 61 62 63 74 79 82 86 94 105 120 131 151 177 182 205 212 257 282 296
32
6 9 16 31 54 58 60 90 99 103 107 142 144 150 160 167 186 191 208 211 218 220 223 229 240 250 264 270 281 283 286 295
24
14 47 56 67 71 79 81 102 107 111 114 128 134 167 170 171 183 202 216 219 228 237 263 298
30
13 27 39 41 46 56 72 77 91 95 98 111 112 114 152 167 170 174 182 186 200 201 202 218 221 222 225 241 244 272
31
18 26 30 34 46 66 69 87 94 109 127 139 144 146 165 184 187 196 211 221 240 249 251 255 267 269 272 274 277 295 300
35
18 34 40 57 67 77 80 90 91 115 122 135 140 147 149 160 165 183 199 202 216 218 229 231 236 238 242 253 256 266 273 274 276 278 283
29
1 24 42 53 59 76 98 105 114 122 124 125 138 147 169 177 187 190 196 203 210 217 246 260 264 272 284 288 296
27
8 12 26 41 52 71 81 82 90 91 106 121 130 151 153 166 168 172 188 194 209 210 215 224 254 275 300
26
33 50 53 56 65 69 78 93 98 126 127 129 131 138 171 185 187 210 211 214 219 233 244 246 265 272
33
6 14 23 24 28 31 33 69 72 79 85 101 112 115 117 132 135 136 152 156 161 164 205 226 240 249 252 258 261 276 278 283 287
29
5 18 42 45 63 82 95 110 114 116 127 133 143 146 157 171 189 201 203 212 216 219 225 236 252 277 289 290 291
26
16 19 22 37 49 55 59 62 80 107 123 135 141 144 149 187 191 210 231 241 247 255 265 274 284 296
41
1 3 15 18 19 21 23 24 35 36 38 43 64 69 75 79 93 99 100 101 107 121 139 151 152 154 155 157 165 182 189 193 196 199 206 215 238 267 275 292 293
28
4 16 22 34 38 53 60 66 75 78 84 87 90 93 140 144 149 179 207 209 239 252 263 273 278 287 288 292
31
15 22 23 26 40 53 70 81 99 113 115 122 135 147 155 169 179 182 207 214 235 242 248 250 275 276 284 286 287 290 292
29
1 3 4 18 21 29 38 73 81 102 106 107 110 114 131 136 143 159 165 174 175 177 183 189 199 216 223 275 285
23
6 9 28 41 57 96 104 108 113 114 126 137 156 163 169 184 211 225 237 245 255 258 259
30
3 19 36 53 54 58 67 82 115 117 127 133 137 138 172 182 197 200 213 239 241 244 245 256 257 261 268 270 280 289
22
6 24 40 55 57 75 104 113 114 123 143 157 184 185 190 221 246 248 268 270 272 291
31
9 10 17 18 23 32 43 46 48 54 70 71 72 79 105 115 123 131 142 143 147 188 224 229 234 269 278 281 285 289 296
29
15 20 34 50 61 65 67 91 97 107 108 119 126 129 151 157 196 214 215 220 243 258 265 272 277 280 281 284 286
34
1 8 16 24 32 34 45 47 51 72 79 94 104 111 115 132 149 151 155 156 184 185 189 196 203 220 229 237 243 267 272 286 294 296
30
18 24 37 40 53 54 56 68 86 90 96 118 123 135 136 137 146 176 177 194 199 207 209 222 224 229 256 275 278 292
38
6 14 21 22 29 33 58 60 66 68 92 98 110 111 115 145 156 158 159 170 192 196 199 211 214 226 229 238 253 261 262 273 275 277 285 288 297 299
36
5 14 43 57 58 65 66 67 70 72 76 80 83 104 118 130 132 149 154 176 181 192 193 195 197 208 213 244 249 266 268 280 285 291 295 297
33
8 12 18 27 35 46 48 55 60 70 79 93 99 101 112 114 145 156 180 203 223 235 239 240 245 258 259 263 277 278 280 285 298
29
2 8 17 18 34 35 91 92 120 124 130 139 142 176 186 193 206 208 229 235 237 244 254 258 260 267 272 290 291
38
3 4 22 25 30 31 35 55 60 63 65 80 90 110 111 112 118 125 127 130 162 189 196 198 204 209 212 214 226 234 249 251 259 273 282 288 291 300
38
21 27 30 36 37 53 57 72 82 98 99 103 109 111 113 145 146 158 168 191 192 195 196 207 210 219 220 222 227 231 245 250 281 283 284 286 296 297
26
1 15 17 18 42 45 67 72 84 86 109 119 130 136 142 156 161 163 172 222 226 230 232 249 282 295
35
12 17 20 26 34 41 45 58 68 77 79 81 93 97 114 119 121 143 144 151 163 170 179 191 201 202 219 227 240 246 256 260 274 284 290
28
33 39 58 85 88 92 100 107 108 115 123 135 154 159 161 171 172 188 194 199 205 224 228 243 252 270 275 277
24
12 70 84 91 98 119 123 139 149 162 176 200 212 214 217 228 249 256 266 272 279 282 286 287
30
6 30 36 38 62 64 78 79 83 93 94 98 106 112 114 118 140 147 157 158 172 214 232 236 247 248 256 263 275 289
29
2 7 9 11 45 48 49 54 58 60 68 76 80 84 95 96 106 111 133 156 163 182 189 198 215 234 286 288 293
41
17 31 33 45 51 52 62 66 81 86 90 93 95 98 100 104 123 165 168 170 173 185 188 190 193 197 200 204 205 207 215 228 248 252 257 261 263 266 271 275 295
21
68 92 94 108 123 134 135 166 181 202 211 223 225 231 242 249 253 280 289 293 294
35
1 9 10 19 24 41 47 50 55 57 68 84 91 104 106 119 131 136 153 156 158 174 188 189 199 200 226 231 234 242 246 278 280 285 297
31
17 39 42 45 47 53 63 64 70 84 85 106 108 113 114 129 133 159 168 176 187 207 216 219 223 232 240 244 250 251 283
31
2 15 28 35 43 45 54 73 83 89 97 98 111 130 132 147 161 168 186 200 207 209 248 249 252 256 260 271 285 288 298
25
5 10 14 49 55 61 86 101 109 113 124 125 157 162 181 184 188 230 234 245 269 273 295 298 299
30
11 12 21 22 26 29 39 84 86 92 95 102 106 124 135 151 159 181 183 211 221 228 235 238 241 257 274 288 289 290
33
5 46 52 57 71 76 90 100 105 108 110 113 120 122 128 130 137 139 140 149 154 164 175 186 221 257 263 268 271 277 280 282 295
23
14 16 28 35 48 74 75 79 82 83 84 104 134 160 162 166 172 205 212 221 261 266 289
39
3 10 11 19 37 50 61 79 95 97 101 113 120 131 143 151 155 156 160 164 167 171 180 182 192 193 198 224 226 232 237 240 253 262 263 266 270 271 291
31
7 11 15 18 29 33 34 38 42 50 52 61 69 84 88 99 106 107 127 141 156 196 214 220 221 238 242 252 265 273 296
32
7 12 21 22 48 52 77 81 82 91 104 108 113 128 132 154 165 177 184 188 197 198 217 228 235 237 240 259 260 285 291 299
26
3 14 27 56 73 83 89 105 108 116 127 131 149 152 155 159 185 193 199 201 223 229 234 236 246 264
34
10 22 25 46 54 63 64 91 94 101 105 120 140 150 158 165 174 179 201 213 216 225 233 234 237 242 245 246 262 280 288 291 292 293
31
5 16 35 51 69 74 84 100 120 125 128 164 166 183 189 197 208 211 212 219 220 225 234 255 260 261 266 270 283 287 289
21
6 26 45 48 72 74 83 105 125 140 142 147 155 187 201 209 224 257 267 269 287
35
24 25 29 31 60 61 65 77 81 82 90 93 97 98 100 101 109 120 161 167 170 182 188 206 213 219 220 230 236 237 249 269 278 280 288
38
6 16 20 30 32 48 56 62 64 76 97 98 116 130 144 156 163 166 171 177 182 186 202 210 211 230 231 237 245 247 250 268 269 282 284 285 291 297
35
1 21 26 33 51 90 97 99 100 103 105 117 126 131 132 137 140 147 158 160 163 173 209 214 217 218 251 258 261 280 281 284 287 289 298
23
9 45 55 66 83 97 102 107 145 166 178 192 194 200 233 238 251 267 272 273 282 288 296
40
3 19 25 35 43 49 66 70 72 73 78 86 91 97 98 118 120 123 126 133 152 154 165 168 182 186 188 197 208 209 212 215 238 240 248 255 256 281 282 287
36
6 23 26 35 42 44 49 60 63 90 100 104 114 118 119 129 136 139 143 151 153 159 162 174 179 195 216 217 233 244 245 246 248 276 277 291
