150 300
1.0 1.0 1.0 1.0 1.0 1.0 1.0 1.0 1.0 1.0 1.0 1.0 1.0 1.0 1.0 1.0 1.0 1.0 1.0 1.0 1.0 1.0 1.0 1.0 1.0 1.0 1.0 1.0 1.0 1.0 1.0 1.0 1.0 1.0 1.0 1.0 1.0 1.0 1.0 1.0 1.0 1.0 1.0 1.0 1.0 1.0 1.0 1.0 1.0 1.0 1.0 1.0 1.0 1.0 1.0 1.0 1.0 1.0 1.0 1.0 1.0 1.0 1.0 1.0 1.0 1.0 1.0 1.0 1.0 1.0 1.0 1.0 1.0 1.0 1.0 1.0 1.0 1.0 1.0 1.0 1.0 1.0 1.0 1.0 1.0 1.0 1.0 1.0 1.0 1.0 1.0 1.0 1.0 1.0 1.0 1.0 1.0 1.0 1.0 1.0 1.0 1.0 1.0 1.0 1.0 1.0 1.0 1.0 1.0 1.0 1.0 1.0 1.0 1.0 1.0 1.0 1.0 1.0 1.0 1.0 1.0 1.0 1.0 1.0 1.0 1.0 1.0 1.0 1.0 1.0 1.0 1.0 1.0 1.0 1.0 1.0 1.0 1.0 1.0 1.0 1.0 1.0 1.0 1.0 1.0 1.0 1.0 1.0 1.0 1.0 1.0 1.0 1.0 1.0 1.0 1.0 1.0 1.0 1.0 1.0 1.0 1.0 1.0 1.0 1.0 1.0 1.0 1.0 1.0 1.0 1.0 1.0 1.0 1.0 1.0 1.0 1.0 1.0 1.0 1.0 1.0 1.0 1.0 1.0 1.0 1.0 1.0 1.0 1.0 1.0 1.0 1.0 1.0 1.0 1.0 1.0 1.0 1.0 1.0 1.0 1.0 1.0 1.0 1.0 1.0 1.0 1.0 1.0 1.0 1.0 1.0 1.0 1.0 1.0 1.0 1.0 1.0 1.0 1.0 1.0 1.0 1.0 1.0 1.0 1.0 1.0 1.0 1.0 1.0 1.0 1.0 1.0 1.0 1.0 1.0 1.0 1.0 1.0 1.0 1.0 1.0 1.0 1.0 1.0 1.0 1.0 1.0 1.0 1.0 1.0 1.0 1.0 1.0 1.0 1.0 1.0 1.0 1.0 1.0 1.0 1.0 1.0 1.0 1.0 1.0 1.0 1.0 1.0 1.0 1.0 1.0 1.0 1.0 1.0 1.0 1.0 1.0 1.0 1.0 1.0 1.0 1.0 1.0 1.0 1.0 1.0 1.0 1.0 1.0 1.0 1.0 1.0 1.0 1.0 1.0 1.0 1.0 1.0 1.0 1.0
67
2 3 4 5 10 17 22 34 36 43 46 52 58 59 64 67 69 70 73 75 78 79 86 89 93 114 120 124 125 126 127 135 136 139 141 146 153 167 171 176 181 186 188 206 213 215 221 223 224 227 228 229 233 235 236 238 240 241 250 251 258 263 265 270 274 290 293
60
13 17 20 23 26 34 35 41 56 57 59 60 61 70 77 79 81 91 97 100 102 110 112 124 129 137 142 148 153 163 171 174 184 185 192 199 201 207 216 228 232 233 235 237 239 243 244 247 248 254 256 258 259 265 270 271 284 287 288 292
66
2 6 9 10 16 19 30 31 32 42 44 49 50 51 53 56 57 62 68 74 81 83 88 89 99 110 112 129 130 132 135 136 140 148 151 153 166 176 180 181 182 183 190 191 193 197 207 217 222 232 237 240 242 251 252 255 256 264 269 271 272 274 276 282 294 298
62
4 10 11 12 13 21 31 34 42 46 48 53 55 59 65 66 78 80 81 82 92 98 99 103 108 115 116 119 134 137 141 158 159 164 167 168 170 176 194 202 203 204 211 212 214 217 219 227 228 229 238 240 244 245 248 252 268 272 284 286 289 294
59
16 22 26 43 55 56 59 61 62 66 75 77 92 97 109 118 121 122 124 125 132 136 137 146 152 157 166 168 170 174 177 179 183 193 195 197 198 207 209 212 217 218 221 227 229 233 234 250 252 262 267 270 271 279 284 286 287 288 295
66
6 9 14 17 20 23 36 42 46 57 61 64 65 69 77 86 90 92 95 101 110 115 116 117 125 130 132 134 137 144 145 149 154 155 159 161 163 169 173 175 177 187 188 200 203 206 207 214 219 223 227 247 249 258 263 265 268 270 278 283 284 288 289 292 294 296
49
8 10 29 30 41 48 59 66 70 77 104 113 117 143 148 149 152 170 173 175 176 178 186 190 201 210 211 220 226 230 234 235 238 241 247 249 251 253 256 257 258 262 272 273 277 289 294 296 299
60
3 7 8 10 14 16 18 21 22 24 26 30 33 45 48 52 54 65 69 74 83 85 88 91 94 122 125 126 136 141 142 147 149 161 162 168 183 187 189 202 208 213 216 229 231 238 248 254 255 256 261 263 266 272 277 282 283 284 288 298
60
12 13 14 20 28 31 37 47 50 56 58 59 66 81 84 90 91 94 95 105 112 115 117 119 122 127 128 140 146 147 150 155 160 162 169 173 178 183 185 195 203 204 207 210 212 225 251 253 254 255 259 260 261 277 281 287 289 292 293 300
63
7 10 18 20 25 27 37 40 49 51 58 62 63 71 81 90 93 99 112 115 118 122 124 132 135 140 147 148 150 156 161 162 165 173 176 181 194 195 196 197 199 201 202 203 207 215 217 237 240 242 244 246 251 257 263 267 268 274 275 287 289 290 296
45
15 24 26 28 34 36 42 51 55 61 71 74 80 84 88 89 92 108 115 123 126 127 130 146 151 152 161 165 181 187 194 208 212 220 221 223 227 233 246 253 255 277 285 291 292
62
12 13 18 20 21 24 32 41 42 44 66 75 90 96 97 99 100 101 102 104 107 112 127 128 133 134 141 142 143 145 160 163 172 174 181 184 186 194 197 201 202 204 211 214 216 217 222 224 231 233 240 241 242 250 258 261 267 270 271 288 291 297
62
11 20 28 29 31 42 45 49 51 61 64 67 68 70 71 78 81 83 84 86 89 93 94 101 111 113 119 128 130 133 140 148 153 155 157 161 163 164 170 174 178 181 182 184 185 189 193 200 213 225 228 231 232 241 243 250 252 274 288 292 296 298
52
9 11 32 33 36 41 46 50 52 53 58 59 69 76 81 82 84 86 90 96 101 106 108 111 121 124 127 136 139 144 153 166 169 188 196 201 206 208 222 226 228 235 237 245 247 248 261 265 276 279 280 292
66
15 23 25 28 31 33 37 38 46 47 48 55 60 74 85 86 91 93 97 98 107 120 121 124 132 136 138 139 140 146 151 154 157 159 161 163 164 165 171 186 189 195 197 198 199 209 211 220 224 228 230 234 241 243 244 247 249 251 267 268 274 278 280 282 285 299
58
1 5 24 28 36 41 46 53 56 67 68 72 74 75 80 83 84 93 98 120 126 127 130 143 153 160 167 168 180 193 194 195 203 204 209 214 219 220 222 223 224 229 231 232 233 235 239 244 250 258 260 264 273 274 286 289 292 297
61
2 5 6 13 17 20 31 32 45 49 58 62 63 70 80 82 84 86 87 89 100 102 105 110 116 130 136 139 143 145 147 151 152 166 177 179 185 188 195 201 208 210 218 221 236 240 245 246 248 254 257 262 269 272 275 278 285 286 290 293 299
74
6 13 14 16 20 33 35 38 42 46 48 51 54 56 58 63 67 70 71 75 76 80 81 82 87 89 100 107 108 113 114 116 122 124 126 129 131 137 139 140 145 148 154 155 168 169 179 180 183 189 194 195 199 205 209 215 225 238 239 242 244 246 247 251 260 261 268 271 283 284 286 289 296 300
65
4 6 13 17 20 31 32 46 48 52 66 68 74 82 84 88 93 96 97 102 120 122 131 132 133 140 145 148 152 153 155 167 171 174 175 181 183 184 185 187 193 196 197 199 200 211 212 214 228 234 235 237 246 253 254 255 256 266 271 277 278 279 292 297 298
74
22 23 25 26 29 35 38 42 45 48 55 61 63 65 66 70 72 74 79 80 88 89 92 94 96 101 106 109 113 114 123 129 131 137 145 148 149 150 159 164 166 168 178 182 189 203 204 209 211 212 215 219 221 222 226 231 232 234 248 250 253 254 256 265 272 274 280 283 288 290 292 294 297 298
69
1 2 3 6 11 12 14 15 19 23 36 42 46 48 49 50 51 57 64 66 67 68 69 71 84 92 100 102 103 105 111 112 120 126 141 143 148 153 157 165 167 174 176 182 186 187 191 197 199 201 202 204 208 212 239 244 251 252 254 262 266 270 271 272 279 281 285 294 299
65
13 14 19 24 29 31 33 35 43 57 61 67 68 79 92 95 102 105 110 115 123 124 126 136 139 144 155 158 159 160 166 173 177 187 188 189 194 197 200 204 205 210 219 220 221 222 224 229 231 234 236 238 243 248 253 256 258 262 277 279 281 286 288 291 295
61
2 7 9 19 37 38 39 40 43 44 47 52 57 58 59 63 66 73 79 81 89 90 93 96 98 118 119 134 137 138 154 169 172 176 177 178 180 184 189 194 201 202 218 224 235 239 240 243 245 246 249 251 256 264 266 269 271 278 291 294 300
58
7 24 34 38 41 42 44 52 58 60 61 63 68 78 82 85 86 88 90 91 93 97 119 127 129 133 137 141 151 153 155 156 165 170 172 174 178 185 192 195 200 202 216 221 222 223 224 225 226 232 238 240 245 249 251 261 275 294
67
1 3 4 11 12 13 14 18 23 26 30 32 37 42 66 67 69 72 76 83 87 88 103 107 111 113 122 123 124 130 133 134 136 149 157 159 160 164 174 176 184 185 188 189 190 191 198 199 208 213 219 220 230 240 243 246 249 254 262 267 268 269 285 287 296 298 299
72
4 7 9 12 15 25 27 32 41 45 57 59 62 64 67 68 73 78 79 83 92 94 95 104 108 110 111 115 122 123 125 126 127 130 132 133 134 144 149 153 173 178 182 185 186 189 194 196 198 199 200 205 213 235 243 245 247 250 251 257 269 270 271 277 278 279 285 286 287 292 293 296
60
3 4 8 10 15 16 18 24 25 28 40 43 47 48 49 50 54 61 67 70 73 75 82 94 96 100 108 109 117 129 130 137 139 140 141 145 150 151 152 165 175 186 187 190 202 204 206 214 215 219 220 233 235 251 259 263 265 268 277 285
69
6 10 17 18 27 28 42 57 67 69 72 79 89 91 95 96 99 100 120 121 124 125 134 137 138 140 147 159 161 163 166 170 171 172 173 187 191 193 203 207 210 212 214 224 225 227 229 231 232 233 236 238 243 245 246 247 248 251 253 270 272 273 276 278 281 285 292 297 299
55
2 4 6 9 11 19 20 23 24 27 29 33 35 39 45 47 50 52 68 70 71 81 88 90 102 105 107 111 114 129 142 148 167 173 176 182 188 193 198 201 202 204 212 216 217 225 234 235 242 246 252 272 279 284 299
63
1 4 9 17 19 30 31 40 43 46 49 58 72 78 81 83 84 85 88 92 105 116 118 119 120 121 128 134 142 144 157 164 166 171 180 181 195 197 198 200 203 204 205 208 210 212 213 214 222 224 234 236 237 259 260 263 266 270 273 281 283 289 295
73
11 12 14 15 16 21 22 30 32 34 35 36 38 39 49 51 53 55 57 70 77 78 80 81 86 91 94 97 114 121 122 128 130 134 136 142 143 144 152 153 160 162 165 182 186 188 191 194 196 203 205 206 212 214 216 222 227 229 237 238 243 244 248 253 255 257 264 272 276 281 283 288 296
50
5 9 10 16 35 36 37 44 49 62 63 68 71 78 81 83 95 96 102 111 117 131 135 136 138 140 147 151 152 155 156 157 168 173 187 195 196 198 199 209 215 231 232 246 249 253 272 274 285 289
56
19 29 30 31 36 38 48 52 54 57 74 79 80 86 87 96 105 108 110 119 120 121 145 146 147 148 153 165 167 171 173 174 175 177 179 185 194 195 196 201 205 209 218 219 222 223 224 233 248 249 259 271 284 285 292 294
68
1 5 6 7 8 12 13 17 22 35 56 67 72 83 89 94 95 98 99 101 106 108 110 111 115 116 117 118 119 122 129 140 142 143 159 163 164 171 172 173 174 178 180 181 187 188 191 192 194 197 202 204 219 220 221 231 244 256 258 262 273 278 281 283 285 286 289 293
46
11 15 19 22 28 38 43 45 48 49 60 68 70 90 100 114 115 122 130 134 135 136 144 147 154 158 161 162 166 168 169 170 192 218 228 230 236 238 241 250 251 252 263 281 285 292
48
3 21 30 33 46 47 50 70 87 88 89 93 97 100 106 107 110 112 125 129 134 142 143 147 162 166 169 172 185 195 201 209 216 225 230 231 235 236 239 243 250 253 268 276 278 286 295 297
49
8 18 21 23 30 31 34 45 55 58 65 75 76 77 78 91 93 117 123 133 135 138 139 140 141 145 159 161 166 170 176 183 191 193 200 201 204 211 212 214 222 250 253 256 264 270 282 288 289
61
4 7 14 16 17 24 28 32 39 43 45 51 52 54 55 59 63 64 68 69 75 76 80 81 83 104 105 110 111 113 115 121 124 139 145 146 150 157 159 165 173 184 186 189 191 192 197 203 212 218 221 225 227 229 234 236 237 247 249 264 266
55
1 2 16 17 21 28 30 34 36 41 42 44 53 58 61 62 74 82 85 96 98 106 119 131 137 155 161 163 166 179 180 181 189 196 205 210 218 235 243 245 255 260 261 266 269 271 272 273 276 281 288 291 293 294 300
59
5 10 12 16 26 29 30 42 47 51 53 61 66 67 68 70 72 77 92 98 100 109 124 126 133 141 143 144 150 151 164 170 172 173 174 198 203 208 212 213 218 220 224 228 229 240 245 246 247 252 253 254 261 267 273 276 279 288 291
50
1 5 9 10 17 18 19 36 39 40 45 48 62 67 69 74 98 115 127 132 139 140 143 146 155 156 157 158 161 163 175 176 181 183 184 198 209 213 240 244 246 258 262 263 266 269 273 274 282 287
62
1 22 29 54 57 63 75 79 81 84 89 94 96 99 103 110 112 116 121 126 129 130 142 143 145 147 153 154 160 166 170 180 185 186 201 204 205 215 217 219 220 223 226 234 238 242 245 246 247 254 255 258 260 261 272 275 278 283 292 295 298 299
61
7 12 20 22 27 28 39 43 48 50 59 63 67 68 82 84 98 99 101 106 111 113 129 141 142 148 151 154 155 158 163 169 174 184 185 190 191 192 202 206 217 231 239 242 248 250 251 252 253 255 257 264 265 268 271 273 284 290 293 296 297
54
2 3 17 21 48 59 67 70 71 73 91 105 106 107 108 109 114 119 121 124 127 129 131 133 138 141 147 150 156 161 175 185 192 193 194 206 211 212 214 227 229 237 244 255 256 257 259 260 270 275 277 280 295 299
61
9 12 21 32 42 60 64 66 67 72 88 91 92 97 101 103 108 109 115 117 123 136 144 146 147 150 152 154 158 163 164 167 168 179 183 185 202 203 210 214 225 226 231 236 242 243 246 250 252 253 254 255 258 259 262 277 279 282 288 295 298
64
4 6 10 11 20 24 28 33 35 49 50 56 59 62 67 73 76 78 79 81 91 97 104 108 110 111 115 121 123 124 136 137 142 153 156 170 172 173 177 178 183 203 204 206 209 211 220 221 222 223 224 229 230 237 243 254 256 258 268 269 279 287 292 295
64
2 3 8 12 18 28 32 42 49 65 86 90 91 92 98 103 108 109 111 119 123 126 127 129 130 139 142 147 155 160 170 181 182 190 192 195 204 211 216 217 224 226 229 232 233 237 246 247 248 249 251 253 257 259 266 267 271 277 279 287 292 294 296 300
63
1 2 6 8 15 19 26 32 38 40 41 44 60 61 64 72 75 78 81 87 88 91 94 96 97 104 105 106 116 122 125 128 132 135 141 147 149 159 164 172 175 188 192 193 195 209 214 215 221 225 229 245 252 262 263 265 270 275 280 285 286 288 295
60
1 2 3 5 7 13 16 17 24 39 45 62 70 75 81 89 95 96 101 106 111 118 123 126 131 138 144 145 155 166 170 176 177 185 190 204 210 213 226 238 239 242 243 244 246 249 251 256 263 264 268 272 273 276 279 284 287 292 293 296
62
1 6 9 12 17 20 32 39 42 43 44 49 53 60 64 66 73 75 77 81 83 96 101 103 111 113 115 125 127 129 133 134 135 140 142 143 148 151 159 160 165 167 171 182 190 197 200 201 205 208 242 243 244 248 254 258 259 262 272 286 293 294
65
11 12 23 33 35 37 43 48 50 56 61 65 66 68 73 76 77 78 79 83 86 89 96 103 116 117 122 123 129 132 133 138 143 149 152 159 161 162 170 172 180 188 189 194 197 198 202 209 214 226 231 234 242 247 250 251 254 256 259 268 269 274 281 285 291
59
12 19 33 41 45 49 50 60 66 89 92 96 107 109 114 119 121 127 132 133 140 143 145 150 151 152 166 173 178 182 183 185 188 191 197 215 217 221 223 227 246 255 257 259 261 263 267 271 274 277 278 284 285 286 287 288 292 293 299
70
1 2 6 11 12 13 23 25 28 33 35 42 46 51 53 54 59 62 63 67 70 74 78 88 95 105 108 109 110 111 117 123 127 131 138 139 145 146 154 163 164 165 169 170 178 180 182 185 195 203 206 211 212 216 217 218 222 230 232 233 240 242 244 261 262 265 266 271 274 287
74
4 7 14 18 21 22 24 36 39 47 50 59 63 68 72 74 75 87 89 90 93 98 100 101 106 121 123 126 129 131 133 147 152 158 160 163 169 171 172 175 176 181 182 185 191 193 196 203 207 214 218 219 220 221 222 223 230 232 236 242 246 247 250 254 260 262 267 271 274 277 282 285 292 299
58
1 7 15 18 19 26 28 34 65 67 71 75 88 94 96 98 118 125 126 147 149 154 159 160 179 189 191 195 198 204 209 213 215 217 222 223 228 244 249 250 258 259 260 265 266 267 270 274 275 276 279 282 283 284 287 290 294 296
58
3 5 9 15 16 23 30 31 32 36 40 58 61 62 64 66 69 70 78 79 84 87 100 105 112 113 115 134 135 136 142 143 148 155 166 174 178 181 183 191 199 202 207 208 209 213 216 234 236 237 238 250 255 256 257 258 279 287
66
1 2 5 18 19 22 29 34 35 36 38 60 64 65 68 73 76 77 84 88 96 97 100 112 126 130 135 137 140 148 156 160 162 166 167 170 173 178 184 185 186 195 197 203 208 209 210 213 217 220 223 224 228 229 234 235 236 245 246 248 256 266 269 271 282 285
57
6 8 13 41 42 46 47 53 62 71 76 88 90 95 100 108 109 111 117 119 124 128 129 131 144 146 153 166 167 174 175 185 186 192 199 202 204 217 218 224 228 229 232 233 238 239 242 247 251 252 254 267 279 283 290 291 300
51
3 4 9 14 15 20 23 27 34 42 50 64 71 73 79 101 107 108 111 113 115 126 131 134 145 146 169 177 179 181 187 188 191 196 197 204 210 214 219 231 232 233 239 247 263 266 270 286 288 290 296
59
1 9 10 17 20 21 22 38 56 59 63 65 72 74 79 83 85 87 99 101 103 104 114 116 126 128 130 132 136 151 153 161 166 170 173 179 195 199 200 207 209 216 222 227 235 244 248 249 251 268 273 275 278 279 282 287 295 298 300
69
3 8 14 16 24 26 28 33 42 43 48 49 53 59 60 70 72 76 83 87 88 92 94 97 98 106 107 108 110 116 117 126 131 132 133 136 151 153 166 168 170 172 179 183 189 194 199 207 211 215 218 219 235 236 239 240 245 247 249 253 254 256 275 285 287 293 295 296 299
44
4 20 22 27 32 41 48 51 54 55 64 72 77 82 88 96 101 102 118 128 137 138 142 144 145 158 159 169 174 185 186 189 194 201 204 218 232 237 243 249 261 277 289 294
58
13 14 22 30 35 40 55 58 73 74 79 80 85 97 101 103 104 105 106 107 108 120 125 128 135 137 141 144 149 157 158 162 168 176 180 185 188 203 205 211 215 216 217 224 230 232 234 235 248 249 250 253 256 266 271 286 287 299
63
2 3 15 21 24 29 38 39 40 46 58 60 73 77 80 83 85 86 107 112 115 117 118 124 127 129 133 134 135 141 144 145 155 162 164 169 172 176 184 186 190 191 193 194 208 212 235 238 255 256 259 261 263 265 269 270 271 273 277 281 290 296 297
63
3 7 9 12 19 21 22 27 29 35 37 47 48 50 53 55 58 61 64 66 69 72 75 77 78 94 96 102 104 114 119 127 135 140 151 155 162 163 164 168 180 187 197 198 199 209 212 213 214 217 222 224 238 240 242 247 257 261 264 265 267 271 288
51
2 7 9 11 15 17 20 41 60 65 70 71 73 75 77 108 110 135 138 140 155 165 183 185 189 193 195 197 203 206 209 212 219 222 232 233 235 236 240 242 246 250 267 268 270 272 277 279 283 284 300
59
1 19 21 22 28 36 41 47 58 66 67 68 70 71 75 78 80 95 99 103 108 111 116 135 140 141 147 151 152 158 164 175 190 195 199 201 207 210 212 215 216 218 223 233 241 242 248 249 252 264 266 268 281 283 287 291 293 294 296
56
17 19 30 48 52 60 61 69 75 87 91 92 98 100 107 111 112 117 120 137 142 144 148 153 154 155 161 166 177 180 182 188 196 197 201 203 207 208 209 212 215 216 224 225 230 237 240 255 257 260 262 268 278 291 294 297
72
3 7 9 19 24 26 29 30 31 33 36 38 40 41 48 60 63 66 67 69 70 71 74 75 84 87 92 93 96 101 103 105 109 112 127 130 133 140 141 148 150 155 156 163 165 168 173 178 179 184 185 186 187 195 200 212 213 217 226 232 237 239 244 249 251 256 258 262 280 288 290 294
61
3 13 17 18 29 31 36 38 42 44 48 55 58 61 65 68 73 76 80 83 85 92 93 100 107 109 111 112 123 132 143 145 157 159 160 163 172 173 177 182 183 188 190 193 219 220 237 241 243 246 248 255 266 267 273 274 282 285 291 298 300
52
5 17 20 21 30 38 51 58 60 65 69 77 89 99 106 111 114 116 119 135 140 145 149 151 161 170 171 182 204 210 211 215 217 220 222 224 226 231 235 237 245 249 250 254 255 258 259 276 281 283 299 300
57
4 8 9 13 15 21 24 31 39 42 43 49 55 66 72 75 79 80 91 99 102 104 112 115 119 120 124 126 128 131 149 150 151 152 157 161 165 171 189 190 191 201 204 207 211 214 224 226 228 247 251 254 259 271 286 290 298
51
9 11 16 17 20 24 37 41 43 46 52 57 75 86 87 94 98 100 107 115 122 126 135 141 152 162 164 166 173 181 183 200 210 214 218 219 221 231 233 242 254 259 261 280 284 285 292 293 295 296 297
54
2 18 20 36 54 63 79 85 88 98 101 102 103 105 110 114 115 118 121 129 137 139 156 157 158 159 171 172 175 188 192 198 202 207 209 210 213 218 225 233 236 245 248 258 261 262 267 268 271 272 273 276 281 286
62
2 11 13 16 21 37 42 43 45 46 48 52 55 56 57 58 60 63 65 68 69 77 89 91 103 106 117 126 143 144 145 146 149 157 162 163 166 167 169 179 184 193 195 197 210 222 228 231 237 241 256 269 273 275 276 279 280 282 283 289 291 296
52
1 13 20 27 37 45 46 57 58 68 70 84 87 91 92 93 97 101 103 105 107 112 115 123 124 144 151 152 153 157 165 166 169 176 181 183 184 186 189 192 197 208 215 217 243 255 259 263 265 292 294 296
64
3 11 14 15 24 25 26 27 32 35 58 63 65 81 86 87 88 93 95 96 98 101 109 110 116 117 128 130 149 153 157 168 172 186 189 194 197 198 205 207 208 209 211 212 213 214 218 220 226 234 235 236 238 252 256 268 270 275 280 282 285 290 293 300
66
3 7 12 15 17 23 32 36 46 48 57 61 64 65 67 68 69 73 74 82 100 106 116 117 122 129 138 145 146 148 154 158 163 164 170 172 174 175 176 179 184 190 202 205 210 220 222 225 226 231 236 238 245 246 249 250 254 256 259 261 265 267 268 270 272 295
62
1 2 5 6 7 9 12 20 37 44 53 66 68 71 74 75 79 82 94 95 100 103 108 109 112 120 129 130 131 132 135 140 145 148 152 157 160 163 175 179 189 204 205 210 213 220 224 231 233 244 249 254 266 269 274 278 286 288 292 294 297 299
82
3 4 6 8 14 15 16 19 22 23 24 28 34 41 45 46 55 57 58 59 65 67 68 77 78 82 84 86 94 95 101 103 104 109 111 112 113 115 117 118 126 129 134 136 141 142 145 149 156 165 169 171 173 174 175 178 180 182 187 195 205 208 210 212 214 223 229 233 240 245 248 257 259 264 265 267 268 270 286 291 294 298
51
1 3 12 27 29 36 46 47 48 64 68 73 85 98 112 114 116 122 133 142 145 146 149 150 154 171 174 180 182 185 186 189 200 201 203 205 210 215 219 231 236 239 245 254 256 260 267 268 273 274 276
58
6 16 17 22 27 31 44 47 59 63 74 75 76 79 83 84 86 88 90 93 98 100 113 118 133 137 144 150 151 161 165 166 167 170 185 187 191 194 204 211 220 226 227 229 230 240 249 251 252 262 263 275 276 283 284 290 293 300
56
2 7 8 12 21 27 33 42 43 45 49 58 61 64 66 80 83 84 87 88 90 91 102 115 118 120 140 147 153 159 162 167 170 174 179 189 202 204 206 215 227 232 242 248 257 269 273 275 276 279 281 282 283 285 286 294
67
1 2 5 10 11 12 23 26 29 30 42 47 49 50 54 57 64 68 69 70 75 81 82 83 92 94 99 104 105 108 111 113 124 136 144 150 153 169 178 182 184 191 196 198 199 201 206 208 213 217 218 222 232 234 237 239 242 250 257 268 269 271 280 291 292 294 299
66
1 3 5 6 8 9 16 20 23 25 27 39 44 45 46 48 49 52 62 63 65 68 72 77 82 83 87 89 99 101 107 115 119 124 126 139 166 173 174 175 176 181 194 209 213 219 220 228 230 234 237 238 239 242 246 253 255 256 271 272 275 279 280 291 292 299
65
1 4 10 11 13 19 24 27 39 46 48 49 50 52 54 65 72 73 77 84 95 101 105 108 109 118 125 133 135 143 147 152 161 164 165 169 175 183 193 195 198 203 208 211 214 215 223 227 229 231 238 241 245 246 257 258 261 265 271 274 276 281 286 298 299
56
3 4 16 19 21 34 39 41 48 52 59 61 71 73 74 75 80 83 89 99 103 105 109 113 117 124 135 136 137 149 160 164 165 181 184 185 186 188 192 198 200 201 204 218 227 230 235 238 244 255 260 261 269 272 281 298
45
15 23 24 25 33 34 35 40 44 52 57 67 76 85 86 92 101 103 121 124 132 150 154 157 180 189 199 219 222 223 225 229 235 238 239 270 275 279 281 287 291 294 295 296 300
63
10 13 15 17 20 27 32 35 39 51 55 58 67 73 76 77 81 83 84 86 104 109 113 120 122 123 128 129 137 138 141 144 146 149 152 156 160 161 165 173 176 182 196 198 211 213 215 217 230 234 235 241 243 246 251 258 262 272 275 277 288 289 295
57
3 7 14 16 24 25 33 40 42 53 54 72 73 88 89 90 93 100 109 122 127 136 141 149 155 159 169 172 174 177 178 188 189 190 202 205 210 227 230 231 232 234 240 242 245 250 258 263 264 267 269 272 274 280 289 298 299
59
4 13 15 16 17 29 30 37 39 50 54 56 60 61 64 66 71 77 79 88 100 111 112 115 116 117 122 129 149 171 172 175 182 185 186 189 190 193 201 205 206 214 215 222 223 227 229 231 239 243 244 251 260 263 264 276 277 278 281
61
3 13 16 20 24 53 61 63 65 70 72 75 76 77 80 81 92 107 110 114 115 116 123 124 127 128 141 152 154 160 162 169 173 189 193 197 199 204 220 227 231 238 242 245 260 261 262 263 264 270 274 277 279 280 281 282 286 287 297 299 300
53
1 2 3 4 11 17 26 27 34 35 50 53 60 65 70 77 91 94 95 96 102 106 108 109 119 126 128 129 133 136 139 160 165 166 169 172 182 184 195 206 211 213 221 229 231 260 263 266 269 295 297 299 300
56
4 6 8 10 22 23 27 32 40 43 46 48 49 50 58 80 81 84 87 89 95 96 97 110 124 126 127 129 131 135 143 149 150 153 156 160 168 185 195 196 205 217 230 235 239 240 244 253 259 262 267 273 288 293 294 295
49
6 11 14 29 30 33 37 40 53 56 65 68 71 85 94 128 130 132 135 141 152 158 163 181 184 193 195 196 217 218 222 223 224 228 233 234 235 236 239 241 247 253 269 275 277 282 286 294 296
57
3 6 15 26 39 46 61 63 70 76 81 91 92 93 96 98 99 106 108 118 119 122 123 124 133 138 140 151 156 166 168 190 193 196 211 212 213 214 220 232 234 241 243 247 250 259 260 261 263 272 276 277 283 291 297 298 299
53
15 16 18 25 26 30 36 61 64 65 74 81 91 94 100 104 108 110 116 120 122 128 140 142 147 152 159 162 175 182 190 193 195 205 212 213 214 222 223 232 236 241 254 256 258 264 267 271 276 284 288 290 296
54
1 29 42 45 51 58 69 70 76 77 79 80 91 98 99 105 110 111 115 125 130 133 135 140 142 144 147 149 153 158 175 178 182 188 192 202 206 207 211 229 230 238 243 245 248 250 254 271 272 279 280 286 295 297
49
9 21 25 26 28 40 42 48 58 62 77 78 84 85 88 97 109 113 116 118 137 140 141 142 156 164 169 193 202 207 219 220 224 228 230 232 237 238 241 242 251 252 259 261 264 265 266 268 287
67
2 4 5 11 13 14 21 28 30 34 41 43 45 48 53 58 62 63 67 71 72 81 87 94 96 101 105 113 136 138 142 152 154 158 161 162 166 171 175 191 199 203 205 206 213 222 223 224 229 233 234 246 248 250 252 258 260 262 263 266 277 281 287 289 295 298 300
45
1 26 33 45 48 61 63 64 68 71 74 76 86 91 104 105 112 116 120 127 133 147 164 165 168 177 189 190 204 211 232 233 234 239 240 245 252 254 263 266 271 274 280 293 294
62
13 16 25 29 34 36 38 45 47 52 62 78 80 85 87 88 91 92 93 97 100 101 103 117 124 129 130 133 145 153 154 161 167 178 179 186 190 191 194 195 196 197 202 205 218 220 222 231 235 236 246 249 261 264 265 270 271 274 283 297 299 300
68
3 8 10 14 18 21 25 34 41 44 46 52 55 59 60 61 63 73 77 78 79 89 91 98 99 103 109 110 124 132 139 142 146 149 150 154 156 159 160 164 165 166 173 178 179 180 181 196 198 199 201 215 227 229 236 238 245 249 260 261 264 266 277 280 290 291 294 295
61
1 3 14 15 17 25 37 48 52 54 61 63 76 95 96 97 98 106 113 114 117 129 139 141 145 149 152 153 155 156 161 162 163 166 172 180 182 183 189 190 202 203 206 210 213 218 219 220 231 232 252 253 267 270 272 274 275 282 286 288 298
64
5 10 11 16 17 18 22 23 25 28 30 34 37 53 54 58 62 69 71 72 76 84 85 87 93 98 102 107 109 112 121 122 124 131 140 144 153 164 172 174 182 189 195 201 206 213 214 216 217 223 229 232 247 253 260 266 273 274 277 282 283 297 298 299
71
11 18 20 23 26 29 34 43 46 49 56 57 58 60 63 66 67 71 73 75 83 85 86 95 96 97 100 107 112 119 121 128 129 130 135 142 143 155 160 165 170 172 174 177 182 185 187 188 189 195 203 206 208 213 215 219 228 232 237 241 243 245 246 250 258 270 280 281 285 286 296
76
2 11 12 15 19 22 23 24 25 29 30 37 41 57 58 59 60 61 68 81 89 90 98 100 112 113 116 122 127 139 143 144 146 154 159 161 162 165 167 168 169 173 175 178 179 180 181 187 189 196 200 204 211 213 216 218 222 226 227 231 234 237 240 243 247 248 256 261 265 274 277 280 283 285 290 291
53
6 15 22 27 28 31 38 41 62 72 74 79 85 88 91 103 109 123 128 131 135 140 141 148 150 153 154 164 167 171 172 178 185 187 189 193 199 205 212 214 215 221 222 230 236 238 253 263 283 288 297 299 300
81
2 8 11 23 29 30 31 32 34 35 40 44 51 61 63 65 67 71 72 73 77 78 81 82 84 93 97 100 102 105 111 112 115 116 117 118 122 123 128 130 136 140 141 146 157 162 163 167 171 173 180 188 194 197 199 203 204 205 213 220 229 231 235 237 241 247 249 253 254 256 259 262 263 264 269 276 278 288 291 294 299
63
4 5 29 33 36 43 53 55 63 65 70 79 90 92 96 101 103 119 122 130 134 136 145 147 149 153 156 158 160 161 163 171 173 180 183 191 194 206 207 209 212 219 229 235 239 243 253 256 259 262 263 265 266 267 268 270 272 277 278 279 289 294 300
66
4 8 10 12 14 22 30 32 34 36 39 40 51 54 55 64 65 72 73 75 79 83 93 96 101 103 105 107 114 116 118 120 123 133 135 136 144 147 150 152 153 156 163 168 173 184 196 198 199 200 203 212 217 218 220 229 231 235 240 247 262 268 275 281 285 299
49
11 12 13 16 29 41 47 51 56 59 65 68 71 76 81 83 86 94 104 108 113 130 135 138 153 154 155 157 168 176 177 184 194 206 207 219 220 226 228 234 236 237 245 277 282 286 290 291 299
74
1 6 12 14 18 21 26 31 34 35 36 39 44 45 49 53 59 64 73 83 92 95 96 99 100 105 107 109 110 114 132 134 137 138 140 141 144 146 152 154 155 165 166 169 173 177 181 186 191 196 201 204 206 213 228 232 233 241 245 252 264 265 266 269 270 271 272 277 282 283 284 285 294 297
54
12 17 21 23 36 39 51 55 59 63 64 71 85 88 95 97 100 103 109 111 118 123 138 139 142 145 150 156 157 159 166 167 168 169 193 199 211 212 218 229 235 242 253 256 257 262 266 268 272 276 277 286 294 295
62
8 9 13 16 25 28 30 31 40 41 46 50 53 60 65 69 78 79 82 88 89 91 92 101 119 120 121 126 127 140 151 156 157 158 170 174 175 177 180 196 201 202 205 206 208 216 218 219 232 235 236 246 250 258 264 274 277 285 291 292 295 296
69
3 5 12 13 17 18 21 25 28 41 43 49 50 57 58 62 68 75 76 77 78 79 82 84 89 90 94 96 103 105 111 119 122 123 128 130 135 138 144 146 152 156 178 181 182 183 189 202 212 215 220 222 227 231 242 243 246 249 251 253 254 255 256 257 261 265 271 288 297
64
18 30 31 37 44 51 56 69 70 83 86 96 99 108 109 111 117 119 125 127 128 131 138 148 149 157 163 165 172 177 184 186 188 192 194 198 202 203 206 211 212 213 218 220 222 224 226 233 238 242 244 246 250 253 256 257 260 266 267 268 270 279 294 297
68
2 6 8 10 12 15 16 24 26 29 30 35 38 46 49 54 55 62 64 69 82 85 93 94 97 98 100 107 114 115 119 121 122 134 138 139 147 149 150 151 153 162 167 169 171 181 188 196 198 210 215 216 217 222 239 240 243 248 249 253 261 273 277 283 288 292 296 299
65
4 6 8 10 11 21 28 33 34 39 40 41 48 51 52 54 56 61 73 75 80 82 88 92 104 108 112 116 121 122 139 153 159 161 164 165 166 175 179 181 184 187 188 190 194 200 209 213 224 225 234 241 245 247 250 252 258 268 274 276 277 289 290 294 300
64
5 6 20 24 26 27 33 42 44 48 52 53 61 75 76 85 88 95 99 107 115 121 122 126 127 134 135 137 146 154 162 167 169 174 188 190 194 198 199 200 203 204 206 219 229 237 239 245 251 252 255 259 261 263 267 273 274 275 278 283 290 292 293 296
66
1 5 8 16 27 28 29 30 35 39 42 59 62 65 68 75 77 80 82 85 105 122 131 134 142 145 146 148 152 155 162 164 169 170 173 176 188 191 199 205 206 207 209 215 216 218 222 228 235 236 237 244 245 252 258 260 263 270 272 276 279 282 295 296 297 300
73
1 7 8 14 16 20 26 29 31 34 44 49 53 54 63 65 66 67 81 82 88 89 95 99 102 112 116 118 125 130 131 132 134 146 154 160 162 175 181 182 183 189 195 196 203 204 209 214 216 217 225 229 230 231 235 239 241 244 253 258 261 264 267 268 271 273 274 279 284 286 295 296 300
71
5 6 7 9 13 15 21 23 24 27 32 34 39 40 46 47 49 52 54 63 64 66 68 81 83 86 90 91 92 96 101 107 108 109 115 117 121 132 136 143 145 160 169 177 178 192 198 202 210 212 216 222 232 238 239 240 248 250 253 258 260 261 265 266 280 281 285 286 291 297 298
59
1 18 19 20 24 28 35 36 39 54 56 58 61 65 69 78 79 92 95 107 109 120 125 138 147 148 152 158 160 169 172 173 174 178 181 183 186 188 192 206 208 213 215 219 220 228 241 246 247 252 254 255 261 265 273 276 283 287 300
49
10 11 12 19 23 26 61 65 79 82 91 92 94 95 96 106 108 124 134 152 156 162 168 169 185 186 188 190 193 198 205 206 209 211 214 225 227 230 240 242 246 251 265 267 274 291 294 298 299
57
1 6 10 12 15 24 25 26 27 28 39 49 53 55 57 64 67 79 82 88 103 110 114 120 126 131 136 137 140 173 177 178 179 187 196 203 211 213 225 228 231 235 237 238 240 242 250 254 261 272 281 282 283 284 285 293 296
55
6 10 14 30 36 37 38 39 44 46 57 61 65 67 73 80 86 88 91 94 103 117 119 130 138 156 159 168 179 184 185 200 204 206 208 209 216 218 219 221 227 228 243 244 248 249 252 264 267 274 278 280 285 288 291
56
1 3 7 8 10 16 18 20 22 26 27 31 32 38 41 45 50 55 59 72 73 83 84 88 91 96 110 123 130 131 132 138 147 160 176 187 189 192 198 199 200 203 211 214 218 221 223 227 235 237 258 260 267 277 283 292
60
6 8 17 22 25 27 32 33 35 38 42 45 46 48 56 59 72 74 80 83 86 89 96 97 103 108 110 111 121 134 143 144 145 149 154 155 162 170 175 176 181 185 186 195 201 210 211 213 217 231 236 240 242 248 254 264 279 282 298 299
57
1 4 12 26 37 45 47 49 60 62 65 69 70 74 77 86 97 98 109 111 117 118 123 129 132 135 155 160 163 164 165 167 171 177 179 184 185 192 194 196 201 206 210 221 227 236 237 238 242 258 260 262 276 277 282 284 290
51
5 6 32 34 40 47 55 61 62 66 73 74 75 81 89 92 93 103 109 122 129 143 144 146 149 164 165 166 174 182 187 195 202 204 205 211 225 227 233 236 242 245 246 247 270 273 274 278 287 291 292
66
3 10 22 27 30 44 50 59 61 65 68 69 74 76 81 82 87 89 90 92 93 101 105 109 122 125 129 131 132 157 159 160 163 167 179 181 183 187 190 194 197 200 201 206 208 213 224 225 226 227 229 237 239 243 248 250 257 264 265 266 267 277 280 286 297 299
53
4 13 28 33 36 46 49 52 55 57 58 74 76 79 83 97 98 107 113 120 121 136 157 159 162 163 184 185 186 187 204 205 207 212 213 215 219 226 231 232 240 242 244 249 253 260 270 273 277 280 293 294 296
75
4 12 17 21 22 23 24 25 26 27 30 40 42 49 52 53 57 60 66 69 70 81 82 86 89 111 113 116 121 125 141 145 148 151 153 160 161 165 172 173 182 183 186 189 192 197 199 201 205 209 211 213 221 222 224 225 230 234 236 244 246 247 250 257 266 268 271 274 276 280 284 287 290 292 296
61
6 10 18 19 26 28 29 30 32 33 36 46 48 67 68 76 82 84 93 94 99 100 105 106 114 119 128 129 130 136 140 149 151 153 154 157 165 166 181 182 184 191 192 204 221 223 225 230 238 239 244 245 248 252 256 257 267 294 295 297 300
55
7 9 15 16 25 28 31 34 40 50 53 55 57 58 65 69 73 77 85 89 92 94 114 116 117 123 130 133 142 144 167 173 176 178 195 202 212 217 234 236 237 239 240 254 255 263 265 267 269 274 275 282 284 296 297
64
1 3 8 22 25 26 29 41 43 47 50 63 67 76 77 83 88 92 93 105 111 115 125 128 135 144 158 159 165 171 172 173 175 187 192 193 195 203 204 205 206 207 209 211 216 218 229 231 234 235 253 261 263 268 274 277 278 282 285 286 287 289 290 291
68
4 15 18 20 23 29 35 41 45 61 71 74 83 84 92 97 108 112 116 122 125 126 141 142 147 149 152 159 163 165 166 168 169 174 178 179 183 184 186 187 192 197 201 203 207 211 217 227 235 236 244 247 250 251 252 254 255 257 260 261 262 263 264 282 284 286 290 294
56
1 13 25 34 35 37 41 46 52 53 62 63 70 85 86 87 90 95 101 103 123 128 132 139 140 141 150 153 154 160 162 168 170 178 184 189 190 194 197 206 212 232 236 241 243 245 247 253 257 261 271 274 275 285 295 299
63
2 4 6 7 11 12 13 19 35 38 40 44 50 51 58 60 64 67 70 72 77 81 82 95 98 105 107 127 128 134 137 143 144 149 151 167 175 177 181 183 185 188 191 192 193 195 200 203 219 225 230 232 233 234 237 242 244 253 278 284 287 293 294
62
6 12 20 24 25 26 29 35 37 45 46 58 62 78 82 87 89 91 92 93 94 96 98 108 110 113 116 122 125 132 135 136 146 147 148 150 152 158 159 164 169 184 185 186 195 207 216 218 219 222 230 235 238 240 252 268 269 272 274 287 292 299
67
3 4 7 8 10 11 12 13 15 20 29 34 35 49 53 54 58 62 66 72 78 79 81 83 87 88 90 99 126 129 132 135 137 143 144 148 151 153 167 171 175 191 198 201 205 207 208 219 224 234 236 237 242 253 257 260 266 267 268 269 270 280 284 287 292 295 299
50
3 16 25 27 29 32 47 49 54 56 69 75 76 79 88 93 98 101 104 110 117 126 134 148 155 156 169 186 187 192 196 207 215 217 218 219 223 225 230 237 238 241 246 255 267 269 270 271 299 300
62
4 12 14 17 20 22 37 38 52 61 63 68 73 78 81 82 85 88 97 101 110 117 119 120 122 125 126 131 137 140 142 148 149 154 156 164 178 180 182 187 188 192 207 235 239 242 243 251 252 253 254 259 262 264 266 270 272 275 279 283 289 299
51
8 18 24 34 35 37 41 47 58 59 71 83 85 86 91 92 93 105 117 118 124 131 134 135 143 152 157 161 169 171 179 194 201 206 210 213 227 231 235 244 245 247 259 260 264 270 275 277 284 292 294
58
3 5 9 12 16 19 22 35 36 41 45 62 64 71 74 82 85 89 93 95 100 119 122 125 142 149 151 157 160 162 164 167 168 170 171 181 183 185 189 198 206 208 209 218 236 238 239 243 246 254 260 270 271 275 278 279 286 292
61
1 4 11 16 23 24 28 31 35 36 39 40 50 63 64 65 69 73 85 86 88 102 103 113 120 127 129 136 138 149 153 155 156 157 158 162 166 168 177 179 188 198 202 205 215 224 225 228 230 239 251 253 261 262 264 266 267 274 277 279 300
69
2 7 16 19 23 26 29 37 42 45 50 56 58 59 61 62 67 72 77 88 100 102 111 112 116 117 119 127 130 135 136 141 142 145 147 150 151 154 157 158 159 160 161 163 171 175 179 184 186 197 204 210 217 221 231 255 258 260 267 268 269 275 276 278 282 283 296 299 300
56
1 8 9 18 19 28 36 37 44 46 50 51 53 54 58 59 63 68 82 86 95 98 110 113 119 125 130 131 135 142 152 155 167 171 174 175 183 184 185 200 215 230 236 239 243 246 247 251 254 266 267 271 274 280 284 294
52
3 23 25 35 37 39 48 52 54 57 60 62 67 74 89 91 105 110 115 116 119 120 122 123 127 134 138 148 168 175 177 190 194 195 196 204 220 223 226 228 234 256 261 263 267 269 273 275 285 289 291 295
