100 200
1.0 1.0 1.0 1.0 1.0 1.0 1.0 1.0 1.0 1.0 1.0 1.0 1.0 1.0 1.0 1.0 1.0 1.0 1.0 1.0 1.0 1.0 1.0 1.0 1.0 1.0 1.0 1.0 1.0 1.0 1.0 1.0 1.0 1.0 1.0 1.0 1.0 1.0 1.0 1.0 1.0 1.0 1.0 1.0 1.0 1.0 1.0 1.0 1.0 1.0 1.0 1.0 1.0 1.0 1.0 1.0 1.0 1.0 1.0 1.0 1.0 1.0 1.0 1.0 1.0 1.0 1.0 1.0 1.0 1.0 1.0 1.0 1.0 1.0 1.0 1.0 1.0 1.0 1.0 1.0 1.0 1.0 1.0 1.0 1.0 1.0 1.0 1.0 1.0 1.0 1.0 1.0 1.0 1.0 1.0 1.0 1.0 1.0 1.0 1.0 1.0 1.0 1.0 1.0 1.0 1.0 1.0 1.0 1.0 1.0 1.0 1.0 1.0 1.0 1.0 1.0 1.0 1.0 1.0 1.0 1.0 1.0 1.0 1.0 1.0 1.0 1.0 1.0 1.0 1.0 1.0 1.0 1.0 1.0 1.0 1.0 1.0 1.0 1.0 1.0 1.0 1.0 1.0 1.0 1.0 1.0 1.0 1.0 1.0 1.0 1.0 1.0 1.0 1.0 1.0 1.0 1.0 1.0 1.0 1.0 1.0 1.0 1.0 1.0 1.0 1.0 1.0 1.0 1.0 1.0 1.0 1.0 1.0 1.0 1.0 1.0 1.0 1.0 1.0 1.0 1.0 1.0 1.0 1.0 1.0 1.0 1.0 1.0 1.0 1.0 1.0 1.0 1.0 1.0 1.0 1.0 1.0 1.0 1.0 1.0
19
12 46 64 67 93 101 117 118 131 133 134 135 139 145 147 177 179 192 193
20
3 30 36 44 53 55 59 66 88 100 114 116 120 124 136 138 140 144 178 190
19
6 9 11 26 30 58 73 88 93 123 129 133 139 140 141 171 174 188 193
15
16 19 24 38 45 52 56 77 94 107 139 145 160 173 194
15
24 26 32 43 54 58 91 114 129 132 137 139 155 158 196
16
5 14 31 32 34 42 46 59 103 133 137 163 189 194 195 199
25
6 8 19 26 29 32 34 35 49 52 66 71 82 93 100 102 105 112 118 127 137 166 190 192 193
12
11 18 29 33 43 74 116 118 123 178 179 188
23
12 19 29 65 67 71 72 79 98 103 109 119 120 128 146 158 164 166 171 172 184 192 196
19
2 4 18 64 66 80 92 101 104 107 144 163 165 175 176 177 178 180 193
31
4 8 10 17 19 26 28 35 53 54 73 79 87 90 92 107 118 125 126 129 134 138 145 146 148 149 163 169 179 188 198
25
4 9 15 42 44 47 48 53 54 55 64 65 79 86 92 111 120 125 129 143 152 177 179 180 196
18
13 18 61 73 85 91 113 123 146 151 154 156 169 181 185 187 196 200
19
1 6 21 25 48 84 98 101 111 119 123 124 125 165 167 177 181 191 194
15
4 8 20 31 55 75 81 82 87 95 124 128 160 165 181
21
3 23 39 40 61 73 89 101 114 117 118 130 138 142 155 166 171 174 185 186 190
22
11 23 25 26 36 42 46 58 65 69 72 76 80 91 117 139 142 172 176 183 195 197
26
6 9 16 21 25 40 42 44 49 51 65 75 82 91 104 108 115 119 142 149 156 161 163 171 177 191
16
6 8 53 64 73 95 96 104 115 117 126 133 141 149 182 192
18
27 29 34 36 56 72 80 84 93 99 123 127 134 135 138 153 158 164
21
11 21 27 46 50 72 85 94 96 102 109 114 126 129 130 135 144 145 182 184 192
23
6 9 19 20 35 38 41 43 46 48 63 83 85 87 103 104 114 119 141 157 168 176 180
23
6 14 23 31 59 67 71 79 81 83 95 97 117 119 134 140 152 161 164 172 177 183 196
20
19 33 35 36 43 50 56 58 65 66 76 85 87 105 112 135 136 149 180 184
22
15 20 21 28 29 48 50 59 60 62 73 75 76 79 115 119 122 124 157 160 167 169
15
18 20 27 33 42 48 49 83 115 146 154 156 158 171 184
25
31 34 47 57 61 84 90 92 103 111 129 130 135 136 143 144 148 152 158 162 169 189 195 197 199
27
8 11 17 23 38 40 41 42 45 46 48 52 67 83 88 92 94 101 110 111 128 133 141 151 180 186 187
20
2 9 28 32 34 37 50 74 99 101 117 138 158 159 168 169 180 182 193 199
27
2 5 13 15 33 37 42 51 62 64 79 90 111 122 124 128 129 131 135 145 152 155 156 164 184 191 197
19
4 21 23 27 34 37 50 73 77 82 118 133 147 158 168 174 184 186 199
25
4 15 23 24 32 34 35 36 44 47 52 63 69 72 74 78 98 103 125 134 136 138 174 184 200
18
12 15 16 18 22 41 44 46 51 64 77 86 97 146 156 172 173 180
17
31 33 42 46 60 63 73 82 118 128 129 151 172 184 194 195 197
18
15 18 20 28 59 72 81 84 94 105 107 123 126 134 141 171 192 196
22
17 20 28 31 32 43 49 50 52 67 85 101 103 107 108 120 121 141 153 170 174 184
19
8 28 33 35 40 47 49 58 66 83 137 146 151 183 187 190 197 198 199
29
2 11 12 22 25 29 33 42 60 64 76 77 90 93 97 102 110 126 127 128 143 162 168 177 179 182 187 191 194
13
1 18 31 41 66 77 78 92 156 162 164 194 198
20
10 12 39 43 55 80 86 89 91 104 106 115 117 134 135 162 165 177 181 194
20
15 18 27 43 69 77 92 96 102 114 117 119 129 141 142 145 146 148 189 193
18
15 21 34 37 50 59 77 80 84 89 91 93 112 118 121 166 181 187
19
14 18 31 36 37 42 47 48 52 54 55 124 126 134 141 153 177 179 180
20
7 8 24 30 33 36 37 47 55 58 72 86 98 106 121 131 148 170 191 200
28
9 12 27 30 38 41 59 68 72 77 80 85 95 109 116 128 129 132 135 140 141 147 149 153 154 162 177 180
26
2 3 16 17 41 61 66 68 73 93 95 101 110 111 114 116 119 128 139 151 154 168 170 172 188 191
23
4 22 32 33 45 62 74 76 83 100 103 117 123 125 127 147 151 152 161 170 178 182 192
23
4 12 42 49 62 66 67 73 98 105 106 108 113 120 122 125 127 132 145 170 176 187 196
21
6 13 14 18 19 37 56 57 63 68 78 92 96 107 115 120 125 131 162 191 199
25
10 29 31 33 38 51 52 58 63 65 66 80 81 96 98 101 105 110 117 119 125 128 154 166 170
32
23 26 32 39 44 47 55 57 60 62 72 76 78 81 93 115 119 123 130 141 151 160 162 168 172 173 174 182 185 186 189 196
18
2 21 31 45 50 67 81 83 86 92 108 139 143 156 159 171 173 198
21
16 32 37 43 46 48 57 69 93 99 109 137 138 158 163 169 175 180 186 188 189
21
22 35 36 46 59 84 90 101 107 111 116 132 143 149 151 157 158 166 171 174 175
10
12 46 68 73 81 130 146 153 193 200
25
8 9 16 21 33 47 56 74 81 87 92 109 113 115 120 135 143 146 155 166 174 181 185 187 189
16
7 10 16 17 29 61 83 86 88 146 153 163 176 181 182 198
18
11 48 62 79 90 111 120 121 146 150 162 163 167 174 175 187 189 192
24
2 24 26 38 56 87 89 101 103 126 137 143 161 165 169 171 179 185 188 189 191 192 193 195
25
10 13 20 47 51 53 60 92 102 103 106 109 115 118 132 134 139 144 156 160 170 174 182 186 194
23
4 15 16 28 34 38 40 72 79 87 92 93 94 98 102 130 158 160 170 177 180 189 195
14
6 10 23 30 95 118 127 131 132 137 143 155 167 169
25
4 9 47 53 69 71 73 77 89 96 110 114 115 117 122 123 131 135 140 143 146 152 163 188 195
27
3 11 16 23 24 27 42 43 47 52 65 70 74 82 87 101 107 110 115 119 141 143 148 166 168 175 198
28
1 2 3 5 11 12 17 18 19 35 41 46 63 67 68 69 86 88 98 105 135 161 169 170 171 179 182 195
17
25 33 46 52 66 70 80 111 123 125 131 136 142 153 170 171 186
24
18 20 27 36 54 55 62 63 73 74 81 84 109 127 133 148 171 178 185 187 191 195 196 197
21
3 11 18 27 61 81 86 96 97 99 104 129 135 143 157 160 165 171 179 180 190
20
6 10 34 40 41 44 52 57 65 69 74 79 88 89 144 158 168 180 187 197
24
27 40 42 68 69 77 81 87 88 92 100 101 115 128 129 132 142 149 168 177 180 189 194 197
19
6 8 15 17 49 54 63 74 98 105 110 135 156 162 166 171 182 191 192
21
13 16 30 33 42 50 63 66 68 69 72 85 111 130 149 155 156 163 171 184 185
22
22 27 29 32 38 45 61 63 72 76 89 111 114 117 133 140 159 171 173 185 188 197
14
37 67 88 109 119 121 135 140 163 164 165 186 190 194
25
4 11 16 21 30 44 62 63 68 73 76 88 89 94 112 114 149 161 172 176 182 194 195 198 200
19
1 10 18 22 26 27 44 94 95 96 98 113 120 126 138 150 181 182 189
25
25 34 44 45 53 56 75 78 91 93 109 122 133 136 137 139 141 152 159 164 168 179 180 195 196
14
40 45 75 79 108 144 154 155 160 161 165 166 184 194
24
2 24 36 40 41 45 49 61 64 66 77 92 106 109 139 151 156 162 164 170 171 192 194 198
24
7 28 44 45 61 69 77 78 82 88 89 93 96 106 107 129 137 138 155 157 167 173 194 196
30
1 8 12 30 33 41 50 69 72 85 102 111 120 127 129 136 142 144 147 150 151 153 154 159 165 167 168 173 174 177
23
20 40 56 70 80 98 130 131 134 140 142 148 149 151 154 159 171 173 177 182 184 189 194
28
2 15 24 27 33 35 38 40 47 54 66 67 72 80 81 90 100 132 146 152 155 159 166 171 174 175 185 198
13
2 16 22 82 125 136 146 158 161 164 177 184 185
18
15 24 36 45 69 87 93 94 97 102 129 131 137 144 148 163 180 198
25
6 26 30 35 41 45 56 58 73 76 78 88 95 98 104 106 107 114 117 123 140 149 161 184 190
19
4 15 77 84 86 88 116 118 134 135 136 143 147 155 170 171 182 192 195
21
23 30 34 35 40 46 49 55 89 95 100 108 110 127 133 135 142 157 175 185 190
15
1 10 15 16 31 33 72 84 86 98 116 152 164 166 184
20
11 12 22 32 40 43 53 63 89 91 108 111 121 143 154 161 179 182 190 197
22
14 27 28 35 38 39 42 48 58 63 80 81 97 102 113 123 129 133 150 158 175 184
18
27 34 40 56 62 116 129 130 133 140 146 151 157 163 171 173 189 198
23
1 20 21 30 43 57 59 65 76 78 91 92 97 100 102 115 119 126 128 167 168 170 184
20
9 40 49 78 81 89 92 102 110 115 116 124 149 150 161 164 165 170 187 196
22
3 9 24 52 53 67 75 80 110 111 116 124 125 139 150 159 161 165 178 190 192 194
12
2 12 24 50 64 98 122 141 146 168 171 194
20
5 15 18 23 64 67 78 80 91 113 131 133 148 151 156 161 170 173 180 191
24
6 11 18 19 24 28 29 40 43 46 59 71 76 80 96 103 168 174 179 180 182 183 195 196
20
12 14 19 24 27 32 35 40 43 51 59 62 65 70 102 123 134 175 183 197
28
13 24 55 60 61 70 75 81 85 87 101 102 104 110 112 118 122 124 129 135 139 155 170 178 182 194 195 198
