100 200
1.0 1.0 1.0 1.0 1.0 1.0 1.0 1.0 1.0 1.0 1.0 1.0 1.0 1.0 1.0 1.0 1.0 1.0 1.0 1.0 1.0 1.0 1.0 1.0 1.0 1.0 1.0 1.0 1.0 1.0 1.0 1.0 1.0 1.0 1.0 1.0 1.0 1.0 1.0 1.0 1.0 1.0 1.0 1.0 1.0 1.0 1.0 1.0 1.0 1.0 1.0 1.0 1.0 1.0 1.0 1.0 1.0 1.0 1.0 1.0 1.0 1.0 1.0 1.0 1.0 1.0 1.0 1.0 1.0 1.0 1.0 1.0 1.0 1.0 1.0 1.0 1.0 1.0 1.0 1.0 1.0 1.0 1.0 1.0 1.0 1.0 1.0 1.0 1.0 1.0 1.0 1.0 1.0 1.0 1.0 1.0 1.0 1.0 1.0 1.0 1.0 1.0 1.0 1.0 1.0 1.0 1.0 1.0 1.0 1.0 1.0 1.0 1.0 1.0 1.0 1.0 1.0 1.0 1.0 1.0 1.0 1.0 1.0 1.0 1.0 1.0 1.0 1.0 1.0 1.0 1.0 1.0 1.0 1.0 1.0 1.0 1.0 1.0 1.0 1.0 1.0 1.0 1.0 1.0 1.0 1.0 1.0 1.0 1.0 1.0 1.0 1.0 1.0 1.0 1.0 1.0 1.0 1.0 1.0 1.0 1.0 1.0 1.0 1.0 1.0 1.0 1.0 1.0 1.0 1.0 1.0 1.0 1.0 1.0 1.0 1.0 1.0 1.0 1.0 1.0 1.0 1.0 1.0 1.0 1.0 1.0 1.0 1.0 1.0 1.0 1.0 1.0 1.0 1.0 1.0 1.0 1.0 1.0 1.0 1.0
13
7 31 56 83 97 105 109 110 119 120 137 183 197
16
1 11 17 33 48 68 97 98 112 125 134 150 151 165 190 194
9
17 27 67 69 75 113 155 167 172
8
22 42 43 52 65 67 74 135
8
65 83 92 107 108 149 172 199
15
1 43 55 75 84 95 97 100 107 111 140 146 163 165 187
15
20 24 37 46 52 60 97 101 109 118 141 146 148 159 172
13
21 22 27 32 34 41 49 119 130 144 167 181 194
15
13 34 44 47 54 62 66 80 81 124 129 142 177 186 199
5
1 11 14 121 189
10
20 41 49 59 66 87 100 111 118 151
6
67 129 161 166 180 185
15
12 18 29 35 36 62 83 84 86 95 110 111 115 160 167
18
1 4 6 14 38 47 52 53 60 63 71 88 94 113 153 158 165 200
11
36 106 112 123 141 147 157 170 186 187 188
12
1 24 44 60 98 125 137 138 143 153 177 191
16
1 34 44 47 57 65 68 76 96 128 130 151 158 170 175 182
17
2 5 6 40 63 65 67 72 116 117 130 132 138 151 178 180 181
7
9 10 70 97 135 184 190
7
4 26 28 59 73 102 164
11
10 19 27 33 49 73 95 101 115 116 153
5
47 94 153 154 174
10
4 20 27 42 72 107 117 143 150 189
10
26 58 78 83 121 129 158 175 195 197
6
7 24 46 52 83 175
8
15 94 110 115 122 145 159 162
8
1 63 68 74 146 157 174 194
7
7 32 78 129 137 140 176
7
2 23 55 56 83 90 131
8
5 17 22 106 163 192 196 200
14
7 16 26 27 45 52 54 122 127 141 170 173 186 194
9
37 40 60 66 90 112 118 148 157
7
21 108 128 134 161 166 178
6
28 42 96 102 155 199
10
21 50 65 91 92 100 110 142 153 161
9
6 49 51 56 118 121 173 175 199
9
9 10 33 36 103 158 162 179 180
12
3 13 32 66 78 103 105 112 160 162 166 177
12
4 10 80 96 108 112 138 144 162 164 167 187
8
19 39 41 44 53 74 100 120
15
3 28 29 33 63 101 113 114 135 148 154 173 187 192 197
12
11 12 22 23 38 50 95 107 139 146 167 186
8
15 17 36 56 67 75 114 142
10
7 22 34 98 128 140 143 154 172 188
14
1 2 10 37 47 55 66 76 90 123 124 126 148 188
17
14 15 18 52 54 66 71 95 138 147 149 150 161 187 189 193 194
10
20 60 72 113 118 124 161 163 197 200
9
26 46 71 93 142 155 169 177 187
13
30 33 51 79 87 92 93 94 99 127 146 156 195
7
34 76 77 103 139 141 165
8
29 35 67 75 89 122 170 189
7
6 32 42 76 126 169 196
12
4 11 63 68 76 90 103 127 141 159 179 190
12
21 59 82 100 101 116 151 170 184 193 195 199
9
2 13 23 36 106 108 132 155 161
7
32 34 113 135 138 179 185
13
15 42 43 68 83 85 89 103 110 128 131 135 137
9
17 72 81 82 100 115 132 156 188
13
30 55 69 73 77 82 102 146 155 172 175 192 193
10
1 38 43 58 61 120 143 165 182 192
13
17 34 43 83 100 123 129 140 144 166 182 183 196
6
39 77 81 95 99 133
15
7 21 43 64 71 78 80 101 125 132 145 149 156 184 198
11
18 35 47 64 73 92 103 109 116 142 190
10
3 34 52 72 86 104 124 147 148 155
11
24 35 59 84 85 113 143 146 151 174 183
9
8 25 31 35 36 105 126 152 176
11
16 30 48 66 83 96 106 107 122 128 161
18
5 46 47 48 55 71 75 77 80 85 96 106 148 151 166 186 188 189
10
2 35 58 60 112 116 140 147 186 194
17
1 2 5 24 30 49 52 58 83 85 86 115 126 141 167 191 192
11
11 15 44 46 78 101 102 130 144 163 164
13
5 14 24 52 61 103 107 111 137 163 171 173 185
7
21 38 44 49 91 148 165
6
8 24 42 94 96 126
6
5 24 166 167 185 200
12
28 30 35 41 88 98 101 114 124 125 165 185
5
7 29 72 125 181
11
12 15 22 38 59 140 157 182 187 190 191
13
1 30 34 57 61 66 85 92 97 118 126 163 189
14
2 13 19 60 63 64 75 77 89 98 112 141 149 155
7
2 27 72 116 142 165 179
15
10 15 48 69 74 94 95 105 112 113 138 144 151 153 166
13
1 6 29 35 56 62 108 111 114 140 149 179 198
11
2 41 43 80 83 90 101 109 115 151 164
18
1 6 8 31 51 63 69 71 84 96 109 130 132 135 145 159 162 197
15
13 68 69 74 81 97 107 110 113 126 131 132 136 185 190
7
23 30 46 81 122 136 174
18
2 9 42 44 46 60 63 66 71 86 102 105 113 123 128 158 159 194
9
1 19 21 27 41 71 97 162 175
13
2 7 21 45 86 115 117 137 148 153 154 195 196
10
24 26 35 47 79 106 146 166 175 178
12
15 34 53 72 87 114 119 125 141 170 186 193
6
49 119 125 126 154 198
11
30 45 49 73 105 116 124 182 185 186 192
14
4 20 36 48 54 59 76 116 123 172 173 176 189 200
9
33 46 59 61 97 151 166 170 181
13
29 31 38 50 73 88 103 113 125 129 136 162 164
12
32 50 51 57 71 83 94 109 118 163 195 196
12
1 6 95 124 129 131 147 159 163 172 191 200
