150 300
1.0 1.0 1.0 1.0 1.0 1.0 1.0 1.0 1.0 1.0 1.0 1.0 1.0 1.0 1.0 1.0 1.0 1.0 1.0 1.0 1.0 1.0 1.0 1.0 1.0 1.0 1.0 1.0 1.0 1.0 1.0 1.0 1.0 1.0 1.0 1.0 1.0 1.0 1.0 1.0 1.0 1.0 1.0 1.0 1.0 1.0 1.0 1.0 1.0 1.0 1.0 1.0 1.0 1.0 1.0 1.0 1.0 1.0 1.0 1.0 1.0 1.0 1.0 1.0 1.0 1.0 1.0 1.0 1.0 1.0 1.0 1.0 1.0 1.0 1.0 1.0 1.0 1.0 1.0 1.0 1.0 1.0 1.0 1.0 1.0 1.0 1.0 1.0 1.0 1.0 1.0 1.0 1.0 1.0 1.0 1.0 1.0 1.0 1.0 1.0 1.0 1.0 1.0 1.0 1.0 1.0 1.0 1.0 1.0 1.0 1.0 1.0 1.0 1.0 1.0 1.0 1.0 1.0 1.0 1.0 1.0 1.0 1.0 1.0 1.0 1.0 1.0 1.0 1.0 1.0 1.0 1.0 1.0 1.0 1.0 1.0 1.0 1.0 1.0 1.0 1.0 1.0 1.0 1.0 1.0 1.0 1.0 1.0 1.0 1.0 1.0 1.0 1.0 1.0 1.0 1.0 1.0 1.0 1.0 1.0 1.0 1.0 1.0 1.0 1.0 1.0 1.0 1.0 1.0 1.0 1.0 1.0 1.0 1.0 1.0 1.0 1.0 1.0 1.0 1.0 1.0 1.0 1.0 1.0 1.0 1.0 1.0 1.0 1.0 1.0 1.0 1.0 1.0 1.0 1.0 1.0 1.0 1.0 1.0 1.0 1.0 1.0 1.0 1.0 1.0 1.0 1.0 1.0 1.0 1.0 1.0 1.0 1.0 1.0 1.0 1.0 1.0 1.0 1.0 1.0 1.0 1.0 1.0 1.0 1.0 1.0 1.0 1.0 1.0 1.0 1.0 1.0 1.0 1.0 1.0 1.0 1.0 1.0 1.0 1.0 1.0 1.0 1.0 1.0 1.0 1.0 1.0 1.0 1.0 1.0 1.0 1.0 1.0 1.0 1.0 1.0 1.0 1.0 1.0 1.0 1.0 1.0 1.0 1.0 1.0 1.0 1.0 1.0 1.0 1.0 1.0 1.0 1.0 1.0 1.0 1.0 1.0 1.0 1.0 1.0 1.0 1.0 1.0 1.0 1.0 1.0 1.0 1.0 1.0 1.0 1.0 1.0 1.0 1.0 1.0 1.0 1.0 1.0 1.0 1.0
36
19 22 48 49 56 58 73 77 82 110 119 140 143 157 160 167 169 170 176 183 186 195 205 210 234 238 239 240 250 251 256 258 283 289 297 300
22
2 21 32 39 44 99 137 154 163 167 170 171 206 224 231 241 269 271 281 283 291 296
31
7 17 35 43 44 56 67 69 71 80 93 103 122 126 127 136 148 157 159 170 178 191 201 220 238 246 260 267 270 279 283
28
14 22 35 48 54 67 68 85 107 114 122 139 140 166 198 203 206 228 231 234 235 244 255 265 270 272 287 292
31
13 30 38 56 61 65 67 78 79 82 101 102 104 113 117 126 136 151 157 171 179 209 213 219 222 235 242 273 287 296 300
34
2 3 26 35 42 62 63 66 75 78 103 112 114 116 118 124 134 143 146 171 177 179 195 199 209 237 244 251 252 258 271 278 285 293
34
5 18 21 33 44 46 59 82 88 91 112 113 116 117 121 123 127 147 160 170 171 181 201 210 224 237 238 252 258 271 279 284 286 287
43
2 4 6 7 14 15 21 32 33 40 41 66 72 76 80 86 91 92 93 95 107 125 128 144 160 166 177 179 186 188 200 204 215 229 237 244 254 256 267 272 293 294 299
25
2 33 41 42 48 99 103 105 108 120 135 143 145 152 159 163 167 184 191 231 252 254 275 279 288
30
2 8 12 31 34 47 50 60 61 64 68 78 120 133 138 153 173 192 195 206 218 219 239 244 253 258 265 273 282 298
32
15 17 19 21 25 31 43 45 56 73 91 102 111 119 130 140 141 146 151 162 175 179 180 182 221 228 257 261 266 284 297 298
25
4 13 14 33 42 56 70 84 91 94 121 127 130 165 167 174 187 191 194 214 216 274 287 292 296
25
27 73 80 89 97 100 119 121 129 138 155 158 163 165 183 202 205 210 218 219 239 249 251 263 299
29
5 9 17 19 44 55 56 57 64 83 134 160 170 172 173 178 181 194 199 206 220 223 224 225 246 257 284 286 292
25
32 64 86 87 99 101 106 118 132 136 137 158 166 168 182 184 210 216 218 223 233 242 244 276 283
28
9 10 24 25 26 38 46 47 54 66 69 72 76 96 127 136 152 154 160 175 176 185 209 231 236 248 261 292
22
4 8 9 36 51 52 53 61 62 99 107 109 112 129 130 140 167 170 203 207 246 267
33
6 21 36 38 76 80 107 110 116 117 118 119 140 148 158 162 164 166 169 203 228 236 260 263 265 267 273 279 280 285 289 294 298
34
14 22 23 26 29 34 37 39 42 45 56 57 59 111 133 134 150 157 160 165 168 178 183 184 199 201 206 213 214 228 235 282 285 289
28
3 11 40 42 47 55 59 73 74 114 140 144 166 179 187 198 214 222 226 231 232 238 239 248 282 285 293 296
28
2 8 14 30 53 56 75 84 94 95 96 98 108 115 120 121 168 171 180 181 194 212 241 254 277 285 293 295
22
4 5 11 18 69 74 78 93 101 161 171 192 197 210 219 222 237 253 263 273 293 297
26
23 35 51 74 76 86 110 114 138 186 187 190 197 202 203 207 214 235 241 263 277 278 280 292 293 297
24
25 58 63 66 77 85 88 135 145 150 156 173 176 190 208 219 221 246 247 253 260 268 270 272
35
8 48 55 64 71 74 80 81 84 93 96 102 123 131 141 146 149 174 193 194 203 207 216 227 233 258 260 266 270 272 277 278 287 297 298
30
5 11 19 34 41 44 75 76 97 117 134 135 166 168 169 188 195 196 206 210 223 225 231 246 270 274 280 287 291 292
37
10 34 38 46 56 99 103 106 111 117 127 131 135 136 141 145 152 164 175 181 182 189 190 198 224 231 236 243 249 255 259 260 268 271 276 284 289
26
4 20 32 43 46 63 66 69 71 84 87 89 93 118 140 141 151 157 164 165 177 180 195 207 249 263
20
21 42 43 45 70 75 103 118 133 138 146 149 169 192 219 221 238 239 280 285
29
6 14 27 49 54 62 97 98 107 119 122 130 135 136 137 157 158 167 168 181 182 190 202 213 233 261 268 280 300
39
1 8 16 31 35 46 47 48 49 51 60 61 62 74 99 109 129 134 138 140 149 151 152 164 169 170 174 179 218 221 225 226 228 235 239 271 272 274 275
29
7 10 12 23 28 35 37 38 54 58 80 108 128 154 155 176 197 201 207 222 226 236 254 275 278 283 288 291 296
39
20 23 26 40 46 60 88 113 119 135 143 144 145 147 158 167 168 171 173 180 182 187 192 200 205 218 221 224 225 232 233 235 244 249 257 264 267 281 288
31
23 26 34 35 37 46 66 85 92 97 102 103 127 150 166 175 176 183 200 201 206 212 213 249 251 269 270 282 286 288 290
26
14 19 33 36 46 64 81 88 95 99 105 113 115 119 134 140 181 206 216 222 251 252 253 258 280 299
38
11 19 20 22 27 45 51 57 60 62 63 67 74 85 95 99 105 107 109 129 138 181 186 190 208 210 212 214 226 232 249 258 260 272 279 283 287 292
25
3 7 30 55 64 69 70 71 97 106 120 127 131 138 152 156 179 181 194 219 236 243 292 295 297
30
20 21 23 25 30 43 47 51 67 81 82 84 96 104 117 127 133 135 142 145 161 179 223 225 233 234 237 244 275 298
23
10 22 32 61 82 101 114 120 125 127 135 176 177 205 209 240 241 251 266 267 280 286 300
28
10 17 44 55 65 73 96 104 113 118 122 143 144 146 155 156 172 173 190 210 215 217 248 274 277 292 298 300
22
17 40 57 66 70 89 92 94 98 104 111 121 141 151 163 190 193 218 222 248 262 271
28
15 49 57 65 76 87 88 94 98 110 116 139 155 156 172 173 175 195 207 213 221 229 234 235 243 267 279 292
34
1 7 17 31 49 59 76 77 93 98 101 103 105 117 119 120 135 158 164 168 176 202 214 234 247 253 260 265 268 282 290 292 295 300
34
8 10 21 35 39 47 55 60 61 81 83 93 95 96 100 115 132 135 141 146 153 168 172 188 189 191 200 208 221 239 243 245 248 297
28
15 24 29 34 37 41 42 55 63 67 70 72 105 123 134 143 153 158 162 185 218 232 249 262 277 290 291 299
31
3 5 12 21 26 28 31 32 36 46 50 58 64 72 76 94 121 124 148 166 171 181 189 232 233 237 256 259 263 284 288
23
52 59 63 71 82 87 91 96 106 118 129 137 154 170 220 223 239 249 257 269 277 281 291
21
9 14 20 23 45 51 95 109 117 175 177 225 232 242 249 252 267 277 283 291 297
40
3 8 14 34 35 43 47 68 76 77 84 90 92 95 99 103 121 154 161 165 170 172 180 196 198 220 226 235 236 238 263 266 270 276 281 284 288 293 295 297
29
13 21 38 40 42 64 70 72 74 76 90 91 118 132 146 150 174 211 212 218 224 229 246 247 262 277 279 287 293
34
2 18 29 32 33 42 51 57 66 83 89 90 98 106 138 143 165 168 181 188 189 203 207 208 213 216 223 245 253 254 260 270 278 279
26
1 10 40 58 59 78 107 111 114 117 124 145 146 158 177 187 198 217 219 221 231 251 267 278 284 288
30
12 40 55 56 59 66 76 80 84 93 107 108 123 125 134 150 157 163 164 166 176 177 193 205 216 241 248 280 290 299
34
5 12 46 49 56 92 100 104 109 111 118 141 146 148 161 164 165 167 173 175 180 183 200 203 209 230 232 239 240 245 260 263 266 295
28
11 13 26 29 32 94 106 119 124 128 132 150 170 173 176 184 198 203 211 213 214 229 231 241 242 250 280 294
32
26 36 60 62 63 66 67 74 82 92 109 122 131 134 137 143 155 156 160 163 187 194 195 221 227 261 263 272 278 284 285 300
38
31 44 49 55 82 86 88 89 92 94 98 100 102 109 110 137 161 170 171 179 185 186 206 207 209 216 223 225 231 238 244 254 255 259 265 270 274 286
19
27 37 52 54 60 80 128 157 166 169 170 174 198 217 270 280 286 297 299
32
9 13 28 36 37 54 63 81 90 93 132 142 153 157 159 165 170 176 183 201 203 214 217 233 242 254 286 288 289 292 296 298
25
11 14 50 63 111 112 116 130 142 162 173 176 180 192 214 219 220 234 238 239 247 256 275 293 295
32
2 12 26 34 35 73 79 90 94 103 113 121 134 160 165 170 173 175 176 183 190 191 206 215 216 229 234 243 271 274 276 281
34
3 5 7 24 25 43 58 60 79 80 86 100 102 120 121 144 153 154 162 163 183 202 212 213 221 227 236 250 258 273 274 282 289 291
33
5 9 19 26 39 44 46 54 57 67 76 78 80 97 121 122 128 133 136 144 160 163 168 181 195 204 214 219 222 236 285 286 295
27
7 12 17 18 26 53 57 67 70 83 85 98 99 104 115 179 198 228 247 253 256 267 275 280 282 285 289
35
25 30 32 43 62 65 74 82 92 98 110 124 149 165 169 173 176 177 183 184 187 193 213 217 222 224 228 232 233 236 240 249 263 264 288
36
2 5 22 33 51 64 66 70 76 81 86 97 112 122 133 144 152 155 178 182 190 201 206 208 216 218 229 238 249 251 274 285 287 288 289 299
31
2 5 9 10 27 29 41 81 85 89 90 99 100 102 136 152 154 159 162 182 199 200 206 212 240 284 285 287 290 296 300
32
8 10 15 16 17 19 23 27 39 43 47 82 90 96 102 118 121 138 148 156 174 210 216 218 231 235 246 247 255 272 279 295
31
6 11 30 32 37 38 41 44 61 72 73 106 133 150 171 175 189 199 200 202 208 219 236 247 253 261 267 273 280 286 295
36
14 15 16 17 19 25 34 39 43 45 56 79 98 126 151 168 186 187 191 195 201 210 224 227 229 230 233 247 257 268 271 276 285 288 291 292
25
2 4 46 53 74 110 122 126 140 153 162 184 195 196 202 209 218 221 236 272 278 279 281 291 300
27
3 11 30 32 51 59 68 73 105 108 113 123 131 148 149 159 162 176 215 220 227 233 235 266 289 290 295
29
6 9 39 50 60 80 84 86 89 94 96 101 112 121 129 130 132 136 160 196 197 232 265 274 276 283 287 289 296
27
38 39 52 79 84 105 159 164 167 171 172 174 177 182 191 196 205 215 216 251 252 258 260 262 272 275 280
21
3 49 55 131 138 148 151 170 189 195 200 205 225 231 233 236 251 265 282 285 297
32
1 2 11 20 25 33 36 39 66 116 132 133 137 189 197 200 201 202 209 211 217 221 223 226 229 248 253 260 265 287 296 299
26
11 18 42 51 81 87 107 125 127 132 138 155 157 160 176 177 193 204 222 228 252 263 264 270 273 298
32
3 23 32 48 57 78 96 100 107 112 114 144 149 156 160 173 186 200 207 211 213 216 219 238 249 253 274 283 286 291 292 297
25
7 19 24 33 35 69 73 84 92 97 119 123 153 156 158 178 184 207 224 240 260 269 270 294 295
28
13 19 28 44 47 51 77 87 103 104 111 129 143 148 158 164 174 203 213 216 249 250 256 257 282 285 297 299
27
6 15 20 29 35 39 49 76 113 131 134 136 138 156 166 180 190 204 209 211 213 231 237 245 255 270 275
23
8 34 43 51 93 99 104 110 113 114 117 148 161 178 183 189 196 215 216 220 247 260 295
23
1 3 10 19 25 27 34 36 40 47 57 89 97 112 113 114 143 153 188 201 223 229 276
34
5 9 19 20 22 59 67 68 77 79 107 108 110 114 117 130 132 142 159 168 172 174 184 187 191 202 207 215 219 223 260 262 273 299
36
12 24 28 30 31 35 36 40 69 70 90 95 96 101 124 143 150 157 162 163 174 178 188 218 229 246 252 253 267 278 279 287 288 295 296 300
19
1 6 18 38 50 78 82 104 143 163 176 224 227 254 255 257 265 272 298
29
1 2 7 14 21 27 34 68 72 84 88 92 103 123 129 140 146 159 191 209 219 231 244 247 249 257 271 273 280
33
2 29 36 40 56 73 74 115 120 126 136 137 140 148 182 183 195 203 204 205 209 210 211 215 217 227 232 245 246 276 280 283 292
26
37 40 79 87 96 101 104 114 122 127 128 134 142 149 180 185 205 206 220 222 223 240 262 272 281 283
37
2 8 36 49 50 54 61 78 85 90 94 98 104 114 156 158 159 171 173 193 195 197 199 201 214 219 233 241 245 258 262 264 275 282 287 293 300
21
12 16 21 23 50 69 71 94 112 120 127 130 131 135 158 183 200 206 224 267 297
42
5 10 14 16 18 24 29 32 37 43 47 58 59 60 77 98 117 131 133 136 138 160 163 166 171 174 180 182 196 201 206 214 219 226 232 238 239 260 268 271 290 296
42
1 4 25 31 35 37 39 40 41 45 52 55 61 68 72 74 77 85 101 112 116 119 126 157 181 182 183 197 199 200 204 223 229 233 248 251 257 262 264 288 293 300
35
8 9 14 20 24 27 62 65 68 75 94 98 116 124 132 163 170 171 178 181 189 196 199 200 212 222 237 239 248 255 260 270 272 273 278
27
16 17 25 42 43 46 50 59 77 81 85 97 107 128 137 193 198 207 209 210 219 222 225 229 248 261 290
27
11 18 19 39 41 82 83 100 102 115 127 162 182 187 196 198 201 209 224 240 245 274 278 286 287 290 293
24
4 12 20 51 67 70 91 94 111 113 115 132 147 174 181 185 196 200 203 217 233 256 264 273
24
2 8 10 25 55 56 78 83 88 120 131 132 134 139 193 210 216 242 251 262 267 272 274 276
38
1 8 25 33 39 43 46 51 54 55 68 74 77 83 84 99 101 108 116 125 134 152 166 169 174 178 183 193 201 215 218 223 235 257 259 266 274 283
30
31 44 54 62 70 88 98 102 103 117 119 150 152 164 169 172 181 188 196 203 214 217 222 224 226 235 243 263 274 291
28
14 19 28 34 37 41 43 53 61 95 101 106 129 133 138 165 178 185 209 210 219 226 250 256 258 260 278 296
25
2 3 11 38 52 64 69 88 104 112 129 130 158 165 166 172 181 199 208 212 239 257 259 268 282
37
2 25 30 42 43 47 62 74 82 86 98 103 105 117 129 135 137 141 156 165 173 176 178 182 187 190 196 201 216 232 242 249 253 265 275 276 292
31
12 13 20 21 33 36 45 48 65 69 86 92 129 135 138 143 153 157 169 171 177 182 200 219 222 231 246 251 256 279 284
35
2 5 6 18 21 28 40 46 52 88 93 98 104 108 113 120 141 167 169 183 187 190 191 194 203 217 230 237 245 262 267 272 273 287 300
24
16 34 49 53 71 87 119 129 143 147 148 153 160 189 193 197 215 226 237 247 267 271 287 300
47
3 13 20 38 40 57 59 68 70 72 75 103 105 111 115 117 118 128 146 156 157 161 163 180 184 187 200 204 206 208 214 220 221 224 230 248 253 254 256 257 260 263 265 273 278 287 296
30
2 11 14 24 32 34 37 59 100 113 117 121 126 145 152 162 180 187 201 205 210 232 245 247 255 268 289 292 296 298
26
3 16 24 32 66 71 98 113 114 118 127 157 162 165 182 194 201 211 220 230 231 232 267 271 278 281
27
5 17 21 34 43 47 54 64 67 70 105 109 128 155 169 191 216 222 225 231 250 253 266 267 273 283 300
25
10 17 24 25 30 34 46 66 67 72 88 91 98 128 152 159 178 180 183 190 214 220 225 245 265
32
41 53 58 73 75 76 95 105 106 110 111 122 127 130 142 147 167 172 179 186 189 196 202 204 205 222 235 250 269 289 296 297
29
7 11 19 26 42 53 59 70 82 83 90 91 105 114 144 146 184 186 198 210 225 226 227 233 279 295 296 297 298
33
11 12 19 28 30 35 42 58 62 105 114 116 119 131 133 136 154 159 167 168 178 180 189 194 198 204 209 218 256 269 274 287 290
37
1 2 31 37 47 61 64 70 76 90 94 98 99 100 123 135 140 141 144 148 159 162 173 184 186 208 209 224 229 231 239 241 249 269 288 289 300
31
1 6 7 25 30 37 39 52 76 89 105 111 130 133 134 142 172 185 186 189 197 201 227 232 243 258 260 271 272 291 299
27
12 30 39 44 49 56 69 91 100 107 113 131 144 146 169 172 178 196 197 207 215 237 245 250 287 288 298
22
22 64 79 85 93 107 108 111 116 137 177 183 192 199 221 236 250 264 267 270 281 291
26
52 53 57 78 82 97 102 118 134 138 149 168 188 190 206 219 228 251 258 260 263 269 273 279 288 297
21
49 53 62 82 88 89 105 111 115 146 155 156 157 194 215 230 243 245 250 268 297
27
20 29 33 37 41 48 57 63 68 74 80 87 88 128 135 150 203 222 251 264 265 269 275 284 288 289 298
32
8 11 14 20 23 52 56 63 81 86 90 96 108 125 130 141 145 157 177 178 181 183 186 217 222 223 226 246 247 266 287 296
22
3 28 33 49 69 97 117 123 124 133 142 147 155 194 207 217 227 234 254 277 293 297
27
2 6 9 15 32 41 55 114 128 139 146 153 155 156 179 187 194 195 198 203 206 209 225 264 271 274 283
25
17 54 55 60 65 67 69 70 86 88 123 142 156 163 175 184 211 219 254 258 266 280 282 289 290
26
2 14 21 36 44 59 64 66 75 77 81 84 107 112 143 145 152 153 159 191 217 238 248 250 257 264
38
4 14 21 24 38 41 56 60 76 83 94 106 108 117 134 140 147 153 156 163 164 175 188 198 200 203 204 219 235 241 244 246 254 266 273 283 287 290
28
20 37 51 55 63 66 84 97 98 102 106 110 118 133 138 151 167 168 200 210 215 224 233 254 268 272 279 298
26
7 14 22 42 51 54 57 58 69 71 96 116 119 125 141 163 167 176 184 222 231 245 258 267 279 290
22
5 16 39 76 79 112 117 143 150 177 180 201 231 232 240 242 248 259 268 271 280 299
28
3 16 18 28 49 77 110 113 118 124 131 146 147 156 169 190 193 195 210 213 231 247 250 255 259 262 274 286
39
2 3 29 43 51 52 54 55 75 76 81 82 87 90 93 109 111 112 114 116 124 125 148 168 183 197 202 218 237 245 253 258 268 278 280 282 283 291 297
28
7 19 22 49 50 95 106 113 118 125 139 157 162 175 176 188 192 195 200 210 221 240 246 263 271 278 286 299
39
18 22 24 42 43 48 51 56 60 67 70 76 77 114 123 133 136 138 140 159 161 164 167 172 173 179 183 185 195 198 200 203 228 242 253 266 267 298 299
25
7 31 37 39 49 60 67 69 81 89 128 134 142 144 162 174 175 186 212 219 255 262 267 272 275
38
10 14 17 44 47 49 59 61 69 70 87 95 96 102 103 105 112 119 123 128 138 145 155 163 171 179 193 210 219 233 238 244 262 264 281 284 287 292
33
4 5 8 11 20 46 54 64 87 89 101 114 124 131 136 146 150 157 169 172 184 196 204 209 221 223 227 233 242 249 266 274 279
27
3 13 25 43 45 58 83 107 109 116 120 125 128 137 144 149 150 151 159 161 166 205 222 240 256 269 285
34
2 7 13 15 21 28 31 39 44 68 76 78 81 89 116 119 136 163 196 199 215 216 218 226 231 232 244 250 258 276 279 281 285 292
25
8 20 23 40 47 63 108 114 128 134 136 139 141 142 147 172 174 202 217 220 253 262 277 282 292
16
7 29 96 104 146 152 153 197 208 221 238 244 263 283 286 294
31
1 9 15 24 30 32 50 51 57 60 69 76 86 100 102 109 117 131 136 152 161 166 179 222 234 261 262 270 274 281 288
32
7 12 13 31 38 45 47 49 52 57 69 93 102 110 112 113 134 139 144 145 180 187 191 202 214 218 252 272 275 276 281 285
25
25 29 45 57 58 78 86 97 123 124 134 163 184 191 194 202 210 223 224 234 239 244 264 276 280
31
18 28 33 45 52 63 69 89 92 117 121 136 137 139 143 145 156 163 165 173 183 192 206 212 224 243 248 260 263 284 285
41
2 3 14 16 17 20 26 31 33 36 40 45 48 60 64 82 87 116 117 122 132 145 153 175 183 184 191 196 217 221 224 227 237 240 247 258 261 265 278 292 300
27
19 40 53 59 77 78 82 86 112 132 138 144 156 161 172 182 186 204 211 221 222 238 259 269 273 280 289
30
13 18 20 23 63 66 68 86 93 124 126 135 137 142 146 148 180 206 213 216 218 225 231 236 240 242 266 279 283 288
25
5 7 11 13 29 31 33 38 47 57 74 85 105 122 130 134 178 181 197 209 211 214 241 253 298
18
8 33 34 46 52 77 89 95 128 153 173 191 200 235 245 274 280 286
