150 300
1.0 1.0 1.0 1.0 1.0 1.0 1.0 1.0 1.0 1.0 1.0 1.0 1.0 1.0 1.0 1.0 1.0 1.0 1.0 1.0 1.0 1.0 1.0 1.0 1.0 1.0 1.0 1.0 1.0 1.0 1.0 1.0 1.0 1.0 1.0 1.0 1.0 1.0 1.0 1.0 1.0 1.0 1.0 1.0 1.0 1.0 1.0 1.0 1.0 1.0 1.0 1.0 1.0 1.0 1.0 1.0 1.0 1.0 1.0 1.0 1.0 1.0 1.0 1.0 1.0 1.0 1.0 1.0 1.0 1.0 1.0 1.0 1.0 1.0 1.0 1.0 1.0 1.0 1.0 1.0 1.0 1.0 1.0 1.0 1.0 1.0 1.0 1.0 1.0 1.0 1.0 1.0 1.0 1.0 1.0 1.0 1.0 1.0 1.0 1.0 1.0 1.0 1.0 1.0 1.0 1.0 1.0 1.0 1.0 1.0 1.0 1.0 1.0 1.0 1.0 1.0 1.0 1.0 1.0 1.0 1.0 1.0 1.0 1.0 1.0 1.0 1.0 1.0 1.0 1.0 1.0 1.0 1.0 1.0 1.0 1.0 1.0 1.0 1.0 1.0 1.0 1.0 1.0 1.0 1.0 1.0 1.0 1.0 1.0 1.0 1.0 1.0 1.0 1.0 1.0 1.0 1.0 1.0 1.0 1.0 1.0 1.0 1.0 1.0 1.0 1.0 1.0 1.0 1.0 1.0 1.0 1.0 1.0 1.0 1.0 1.0 1.0 1.0 1.0 1.0 1.0 1.0 1.0 1.0 1.0 1.0 1.0 1.0 1.0 1.0 1.0 1.0 1.0 1.0 1.0 1.0 1.0 1.0 1.0 1.0 1.0 1.0 1.0 1.0 1.0 1.0 1.0 1.0 1.0 1.0 1.0 1.0 1.0 1.0 1.0 1.0 1.0 1.0 1.0 1.0 1.0 1.0 1.0 1.0 1.0 1.0 1.0 1.0 1.0 1.0 1.0 1.0 1.0 1.0 1.0 1.0 1.0 1.0 1.0 1.0 1.0 1.0 1.0 1.0 1.0 1.0 1.0 1.0 1.0 1.0 1.0 1.0 1.0 1.0 1.0 1.0 1.0 1.0 1.0 1.0 1.0 1.0 1.0 1.0 1.0 1.0 1.0 1.0 1.0 1.0 1.0 1.0 1.0 1.0 1.0 1.0 1.0 1.0 1.0 1.0 1.0 1.0 1.0 1.0 1.0 1.0 1.0 1.0 1.0 1.0 1.0 1.0 1.0 1.0 1.0 1.0 1.0 1.0 1.0 1.0
15
52 63 75 111 168 171 172 194 213 222 231 256 280 289 298
15
3 42 70 78 83 91 104 108 123 124 135 150 181 217 234
15
42 91 159 167 179 184 203 209 223 235 243 247 258 278 292
19
15 33 50 52 67 76 79 111 131 135 136 141 142 151 155 199 216 296 300
20
2 4 15 29 68 83 97 113 115 152 156 165 167 175 224 240 257 287 288 300
20
9 20 24 90 102 108 127 130 142 144 149 166 167 174 223 224 253 280 287 293
10
10 100 108 111 151 156 223 232 248 264
15
6 7 62 93 110 142 146 149 166 184 195 206 210 269 277
17
28 53 65 85 101 102 108 140 141 145 189 190 207 222 237 274 290
17
23 39 52 63 67 81 111 113 138 155 180 203 204 234 237 256 257
16
33 78 120 129 160 205 207 212 216 220 239 252 255 266 282 295
10
35 79 112 120 135 155 159 218 256 291
13
12 39 52 58 85 137 150 176 179 183 219 235 251
15
14 36 37 61 71 72 85 89 90 104 132 167 175 242 251
18
22 23 38 47 50 53 93 110 111 154 161 167 179 192 212 235 270 294
10
23 29 98 99 142 209 216 220 254 258
10
3 53 66 135 157 182 188 256 263 286
12
9 37 62 74 75 153 219 263 265 272 281 287
17
16 37 64 66 99 111 131 138 163 169 173 211 215 236 258 264 280
18
3 11 22 30 34 101 130 148 150 166 167 179 201 205 224 259 286 298
15
29 30 34 35 51 78 118 130 138 162 165 181 214 245 281
19
4 11 22 33 57 77 78 93 100 108 119 143 146 158 170 238 265 268 298
19
10 25 27 44 57 65 106 114 121 140 162 174 181 182 203 216 233 257 273
20
15 21 82 102 108 114 127 129 160 180 195 211 213 224 259 277 284 288 291 296
20
24 26 35 38 47 58 68 103 171 189 198 212 217 225 240 249 253 255 291 296
9
10 41 77 78 86 103 122 171 290
14
39 86 89 104 114 134 156 166 190 198 216 222 232 257
19
1 3 18 33 37 48 54 74 111 113 155 168 172 185 190 204 225 287 299
14
9 23 42 81 97 113 124 128 152 176 180 249 255 291
17
36 40 72 84 92 113 138 148 158 164 170 180 182 188 193 220 284
19
22 28 69 82 83 85 91 105 111 117 152 199 206 207 250 260 282 287 300
11
37 42 68 70 79 122 156 225 235 282 300
12
31 110 116 120 130 163 177 183 228 236 270 286
15
36 80 82 104 128 139 172 189 204 215 218 238 245 280 291
20
5 37 48 55 67 111 115 126 127 138 152 190 219 235 236 243 251 260 267 277
19
13 19 22 67 76 90 92 117 132 177 189 207 208 212 232 246 268 288 300
15
25 34 49 73 76 93 114 134 135 173 177 225 244 255 285
17
5 21 32 37 42 61 72 112 125 126 135 154 155 222 224 233 296
14
35 36 97 121 134 144 164 173 204 233 245 252 255 299
14
6 25 34 87 95 98 101 114 115 174 180 199 231 246
15
18 24 26 78 92 101 105 142 185 188 198 211 275 288 289
11
13 15 35 98 117 176 180 194 270 271 291
17
1 33 44 46 62 66 77 103 114 116 120 144 180 216 225 235 280
12
10 42 82 85 87 93 100 163 179 263 268 294
16
22 27 29 49 95 107 127 141 184 234 238 239 244 262 271 291
21
10 43 56 66 71 105 106 110 118 120 133 135 160 169 172 182 239 250 251 278 299
8
32 42 183 217 246 270 286 290
21
41 52 58 72 82 105 121 127 130 138 172 191 201 209 218 223 225 234 244 261 281
16
8 25 75 155 180 187 190 198 199 204 224 240 241 243 288 291
11
1 36 42 71 94 121 138 168 195 226 256
7
21 74 79 179 237 275 283
18
40 54 57 111 151 157 163 182 185 192 198 207 209 254 269 276 287 300
15
9 51 119 139 144 163 192 204 222 224 241 247 253 281 295
11
5 38 79 91 109 125 185 205 251 263 267
27
5 14 25 26 54 55 56 105 113 129 135 151 168 170 187 190 198 225 237 240 244 277 278 281 283 284 300
13
23 35 46 53 87 100 178 179 208 220 240 241 295
16
19 57 60 70 75 104 109 126 129 156 176 195 219 230 240 265
14
1 3 13 68 87 117 119 120 158 194 209 243 246 293
15
5 26 44 91 108 126 137 143 151 185 211 229 236 252 297
22
23 36 60 72 106 119 120 122 142 157 161 180 203 229 245 251 252 257 266 267 276 282
13
9 14 58 66 89 163 171 196 214 216 228 264 299
15
61 65 86 91 102 132 153 189 209 235 247 251 265 290 300
12
16 57 89 99 119 166 187 229 231 240 248 254
12
3 19 70 83 113 171 227 229 236 245 285 287
9
13 146 158 176 190 209 215 253 254
26
5 35 43 46 47 57 63 65 68 74 92 117 119 141 166 182 185 187 227 230 233 243 251 281 284 292
17
3 15 32 64 75 90 118 123 153 154 192 199 228 245 258 292 296
14
10 22 115 133 134 169 175 217 265 267 268 274 286 296
11
31 115 139 171 173 196 198 226 250 252 279
19
53 74 93 94 107 135 142 153 156 160 185 187 196 207 239 256 266 267 275
14
5 16 19 53 74 91 124 153 170 188 211 235 262 294
11
18 78 147 172 177 193 246 262 268 281 299
15
11 21 38 51 79 121 140 178 195 210 239 252 253 259 261
15
41 43 88 110 125 138 153 171 185 191 220 245 263 264 286
11
13 48 58 80 101 205 210 211 236 239 286
13
6 15 25 81 98 101 126 165 191 195 213 290 291
13
34 43 80 133 137 143 153 193 197 217 287 294 295
13
16 17 27 45 61 92 111 116 131 143 165 183 258
13
27 28 96 158 188 206 225 227 250 251 265 272 284
16
63 124 125 136 144 179 182 192 202 208 218 221 245 267 290 295
20
14 87 100 106 117 118 119 130 143 158 179 181 187 213 259 263 271 272 281 287
18
4 22 42 45 61 67 69 83 92 96 101 114 134 142 183 248 252 256
17
3 12 20 124 131 150 155 161 183 202 230 249 270 271 275 290 299
15
15 18 33 59 67 69 76 97 160 167 202 206 220 234 242
11
16 32 42 52 112 156 157 174 222 247 259
13
8 112 115 119 128 130 140 185 195 198 223 231 237
10
19 28 57 96 127 135 197 255 281 296
19
1 28 60 112 124 125 132 133 135 165 170 194 210 214 215 223 232 250 292
14
15 22 32 37 47 65 67 104 157 197 244 250 268 269
14
34 41 68 83 112 125 139 146 172 214 227 233 272 291
13
24 40 55 58 74 121 139 198 218 231 283 296 299
17
5 41 69 80 86 88 104 105 107 165 174 200 221 222 257 259 297
17
41 60 91 105 121 144 149 155 183 194 195 238 242 247 252 254 279
14
10 18 27 57 79 90 179 201 217 230 238 243 249 290
13
51 72 91 94 178 196 253 256 257 272 277 279 290
16
11 16 31 101 103 107 115 132 166 206 214 233 242 251 252 263
16
32 45 57 74 94 104 131 162 167 187 195 197 210 251 274 286
6
74 111 182 255 257 260
21
1 3 10 18 43 66 70 101 103 127 141 144 148 204 230 234 235 246 251 260 293
15
18 23 66 69 73 92 93 129 137 140 152 220 252 258 270
9
70 119 140 146 148 159 180 223 236
13
55 63 73 78 108 113 161 193 208 230 240 274 298
18
3 8 21 26 81 82 88 94 143 148 150 159 175 227 240 276 277 280
17
26 31 43 44 46 65 68 75 85 102 142 170 173 202 213 237 249
17
13 17 24 29 48 57 89 99 100 104 144 173 187 189 208 275 293
13
37 39 70 102 110 117 159 196 228 253 276 278 290
16
16 19 28 52 98 99 107 109 114 174 184 213 232 235 256 265
9
58 105 111 205 217 257 289 290 299
9
80 111 122 171 178 192 195 243 290
17
1 39 50 62 67 119 128 133 148 172 182 201 231 249 251 261 283
17
4 6 9 32 42 58 93 102 107 113 120 132 171 204 228 233 283
6
76 77 109 192 249 273
23
11 24 36 71 76 78 84 99 102 109 126 135 153 168 170 188 243 264 270 282 283 294 299
14
32 39 42 58 119 122 136 139 153 169 186 214 231 289
12
30 49 74 122 145 150 163 175 177 181 281 295
13
20 31 37 47 122 128 140 218 219 235 236 241 294
12
5 10 41 84 115 125 165 191 207 247 264 277
13
29 44 72 86 99 117 149 175 226 240 249 252 287
18
2 34 51 105 128 131 140 146 147 158 205 214 229 248 264 274 280 297
16
7 29 58 71 77 88 114 117 166 179 198 221 230 265 271 274
16
11 23 35 44 52 55 81 89 149 177 180 186 196 215 281 295
22
13 23 31 49 51 68 147 156 166 169 188 192 202 213 222 240 251 253 264 268 285 300
16
27 41 85 89 91 114 116 169 175 199 225 235 246 247 256 272
15
6 9 46 52 68 70 89 127 169 171 188 196 269 274 297
12
1 19 23 67 116 138 166 172 185 212 220 225
13
7 39 44 66 91 94 95 155 184 194 221 253 267
10
1 11 16 84 223 244 250 281 290 300
11
17 36 97 100 127 141 144 171 232 248 276
11
97 117 130 133 167 181 220 257 293 299 300
14
1 27 47 65 126 138 164 170 189 199 207 217 245 264
12
32 54 56 74 95 114 115 129 189 211 265 297
14
15 40 77 82 83 104 117 133 180 183 194 202 209 262
15
4 23 113 123 166 174 189 196 200 242 256 264 265 275 300
18
26 49 79 82 103 107 108 114 134 154 179 182 187 231 233 245 260 269
17
18 33 51 54 58 67 79 142 145 167 186 232 236 266 272 285 294
15
45 55 56 64 84 98 188 197 205 222 234 236 244 256 268
21
6 20 44 50 52 55 63 84 120 129 163 166 169 180 198 235 237 271 275 294 295
13
39 43 61 67 90 120 127 140 167 177 238 261 292
16
13 41 78 86 141 169 173 238 240 249 264 275 281 291 292 295
15
2 34 48 86 95 106 136 153 157 202 205 209 270 289 292
14
59 78 94 101 134 139 172 173 203 209 213 230 258 276
14
29 32 34 94 131 134 147 161 190 217 265 276 282 290
12
6 27 51 82 119 147 162 187 216 221 283 290
14
102 107 115 137 146 151 237 243 253 257 259 275 278 294
19
1 3 42 68 92 105 138 158 163 171 193 205 223 228 236 260 270 274 277
8
56 107 159 189 227 251 278 297
11
3 64 133 147 151 165 167 194 231 254 273
14
42 84 88 115 142 171 177 186 187 195 218 247 279 282
8
62 74 142 155 191 233 246 260
12
14 51 70 77 106 125 138 140 148 149 196 267
