150 300
1.0 1.0 1.0 1.0 1.0 1.0 1.0 1.0 1.0 1.0 1.0 1.0 1.0 1.0 1.0 1.0 1.0 1.0 1.0 1.0 1.0 1.0 1.0 1.0 1.0 1.0 1.0 1.0 1.0 1.0 1.0 1.0 1.0 1.0 1.0 1.0 1.0 1.0 1.0 1.0 1.0 1.0 1.0 1.0 1.0 1.0 1.0 1.0 1.0 1.0 1.0 1.0 1.0 1.0 1.0 1.0 1.0 1.0 1.0 1.0 1.0 1.0 1.0 1.0 1.0 1.0 1.0 1.0 1.0 1.0 1.0 1.0 1.0 1.0 1.0 1.0 1.0 1.0 1.0 1.0 1.0 1.0 1.0 1.0 1.0 1.0 1.0 1.0 1.0 1.0 1.0 1.0 1.0 1.0 1.0 1.0 1.0 1.0 1.0 1.0 1.0 1.0 1.0 1.0 1.0 1.0 1.0 1.0 1.0 1.0 1.0 1.0 1.0 1.0 1.0 1.0 1.0 1.0 1.0 1.0 1.0 1.0 1.0 1.0 1.0 1.0 1.0 1.0 1.0 1.0 1.0 1.0 1.0 1.0 1.0 1.0 1.0 1.0 1.0 1.0 1.0 1.0 1.0 1.0 1.0 1.0 1.0 1.0 1.0 1.0 1.0 1.0 1.0 1.0 1.0 1.0 1.0 1.0 1.0 1.0 1.0 1.0 1.0 1.0 1.0 1.0 1.0 1.0 1.0 1.0 1.0 1.0 1.0 1.0 1.0 1.0 1.0 1.0 1.0 1.0 1.0 1.0 1.0 1.0 1.0 1.0 1.0 1.0 1.0 1.0 1.0 1.0 1.0 1.0 1.0 1.0 1.0 1.0 1.0 1.0 1.0 1.0 1.0 1.0 1.0 1.0 1.0 1.0 1.0 1.0 1.0 1.0 1.0 1.0 1.0 1.0 1.0 1.0 1.0 1.0 1.0 1.0 1.0 1.0 1.0 1.0 1.0 1.0 1.0 1.0 1.0 1.0 1.0 1.0 1.0 1.0 1.0 1.0 1.0 1.0 1.0 1.0 1.0 1.0 1.0 1.0 1.0 1.0 1.0 1.0 1.0 1.0 1.0 1.0 1.0 1.0 1.0 1.0 1.0 1.0 1.0 1.0 1.0 1.0 1.0 1.0 1.0 1.0 1.0 1.0 1.0 1.0 1.0 1.0 1.0 1.0 1.0 1.0 1.0 1.0 1.0 1.0 1.0 1.0 1.0 1.0 1.0 1.0 1.0 1.0 1.0 1.0 1.0 1.0 1.0 1.0 1.0 1.0 1.0 1.0
40
8 16 23 28 29 32 39 43 46 54 60 63 64 69 72 85 90 107 112 118 132 143 180 182 188 192 202 208 227 247 250 262 266 276 277 283 284 285 294 298
28
8 18 23 32 37 46 51 71 77 79 88 92 121 126 178 194 203 211 216 243 248 249 250 255 256 278 279 292
33
14 36 52 60 72 84 94 100 108 114 115 118 125 149 157 160 161 166 175 180 188 193 204 208 210 212 213 225 233 234 250 271 297
22
15 19 37 67 69 86 88 93 99 100 102 121 150 156 165 169 177 193 225 254 267 292
28
8 20 34 48 56 62 76 84 85 119 124 132 147 150 159 167 203 209 214 218 219 233 240 252 255 262 275 283
21
3 22 26 54 79 87 112 123 127 133 142 145 151 153 169 174 222 229 257 268 277
26
7 12 31 35 88 91 93 94 100 102 121 136 139 143 154 167 170 186 213 232 247 249 257 268 269 291
27
21 28 38 43 48 57 69 74 79 87 90 112 117 122 127 128 144 151 157 166 215 237 239 257 261 266 286
31
21 32 42 47 79 80 85 86 87 99 111 115 121 125 151 152 153 157 158 184 186 192 193 198 209 220 223 236 251 263 287
35
23 24 42 46 58 63 69 79 91 106 107 118 128 136 141 143 157 159 185 187 188 194 198 204 236 237 242 256 260 265 270 272 284 288 289
22
19 20 34 48 61 62 73 88 139 160 164 210 225 229 236 249 250 257 270 279 289 293
21
9 22 51 79 88 92 97 108 110 119 148 182 197 218 240 242 269 273 296 298 299
28
7 12 35 40 56 91 92 95 103 115 116 145 147 188 191 205 209 211 221 229 232 233 237 259 263 271 293 296
31
3 24 47 89 94 133 136 147 169 177 180 186 203 204 210 216 218 232 245 248 252 256 262 266 270 276 277 278 287 289 291
34
4 8 12 27 31 32 35 44 57 66 67 80 83 87 90 92 105 110 114 126 139 154 156 159 185 230 246 247 255 256 258 273 276 293
23
29 45 61 64 82 93 94 95 105 107 128 151 159 176 189 211 229 244 256 267 284 292 293
39
2 33 45 47 49 53 64 70 80 81 83 92 95 97 99 102 104 115 116 117 120 130 155 160 161 168 172 182 185 186 187 188 194 208 227 238 257 263 275
27
6 13 40 41 54 64 84 94 128 135 143 150 179 186 189 190 198 200 216 231 232 242 244 256 264 271 274
40
3 12 20 25 28 35 50 51 62 72 74 80 83 90 119 121 136 164 165 177 182 191 192 193 198 205 210 213 227 230 233 243 248 263 266 267 269 270 283 286
31
6 7 10 27 31 41 43 50 54 59 69 75 82 121 127 141 161 172 174 199 209 214 215 225 227 232 250 278 279 283 290
27
15 36 37 54 66 98 99 114 125 141 146 149 157 161 163 171 186 187 193 213 234 250 251 252 272 284 291
29
20 33 39 40 56 63 82 88 96 97 102 107 113 119 135 148 151 154 173 194 198 201 220 225 243 260 262 271 290
26
9 21 39 45 69 70 75 79 86 88 114 118 164 181 182 196 198 215 231 234 260 273 275 283 284 299
29
1 12 20 35 38 43 66 67 69 115 126 133 146 159 166 183 186 191 201 202 220 250 256 261 270 283 287 297 298
35
8 16 53 56 61 76 81 89 96 101 102 121 130 146 148 150 152 156 162 180 195 200 209 212 222 225 227 237 242 254 255 267 272 273 288
22
4 36 58 80 84 92 121 124 131 157 162 176 178 179 205 210 232 242 246 248 283 298
41
1 18 19 23 32 38 48 52 69 78 88 95 113 125 134 136 145 151 154 172 173 176 179 182 190 196 199 202 211 229 231 233 257 269 272 273 279 285 289 295 298
27
5 10 37 55 76 84 97 107 115 116 127 144 155 158 159 175 180 187 189 205 214 221 233 253 256 278 283
34
17 34 46 48 53 59 95 117 118 119 124 136 137 143 146 147 155 164 172 180 193 194 208 212 222 235 239 249 264 281 282 284 298 299
36
8 21 33 48 61 63 65 88 96 117 123 129 130 132 135 143 150 156 162 164 180 184 193 213 217 234 235 237 240 258 266 278 289 294 296 299
37
5 8 9 10 18 34 40 90 91 105 120 125 127 128 131 144 148 149 159 170 172 174 191 199 202 208 240 242 248 252 259 263 264 278 282 284 295
35
12 41 45 55 64 73 74 79 90 102 112 131 151 163 164 172 184 187 190 193 198 199 220 227 228 234 237 238 253 266 277 278 286 290 293
32
1 4 12 14 27 34 40 41 46 50 53 60 68 71 81 93 102 123 140 143 159 161 163 171 172 184 186 195 205 238 251 280
26
13 22 40 45 67 77 79 86 100 105 115 119 124 137 148 154 163 177 183 190 226 227 241 256 294 296
25
1 10 21 26 71 89 114 116 126 145 147 152 158 160 161 185 187 215 222 236 242 256 263 296 298
26
7 17 25 26 28 61 68 73 80 98 100 103 105 110 121 124 139 212 225 246 250 257 271 274 294 299
35
4 5 14 18 19 23 31 33 37 49 91 96 98 115 121 126 130 131 148 156 162 163 165 176 179 182 184 212 218 219 230 242 246 255 264
25
21 22 32 46 55 60 63 95 107 109 124 134 142 148 152 156 157 199 203 210 232 279 286 292 294
25
9 32 35 50 53 55 82 92 100 114 127 149 152 154 159 163 165 185 190 199 208 267 269 271 281
28
13 27 36 46 49 54 64 84 86 94 100 114 133 159 162 168 175 187 216 218 225 230 240 243 246 271 272 275
19
35 38 46 50 53 62 74 78 81 111 128 131 148 154 209 211 244 247 268
27
7 16 17 76 86 95 96 103 117 124 127 132 142 152 176 187 190 195 218 235 239 245 251 255 259 296 297
34
18 21 26 30 39 41 68 92 98 108 111 135 145 163 170 174 176 184 188 199 201 203 209 214 228 250 259 264 268 280 285 290 292 296
27
2 4 5 12 29 32 35 36 40 53 54 83 112 115 118 159 161 174 180 186 195 199 202 212 227 233 237
35
3 10 29 35 37 45 77 85 89 91 94 102 105 106 116 127 130 144 145 159 161 176 190 221 226 256 259 261 269 270 272 276 277 278 283
30
3 4 7 8 10 14 15 16 48 52 59 63 81 92 95 99 104 111 120 126 146 153 166 216 219 220 255 277 286 298
29
16 17 21 52 53 55 59 65 69 79 96 109 110 118 128 135 137 139 147 160 182 186 220 223 226 231 232 239 262
24
6 18 26 51 56 75 80 81 82 119 127 129 134 139 140 144 150 206 208 227 247 288 291 296
22
12 45 46 55 66 83 88 122 148 151 154 162 202 203 209 213 217 236 238 244 258 278
32
7 23 25 51 57 60 62 63 83 86 107 117 124 137 153 155 163 169 174 178 180 188 191 194 195 200 209 219 233 280 296 297
35
14 30 36 40 46 49 54 55 86 91 92 94 108 115 123 143 150 165 166 173 185 188 189 191 201 202 237 239 242 248 253 260 273 278 300
39
20 23 24 29 33 35 36 42 48 50 53 61 67 74 88 98 109 115 132 136 142 143 144 150 153 172 182 206 217 227 229 234 240 250 260 261 267 277 286
30
6 8 29 44 49 57 68 78 88 90 125 126 132 143 154 158 159 170 194 208 213 214 227 238 260 269 271 285 291 300
23
1 12 22 23 29 41 74 91 92 111 125 128 154 176 179 189 207 218 227 240 244 253 254
33
3 9 16 23 32 37 39 61 64 69 73 85 91 98 101 108 111 126 139 147 150 152 154 156 170 177 181 209 215 216 243 257 292
35
8 28 51 69 74 80 91 96 99 101 102 108 115 140 150 153 169 170 174 175 177 204 215 219 223 243 248 258 263 266 271 284 287 288 300
28
2 12 18 23 25 36 52 65 76 84 93 96 122 154 161 162 169 191 205 218 227 231 234 240 256 262 266 273
23
2 8 26 33 37 54 74 83 106 107 110 143 165 179 192 207 208 226 249 251 277 292 300
34
14 27 40 42 43 46 48 70 76 78 79 80 81 90 100 126 141 146 177 178 180 181 185 194 211 222 229 245 249 257 260 281 290 298
27
9 15 24 40 44 45 47 48 86 91 93 112 128 129 134 136 192 194 202 220 222 255 260 263 266 274 285
30
11 21 22 30 34 35 40 43 55 69 70 75 76 88 92 97 145 150 181 194 215 221 222 225 238 249 252 266 270 278
25
7 27 42 88 89 90 93 100 112 149 152 176 177 180 192 213 215 217 220 234 256 265 266 269 276
31
2 4 24 33 46 57 63 64 65 71 73 82 86 96 98 103 111 115 141 151 152 159 160 186 202 225 256 259 269 278 282
35
3 20 39 40 41 43 44 66 71 73 85 89 98 135 141 161 167 177 178 182 189 192 195 197 206 211 222 227 232 245 253 256 274 275 283
24
4 8 15 19 38 53 62 113 151 164 168 169 200 211 212 214 217 226 240 242 261 270 272 287
35
9 10 13 16 40 41 68 69 75 97 126 161 162 176 196 198 207 208 212 214 228 231 238 246 252 253 259 266 270 275 285 290 294 298 299
27
10 26 30 32 33 40 55 78 83 103 104 133 143 150 165 192 193 202 205 225 229 234 241 246 276 285 289
22
8 51 63 70 73 92 117 140 141 166 174 203 210 227 233 238 241 249 267 276 284 290
27
14 24 44 47 72 87 113 117 121 129 133 164 192 195 197 203 207 213 214 221 225 233 252 276 283 288 300
33
3 6 15 18 24 34 41 58 67 75 88 108 120 125 131 142 147 153 156 160 169 184 188 200 202 205 207 240 248 265 275 280 289
27
24 30 34 54 70 73 94 103 110 147 161 167 175 176 182 185 186 192 195 223 230 237 242 255 259 270 290
29
5 15 33 37 41 42 63 82 86 98 102 105 121 123 125 157 168 176 197 205 207 223 243 249 251 254 282 293 297
45
4 6 7 14 18 21 22 36 38 52 56 70 81 82 83 91 99 108 110 119 120 131 151 152 162 163 173 174 179 189 201 214 220 224 225 233 236 241 245 246 248 249 268 273 298
39
6 16 22 23 45 55 66 74 81 89 93 95 127 137 146 147 154 161 168 175 181 189 191 193 206 223 228 242 243 247 248 249 250 251 258 271 283 289 295
26
5 7 20 22 31 32 37 50 60 65 88 99 105 115 138 184 186 198 205 207 227 233 250 266 291 296
32
19 21 40 46 56 94 99 101 109 134 136 145 146 160 164 175 177 183 197 199 206 209 242 250 259 260 262 266 268 269 270 293
34
4 8 26 28 37 54 57 66 67 75 80 82 87 88 90 91 124 125 142 154 161 162 167 175 214 243 244 250 259 269 280 291 299 300
26
2 7 19 30 65 66 69 71 88 101 132 140 141 142 143 149 154 160 161 172 188 211 212 216 240 272
23
7 39 90 103 109 131 133 144 148 151 167 176 199 222 224 250 255 269 274 275 276 291 300
29
1 8 19 25 36 56 84 90 97 104 107 123 134 135 146 165 166 177 183 198 210 215 227 238 256 267 276 278 292
18
3 31 44 45 57 66 106 128 131 163 201 224 242 249 254 275 286 299
35
9 27 28 50 63 66 70 71 82 95 98 100 109 116 121 122 123 125 139 151 152 154 206 209 210 217 223 259 273 280 288 289 292 293 298
27
12 14 39 53 75 76 87 103 107 109 112 122 134 142 175 180 184 205 206 229 251 252 254 290 293 296 299
38
10 11 20 24 34 45 61 64 71 72 78 83 94 101 106 113 115 148 149 165 169 175 182 192 195 215 218 231 234 243 248 251 254 274 281 290 292 297
35
6 10 26 40 51 57 61 65 70 77 81 82 95 99 105 111 115 126 136 157 158 184 195 197 206 209 215 217 228 251 252 262 276 277 289
29
9 14 29 38 41 46 59 68 83 104 109 110 112 126 130 133 153 157 160 178 190 192 197 222 224 244 267 288 300
30
11 20 23 30 41 43 47 59 72 75 84 88 122 132 159 171 180 182 205 206 218 234 239 244 258 278 279 282 283 300
21
6 16 45 50 58 70 74 75 96 126 156 166 167 171 194 197 206 250 253 269 274
22
3 19 38 40 52 76 85 133 160 190 198 200 221 225 229 243 247 250 266 272 276 284
28
8 9 16 26 30 34 69 83 84 105 110 114 121 126 134 147 162 182 199 201 217 219 243 251 276 286 290 291
31
5 8 25 27 29 31 42 47 50 57 58 67 91 93 98 124 125 133 150 165 167 173 185 187 192 231 259 274 288 292 293
31
9 17 39 44 46 53 62 76 78 93 99 104 105 121 122 128 130 139 143 155 160 166 189 227 231 237 254 268 271 289 291
33
7 27 37 39 48 54 56 65 78 86 88 92 97 108 124 126 129 141 149 162 175 188 197 201 208 209 220 226 257 261 265 270 291
28
2 9 17 30 34 39 48 50 57 67 98 110 136 141 156 165 184 198 206 215 227 228 239 240 254 256 261 298
33
14 42 48 49 57 58 70 101 104 117 123 129 143 147 156 170 172 182 200 202 214 221 222 223 226 242 243 251 271 273 292 298 299
21
6 18 22 23 32 42 45 57 77 127 131 142 152 196 199 221 226 231 239 268 280
34
1 11 15 19 22 23 26 44 49 50 62 63 69 73 80 103 111 116 152 167 173 178 179 191 197 222 234 244 245 246 256 270 277 284
27
2 5 12 14 25 31 69 73 86 101 108 143 159 164 166 169 172 175 180 200 209 247 249 251 254 259 274
21
3 15 27 32 35 38 79 80 123 158 160 166 212 215 222 223 230 244 256 265 279
30
22 25 26 33 36 39 41 44 56 66 82 105 106 107 119 162 164 183 185 192 213 218 220 221 249 271 272 277 279 281
26
5 13 32 42 49 60 98 119 122 126 127 130 138 145 162 170 202 203 222 224 234 243 262 278 280 281
26
11 16 26 29 35 43 45 56 66 78 79 122 124 141 144 156 161 180 215 230 241 261 264 274 287 300
31
3 39 45 48 54 57 68 84 89 107 119 122 131 133 151 159 164 168 180 184 187 189 214 223 233 246 247 251 253 254 259
30
21 25 34 49 92 95 109 116 125 132 135 138 167 178 180 188 208 226 249 251 252 260 266 267 269 280 281 285 286 300
20
13 30 34 50 54 95 127 128 138 140 151 160 165 172 178 204 239 246 264 287
21
19 29 31 32 40 56 65 68 96 134 154 168 180 203 204 209 211 234 239 259 270
34
3 8 30 47 50 58 59 70 76 85 91 102 117 119 121 134 154 163 179 191 193 206 218 222 223 236 239 257 271 286 288 295 298 300
27
8 28 31 34 35 43 85 90 93 95 113 127 130 133 134 137 140 180 182 194 204 214 223 243 258 263 274
29
5 16 24 45 76 79 92 102 126 130 131 157 174 179 189 198 204 210 212 216 228 239 253 254 257 264 272 288 300
24
3 9 55 69 77 81 102 112 113 130 146 148 185 196 199 208 227 235 269 273 277 290 292 293
27
8 11 18 19 21 26 31 40 50 66 71 85 90 92 96 135 159 195 203 230 247 248 257 262 273 296 298
35
6 8 18 25 37 59 61 78 85 101 102 118 131 137 143 145 147 158 175 176 190 210 216 218 225 231 234 240 251 258 260 271 280 288 290
42
6 11 12 14 27 37 40 42 74 85 86 96 106 110 129 138 145 147 158 166 167 171 179 182 183 184 198 223 229 235 236 239 240 248 263 266 268 274 278 289 295 296
36
4 8 11 13 17 24 26 60 61 66 80 108 112 115 122 125 131 145 149 160 166 167 172 176 188 192 194 208 217 218 251 262 267 271 279 281
40
3 11 14 18 21 30 37 39 43 62 63 67 71 85 100 122 146 147 148 156 170 173 178 183 206 209 218 227 228 229 240 256 268 270 273 274 278 280 287 296
27
30 66 94 108 109 112 135 137 145 146 156 185 199 200 207 215 217 222 228 231 232 258 271 286 292 294 297
38
6 8 10 14 17 29 32 36 37 38 40 43 49 61 77 89 93 95 107 113 116 140 147 171 177 182 185 199 206 225 236 237 239 256 259 267 291 296
23
8 18 47 53 55 61 85 97 105 106 128 130 136 138 142 146 148 191 194 217 231 265 290
27
20 36 53 56 63 84 85 96 107 116 126 138 146 149 179 186 196 200 210 222 229 231 232 236 273 282 289
31
5 20 27 31 34 52 53 68 77 79 80 89 94 117 132 137 139 166 177 184 192 204 206 211 216 217 218 239 280 288 289
26
8 12 23 30 66 78 82 107 111 117 119 122 127 132 141 150 155 161 179 197 200 215 248 263 291 292
31
1 2 8 38 39 55 63 64 66 73 110 125 136 147 151 174 175 184 200 202 212 215 228 233 251 252 258 260 270 276 278
32
6 11 34 46 47 61 63 72 78 82 87 90 99 103 123 130 158 165 169 170 183 186 187 191 214 222 228 238 250 267 278 290
26
16 25 28 31 32 77 86 109 136 157 164 168 170 172 175 182 185 190 199 204 208 235 245 255 283 297
24
1 3 5 22 23 32 68 73 95 104 128 137 142 145 151 163 170 178 197 246 258 263 295 299
38
17 43 46 50 63 73 81 86 88 94 101 104 111 119 139 140 141 148 154 159 166 172 174 186 192 199 208 217 218 220 224 225 227 242 269 282 287 288
19
32 47 49 52 62 92 96 98 111 168 190 199 202 207 263 290 293 294 296
35
15 16 18 42 43 50 53 63 79 85 89 95 96 112 114 127 139 147 153 154 174 187 190 202 213 219 225 228 244 251 253 263 272 275 299
25
1 12 19 60 62 73 79 84 86 123 127 131 135 139 154 157 167 175 188 193 200 212 229 260 293
27
23 24 32 46 48 56 58 60 69 90 131 156 161 174 177 180 191 219 230 231 238 248 276 282 283 289 290
40
17 25 28 29 32 34 39 49 51 54 58 61 67 80 93 99 100 113 127 131 177 188 195 210 213 219 222 230 239 240 244 252 257 267 273 276 278 290 293 296
35
2 15 18 33 39 56 79 82 93 100 110 117 118 121 122 130 132 137 142 155 158 163 172 185 198 212 221 222 231 239 243 259 266 285 287
31
1 7 11 20 29 30 33 57 64 68 71 72 75 83 96 99 101 125 131 148 151 152 163 176 183 190 251 253 259 272 291
34
15 18 24 26 29 62 63 68 69 80 82 89 105 110 122 123 124 125 153 154 181 183 213 215 218 226 231 243 244 260 261 272 278 280
24
25 38 56 63 69 81 85 89 107 139 147 156 181 185 186 191 203 208 210 211 212 228 267 297
30
49 60 62 68 70 78 82 108 117 123 140 142 148 149 150 151 159 160 167 168 179 184 186 191 192 195 204 257 260 269
22
12 34 57 69 118 121 127 138 139 155 165 177 188 202 213 230 231 232 242 272 299 300
22
30 43 50 51 53 62 63 76 97 100 101 132 136 138 160 218 226 241 268 286 296 299
24
5 20 21 22 28 29 54 66 101 110 117 123 147 160 165 197 200 219 229 236 259 272 274 279
25
2 13 67 73 81 104 108 116 122 137 141 144 152 153 162 172 192 193 201 209 212 218 234 258 262
36
1 16 20 25 30 36 37 48 56 57 59 87 120 134 136 160 168 172 187 195 196 204 208 214 219 223 247 248 257 268 275 280 281 282 292 297
37
2 14 15 16 23 31 45 46 59 72 77 83 84 90 97 99 103 109 114 115 120 128 152 157 159 163 167 185 190 216 221 245 246 258 261 281 291
33
7 10 14 31 45 46 54 57 69 90 96 107 111 114 119 143 150 155 168 172 175 187 203 226 233 236 242 246 252 258 261 286 288
35
3 6 8 9 26 27 33 42 48 57 87 88 101 110 126 142 153 165 168 169 173 176 177 180 195 197 199 200 210 213 225 231 240 242 257
33
10 16 43 44 45 47 59 67 73 77 86 100 104 106 118 131 135 136 141 155 164 166 167 168 180 194 207 211 219 221 224 242 250
37
3 13 36 37 39 46 47 53 58 75 85 99 104 114 117 125 148 158 163 164 178 185 201 220 234 251 252 256 258 261 264 265 267 272 282 285 300
27
7 15 19 42 43 70 102 107 115 116 130 144 157 160 170 173 183 184 187 196 200 202 211 222 246 256 278
31
7 39 47 48 50 52 53 55 57 77 86 93 96 117 119 121 127 138 148 161 162 168 177 187 190 195 198 217 221 267 294
35
3 16 20 33 37 54 64 65 76 89 100 106 108 114 116 129 136 145 146 150 153 160 167 223 230 231 232 233 239 250 262 272 275 283 294
34
1 5 18 31 33 51 55 60 63 66 70 90 96 125 144 149 154 160 171 173 184 203 206 216 237 239 247 253 254 256 270 278 284 298
