150 300
1.0 1.0 1.0 1.0 1.0 1.0 1.0 1.0 1.0 1.0 1.0 1.0 1.0 1.0 1.0 1.0 1.0 1.0 1.0 1.0 1.0 1.0 1.0 1.0 1.0 1.0 1.0 1.0 1.0 1.0 1.0 1.0 1.0 1.0 1.0 1.0 1.0 1.0 1.0 1.0 1.0 1.0 1.0 1.0 1.0 1.0 1.0 1.0 1.0 1.0 1.0 1.0 1.0 1.0 1.0 1.0 1.0 1.0 1.0 1.0 1.0 1.0 1.0 1.0 1.0 1.0 1.0 1.0 1.0 1.0 1.0 1.0 1.0 1.0 1.0 1.0 1.0 1.0 1.0 1.0 1.0 1.0 1.0 1.0 1.0 1.0 1.0 1.0 1.0 1.0 1.0 1.0 1.0 1.0 1.0 1.0 1.0 1.0 1.0 1.0 1.0 1.0 1.0 1.0 1.0 1.0 1.0 1.0 1.0 1.0 1.0 1.0 1.0 1.0 1.0 1.0 1.0 1.0 1.0 1.0 1.0 1.0 1.0 1.0 1.0 1.0 1.0 1.0 1.0 1.0 1.0 1.0 1.0 1.0 1.0 1.0 1.0 1.0 1.0 1.0 1.0 1.0 1.0 1.0 1.0 1.0 1.0 1.0 1.0 1.0 1.0 1.0 1.0 1.0 1.0 1.0 1.0 1.0 1.0 1.0 1.0 1.0 1.0 1.0 1.0 1.0 1.0 1.0 1.0 1.0 1.0 1.0 1.0 1.0 1.0 1.0 1.0 1.0 1.0 1.0 1.0 1.0 1.0 1.0 1.0 1.0 1.0 1.0 1.0 1.0 1.0 1.0 1.0 1.0 1.0 1.0 1.0 1.0 1.0 1.0 1.0 1.0 1.0 1.0 1.0 1.0 1.0 1.0 1.0 1.0 1.0 1.0 1.0 1.0 1.0 1.0 1.0 1.0 1.0 1.0 1.0 1.0 1.0 1.0 1.0 1.0 1.0 1.0 1.0 1.0 1.0 1.0 1.0 1.0 1.0 1.0 1.0 1.0 1.0 1.0 1.0 1.0 1.0 1.0 1.0 1.0 1.0 1.0 1.0 1.0 1.0 1.0 1.0 1.0 1.0 1.0 1.0 1.0 1.0 1.0 1.0 1.0 1.0 1.0 1.0 1.0 1.0 1.0 1.0 1.0 1.0 1.0 1.0 1.0 1.0 1.0 1.0 1.0 1.0 1.0 1.0 1.0 1.0 1.0 1.0 1.0 1.0 1.0 1.0 1.0 1.0 1.0 1.0 1.0 1.0 1.0 1.0 1.0 1.0 1.0
27
32 66 74 75 79 92 95 126 128 135 136 137 163 168 175 190 191 201 211 222 231 239 248 276 282 283 296
33
2 4 22 24 26 36 65 84 100 101 113 120 132 141 150 151 161 169 175 182 183 192 193 195 221 231 232 234 254 262 276 282 285
37
1 11 12 17 23 24 34 44 57 63 67 92 93 130 136 150 163 172 178 182 192 206 207 216 219 223 228 234 240 242 253 257 269 280 284 289 295
27
6 9 20 39 48 50 51 63 91 96 98 109 113 121 134 139 158 163 169 177 187 204 205 210 255 275 293
25
6 27 36 44 48 63 67 80 81 91 114 125 132 152 165 178 208 232 249 259 262 272 274 283 294
30
3 8 10 23 44 64 75 77 82 83 88 98 104 117 118 125 129 143 170 177 184 188 213 243 252 264 276 285 286 292
27
22 23 31 35 54 70 79 80 81 94 112 123 133 135 144 152 160 184 190 209 211 222 227 241 247 249 267
28
18 22 27 28 37 44 45 47 56 61 96 103 118 124 131 141 146 159 167 175 178 189 213 227 254 259 275 276
37
11 12 14 23 25 36 54 62 66 93 102 110 112 119 123 127 133 143 144 150 160 177 202 203 207 226 252 258 263 265 268 278 279 283 284 297 299
35
11 14 28 32 34 54 64 67 68 73 75 77 79 90 93 113 114 116 120 136 138 147 153 155 199 200 232 233 238 245 251 259 273 289 290
25
1 18 20 46 59 104 107 114 115 137 148 152 170 186 225 230 232 237 243 253 262 274 284 293 294
37
2 9 16 33 36 40 42 44 59 63 75 77 91 95 118 125 132 138 140 144 152 169 172 189 196 198 214 217 237 240 241 244 248 249 275 289 299
25
16 18 22 29 80 95 111 135 144 147 152 162 171 175 177 184 205 214 238 260 266 270 272 293 295
32
2 18 32 52 64 66 71 85 87 92 105 113 116 128 138 144 157 159 167 178 206 209 217 218 224 230 233 243 245 253 273 275
24
15 22 33 54 55 67 94 95 133 143 152 158 169 177 200 223 225 233 251 256 258 283 286 298
23
1 10 37 41 43 47 63 89 98 105 137 159 180 194 212 214 227 256 265 270 274 284 288
26
6 40 42 70 83 87 95 104 111 118 142 157 169 177 184 205 211 213 232 235 239 260 262 276 292 299
20
2 15 33 38 43 62 69 79 112 131 132 138 143 151 160 200 202 209 270 283
29
10 13 17 40 44 51 63 68 85 86 101 112 119 121 127 135 165 179 185 193 196 201 232 259 269 274 286 298 299
22
33 70 73 110 117 135 167 181 185 186 191 223 225 228 243 250 264 270 278 280 289 298
24
4 30 51 54 65 73 75 89 100 105 109 112 119 141 147 163 189 214 248 266 274 280 283 289
21
38 70 72 88 106 111 117 118 122 130 143 145 150 166 188 199 209 218 226 237 294
24
15 31 45 50 58 59 69 78 80 119 155 182 191 203 216 243 251 252 279 282 284 293 294 299
22
39 52 61 68 76 94 99 109 112 126 130 194 199 206 214 223 233 244 260 271 273 275
36
2 12 18 27 32 35 42 46 58 62 76 87 88 92 99 113 120 122 127 133 143 149 157 181 197 206 222 249 254 255 262 287 291 292 295 300
38
11 25 32 41 44 46 49 53 61 92 106 110 131 145 146 151 156 159 164 170 185 188 189 205 207 214 224 225 234 235 247 260 268 275 279 288 289 299
28
3 36 50 51 63 72 76 79 94 126 134 140 146 160 162 164 198 205 210 216 217 272 276 278 287 292 295 297
25
6 7 9 10 13 15 30 43 62 71 109 116 125 128 152 165 181 205 207 216 225 230 247 251 261
44
10 17 33 34 54 57 72 77 89 92 93 98 100 106 107 111 115 118 130 135 141 148 173 181 190 200 201 206 208 212 217 219 222 223 241 248 253 254 256 266 269 273 284 296
32
1 8 22 24 32 35 44 52 57 62 73 79 87 111 112 139 140 145 147 165 174 192 196 212 240 244 245 250 256 259 274 284
38
5 8 10 11 13 19 30 48 51 66 70 76 85 103 111 112 115 117 121 146 147 160 168 170 172 182 205 219 223 230 240 242 250 265 268 269 271 295
34
2 5 7 23 33 40 46 47 53 56 64 68 75 81 98 101 110 116 137 143 149 154 156 180 196 198 199 225 231 254 257 275 283 289
28
1 3 18 31 41 44 45 57 79 88 94 102 109 114 131 133 134 144 156 159 192 203 220 243 255 260 285 286
30
5 6 10 30 49 56 67 106 114 118 142 145 148 153 156 169 189 193 197 200 205 207 220 222 232 240 255 257 260 290
27
6 8 29 30 60 79 81 83 96 99 108 132 134 135 147 164 188 191 207 237 245 279 290 293 295 296 297
26
11 17 23 24 48 51 56 62 67 91 101 120 133 139 143 147 157 182 184 190 215 268 281 283 286 296
28
3 10 19 26 41 46 62 76 86 90 108 111 117 124 130 141 142 158 163 181 192 208 217 243 273 275 281 289
40
4 22 28 39 49 55 63 65 73 75 76 79 87 94 96 105 107 113 115 118 124 134 141 142 148 153 165 172 176 183 199 215 225 230 233 247 252 276 291 298
30
16 23 32 33 58 84 90 91 93 96 110 128 139 178 183 200 207 222 229 235 237 238 246 249 259 263 275 277 278 293
32
12 18 29 31 33 45 95 96 113 117 120 129 144 150 152 168 169 172 177 179 199 210 223 252 270 273 275 276 278 285 290 294
27
26 28 43 58 62 85 92 93 97 102 121 122 135 138 168 181 182 199 214 251 254 260 275 277 281 286 291
32
15 43 51 53 76 100 101 103 108 115 126 131 135 144 152 153 163 164 183 209 218 221 236 246 247 258 262 273 276 277 286 300
28
1 3 11 12 31 50 51 77 99 110 116 142 155 189 190 203 217 220 225 243 256 264 267 269 270 279 281 295
36
1 4 8 10 15 16 30 42 57 63 71 72 86 90 98 124 133 135 138 165 180 191 210 216 217 230 231 238 239 260 264 275 284 286 297 299
28
28 38 41 52 55 67 69 84 86 91 92 93 98 103 104 138 139 147 151 163 177 180 188 241 260 264 273 295
38
36 78 86 90 96 97 105 108 114 126 133 143 147 156 161 166 169 180 186 204 205 209 215 217 220 222 233 237 241 255 263 264 269 271 272 273 274 277
31
1 10 21 45 51 55 68 89 96 110 114 126 132 140 152 155 171 176 180 182 209 227 231 243 261 271 272 274 286 298 300
29
1 15 26 33 35 40 41 60 68 109 112 131 136 141 157 158 161 170 185 196 198 200 231 268 272 273 280 281 292
29
7 18 24 42 43 52 62 68 72 88 93 115 121 124 127 141 147 154 157 166 177 187 202 209 225 256 265 281 299
27
13 31 35 42 49 60 61 66 74 80 108 109 113 124 139 145 160 180 196 203 212 224 238 281 287 288 300
23
15 37 41 49 58 63 87 93 100 105 145 168 169 170 182 186 201 219 242 263 287 288 295
30
17 19 21 26 41 43 63 67 77 106 111 131 135 147 153 174 190 196 200 207 222 226 228 236 240 251 265 279 280 292
33
10 38 49 51 56 58 70 87 98 99 100 101 106 113 115 119 122 128 141 149 178 180 190 217 218 221 225 250 253 274 284 291 299
37
1 12 17 21 25 30 62 63 93 119 129 130 132 136 146 148 149 157 174 191 199 201 204 211 218 222 223 230 234 236 240 256 260 262 263 267 271
28
22 27 30 34 36 43 48 49 66 91 105 138 150 156 179 183 189 193 194 201 209 223 239 240 245 255 262 288
20
35 38 50 79 90 118 142 159 163 173 177 192 218 222 238 246 251 259 270 298
29
5 16 20 33 44 53 54 62 69 73 81 90 98 108 110 117 125 147 164 167 176 191 203 220 221 236 245 246 255
28
8 68 106 111 113 115 116 143 151 152 155 156 188 200 212 215 227 228 233 244 250 259 263 265 266 268 271 300
41
5 20 34 44 56 64 66 68 78 87 92 95 96 97 98 112 117 118 122 126 132 135 136 137 138 140 149 154 160 202 216 219 220 229 233 244 253 259 265 278 292
27
5 27 41 42 44 58 61 115 130 149 159 160 170 177 188 200 206 214 215 226 241 250 271 274 281 284 293
36
18 29 32 40 41 53 56 73 92 103 108 110 129 131 141 145 148 153 160 170 177 178 185 189 199 202 207 215 225 229 238 248 250 252 259 293
29
8 10 16 19 23 31 36 65 81 86 101 105 134 135 139 141 150 163 177 193 210 220 231 233 235 252 256 279 294
32
7 10 12 34 56 64 83 94 95 107 114 129 141 145 164 169 172 183 191 207 208 221 227 228 238 241 245 249 250 252 265 279
30
1 10 19 22 32 37 41 43 65 69 71 72 76 79 81 95 120 126 137 199 205 214 223 226 235 246 267 286 288 300
28
4 6 26 27 30 41 76 93 102 106 107 121 125 189 190 192 201 206 207 209 210 212 247 248 252 254 268 298
28
4 7 20 45 46 49 56 74 81 97 109 136 141 152 157 167 174 177 179 232 239 250 256 271 278 281 292 295
28
6 30 31 41 87 104 118 134 138 141 143 145 157 158 162 193 210 239 240 253 259 261 265 275 278 279 290 299
26
11 12 16 29 32 68 76 80 82 86 94 126 132 135 159 168 188 192 211 214 218 264 289 293 298 299
35
3 5 11 22 28 29 35 37 38 43 82 90 97 110 111 124 128 161 163 168 179 181 183 196 202 227 235 244 251 254 258 262 275 280 287
20
18 26 29 56 88 111 117 131 158 161 172 183 184 191 195 217 246 277 279 299
30
1 12 14 33 47 51 60 70 71 72 87 94 112 137 143 146 147 167 182 192 209 218 220 221 233 250 251 262 275 299
30
1 9 18 33 36 52 63 65 76 77 89 106 109 123 149 150 155 187 191 194 216 220 232 249 267 274 291 295 298 300
38
1 4 9 10 14 15 21 31 35 36 39 44 47 60 66 77 94 95 107 112 114 125 126 127 129 135 144 148 155 161 175 216 243 258 259 269 292 297
35
2 3 6 20 21 41 43 47 48 55 63 85 91 102 104 106 107 115 129 133 134 148 165 190 225 228 237 241 244 250 253 265 267 274 296
29
15 40 41 42 45 53 54 58 84 86 89 96 106 118 123 127 144 160 183 201 207 212 213 221 233 258 281 293 299
27
10 25 32 43 57 59 62 78 92 110 114 127 148 150 177 181 183 187 193 200 219 234 238 267 274 276 296
34
6 10 11 30 32 36 50 70 99 104 128 137 142 143 148 150 155 158 165 181 190 196 205 207 235 244 258 260 263 266 279 285 290 299
27
3 5 55 64 67 83 100 105 148 154 161 185 186 197 217 219 221 229 231 246 254 270 273 279 283 292 300
26
22 32 57 61 70 81 100 110 126 127 133 144 166 167 169 181 218 222 223 226 241 243 251 289 296 299
33
9 37 57 59 75 92 114 118 124 136 137 138 139 141 143 151 156 160 174 175 191 202 204 216 221 241 244 246 247 267 280 284 286
23
1 6 22 34 39 43 63 67 75 114 130 132 143 168 171 176 183 193 237 243 261 262 275
32
38 42 54 59 61 66 88 92 101 105 133 138 144 145 151 154 155 161 191 203 210 214 217 224 243 245 260 270 271 279 284 285
30
8 16 17 22 39 50 64 90 92 94 104 112 114 125 133 160 176 197 204 212 215 219 221 222 224 228 229 259 286 291
39
2 3 13 15 16 39 40 47 49 91 92 97 100 107 115 120 133 139 140 141 145 152 163 169 182 206 207 210 215 219 227 235 262 265 274 284 291 292 293
28
3 22 28 31 33 38 53 72 74 82 95 137 143 148 155 161 170 172 176 205 213 226 235 240 243 246 251 264
35
7 9 19 26 31 36 45 48 59 63 72 80 97 100 105 111 113 121 132 135 140 141 142 171 184 191 202 212 227 234 238 244 265 290 299
35
10 19 22 26 29 34 42 48 58 61 63 91 96 97 104 106 112 113 115 145 159 161 163 168 169 189 199 209 216 228 229 244 272 285 299
22
29 32 49 71 76 92 104 116 130 132 137 142 163 169 173 214 219 221 256 273 279 287
29
3 4 6 8 27 31 37 50 85 86 92 94 110 111 116 133 135 145 152 187 190 215 230 269 271 285 287 291 294
33
5 44 53 59 60 61 67 72 92 99 108 114 136 140 145 154 159 162 168 169 172 177 180 189 215 216 218 222 226 256 264 277 284
31
9 14 31 35 52 55 61 67 81 98 101 109 113 118 131 154 155 184 193 210 222 228 230 231 241 244 245 257 271 292 296
34
10 11 12 23 26 28 37 41 45 52 53 59 64 69 71 73 104 113 124 128 129 146 153 201 202 234 235 240 241 243 244 245 248 276
32
4 17 23 34 43 48 50 56 62 67 85 98 99 106 119 124 141 151 159 165 193 201 202 215 221 230 246 253 258 268 282 292
29
10 18 23 36 40 48 51 54 62 136 139 145 155 162 168 174 192 199 208 214 217 235 238 247 253 262 275 280 298
18
8 18 19 31 48 71 80 111 151 156 161 171 173 183 241 251 258 296
29
15 22 31 32 53 60 66 77 83 86 89 98 108 112 139 148 150 160 162 176 184 192 195 211 217 237 248 258 260
35
4 8 19 33 41 44 59 65 77 80 84 87 95 100 112 119 123 131 141 143 146 152 173 197 207 214 226 227 233 235 245 250 272 297 300
31
1 14 26 43 48 64 73 82 89 97 98 108 127 137 145 154 160 174 186 193 201 206 209 221 223 255 258 269 283 286 287
37
15 28 33 39 45 46 55 59 71 83 96 101 106 108 111 123 129 134 139 140 143 177 186 202 223 224 226 228 231 232 234 250 256 261 281 284 299
31
8 16 35 43 59 61 66 69 95 113 141 142 143 163 180 195 196 206 214 219 223 224 237 248 252 253 259 262 269 270 299
33
15 24 26 28 39 51 54 56 61 94 97 98 116 137 145 153 157 173 174 179 187 189 202 215 229 230 241 252 260 263 278 292 293
24
6 14 21 53 62 83 99 113 123 164 165 179 203 210 215 221 224 233 237 242 251 257 283 290
29
2 18 28 34 40 44 46 48 62 101 109 110 113 119 125 127 131 132 135 183 202 203 219 225 229 247 261 282 286
30
8 12 36 43 45 46 76 126 128 134 140 142 144 148 165 167 169 172 175 222 248 249 250 264 271 276 282 283 294 299
32
2 14 23 32 48 50 52 61 69 70 82 85 88 105 135 136 158 161 170 228 234 242 247 252 256 259 261 266 270 275 282 296
37
6 18 36 37 47 62 71 73 74 77 98 113 122 137 154 155 168 181 182 186 191 192 194 215 226 228 231 236 246 248 254 258 264 268 285 288 289
32
2 5 19 41 61 74 75 89 101 124 131 136 145 147 153 158 159 163 169 172 191 216 225 230 232 234 236 237 239 249 270 287
39
18 28 30 34 35 46 66 88 89 103 113 120 130 136 147 160 167 177 180 189 195 196 205 206 207 220 232 235 241 243 244 249 250 266 267 286 288 289 296
28
9 11 31 42 45 49 52 62 73 79 86 100 104 124 130 136 142 152 165 185 187 209 225 232 239 245 246 254
26
2 5 11 27 38 58 98 103 125 130 132 141 145 154 155 167 183 201 202 203 204 223 249 269 274 284
23
11 28 39 70 79 92 100 106 124 144 147 155 204 222 226 236 243 245 246 259 270 274 278
22
2 7 29 35 51 57 101 114 129 148 150 152 160 195 217 245 249 254 274 277 284 295
41
15 34 35 40 56 64 65 82 89 94 103 107 115 121 124 126 127 133 136 166 174 176 178 179 183 188 189 207 209 211 217 225 228 232 250 266 271 273 274 279 287
25
26 32 55 60 68 74 87 99 114 121 138 143 151 152 155 161 183 225 236 241 242 270 283 285 300
27
2 7 15 57 59 62 67 109 131 135 149 153 160 198 210 215 224 244 250 258 259 261 273 275 288 290 292
37
8 9 15 20 39 63 65 71 72 78 92 103 113 117 121 123 124 126 140 142 151 158 160 162 181 183 197 224 238 239 259 270 276 283 288 290 295
30
19 20 25 33 34 43 68 69 87 94 97 99 120 134 139 144 147 151 152 176 177 194 203 204 235 245 246 256 264 300
37
16 30 34 38 46 54 56 62 70 85 86 103 109 111 121 122 123 126 128 130 142 181 197 198 204 221 223 232 235 237 238 242 247 259 268 280 281
26
9 15 29 31 60 64 77 80 84 119 132 134 138 143 146 148 186 188 189 190 231 248 256 264 276 294
36
3 10 15 17 38 45 54 67 71 78 91 93 122 123 125 126 141 143 152 161 162 163 178 187 202 208 227 229 234 237 244 252 254 261 277 293
28
23 31 38 48 50 51 65 73 75 79 81 85 93 95 105 132 154 155 188 213 215 222 233 243 271 288 293 296
26
4 12 16 26 40 45 71 73 81 88 121 135 143 161 167 171 191 213 230 239 242 246 252 253 260 288
19
27 28 34 38 68 84 95 108 117 122 143 178 182 193 216 238 250 276 277
27
2 7 14 25 33 52 64 65 69 73 126 129 136 148 155 160 178 204 218 222 225 249 250 268 270 271 280
30
12 15 29 52 66 72 73 75 91 151 153 166 174 188 190 220 233 238 243 246 248 249 253 262 266 267 279 282 287 297
27
3 4 23 25 67 90 91 100 116 121 135 157 159 168 172 186 198 201 211 212 218 228 230 238 258 293 296
38
12 14 16 31 39 54 62 64 66 86 89 90 94 95 96 111 115 141 144 147 149 161 162 190 192 195 206 209 217 218 223 224 244 245 259 261 268 280
29
5 6 21 34 59 63 77 82 88 96 99 111 118 146 158 165 214 218 226 227 229 246 249 259 268 278 289 296 300
30
8 19 35 41 47 70 74 77 79 96 107 123 127 129 136 162 163 177 179 184 198 208 227 238 243 246 261 270 275 289
27
4 7 8 31 58 79 93 103 114 115 122 137 138 143 144 161 164 172 184 193 202 203 214 236 244 246 285
34
24 29 37 46 61 79 99 101 102 106 107 111 136 137 141 147 163 179 180 185 202 204 207 215 223 227 235 248 254 258 268 270 272 286
31
20 30 45 52 60 70 78 80 81 89 91 97 112 117 121 122 124 135 159 172 176 183 202 218 220 223 250 285 289 294 295
22
7 25 35 40 59 87 106 107 110 116 140 150 158 189 214 233 237 238 246 253 274 281
37
6 11 19 44 58 63 91 94 101 107 108 110 112 113 115 118 126 147 148 150 157 164 186 192 193 217 237 240 244 247 266 275 277 284 286 289 293
25
5 9 24 25 29 30 75 89 95 113 131 134 167 170 182 199 222 223 227 238 245 272 279 285 291
27
14 25 28 30 31 42 71 75 76 80 91 100 112 116 122 130 153 162 189 203 220 221 228 270 276 288 290
15
47 58 87 107 123 131 133 154 194 218 239 246 258 285 286
36
8 10 13 14 16 33 42 49 53 61 82 92 95 118 120 124 128 157 162 176 194 205 219 223 228 235 238 244 245 253 256 258 262 268 286 293
37
8 17 20 24 28 29 34 45 49 63 65 73 76 77 105 111 114 141 142 157 166 176 190 195 215 236 237 239 255 269 275 280 282 284 295 296 298
27
9 10 12 33 37 38 41 56 60 65 83 88 91 130 131 133 138 153 154 171 173 209 234 236 242 268 294
26
54 56 59 62 71 76 82 85 86 96 109 113 138 141 144 149 150 161 190 195 207 208 223 235 250 281
27
19 28 29 32 54 58 76 79 88 97 102 122 131 135 146 150 156 166 173 182 185 201 206 211 213 243 287
23
3 16 21 33 40 51 71 75 123 125 149 159 162 167 191 216 226 236 238 242 261 267 274
29
2 11 13 36 37 38 41 42 46 66 82 85 86 95 147 156 167 170 179 182 220 232 256 259 260 265 282 295 296
28
1 12 13 30 57 77 94 97 116 123 126 132 168 174 180 201 205 207 228 230 233 249 261 262 275 280 289 300
30
10 12 14 19 27 35 41 58 64 81 82 86 87 97 109 129 168 179 194 199 202 204 233 240 248 256 257 261 277 293
37
11 12 31 33 44 45 46 51 53 61 63 65 66 109 122 142 148 156 176 179 181 183 185 193 209 218 225 226 229 235 250 253 264 268 272 274 293
29
29 59 63 64 100 104 110 120 123 126 132 140 146 158 163 194 196 199 208 213 224 244 256 257 269 270 280 288 296
42
20 30 37 48 71 87 107 108 112 113 114 116 130 138 139 141 155 156 159 167 172 173 177 179 180 187 197 231 235 238 252 253 255 258 260 270 271 272 275 281 293 300
26
10 22 52 61 70 72 73 85 115 116 137 138 144 160 161 213 219 223 241 248 253 264 266 273 275 276
