150 300
1.0 1.0 1.0 1.0 1.0 1.0 1.0 1.0 1.0 1.0 1.0 1.0 1.0 1.0 1.0 1.0 1.0 1.0 1.0 1.0 1.0 1.0 1.0 1.0 1.0 1.0 1.0 1.0 1.0 1.0 1.0 1.0 1.0 1.0 1.0 1.0 1.0 1.0 1.0 1.0 1.0 1.0 1.0 1.0 1.0 1.0 1.0 1.0 1.0 1.0 1.0 1.0 1.0 1.0 1.0 1.0 1.0 1.0 1.0 1.0 1.0 1.0 1.0 1.0 1.0 1.0 1.0 1.0 1.0 1.0 1.0 1.0 1.0 1.0 1.0 1.0 1.0 1.0 1.0 1.0 1.0 1.0 1.0 1.0 1.0 1.0 1.0 1.0 1.0 1.0 1.0 1.0 1.0 1.0 1.0 1.0 1.0 1.0 1.0 1.0 1.0 1.0 1.0 1.0 1.0 1.0 1.0 1.0 1.0 1.0 1.0 1.0 1.0 1.0 1.0 1.0 1.0 1.0 1.0 1.0 1.0 1.0 1.0 1.0 1.0 1.0 1.0 1.0 1.0 1.0 1.0 1.0 1.0 1.0 1.0 1.0 1.0 1.0 1.0 1.0 1.0 1.0 1.0 1.0 1.0 1.0 1.0 1.0 1.0 1.0 1.0 1.0 1.0 1.0 1.0 1.0 1.0 1.0 1.0 1.0 1.0 1.0 1.0 1.0 1.0 1.0 1.0 1.0 1.0 1.0 1.0 1.0 1.0 1.0 1.0 1.0 1.0 1.0 1.0 1.0 1.0 1.0 1.0 1.0 1.0 1.0 1.0 1.0 1.0 1.0 1.0 1.0 1.0 1.0 1.0 1.0 1.0 1.0 1.0 1.0 1.0 1.0 1.0 1.0 1.0 1.0 1.0 1.0 1.0 1.0 1.0 1.0 1.0 1.0 1.0 1.0 1.0 1.0 1.0 1.0 1.0 1.0 1.0 1.0 1.0 1.0 1.0 1.0 1.0 1.0 1.0 1.0 1.0 1.0 1.0 1.0 1.0 1.0 1.0 1.0 1.0 1.0 1.0 1.0 1.0 1.0 1.0 1.0 1.0 1.0 1.0 1.0 1.0 1.0 1.0 1.0 1.0 1.0 1.0 1.0 1.0 1.0 1.0 1.0 1.0 1.0 1.0 1.0 1.0 1.0 1.0 1.0 1.0 1.0 1.0 1.0 1.0 1.0 1.0 1.0 1.0 1.0 1.0 1.0 1.0 1.0 1.0 1.0 1.0 1.0 1.0 1.0 1.0 1.0 1.0 1.0 1.0 1.0 1.0 1.0
27
27 84 92 118 127 136 143 154 164 171 172 177 185 187 192 204 221 229 234 241 244 245 248 257 260 268 279
32
12 21 26 28 52 73 74 77 81 83 90 100 106 147 150 161 173 186 187 190 204 238 243 244 246 258 267 273 274 278 285 300
31
1 12 14 18 34 52 74 79 99 104 105 112 115 117 137 144 146 150 152 155 165 182 202 216 243 247 248 255 264 268 287
25
2 5 10 11 14 20 37 39 42 43 48 54 68 82 99 104 105 132 149 204 239 262 268 276 293
35
2 4 13 20 28 38 49 53 55 68 70 74 90 92 106 111 114 120 125 128 130 154 162 172 180 198 225 231 232 234 235 236 247 255 266
34
2 10 29 43 54 66 67 83 90 92 99 113 124 125 129 140 145 151 156 161 172 196 197 203 204 213 215 217 218 241 255 257 275 291
27
4 10 11 54 58 60 87 91 114 124 133 166 190 192 194 205 215 227 229 236 248 249 275 291 292 294 299
23
25 46 59 80 99 145 146 150 167 173 199 206 226 231 232 242 249 257 261 266 274 290 299
34
2 11 28 33 37 38 40 54 67 77 85 109 115 118 122 124 129 137 146 184 189 201 208 223 224 228 235 239 255 258 267 276 296 298
33
11 19 27 55 65 86 88 92 94 95 111 112 113 133 135 146 147 154 170 171 173 201 202 206 208 213 243 252 255 256 270 285 299
31
1 4 34 35 40 41 54 68 70 81 85 90 102 109 116 125 127 135 139 161 175 183 216 217 235 246 279 288 289 291 298
30
11 22 48 49 56 58 59 64 74 75 85 87 96 100 116 117 129 144 150 161 167 186 188 230 271 276 279 295 297 300
35
2 15 21 25 26 28 48 93 104 105 116 130 132 134 140 164 170 174 177 179 191 199 204 210 214 216 247 250 254 272 275 278 286 291 300
29
4 7 53 58 65 66 74 88 92 115 117 130 137 140 143 157 168 187 191 194 210 228 229 240 254 259 269 277 286
32
10 17 39 41 52 72 93 95 102 104 109 115 121 124 125 154 159 163 169 188 192 194 206 214 217 222 246 253 260 262 281 290
19
2 14 46 47 49 58 65 95 110 119 159 178 185 192 222 262 269 284 296
34
3 19 26 41 46 54 68 80 82 91 104 125 133 140 147 152 168 179 183 185 193 196 225 232 234 237 241 253 268 284 285 289 292 299
35
11 14 17 22 25 46 53 59 64 69 71 91 103 131 132 152 158 171 186 191 195 196 197 208 212 220 223 228 229 236 249 264 272 290 300
42
18 19 26 31 33 35 36 39 60 67 82 84 95 100 103 116 129 134 138 139 141 142 146 152 158 160 165 166 169 193 194 201 205 212 214 223 248 257 259 265 267 277
26
6 27 38 42 44 62 65 71 120 121 125 137 157 175 179 185 189 202 211 241 256 258 272 283 287 298
29
1 8 24 31 49 56 57 58 95 106 158 159 162 175 188 204 213 231 234 244 250 252 257 263 265 268 272 291 295
22
64 78 96 100 114 117 140 172 173 183 198 201 203 204 226 228 236 238 250 267 288 290
31
3 5 6 19 23 48 53 54 61 73 88 100 115 118 149 151 170 171 182 183 201 202 222 249 261 269 273 287 291 296 299
27
11 18 63 76 89 95 119 121 131 134 141 146 154 157 174 181 200 205 241 251 267 279 281 285 290 294 295
30
29 33 34 44 60 77 85 86 87 110 123 133 137 144 149 164 175 177 192 196 202 220 226 233 245 259 263 266 277 297
25
1 51 55 69 101 110 113 122 123 161 176 197 209 213 214 215 224 240 247 259 268 270 275 276 285
38
13 17 22 26 35 37 46 63 66 77 88 92 96 101 114 132 151 157 160 163 164 165 166 168 176 178 179 185 190 193 200 218 240 262 270 277 290 300
32
20 23 34 45 46 63 87 89 107 108 130 138 147 149 156 163 174 199 213 217 220 226 231 242 243 251 258 259 264 271 272 284
37
5 16 32 33 36 62 71 84 92 94 105 111 125 139 141 164 166 174 181 185 197 205 209 218 226 228 237 239 245 246 267 275 281 286 289 296 298
28
32 36 43 53 61 64 88 101 106 120 121 123 134 142 147 152 168 192 200 203 204 209 231 242 259 270 279 292
23
4 5 9 15 39 53 70 78 87 117 120 121 126 148 149 179 191 215 219 239 241 272 273
31
11 38 55 60 75 81 91 107 108 116 133 134 136 142 149 162 168 171 202 211 220 240 246 251 258 260 262 279 282 285 297
33
10 26 27 41 44 45 47 52 85 91 99 104 122 147 156 167 173 176 180 183 189 190 203 217 230 235 236 260 268 278 284 291 296
34
2 6 7 23 26 27 66 67 91 99 100 122 132 145 171 174 186 191 199 210 211 212 226 240 270 271 275 283 284 291 292 293 298 299
33
23 43 47 57 73 76 78 81 86 90 92 93 122 131 133 164 173 185 188 194 215 216 220 221 228 230 233 234 239 248 256 261 274
25
4 6 15 19 53 54 66 68 70 82 95 97 144 158 166 190 196 222 224 232 256 268 281 292 300
31
1 19 22 28 30 36 38 47 52 62 70 74 75 122 129 162 168 189 208 214 222 233 240 253 260 268 274 287 289 294 296
34
9 17 24 43 54 68 71 76 83 89 109 128 140 142 144 145 149 164 166 168 179 200 202 204 218 226 230 244 255 257 264 276 277 283
28
1 17 21 32 42 50 79 83 97 111 112 129 130 137 143 145 159 161 177 190 193 212 221 222 248 258 268 277
37
4 7 11 21 27 33 35 46 49 63 72 78 80 85 86 105 106 131 132 137 139 150 171 178 182 197 199 206 211 223 225 227 242 264 268 285 295
34
2 3 9 21 22 30 33 53 56 66 82 97 109 123 129 131 132 142 165 170 197 201 203 206 229 231 240 243 266 275 276 280 288 289
28
1 2 8 49 69 72 74 75 80 87 90 120 125 130 141 154 171 183 197 198 216 222 226 254 261 263 267 292
36
2 7 16 28 30 32 35 48 49 50 58 69 95 96 97 102 103 121 132 136 145 147 150 152 155 160 192 220 224 231 234 236 237 241 263 299
30
22 31 46 47 53 68 71 89 93 102 113 124 129 144 150 156 173 175 183 189 191 192 229 251 256 272 280 282 286 295
30
8 24 26 42 46 48 76 77 86 91 107 109 115 116 130 135 137 151 153 219 224 225 234 236 239 257 263 270 280 292
29
14 35 53 56 74 80 104 114 117 118 138 144 147 150 151 157 166 175 177 182 219 221 229 242 258 267 271 279 297
36
13 15 19 21 32 35 38 57 58 80 89 91 99 110 123 124 128 132 147 151 161 162 164 177 195 201 228 229 238 257 263 272 273 286 290 298
36
12 16 24 26 31 32 51 56 67 75 80 100 104 107 111 123 125 128 135 140 155 164 166 175 195 208 213 225 231 245 253 262 263 274 292 295
38
3 7 12 29 31 37 72 87 98 118 136 144 154 155 178 197 199 202 215 216 217 220 223 224 227 241 246 250 251 254 255 260 261 266 269 271 273 286
27
2 9 30 37 38 41 49 93 103 105 116 138 143 147 148 175 179 197 210 222 223 233 237 245 255 291 299
24
8 15 44 46 47 48 51 59 65 83 96 140 150 161 166 204 209 221 222 224 266 273 279 297
25
10 22 32 72 87 94 112 118 127 140 144 154 158 169 175 188 192 214 251 257 274 275 285 291 292
31
1 4 17 25 39 63 78 86 92 103 111 122 130 142 146 156 159 160 161 163 215 226 230 238 244 253 254 275 281 289 297
26
26 35 68 77 111 115 120 129 134 153 160 163 186 189 191 193 198 213 228 229 230 239 242 252 253 279
31
10 14 28 29 30 52 60 61 64 68 72 83 86 106 128 165 198 223 224 230 237 245 247 252 259 260 268 275 277 296 299
30
2 11 19 31 34 69 70 78 84 85 91 103 107 108 124 134 152 160 185 206 209 217 224 226 250 257 258 259 275 296
25
20 22 43 49 66 76 109 126 128 131 152 176 184 195 205 217 220 229 256 266 272 278 280 294 296
25
18 38 42 62 66 79 116 118 120 127 133 135 154 187 198 218 219 226 252 253 265 267 278 297 298
26
8 14 19 28 32 44 98 101 113 147 153 154 157 159 162 175 179 211 223 230 236 243 253 277 287 291
30
7 17 37 41 61 63 68 105 107 120 129 130 137 141 156 178 195 199 202 208 217 234 242 243 258 266 270 276 282 298
35
28 31 33 42 49 52 55 56 86 88 93 116 129 135 136 142 143 152 155 158 171 172 173 179 181 189 193 209 214 223 266 279 284 290 299
32
6 11 14 19 27 30 37 43 54 63 66 90 100 110 115 116 118 120 148 157 180 183 189 203 207 234 251 258 259 274 295 297
28
30 37 51 77 85 86 112 117 120 123 125 145 155 156 166 168 183 202 209 215 237 244 249 254 265 267 268 281
30
5 13 27 28 39 41 49 55 60 63 67 78 97 103 111 123 124 129 137 155 159 175 185 188 192 239 247 259 267 271
29
5 9 22 23 31 33 39 41 48 70 71 83 91 94 106 113 115 118 123 145 152 175 249 254 259 265 275 287 295
33
1 6 22 25 34 44 58 75 76 78 81 82 89 92 96 109 111 123 129 133 139 151 166 191 204 222 226 231 235 249 271 272 282
39
2 3 6 11 13 30 34 36 42 50 52 54 57 104 121 129 134 148 156 165 169 172 173 183 184 186 206 219 222 226 234 235 239 248 256 266 272 277 299
35
2 11 34 35 36 49 50 70 89 93 96 98 114 123 134 153 156 175 176 191 193 194 200 205 208 210 212 225 231 241 249 251 267 293 296
22
10 11 15 51 56 89 99 102 108 143 146 173 192 194 232 246 248 249 255 283 288 290
24
9 11 39 54 61 65 84 88 101 127 156 186 194 199 215 225 230 236 269 278 280 283 286 294
23
7 15 19 36 39 68 75 80 84 114 116 129 165 174 211 223 229 236 237 245 253 288 299
39
3 4 7 12 24 28 29 35 37 58 59 65 67 71 72 76 79 86 109 124 133 136 148 149 155 164 174 182 190 199 200 211 220 227 228 272 286 292 296
31
9 21 24 49 53 85 92 95 117 118 121 167 172 181 186 198 208 216 232 236 238 246 253 271 275 277 278 286 288 293 294
31
8 13 31 32 37 38 46 48 56 63 74 77 83 84 107 115 120 124 143 159 174 193 196 199 211 213 220 229 242 260 299
30
20 29 44 51 76 85 88 91 94 98 108 109 116 122 127 133 141 156 189 195 204 210 214 229 231 234 243 246 266 285
32
5 11 19 22 34 36 49 58 59 62 71 80 90 97 99 136 138 145 158 159 166 167 191 192 201 204 226 232 250 262 289 299
23
15 32 39 55 73 115 116 118 122 129 134 163 184 189 198 208 222 237 262 265 285 287 293
33
32 47 58 70 75 98 114 115 120 130 133 134 136 137 149 151 170 175 181 190 196 206 221 228 233 255 256 259 267 278 285 298 300
31
5 85 86 113 131 138 139 146 148 153 159 161 179 191 194 197 206 218 223 226 228 230 233 234 245 247 254 268 271 272 293
39
13 19 22 24 42 44 48 49 52 69 72 73 77 78 86 88 95 112 136 138 147 155 157 166 169 183 188 203 213 231 235 245 255 257 261 268 274 281 285
40
1 12 20 34 37 46 59 60 73 76 83 94 103 127 135 137 143 145 148 149 158 162 163 166 175 179 182 187 189 212 214 238 244 261 265 267 269 292 293 296
23
16 17 38 56 99 102 111 119 131 137 141 162 169 194 195 196 235 237 265 280 283 288 295
33
6 15 18 19 22 23 24 33 38 42 45 46 59 61 67 81 105 108 153 154 177 194 199 200 203 224 240 245 247 249 276 277 288
34
3 13 15 43 51 55 64 69 74 79 85 87 89 95 96 99 101 109 112 113 142 178 186 188 199 203 206 232 240 246 252 260 262 287
29
4 19 25 29 30 37 41 45 58 75 79 95 107 139 145 149 150 159 162 178 193 217 225 239 248 258 266 275 298
34
3 5 10 11 21 23 26 37 44 45 54 59 67 78 94 115 132 137 147 153 159 168 179 183 207 209 210 213 229 236 253 265 285 290
30
9 15 19 23 55 58 60 66 68 69 87 94 95 100 107 142 147 160 193 214 216 224 241 246 255 260 263 264 269 299
44
1 10 13 25 31 36 52 55 59 62 76 77 81 83 84 117 119 138 152 153 155 157 166 179 180 182 201 204 220 222 224 225 237 240 241 250 251 255 260 261 269 282 296 300
28
13 16 27 40 49 70 77 93 96 106 124 129 153 155 163 168 197 198 207 213 215 226 245 253 254 257 258 260
30
2 7 21 24 38 53 58 69 82 83 90 99 100 104 121 151 167 178 186 211 228 233 234 251 265 269 274 280 293 299
27
18 23 26 28 34 39 61 88 89 106 114 116 117 161 164 170 190 207 230 231 239 256 268 270 281 282 291
30
5 6 16 38 55 69 78 85 86 100 106 116 121 140 149 185 196 200 205 221 242 244 251 255 257 283 284 290 295 300
23
16 41 49 54 62 83 104 109 121 123 124 135 136 156 164 181 185 188 203 235 241 279 290
25
8 47 81 100 114 128 136 137 153 156 162 163 171 184 218 226 231 243 247 256 261 266 285 288 296
21
12 16 17 74 99 118 135 163 170 178 208 230 241 243 255 269 286 290 295 297 299
19
2 53 54 68 84 98 100 113 132 161 176 194 199 222 253 267 280 285 292
23
9 38 43 48 82 97 104 105 112 138 139 146 152 163 169 171 210 237 246 250 252 279 289
32
2 4 31 36 46 49 56 64 66 69 71 97 107 111 128 132 147 150 192 198 215 226 227 240 241 243 258 265 275 279 288 293
25
2 16 19 33 40 45 47 58 70 73 140 146 156 166 168 187 190 205 214 237 239 243 262 279 287
35
20 28 34 36 46 55 72 75 86 114 118 124 138 140 142 152 159 177 179 181 188 195 209 211 218 228 239 247 256 271 283 286 289 292 295
27
4 36 41 48 79 91 99 108 117 118 123 126 128 159 166 198 204 205 217 239 244 261 264 275 281 289 296
31
6 10 16 25 30 42 47 60 81 91 102 108 123 129 148 165 178 182 199 214 222 224 225 229 240 245 254 280 283 289 290
35
1 9 22 32 37 44 49 51 58 80 90 92 95 98 128 130 140 145 146 148 153 159 164 165 170 171 172 180 193 229 241 266 287 291 299
36
6 15 20 25 45 52 56 57 65 66 84 116 140 142 152 153 156 159 163 168 172 178 191 205 216 237 241 243 254 259 275 280 281 285 286 300
31
13 26 37 44 46 47 61 64 68 69 72 78 80 93 97 104 111 112 124 137 140 145 151 158 204 205 206 207 272 287 294
24
6 10 39 43 56 68 72 115 118 148 149 154 182 194 205 213 222 228 230 244 252 266 280 296
28
8 10 15 19 22 36 38 59 60 85 102 107 111 132 144 151 156 159 160 162 176 240 249 252 260 273 293 298
20
14 22 56 97 99 152 167 190 217 223 240 249 256 259 264 267 268 277 292 295
28
22 23 34 53 65 92 115 116 120 126 127 135 148 149 169 172 178 202 208 225 228 241 245 258 268 273 295 300
25
2 8 48 67 70 73 79 87 89 138 142 148 150 158 167 182 184 191 223 230 233 234 246 248 297
23
1 46 56 59 66 71 83 105 109 122 171 177 194 203 215 228 239 266 267 286 287 291 293
27
11 12 25 35 47 68 75 81 82 99 145 170 178 185 195 197 223 250 253 256 259 275 282 287 289 293 298
36
2 5 14 20 25 27 44 53 79 82 103 104 110 114 120 123 129 139 145 156 165 173 179 189 197 211 213 240 246 247 253 258 260 281 283 291
29
3 14 27 33 70 76 97 128 129 147 155 164 168 177 179 183 185 200 215 225 232 242 252 254 259 285 288 295 300
30
24 53 61 65 69 91 97 111 112 131 132 148 155 156 159 167 170 171 177 190 205 228 234 250 277 285 289 292 296 298
27
23 54 55 67 68 80 97 106 135 149 155 162 183 185 193 199 206 213 216 217 239 244 245 250 251 256 262
27
17 23 33 47 54 57 66 67 106 115 133 156 174 181 187 189 191 195 198 208 240 242 258 275 279 280 281
24
16 28 29 33 49 55 59 69 76 90 100 104 152 170 176 198 202 205 219 221 266 271 276 283
30
1 11 21 34 48 51 69 79 88 95 100 101 116 135 144 146 174 182 188 202 203 222 224 250 256 264 266 267 279 289
31
17 34 49 51 52 56 62 65 67 71 82 94 100 110 118 129 164 183 196 208 226 227 230 234 251 253 254 275 281 286 297
35
14 18 25 29 44 52 58 70 71 86 90 95 102 105 108 110 139 172 184 187 190 200 214 218 225 228 232 233 235 251 254 256 261 271 295
26
13 14 22 32 39 51 76 85 90 99 100 122 154 173 174 179 204 213 214 223 224 238 253 259 287 289
27
13 31 46 71 80 81 84 95 128 139 140 146 160 161 193 196 213 242 245 260 262 273 278 285 290 292 293
28
29 32 42 78 85 95 109 122 128 129 150 166 174 185 188 191 201 220 228 238 242 253 254 258 262 271 299 300
27
7 16 22 36 38 43 65 92 93 103 112 120 121 129 141 179 184 187 188 194 204 222 254 256 263 279 289
26
5 12 13 26 44 111 114 124 126 128 130 134 152 165 198 208 209 217 222 224 241 266 267 271 274 279
27
5 13 29 31 62 77 79 80 82 88 93 100 102 109 127 182 197 198 200 206 209 219 222 237 240 246 263
39
19 27 31 34 35 43 50 74 75 85 90 96 97 99 103 111 114 140 142 149 154 157 160 163 165 166 174 189 196 225 227 233 241 250 253 273 280 291 297
32
2 10 16 27 55 62 74 81 91 94 98 102 117 126 136 158 165 168 179 190 191 222 226 228 232 233 241 251 279 285 289 290
28
11 16 25 27 32 40 45 53 57 58 83 91 93 95 103 121 122 163 180 189 204 218 225 235 240 266 279 282
32
3 6 62 68 76 105 114 118 125 127 131 136 145 158 168 181 182 185 186 192 195 206 207 215 227 229 249 254 257 280 295 298
29
6 9 22 25 44 61 63 101 104 118 136 145 146 147 148 172 178 180 205 210 215 232 241 259 261 263 266 278 287
27
11 29 32 48 60 66 74 78 79 95 110 159 160 174 186 190 197 199 200 225 237 242 247 253 272 295 298
26
24 38 44 71 85 87 88 94 100 106 110 111 113 116 117 129 130 134 147 163 187 232 241 247 253 290
31
2 5 9 24 32 38 51 53 57 66 73 85 88 90 91 98 104 113 118 135 164 174 179 192 201 207 224 227 228 239 282
27
7 18 27 29 30 42 47 53 57 61 64 108 114 123 135 138 161 205 213 214 219 234 242 251 253 263 267
33
4 5 17 25 34 37 43 70 78 79 83 87 106 109 117 143 147 149 152 153 164 181 192 204 214 215 216 228 233 238 255 261 297
31
8 18 26 32 33 55 61 78 79 81 82 83 91 126 130 140 146 152 178 188 216 226 232 238 241 242 247 256 264 265 275
24
17 52 54 66 92 105 129 130 134 148 159 173 178 186 191 212 214 235 239 243 245 252 258 261
29
4 15 32 36 42 52 53 54 65 71 101 111 117 126 130 134 150 162 165 178 179 185 202 223 249 250 256 288 290
24
2 25 33 39 44 52 58 61 85 86 91 126 131 139 165 166 170 196 217 226 250 254 292 300
26
13 23 34 39 42 43 54 68 86 89 92 93 101 108 130 131 184 190 214 216 226 233 237 240 243 259
38
12 16 30 32 36 41 42 45 63 65 89 94 95 105 111 114 116 117 121 129 136 143 160 161 169 178 186 205 217 230 237 239 247 266 277 297 298 299
27
3 28 30 36 37 53 59 66 87 109 123 139 140 150 167 170 176 191 199 200 212 225 234 248 265 292 293
27
5 11 13 16 23 48 62 65 74 98 107 108 115 145 163 168 175 182 198 207 221 224 229 252 268 276 286
31
11 37 38 45 65 74 78 92 103 125 131 141 158 161 180 195 196 199 201 204 225 235 241 248 268 273 277 278 280 287 293
21
45 54 64 79 90 96 112 114 118 134 145 154 185 193 208 234 235 262 291 298 300
40
13 17 19 21 32 45 50 55 66 77 92 104 112 121 127 147 149 150 157 167 168 169 180 182 194 195 196 198 214 222 225 240 249 257 272 273 286 292 297 299
34
4 20 40 45 56 61 71 76 87 92 104 121 145 150 153 157 168 174 177 178 182 186 192 196 214 217 222 223 228 236 248 252 255 294
31
14 31 62 70 74 93 110 111 114 116 118 126 137 159 162 171 174 176 197 214 225 230 241 248 249 251 262 265 274 286 289
