150 300
1.0 1.0 1.0 1.0 1.0 1.0 1.0 1.0 1.0 1.0 1.0 1.0 1.0 1.0 1.0 1.0 1.0 1.0 1.0 1.0 1.0 1.0 1.0 1.0 1.0 1.0 1.0 1.0 1.0 1.0 1.0 1.0 1.0 1.0 1.0 1.0 1.0 1.0 1.0 1.0 1.0 1.0 1.0 1.0 1.0 1.0 1.0 1.0 1.0 1.0 1.0 1.0 1.0 1.0 1.0 1.0 1.0 1.0 1.0 1.0 1.0 1.0 1.0 1.0 1.0 1.0 1.0 1.0 1.0 1.0 1.0 1.0 1.0 1.0 1.0 1.0 1.0 1.0 1.0 1.0 1.0 1.0 1.0 1.0 1.0 1.0 1.0 1.0 1.0 1.0 1.0 1.0 1.0 1.0 1.0 1.0 1.0 1.0 1.0 1.0 1.0 1.0 1.0 1.0 1.0 1.0 1.0 1.0 1.0 1.0 1.0 1.0 1.0 1.0 1.0 1.0 1.0 1.0 1.0 1.0 1.0 1.0 1.0 1.0 1.0 1.0 1.0 1.0 1.0 1.0 1.0 1.0 1.0 1.0 1.0 1.0 1.0 1.0 1.0 1.0 1.0 1.0 1.0 1.0 1.0 1.0 1.0 1.0 1.0 1.0 1.0 1.0 1.0 1.0 1.0 1.0 1.0 1.0 1.0 1.0 1.0 1.0 1.0 1.0 1.0 1.0 1.0 1.0 1.0 1.0 1.0 1.0 1.0 1.0 1.0 1.0 1.0 1.0 1.0 1.0 1.0 1.0 1.0 1.0 1.0 1.0 1.0 1.0 1.0 1.0 1.0 1.0 1.0 1.0 1.0 1.0 1.0 1.0 1.0 1.0 1.0 1.0 1.0 1.0 1.0 1.0 1.0 1.0 1.0 1.0 1.0 1.0 1.0 1.0 1.0 1.0 1.0 1.0 1.0 1.0 1.0 1.0 1.0 1.0 1.0 1.0 1.0 1.0 1.0 1.0 1.0 1.0 1.0 1.0 1.0 1.0 1.0 1.0 1.0 1.0 1.0 1.0 1.0 1.0 1.0 1.0 1.0 1.0 1.0 1.0 1.0 1.0 1.0 1.0 1.0 1.0 1.0 1.0 1.0 1.0 1.0 1.0 1.0 1.0 1.0 1.0 1.0 1.0 1.0 1.0 1.0 1.0 1.0 1.0 1.0 1.0 1.0 1.0 1.0 1.0 1.0 1.0 1.0 1.0 1.0 1.0 1.0 1.0 1.0 1.0 1.0 1.0 1.0 1.0 1.0 1.0 1.0 1.0 1.0 1.0
26
12 14 39 41 51 70 72 73 94 98 114 115 124 125 140 141 144 160 185 225 232 235 239 257 280 286
36
2 3 16 24 26 39 48 63 67 75 78 82 104 108 109 110 120 130 138 145 147 152 156 173 174 176 186 217 218 221 223 231 246 253 271 276
33
26 27 36 40 63 64 66 79 83 85 86 90 94 95 96 100 120 128 151 160 194 195 197 207 221 226 232 237 241 243 250 255 281
40
1 2 15 16 29 38 59 60 65 66 71 80 93 114 116 122 129 130 135 141 158 159 170 178 184 189 200 201 202 203 207 214 220 221 231 262 263 288 299 300
36
7 15 39 43 45 80 86 90 111 114 116 120 137 142 161 170 173 177 195 200 201 205 210 214 224 227 228 241 255 280 283 284 285 293 295 299
33
4 9 18 72 73 83 93 112 115 125 130 134 140 153 154 168 169 189 191 199 203 221 223 230 232 235 266 267 269 276 277 287 289
37
4 19 20 21 23 43 59 61 64 68 69 85 93 98 99 102 118 127 144 172 173 174 184 205 210 214 227 228 231 235 237 251 268 276 284 289 292
32
33 49 50 53 59 68 77 87 110 112 122 135 138 146 174 179 183 190 193 207 214 220 222 226 230 239 250 254 257 265 266 278
35
4 7 12 29 43 60 63 65 69 75 76 80 93 100 131 133 148 149 163 168 173 177 178 183 198 201 212 226 232 234 236 242 262 280 290
33
7 18 21 35 38 39 44 75 79 96 110 118 123 124 128 135 150 154 168 170 177 199 211 217 222 226 227 243 255 267 273 281 299
33
13 14 15 17 22 32 45 54 60 69 72 78 95 99 100 102 103 107 113 115 133 156 157 158 176 194 195 208 217 230 262 287 294
33
3 18 23 30 43 57 69 72 80 95 108 109 126 145 156 163 174 183 184 189 203 211 216 231 238 244 250 256 267 270 274 289 300
39
8 9 14 32 49 57 67 73 79 96 102 113 117 134 151 157 161 165 166 181 188 191 192 208 215 218 219 222 225 231 248 253 266 270 272 280 282 292 298
24
29 39 49 51 52 58 69 89 91 100 106 115 121 133 166 167 172 183 205 218 243 253 270 291
28
7 20 22 25 33 34 45 57 60 76 90 104 109 119 131 145 149 158 170 181 201 202 209 210 215 219 260 280
40
5 15 31 36 38 46 48 71 74 79 81 84 86 88 90 91 101 113 123 141 159 168 172 183 188 198 202 204 206 209 218 220 226 242 267 268 269 277 283 296
24
20 29 45 47 49 57 82 88 90 94 95 105 110 141 152 158 171 181 190 191 210 256 268 274
33
5 7 9 13 14 30 31 44 57 59 63 65 72 76 90 92 93 103 129 145 147 164 179 193 204 206 207 221 234 268 283 292 296
36
11 28 34 35 38 65 81 87 98 111 114 118 125 126 142 152 165 169 171 189 196 197 200 206 208 215 217 233 241 247 248 253 268 286 287 300
28
1 13 14 25 47 69 83 89 94 97 116 125 138 140 167 196 207 225 228 236 237 246 257 278 279 282 294 295
28
24 26 45 46 50 56 65 76 111 114 121 139 140 152 176 188 206 218 220 240 250 272 275 283 289 290 292 299
31
6 16 17 24 28 29 42 47 48 56 59 77 81 84 113 114 118 137 174 175 190 194 208 209 232 233 238 245 259 271 285
29
8 11 15 17 22 34 63 72 79 89 90 95 113 118 123 129 139 150 152 159 161 190 226 252 265 267 291 298 299
22
9 34 49 54 55 59 74 75 76 92 102 105 111 116 143 146 224 244 247 257 270 285
29
3 9 17 24 28 33 41 45 52 70 78 96 103 112 117 122 153 157 169 182 197 202 220 221 222 240 242 258 263
20
43 61 67 96 100 103 111 133 150 155 169 174 178 185 203 207 222 228 247 296
31
1 6 24 25 29 30 40 41 42 65 73 92 105 106 123 125 132 153 167 192 214 217 218 219 227 241 251 261 276 289 295
38
4 22 35 53 68 69 71 72 79 81 90 97 101 108 111 117 121 140 159 168 176 188 200 209 221 222 225 229 242 251 254 260 261 262 263 283 291 299
28
3 8 9 14 19 59 61 71 83 85 89 90 149 151 157 158 170 172 180 188 191 195 204 224 225 239 244 282
31
3 12 16 29 55 72 73 93 99 100 106 113 127 134 136 138 150 163 164 173 177 191 198 199 203 207 223 250 254 288 289
23
6 11 13 15 17 25 38 45 69 82 93 113 122 132 176 202 205 207 259 276 282 285 298
28
1 6 13 14 19 37 44 48 51 72 75 77 86 102 110 143 146 156 161 188 192 195 207 208 236 258 267 277
29
7 8 49 52 55 63 90 112 117 123 128 140 176 177 179 203 209 227 228 233 240 246 250 266 268 285 289 291 297
27
12 21 27 32 51 63 64 72 82 99 101 119 139 142 169 170 171 193 205 216 221 227 248 266 275 277 298
35
3 12 28 33 49 57 65 69 89 105 110 119 123 125 127 147 148 160 169 188 202 204 205 209 218 220 223 228 233 235 239 240 263 269 280
29
5 21 32 34 35 41 50 60 61 115 116 122 134 137 140 157 158 159 166 170 197 199 253 260 263 267 277 288 290
27
13 15 21 23 36 48 52 56 73 79 102 116 124 126 137 151 152 163 178 193 215 223 240 245 250 252 262
38
2 9 11 18 28 40 45 49 58 59 63 86 94 101 107 123 127 140 144 148 149 176 184 201 204 205 208 211 215 216 219 244 245 247 253 255 279 299
35
2 11 22 25 30 39 52 58 74 77 78 83 84 86 91 120 139 152 153 173 175 177 192 207 218 220 230 231 249 252 264 267 275 286 298
32
8 16 22 24 40 42 57 69 89 92 106 111 113 142 153 158 161 162 178 180 185 208 212 217 226 227 248 264 275 284 287 297
36
1 9 10 12 24 36 37 43 47 64 80 97 114 118 121 143 153 155 158 169 194 199 201 202 206 209 214 219 233 243 254 261 269 272 280 295
25
7 25 38 53 61 63 66 70 75 76 84 93 115 116 134 136 174 176 182 189 198 220 246 249 278
33
13 26 28 36 48 55 64 73 91 96 107 109 138 145 157 159 165 174 180 181 193 197 199 218 223 225 226 227 242 251 271 275 276
24
19 39 41 66 75 89 96 97 125 136 137 148 174 178 184 185 199 227 235 237 246 259 279 299
19
4 9 20 36 48 73 81 104 109 111 115 163 166 167 168 217 227 229 277
22
1 11 12 16 30 42 53 59 79 113 114 141 159 168 172 174 198 207 225 230 268 273
34
4 9 23 35 63 73 74 79 124 125 130 141 165 170 182 183 186 190 197 208 210 216 218 222 226 230 233 248 252 254 263 273 291 293
34
10 15 19 21 41 58 59 68 71 75 79 80 83 84 85 117 129 132 139 163 169 172 183 195 196 198 199 201 206 256 258 276 283 289
26
13 25 30 61 76 85 94 95 128 130 162 163 168 171 173 180 189 191 223 239 248 252 255 273 277 300
28
3 10 12 30 40 55 57 60 70 77 120 128 130 135 146 150 191 199 203 205 208 224 229 235 236 250 257 273
30
29 31 42 61 63 64 69 82 83 84 97 118 124 161 171 184 192 194 195 196 208 215 225 236 255 256 274 276 286 300
22
35 38 40 77 104 111 121 125 133 134 168 180 183 184 193 194 208 224 245 291 297 299
33
3 9 13 18 20 26 41 44 46 50 51 52 67 72 79 81 90 107 108 124 128 129 133 136 139 143 147 149 150 151 152 166 244
24
9 17 18 26 32 50 52 57 70 84 88 105 127 131 145 149 169 174 205 208 222 230 284 299
23
2 34 36 48 66 83 93 138 151 160 163 173 182 200 212 213 217 249 255 256 260 269 299
25
25 39 40 44 49 61 83 91 108 112 140 150 152 159 226 231 234 235 239 246 247 248 256 260 267
37
3 23 33 42 46 57 61 68 86 87 122 151 157 162 163 177 179 181 182 192 194 201 206 215 218 220 225 248 258 264 265 268 269 284 291 294 296
21
6 10 15 27 45 63 75 85 92 94 111 134 164 178 194 218 241 267 274 276 300
23
6 18 21 26 52 53 69 95 104 105 109 113 152 155 158 159 175 187 234 246 249 270 298
29
24 32 34 42 58 64 76 77 80 84 100 101 106 110 128 129 148 149 155 176 196 208 218 232 244 264 276 277 288
27
17 19 24 28 32 36 59 66 72 75 84 118 119 138 143 144 145 174 185 189 194 226 227 232 237 255 287
31
8 14 20 66 78 84 95 96 99 101 102 114 123 132 143 159 161 180 181 188 210 219 222 225 230 232 249 258 259 277 296
29
3 10 16 21 50 68 69 78 92 96 132 153 178 179 213 217 218 220 221 237 239 244 249 252 255 276 281 287 289
39
1 15 17 20 23 25 28 36 38 42 44 47 58 71 84 90 101 106 111 114 122 124 167 168 170 171 196 199 211 213 224 226 231 243 250 262 266 280 290
36
16 28 33 37 38 42 46 50 65 80 81 89 90 99 116 120 123 124 128 152 170 183 186 197 200 208 211 230 234 241 250 253 269 279 281 289
29
5 7 26 30 33 35 56 57 67 118 119 129 131 139 150 159 170 205 213 220 226 234 258 264 275 276 281 285 293
25
4 24 31 34 36 82 85 87 91 102 121 134 148 154 191 193 205 213 216 225 245 254 271 285 295
27
23 24 37 38 46 64 78 120 123 125 126 132 162 165 175 177 199 214 231 234 248 255 268 273 274 278 299
32
5 13 30 31 53 79 82 84 105 112 118 119 128 137 147 148 153 165 169 179 197 200 203 211 245 256 259 265 270 275 277 299
33
33 43 56 65 69 95 102 104 105 112 119 137 143 145 160 162 177 178 180 181 187 190 210 216 218 221 250 258 274 278 280 296 297
33
9 11 17 20 31 42 43 51 71 83 85 91 92 111 112 121 125 128 131 141 151 170 177 185 190 234 235 250 258 262 265 268 270
17
12 13 17 21 29 42 52 60 106 112 123 172 196 202 235 259 291
28
24 30 35 41 65 76 78 96 109 138 144 149 151 177 181 187 192 205 206 213 215 225 226 272 285 286 290 295
34
2 4 18 23 33 36 46 54 56 60 71 72 74 79 92 96 99 103 140 157 164 168 175 186 192 201 207 216 221 225 227 241 253 279
25
9 29 34 43 49 97 100 109 111 118 119 128 145 162 168 174 189 203 207 229 234 249 257 266 285
30
1 7 13 24 27 31 42 45 53 59 64 74 89 93 123 136 147 152 176 183 191 200 201 207 208 213 236 267 296 297
35
20 27 37 38 39 40 51 52 76 84 85 105 106 142 146 147 149 152 170 171 178 193 209 211 221 225 228 234 253 254 259 260 267 270 297
36
18 25 28 56 61 63 64 68 70 86 97 98 104 106 109 116 129 139 143 156 162 180 185 203 204 220 229 238 253 255 256 261 279 291 294 298
24
1 13 26 33 35 48 56 59 63 64 70 84 107 113 153 170 172 177 193 200 209 228 254 297
20
3 13 23 30 37 54 75 77 91 109 116 123 156 165 193 209 211 222 232 254
37
10 13 23 28 31 44 52 64 65 66 83 95 117 120 129 138 142 154 160 184 187 194 196 197 220 227 232 236 243 244 246 250 272 278 285 299 300
29
4 6 24 25 29 47 48 51 56 61 70 77 82 89 113 119 120 164 191 199 215 234 244 245 261 262 268 278 282
23
17 27 84 102 108 114 115 131 136 144 159 161 165 168 183 222 228 243 268 275 284 286 287
30
24 25 28 34 42 43 48 51 62 71 74 75 94 108 112 125 127 131 135 163 200 234 240 257 271 275 278 286 298 299
29
4 5 9 14 20 40 46 56 59 60 86 114 121 131 133 142 149 159 168 186 206 209 211 225 241 253 279 289 293
24
6 13 16 17 35 51 61 78 83 88 107 117 132 158 167 169 177 178 202 204 239 248 268 274
36
2 11 19 24 34 48 55 73 79 80 86 87 89 91 94 97 109 119 124 137 146 158 162 163 167 179 188 197 213 219 221 225 248 254 266 300
43
8 11 20 23 30 36 37 38 39 44 50 53 55 64 71 82 111 121 140 148 150 156 158 168 173 174 192 193 210 212 222 223 227 238 244 245 252 260 265 271 278 283 296
30
37 53 58 79 88 98 106 113 116 118 123 126 127 136 139 141 149 154 170 175 186 200 211 216 223 237 242 274 282 285
25
14 73 80 82 89 93 98 104 107 115 118 119 120 134 154 157 191 224 232 240 242 248 256 265 266
34
14 15 22 25 36 38 58 65 68 70 71 74 100 137 141 144 146 156 160 166 169 174 201 207 214 239 240 242 244 257 258 261 275 276
30
2 3 14 22 30 32 50 52 71 74 89 127 135 156 164 165 167 169 175 178 197 203 206 248 264 267 268 280 284 289
23
79 85 90 93 94 101 131 142 143 145 159 165 192 198 228 235 241 247 253 263 275 283 300
36
31 32 40 46 58 71 79 99 111 117 120 128 139 143 146 147 156 158 180 184 191 204 210 216 218 219 220 221 232 245 246 250 265 271 272 292
39
13 19 20 43 55 59 64 75 77 82 120 133 145 148 150 154 167 171 175 186 187 191 196 200 206 212 220 230 235 236 257 271 274 282 285 290 295 298 300
33
11 24 50 53 62 70 93 99 115 126 129 140 169 170 176 181 196 203 207 220 226 230 231 233 238 240 245 266 272 275 278 286 300
31
1 6 7 18 27 30 42 58 59 64 65 79 83 87 92 146 149 155 156 159 172 185 206 209 236 238 239 256 265 266 298
22
2 3 9 13 16 41 51 52 73 127 144 153 160 175 182 203 205 214 228 244 257 259
31
2 4 29 35 47 56 64 79 84 88 94 99 104 114 124 135 140 146 148 152 156 161 166 177 179 204 211 213 249 256 267
36
8 20 22 30 33 58 90 100 102 110 112 115 122 126 138 142 170 185 191 195 200 211 215 217 219 224 233 242 244 255 259 275 284 286 288 300
30
11 23 25 27 29 30 40 45 86 103 122 129 132 149 150 152 154 156 161 166 174 190 196 204 222 243 254 280 289 290
29
1 2 18 41 49 53 65 66 68 71 76 94 106 126 128 134 158 160 166 169 179 187 196 209 211 252 258 296 299
33
25 32 36 37 39 43 45 72 73 77 83 88 116 124 129 143 151 152 156 157 181 186 206 208 213 231 243 245 246 281 285 289 297
29
3 24 31 34 49 85 110 113 129 144 164 192 204 205 216 219 220 224 226 232 235 238 239 260 268 285 295 296 299
28
8 48 57 58 100 118 124 128 131 133 152 160 161 163 165 166 198 202 209 215 222 225 228 264 280 283 284 290
32
8 19 22 33 34 40 52 53 55 64 68 70 80 86 97 124 139 155 163 164 166 171 180 181 212 216 228 255 258 265 266 299
23
13 18 33 39 43 49 50 66 71 96 128 129 145 148 153 155 164 183 185 187 208 211 259
31
2 18 20 21 22 39 43 74 97 100 111 119 120 152 154 160 163 176 206 208 238 241 255 262 268 272 273 279 280 297 300
22
23 40 61 63 69 70 97 119 121 126 140 175 177 192 202 208 216 225 233 256 280 296
37
5 13 19 40 48 70 78 109 114 125 126 127 129 132 135 145 146 149 153 159 169 170 174 192 207 212 220 233 238 240 250 264 267 281 289 294 300
29
6 9 40 41 48 54 62 65 84 92 95 98 102 110 114 119 124 153 159 163 166 173 221 249 251 275 278 284 291
32
12 18 20 30 31 32 47 48 49 58 69 73 87 97 98 101 105 106 127 130 133 146 151 152 172 228 236 245 277 282 287 290
38
19 26 33 44 46 50 56 62 71 75 77 92 93 97 113 114 117 131 143 155 163 177 195 209 222 223 233 236 259 261 262 272 276 284 288 289 290 299
30
35 36 40 58 66 84 90 98 125 134 153 173 175 184 187 206 219 227 230 233 234 241 244 248 259 262 282 283 293 297
36
25 26 30 41 43 44 50 59 63 84 89 91 93 96 102 125 139 143 162 163 169 177 180 181 191 195 199 208 229 230 246 248 262 281 283 297
35
3 12 29 37 44 48 69 86 104 108 119 127 149 151 174 176 192 196 207 221 235 238 243 244 248 254 262 263 268 272 283 286 287 293 297
32
15 20 36 64 75 78 87 88 105 106 111 138 149 157 175 187 194 206 210 218 228 232 234 238 241 249 255 263 265 267 274 276
22
6 10 16 39 45 49 50 52 126 127 154 165 179 188 189 190 204 212 222 228 251 258
29
2 20 32 40 71 75 84 100 102 112 122 137 138 141 157 168 169 198 199 214 244 250 263 264 271 272 280 281 298
26
4 16 25 28 41 66 79 82 84 85 87 102 105 119 131 136 148 155 158 161 179 198 199 253 288 294
20
16 40 63 123 126 128 134 136 146 152 159 164 186 190 226 228 230 252 266 297
30
13 37 44 55 65 94 104 111 122 129 151 163 164 167 172 186 211 214 220 221 231 239 247 252 254 266 274 276 278 296
27
2 22 24 30 43 54 70 92 104 111 117 121 125 129 138 145 155 223 228 237 243 244 260 272 278 289 290
29
28 29 54 56 78 83 100 105 106 110 117 122 134 139 144 149 161 164 171 172 173 204 207 214 222 234 262 267 281
34
3 12 18 19 24 26 27 38 43 49 51 66 75 90 114 141 159 178 182 189 207 220 229 234 237 241 255 262 266 275 284 291 292 299
38
10 25 26 29 30 31 45 56 68 76 77 84 105 108 115 126 130 138 145 146 147 161 163 167 183 189 197 202 214 217 233 236 247 256 281 286 294 296
42
3 8 10 11 22 47 48 56 60 62 71 74 86 101 106 113 119 132 133 137 139 143 156 157 164 177 178 187 204 209 210 221 224 230 234 239 240 252 254 287 294 296
36
5 22 27 31 48 73 89 98 104 125 128 131 132 141 142 148 159 160 162 177 203 209 213 215 220 239 251 264 265 270 273 288 289 290 295 298
31
3 15 18 19 36 37 54 56 60 68 89 91 106 108 133 136 138 143 172 176 183 203 207 246 248 257 264 268 286 287 298
35
8 11 17 27 30 32 40 46 51 58 67 72 78 97 113 117 120 121 123 143 144 159 166 168 176 185 186 189 203 228 237 255 279 285 288
32
3 22 28 30 33 49 60 71 77 82 103 109 113 120 137 142 147 156 162 180 182 184 185 201 236 242 244 245 252 261 265 289
30
7 14 27 37 53 62 70 73 78 84 88 99 106 113 115 124 141 158 161 174 182 183 193 218 242 243 247 253 259 278
30
9 17 35 39 41 45 51 52 70 77 95 100 109 111 119 123 163 172 175 185 198 200 202 223 230 248 252 260 263 295
33
8 13 18 22 75 84 95 109 121 129 135 139 160 166 167 170 173 183 190 191 196 213 221 225 232 234 256 257 268 275 279 281 294
29
7 19 58 63 64 75 88 96 105 122 129 145 153 158 170 172 187 191 192 195 207 228 230 238 250 267 282 283 293
23
35 42 46 50 71 93 94 95 111 117 129 132 140 169 170 193 218 227 230 260 273 281 291
36
8 18 21 22 26 29 39 63 73 76 87 88 113 128 131 141 145 149 157 158 159 162 168 178 184 203 205 207 214 238 255 256 265 271 290 297
31
7 8 16 27 34 37 59 60 85 92 96 106 116 130 145 164 185 195 218 222 232 242 245 248 250 271 281 283 288 290 294
31
6 7 19 34 44 53 64 67 73 75 84 89 113 121 122 125 138 162 175 177 180 184 208 211 224 235 239 279 290 296 299
28
8 16 18 26 30 47 51 72 99 106 109 114 127 136 139 149 158 161 162 203 212 216 217 224 260 270 275 296
30
17 25 38 40 52 55 56 68 78 95 97 101 108 127 133 136 137 157 160 184 206 214 246 265 267 268 274 279 285 294
32
27 54 59 68 75 78 89 93 115 120 126 130 136 149 151 152 159 182 200 205 213 221 224 227 228 234 237 238 265 272 286 291
32
17 24 29 31 42 77 80 85 123 143 145 146 148 158 166 180 186 218 220 221 236 245 247 254 262 267 268 269 272 284 293 295
25
2 31 37 48 62 68 75 82 85 112 129 133 145 167 173 182 215 223 247 248 255 259 282 297 299
26
9 36 57 64 71 78 80 87 147 161 166 173 205 220 225 227 229 245 248 252 263 264 265 267 268 299
32
11 12 14 15 22 25 34 75 87 92 103 107 122 126 127 129 130 145 154 177 185 186 203 210 221 227 232 243 247 257 289 300
26
9 13 42 47 52 53 58 90 96 103 108 113 154 173 175 203 211 213 248 253 262 269 270 277 281 292
22
3 21 23 47 62 93 102 104 125 132 174 198 202 203 264 266 268 270 271 283 298 300
35
14 44 66 87 92 96 104 111 113 115 117 119 121 125 140 151 158 177 183 194 195 197 201 209 218 223 233 236 241 253 276 280 294 296 298
31
6 7 13 16 43 64 72 73 81 84 86 90 97 107 122 128 137 146 152 162 171 187 189 191 199 243 245 248 275 277 288
