100 200
1.0 1.0 1.0 1.0 1.0 1.0 1.0 1.0 1.0 1.0 1.0 1.0 1.0 1.0 1.0 1.0 1.0 1.0 1.0 1.0 1.0 1.0 1.0 1.0 1.0 1.0 1.0 1.0 1.0 1.0 1.0 1.0 1.0 1.0 1.0 1.0 1.0 1.0 1.0 1.0 1.0 1.0 1.0 1.0 1.0 1.0 1.0 1.0 1.0 1.0 1.0 1.0 1.0 1.0 1.0 1.0 1.0 1.0 1.0 1.0 1.0 1.0 1.0 1.0 1.0 1.0 1.0 1.0 1.0 1.0 1.0 1.0 1.0 1.0 1.0 1.0 1.0 1.0 1.0 1.0 1.0 1.0 1.0 1.0 1.0 1.0 1.0 1.0 1.0 1.0 1.0 1.0 1.0 1.0 1.0 1.0 1.0 1.0 1.0 1.0 1.0 1.0 1.0 1.0 1.0 1.0 1.0 1.0 1.0 1.0 1.0 1.0 1.0 1.0 1.0 1.0 1.0 1.0 1.0 1.0 1.0 1.0 1.0 1.0 1.0 1.0 1.0 1.0 1.0 1.0 1.0 1.0 1.0 1.0 1.0 1.0 1.0 1.0 1.0 1.0 1.0 1.0 1.0 1.0 1.0 1.0 1.0 1.0 1.0 1.0 1.0 1.0 1.0 1.0 1.0 1.0 1.0 1.0 1.0 1.0 1.0 1.0 1.0 1.0 1.0 1.0 1.0 1.0 1.0 1.0 1.0 1.0 1.0 1.0 1.0 1.0 1.0 1.0 1.0 1.0 1.0 1.0 1.0 1.0 1.0 1.0 1.0 1.0 1.0 1.0 1.0 1.0 1.0 1.0 1.0 1.0 1.0 1.0 1.0 1.0
18
3 9 20 23 25 42 56 83 103 124 132 144 148 149 160 173 184 199
16
8 11 60 65 72 74 86 87 143 157 158 182 188 192 193 197
13
4 16 63 66 73 84 91 93 116 141 151 164 200
26
15 16 22 27 38 42 49 55 58 77 79 84 89 91 96 100 103 117 132 134 140 141 156 158 184 195
21
27 28 40 43 53 65 66 72 84 85 86 93 119 139 141 145 159 167 191 193 194
24
8 10 13 25 29 33 48 52 61 63 70 80 103 111 115 116 132 162 176 177 183 184 193 198
25
2 6 20 25 39 50 59 63 68 69 70 79 93 112 121 138 144 164 168 174 176 184 187 196 197
25
7 13 14 16 39 40 46 62 64 79 82 86 96 105 113 117 121 122 127 133 146 150 168 170 183
22
22 26 39 46 60 66 70 96 107 117 120 127 132 155 162 165 170 174 175 179 189 198
10
1 20 21 25 62 133 142 166 198 200
20
14 45 51 54 64 65 70 73 87 93 94 102 113 123 126 131 146 177 188 192
16
3 12 36 48 62 78 92 126 129 157 159 160 165 169 177 199
23
5 21 25 29 31 34 36 37 38 47 49 84 98 101 128 133 151 156 160 170 177 186 195
19
23 35 37 41 45 47 52 66 78 85 94 99 107 120 121 127 134 148 192
19
7 11 15 51 52 55 66 80 87 90 103 104 123 134 149 157 162 176 188
21
1 15 45 46 52 58 71 81 93 105 107 151 154 157 160 175 176 178 190 194 200
21
1 16 58 74 80 88 97 98 99 106 120 127 135 139 145 146 152 154 182 184 198
17
4 19 22 27 55 58 68 106 125 136 138 148 155 167 184 185 199
16
16 20 30 43 69 73 83 91 100 102 125 153 173 176 178 200
15
6 10 23 26 28 31 37 59 63 71 76 108 109 139 198
19
17 19 38 56 61 65 69 79 110 119 123 130 133 162 174 182 190 195 197
22
9 19 21 22 30 31 32 48 74 81 93 97 102 119 122 129 134 170 172 187 197 199
22
5 25 48 71 80 81 89 99 107 115 124 128 155 158 166 170 171 173 176 177 182 196
15
5 8 10 46 61 66 122 126 134 154 170 181 183 191 196
21
11 23 28 33 34 38 40 44 45 56 62 64 77 82 104 119 140 148 156 165 177
16
22 25 60 62 70 84 90 91 125 143 145 148 153 168 172 186
15
9 29 40 44 45 64 69 74 78 141 173 174 187 191 196
20
20 22 24 40 43 47 57 60 61 62 67 89 100 141 148 162 167 178 191 196
20
9 14 16 38 56 58 62 70 82 88 92 94 98 100 106 119 152 157 160 181
27
16 26 28 35 47 52 58 66 70 73 77 78 84 88 89 115 120 137 138 139 142 158 163 175 186 187 196
25
11 13 22 28 34 46 48 50 65 74 77 88 95 100 106 131 146 161 165 168 171 174 183 185 200
14
7 13 23 38 39 59 84 106 107 120 124 131 158 193
18
2 41 47 48 50 68 69 111 122 126 133 137 148 160 174 177 197 199
15
14 47 54 57 77 91 94 98 116 147 167 169 170 174 186
16
1 3 16 32 42 48 81 84 86 89 95 119 122 123 178 193
24
7 19 20 29 30 33 47 50 52 57 64 88 89 100 106 118 141 151 156 160 162 172 175 182
16
3 26 29 51 53 58 78 89 92 108 118 120 134 142 146 199
17
20 32 58 77 106 109 125 161 165 166 167 169 170 174 196 197 198
21
4 13 18 19 44 53 65 68 74 80 83 93 101 109 115 122 137 138 144 187 200
25
4 30 36 50 51 53 62 65 73 75 82 86 96 97 134 144 146 157 175 181 186 190 194 196 198
18
8 48 49 50 58 61 62 65 67 73 92 100 108 130 132 142 168 180
17
20 22 23 46 59 60 64 109 112 118 122 124 141 150 157 177 194
16
1 9 12 23 30 40 50 79 81 100 116 138 154 156 165 193
12
5 8 19 41 69 80 116 117 121 125 134 170
24
17 27 32 42 43 48 57 64 68 76 98 127 133 136 142 147 152 153 168 173 185 187 192 195
21
17 32 54 64 66 73 78 82 85 87 109 115 117 123 132 153 169 178 183 197 200
23
6 14 27 32 36 60 64 69 71 85 93 101 109 124 130 131 134 136 141 144 172 176 185
19
8 27 34 36 57 61 74 76 90 105 111 119 121 126 147 154 158 174 176
23
3 9 18 32 35 60 67 70 74 83 100 120 147 150 151 152 157 160 164 166 176 179 200
15
2 11 14 19 47 49 84 87 91 96 132 148 166 173 199
28
5 11 16 18 45 48 59 60 62 76 78 81 92 95 100 108 109 121 125 128 136 149 155 164 171 175 178 182
26
5 6 33 38 49 51 67 73 76 79 92 103 104 107 108 132 143 147 159 161 162 176 179 188 189 195
23
18 32 35 69 71 75 81 85 86 91 95 100 109 123 143 144 157 159 170 179 186 197 199
23
2 9 13 45 51 75 81 88 94 98 101 121 129 131 141 143 152 161 167 168 183 195 196
22
36 51 56 59 69 70 86 106 107 112 114 126 134 139 140 141 160 165 177 186 188 200
25
2 16 23 30 41 42 48 58 60 61 71 78 88 91 96 98 101 124 125 140 146 170 172 187 196
24
8 11 12 17 30 41 44 48 50 59 78 82 86 90 92 110 115 116 129 130 132 156 199 200
17
14 16 26 29 71 75 80 91 104 109 111 123 160 164 178 183 187
17
4 7 9 35 39 51 57 69 72 75 88 103 160 167 172 187 189
23
48 49 55 70 89 90 98 103 105 107 115 119 127 138 140 142 150 151 157 162 166 187 195
25
5 7 16 32 36 40 46 49 57 77 79 82 95 99 109 125 136 137 145 149 151 165 177 181 194
14
9 10 27 31 76 106 116 122 123 130 147 154 166 200
19
11 15 30 43 68 71 76 89 90 108 143 160 164 169 176 178 181 184 188
22
2 21 28 42 47 52 62 65 74 77 89 90 100 108 110 114 125 153 172 183 189 200
17
19 25 26 41 45 55 91 99 111 125 128 154 158 163 193 194 195
15
15 30 31 70 76 107 108 123 125 132 140 141 142 152 187
27
3 5 10 13 15 17 18 29 34 38 66 69 70 81 88 102 104 116 120 125 126 140 155 175 176 197 198
27
8 37 39 52 54 57 75 84 87 98 101 106 110 131 139 157 158 165 168 178 180 181 182 192 196 197 198
26
14 19 20 25 28 36 43 79 88 90 98 106 110 112 119 123 133 137 138 157 164 171 174 175 181 184
19
4 14 17 25 32 55 69 80 85 99 111 112 115 127 135 152 163 164 165
23
8 10 12 14 26 29 30 49 61 64 74 85 86 89 93 125 126 142 151 154 157 165 197
15
4 24 35 53 66 87 92 128 141 143 156 157 171 172 173
18
8 12 16 38 49 50 84 89 120 121 138 145 153 159 170 179 181 193
25
7 10 17 24 32 37 38 39 59 65 68 99 109 114 121 130 136 142 153 157 170 177 179 192 197
19
13 29 33 48 54 63 67 74 91 110 115 116 120 121 131 147 172 173 199
22
7 25 27 41 43 54 59 60 67 76 111 118 119 123 125 146 147 150 158 169 177 189
18
3 24 25 26 45 62 70 74 85 86 104 115 139 162 171 172 183 189
16
8 17 24 51 61 63 68 75 95 101 111 121 123 140 183 186
22
3 5 6 17 28 32 36 37 38 45 48 71 72 81 87 88 98 105 108 152 159 170
20
2 5 17 22 29 45 46 47 52 64 78 80 96 127 130 139 142 171 173 192
19
2 9 20 31 34 45 48 50 54 57 59 64 100 122 129 150 184 188 200
20
15 17 28 31 38 40 43 48 66 86 104 105 113 122 137 159 161 162 165 187
20
24 31 43 45 61 71 74 77 83 84 94 125 130 132 145 158 181 184 191 195
21
7 9 16 17 23 44 45 46 47 49 63 86 91 108 111 124 129 173 182 188 189
21
12 23 37 48 54 58 68 69 77 95 98 106 127 130 143 150 158 159 163 174 175
18
6 7 11 21 25 41 48 52 78 79 80 106 112 124 152 160 184 193
17
3 7 8 11 16 20 21 35 62 85 99 121 145 164 175 192 194
26
4 8 16 18 29 36 43 48 49 60 65 66 67 74 78 104 108 116 122 126 128 131 134 138 188 193
27
9 16 23 45 63 64 71 82 83 84 92 95 96 120 128 137 143 149 150 156 175 181 188 189 190 193 196
22
7 11 13 17 18 28 32 37 68 133 144 147 155 159 161 164 165 167 181 184 186 187
31
1 6 20 26 35 36 47 51 59 67 68 84 85 90 92 99 101 108 110 116 129 130 140 152 154 168 171 181 190 192 198
23
14 18 47 51 62 76 98 100 106 109 113 116 126 132 136 142 145 166 167 168 174 191 200
28
1 4 18 21 27 32 56 59 64 66 84 91 98 112 113 123 126 135 142 148 149 160 164 170 177 187 195 199
24
9 15 16 20 26 27 51 54 61 66 73 88 92 103 105 128 138 154 161 163 169 170 174 181
15
4 24 36 51 52 64 74 97 121 122 129 138 148 167 199
21
5 8 39 48 49 50 56 62 74 77 87 96 97 123 136 137 147 148 167 170 180
30
8 10 12 13 15 24 25 30 37 38 49 54 66 83 90 101 110 116 124 134 142 144 149 151 168 176 182 189 191 197
16
21 31 32 34 43 75 96 115 133 135 141 143 147 166 174 193
20
9 16 23 37 40 46 53 70 78 81 83 96 116 120 133 139 167 175 185 191
19
8 14 15 20 26 37 43 95 104 112 119 120 125 126 133 153 172 184 185
