150 300
1.0 1.0 1.0 1.0 1.0 1.0 1.0 1.0 1.0 1.0 1.0 1.0 1.0 1.0 1.0 1.0 1.0 1.0 1.0 1.0 1.0 1.0 1.0 1.0 1.0 1.0 1.0 1.0 1.0 1.0 1.0 1.0 1.0 1.0 1.0 1.0 1.0 1.0 1.0 1.0 1.0 1.0 1.0 1.0 1.0 1.0 1.0 1.0 1.0 1.0 1.0 1.0 1.0 1.0 1.0 1.0 1.0 1.0 1.0 1.0 1.0 1.0 1.0 1.0 1.0 1.0 1.0 1.0 1.0 1.0 1.0 1.0 1.0 1.0 1.0 1.0 1.0 1.0 1.0 1.0 1.0 1.0 1.0 1.0 1.0 1.0 1.0 1.0 1.0 1.0 1.0 1.0 1.0 1.0 1.0 1.0 1.0 1.0 1.0 1.0 1.0 1.0 1.0 1.0 1.0 1.0 1.0 1.0 1.0 1.0 1.0 1.0 1.0 1.0 1.0 1.0 1.0 1.0 1.0 1.0 1.0 1.0 1.0 1.0 1.0 1.0 1.0 1.0 1.0 1.0 1.0 1.0 1.0 1.0 1.0 1.0 1.0 1.0 1.0 1.0 1.0 1.0 1.0 1.0 1.0 1.0 1.0 1.0 1.0 1.0 1.0 1.0 1.0 1.0 1.0 1.0 1.0 1.0 1.0 1.0 1.0 1.0 1.0 1.0 1.0 1.0 1.0 1.0 1.0 1.0 1.0 1.0 1.0 1.0 1.0 1.0 1.0 1.0 1.0 1.0 1.0 1.0 1.0 1.0 1.0 1.0 1.0 1.0 1.0 1.0 1.0 1.0 1.0 1.0 1.0 1.0 1.0 1.0 1.0 1.0 1.0 1.0 1.0 1.0 1.0 1.0 1.0 1.0 1.0 1.0 1.0 1.0 1.0 1.0 1.0 1.0 1.0 1.0 1.0 1.0 1.0 1.0 1.0 1.0 1.0 1.0 1.0 1.0 1.0 1.0 1.0 1.0 1.0 1.0 1.0 1.0 1.0 1.0 1.0 1.0 1.0 1.0 1.0 1.0 1.0 1.0 1.0 1.0 1.0 1.0 1.0 1.0 1.0 1.0 1.0 1.0 1.0 1.0 1.0 1.0 1.0 1.0 1.0 1.0 1.0 1.0 1.0 1.0 1.0 1.0 1.0 1.0 1.0 1.0 1.0 1.0 1.0 1.0 1.0 1.0 1.0 1.0 1.0 1.0 1.0 1.0 1.0 1.0 1.0 1.0 1.0 1.0 1.0 1.0 1.0 1.0 1.0 1.0 1.0 1.0
47
1 6 9 17 18 24 25 28 32 33 40 48 70 80 95 107 117 118 136 138 143 145 159 167 168 194 198 201 205 207 208 220 233 251 252 264 265 269 273 277 278 280 285 292 294 295 297
69
1 3 9 13 17 26 27 30 33 36 45 47 49 65 70 71 86 90 95 101 107 117 118 127 136 140 143 144 163 165 167 168 172 174 175 182 184 185 188 191 192 194 198 199 204 207 209 221 227 228 229 234 239 242 251 252 255 261 263 265 271 277 283 285 286 288 294 296 299
64
2 6 24 28 32 37 38 46 58 59 63 72 80 84 90 96 98 109 115 116 119 125 126 130 151 155 156 159 165 166 167 168 170 177 183 191 194 196 198 201 213 214 215 217 221 232 233 237 242 244 245 249 251 255 256 257 262 268 276 279 282 286 293 295
62
5 7 13 14 16 28 30 33 34 45 48 58 61 65 68 69 71 72 82 84 88 90 91 92 94 97 99 104 107 115 117 120 138 141 143 148 150 153 154 155 156 158 162 168 169 170 171 175 191 201 217 221 222 235 247 260 271 282 286 290 296 300
58
3 7 9 11 15 28 32 38 43 44 53 54 56 57 61 80 97 98 100 102 103 110 111 112 128 129 130 131 133 140 153 154 158 160 164 169 170 175 177 180 183 205 214 218 229 231 232 233 241 242 251 255 256 260 267 270 271 284
54
10 15 18 19 27 33 56 60 63 69 81 90 97 100 101 105 108 112 123 130 132 142 157 168 169 173 174 179 191 194 199 200 204 206 207 218 220 223 225 229 238 248 250 254 257 260 264 265 271 274 277 282 285 288
65
2 3 14 17 23 25 27 30 34 35 41 47 51 57 63 71 72 82 85 89 98 105 109 126 130 143 145 148 150 153 156 157 161 162 163 173 176 177 178 180 186 189 191 194 195 201 202 207 210 211 216 227 237 238 241 255 258 260 264 268 269 274 283 286 293
57
5 10 11 13 14 24 26 33 41 46 55 58 59 62 63 68 71 73 77 78 79 85 107 108 111 112 124 132 133 147 159 164 168 184 188 198 202 206 210 212 213 215 222 226 230 238 248 253 254 255 260 268 271 276 279 283 292
54
1 5 14 20 25 27 29 39 40 45 55 56 57 58 63 64 69 76 80 83 86 91 97 103 113 146 149 152 170 171 176 180 191 201 209 214 217 225 228 235 239 247 248 251 256 257 259 265 267 277 279 281 288 290
55
4 7 8 9 17 18 25 30 36 44 45 49 53 56 58 60 64 73 74 81 95 100 115 116 117 120 122 132 134 137 153 159 161 172 173 179 192 200 201 205 214 217 218 222 226 240 247 256 263 265 268 276 278 286 299
60
5 7 8 19 38 43 44 47 49 51 55 57 62 65 69 89 95 107 108 113 124 125 135 139 142 147 152 154 160 161 163 168 171 174 182 202 205 206 209 211 221 225 228 233 235 236 237 239 242 249 256 260 270 271 274 275 276 278 281 292
59
19 23 33 34 37 44 57 58 63 64 67 71 78 83 85 89 91 94 102 104 118 124 126 127 130 132 144 145 146 151 152 153 155 158 162 166 171 181 186 188 190 193 195 205 211 212 214 221 230 238 244 246 252 253 258 267 269 274 290
42
6 22 40 44 65 67 76 77 83 84 90 96 101 110 115 121 138 155 162 170 180 182 191 192 197 205 206 225 226 233 240 242 254 261 275 279 280 283 292 295 298 299
40
4 19 20 55 59 63 64 67 71 93 95 106 112 120 126 138 139 142 154 157 164 166 167 174 181 189 191 199 212 216 228 239 249 250 252 256 273 286 289 300
61
6 9 22 23 27 34 37 40 41 44 47 54 61 62 63 65 78 82 99 106 108 110 114 118 119 122 126 130 138 140 146 155 156 171 172 175 184 193 196 198 203 204 213 216 218 220 221 226 235 242 258 265 271 274 276 277 279 289 294 295 300
65
1 9 11 16 18 20 38 39 45 47 53 56 66 71 79 90 91 98 100 111 112 116 120 122 128 132 133 137 139 141 148 150 157 162 164 166 167 173 174 176 186 187 191 192 205 206 218 220 221 222 233 235 238 240 243 244 250 255 257 258 264 265 276 285 299
59
1 23 32 35 38 43 50 52 53 63 69 77 82 89 91 96 104 117 119 126 132 134 141 146 147 151 158 159 161 162 170 179 181 190 194 195 197 198 199 209 214 223 225 226 227 228 245 247 248 256 257 259 262 265 268 281 284 292 298
60
12 15 18 28 30 31 37 39 41 43 48 49 51 52 64 68 82 86 87 90 94 108 111 123 125 136 139 155 161 168 173 179 183 184 193 195 202 205 210 211 217 219 232 236 238 242 244 250 255 256 258 260 263 265 271 273 276 290 294 299
59
6 7 12 16 17 26 32 45 52 56 61 63 65 70 71 72 77 81 88 93 98 101 109 111 123 124 127 130 138 144 149 151 158 161 172 174 175 178 184 193 194 199 200 204 210 218 226 227 228 230 242 253 261 273 277 280 291 292 297
74
11 13 15 17 19 21 28 31 33 39 44 45 46 48 49 53 74 77 79 83 96 100 101 103 106 107 111 119 124 132 137 150 151 152 153 155 161 168 172 176 177 179 182 183 184 192 194 196 202 203 204 211 212 216 221 222 223 230 231 232 234 236 250 253 257 259 261 264 271 282 287 294 296 300
63
9 11 14 16 21 22 30 37 40 43 44 45 47 49 51 57 62 63 68 82 84 88 89 97 103 113 117 118 119 121 136 158 169 174 178 179 187 193 198 200 202 208 213 216 217 229 239 245 252 253 256 268 270 275 278 280 281 282 283 284 289 294 300
54
2 3 9 10 11 21 28 35 40 43 51 52 57 66 68 71 73 74 77 86 90 91 94 104 105 108 116 122 127 131 132 138 140 146 147 148 153 154 165 166 173 176 177 200 207 209 216 221 231 235 277 278 281 289
55
2 3 4 6 9 30 34 46 48 60 61 62 69 78 81 82 90 95 96 99 103 107 112 125 132 135 140 147 149 156 162 167 170 173 181 183 186 188 195 211 214 225 233 240 244 248 252 259 266 270 276 280 283 288 289
50
6 8 14 24 28 30 31 41 48 62 64 71 75 77 89 90 98 99 112 127 131 137 154 165 179 181 185 186 190 191 192 207 210 211 221 227 235 240 241 250 252 255 259 265 269 272 279 284 288 292
66
2 4 6 7 17 19 23 24 30 33 42 46 47 54 63 68 69 72 80 83 88 99 100 101 102 105 107 114 121 130 133 138 143 148 156 159 162 164 169 171 184 190 194 197 201 209 211 217 218 225 232 237 243 245 247 257 259 269 272 278 279 281 290 293 297 299
53
9 11 29 46 49 55 58 63 70 71 72 80 88 98 101 111 117 127 129 131 136 147 152 153 158 160 170 173 182 183 186 189 192 196 198 204 206 209 216 223 228 232 248 252 259 260 262 263 271 275 282 294 295
59
1 2 5 8 10 28 40 41 46 47 49 65 68 69 77 81 83 92 93 100 101 103 119 124 135 138 149 150 151 152 154 155 169 172 175 186 190 200 203 215 219 220 225 232 234 238 243 247 254 259 262 265 266 269 274 278 287 288 296
56
3 18 30 35 38 49 55 58 64 67 82 91 108 117 118 119 120 124 128 131 138 139 140 141 146 148 154 157 161 162 166 178 179 190 194 202 203 208 212 213 215 220 223 227 229 232 236 237 238 239 245 267 275 279 285 298
69
1 32 37 47 48 53 57 58 74 82 89 94 95 103 104 111 112 115 116 119 127 134 140 142 144 146 147 150 157 163 165 166 167 185 189 191 192 196 197 198 200 203 214 219 221 222 225 226 229 230 231 232 237 241 242 246 253 260 261 264 266 272 274 275 281 283 291 294 299
65
4 9 12 18 21 24 29 33 36 50 57 63 65 67 74 75 79 88 103 105 118 126 127 137 140 141 148 153 166 167 174 181 187 190 192 194 195 201 212 214 220 221 222 223 230 234 241 242 244 247 253 254 256 258 259 260 262 271 274 283 284 292 293 296 298
79
4 10 17 22 23 35 41 42 52 56 69 75 76 78 81 86 88 97 101 103 106 113 114 117 119 120 128 131 133 138 139 141 150 155 157 158 167 169 177 178 182 184 186 188 189 190 192 193 195 201 202 213 215 224 226 227 230 233 239 240 242 244 245 256 258 264 265 267 273 279 280 281 283 284 285 288 289 294 297
61
8 13 14 15 25 26 27 28 29 33 35 37 41 43 49 56 70 73 75 76 78 80 88 90 96 101 106 113 117 124 130 131 135 138 144 147 149 151 153 165 170 178 182 191 198 199 203 211 216 224 227 229 230 243 250 256 274 276 282 286 290
54
7 13 25 27 30 33 36 43 46 50 53 54 59 66 72 73 90 94 95 100 101 105 106 115 116 133 134 138 141 150 155 160 176 177 186 192 199 202 205 224 232 234 235 236 243 244 248 251 254 255 256 257 285 300
57
5 7 16 18 22 26 31 43 45 46 49 50 60 62 70 72 73 78 83 91 97 104 107 121 129 137 139 145 151 153 154 157 165 168 172 177 182 185 192 194 201 218 223 226 232 241 244 246 252 254 258 289 291 294 295 296 298
64
1 4 6 13 14 16 19 22 32 34 44 52 58 63 69 82 90 94 106 118 119 120 122 127 139 141 143 161 162 163 167 172 180 182 183 186 188 189 190 192 205 207 209 221 241 243 248 250 251 252 256 261 264 267 268 271 279 280 283 284 295 297 298 299
51
2 7 11 21 34 35 36 41 58 77 88 100 101 108 109 110 112 124 125 131 132 138 146 147 149 150 154 155 165 170 174 175 189 192 197 200 205 228 229 233 234 241 242 244 249 252 253 271 272 289 296
58
1 10 11 14 19 26 33 34 39 42 47 49 58 60 66 78 80 84 85 92 107 121 126 134 135 144 151 154 165 173 174 186 189 193 194 205 207 208 210 221 228 235 240 250 253 254 259 261 269 271 273 280 282 284 287 293 294 300
55
6 8 9 20 24 31 33 43 44 54 61 66 74 77 96 105 118 121 123 124 133 136 140 142 143 144 148 150 157 183 184 188 194 198 200 202 204 219 221 226 231 232 233 239 240 250 252 254 272 273 274 280 287 290 291
59
5 18 19 26 31 34 35 36 41 45 50 53 60 63 76 83 84 85 92 98 99 109 113 119 120 137 138 139 142 144 153 162 168 178 180 197 203 205 209 211 214 217 218 223 224 226 228 232 237 243 248 267 277 279 280 293 295 297 299
65
1 5 7 18 19 22 23 25 27 28 30 34 35 36 42 44 48 59 60 61 66 71 72 73 79 84 87 94 96 104 106 110 111 115 125 128 134 139 140 142 144 150 154 156 158 163 164 170 178 180 186 191 195 211 250 254 262 264 265 272 277 281 283 297 300
57
5 14 17 21 22 25 28 29 33 37 52 59 69 75 76 81 86 90 91 95 97 104 108 109 113 116 124 127 133 137 143 145 155 156 157 163 164 166 172 175 184 197 201 208 222 223 224 244 250 256 260 266 275 286 288 292 295
57
1 6 7 16 23 26 28 33 36 38 40 58 66 69 72 80 81 98 120 123 127 131 136 143 144 145 149 162 165 181 186 210 215 221 225 227 230 234 241 246 249 257 258 261 262 265 266 268 271 274 275 278 282 289 290 295 297
58
5 10 16 21 24 30 36 48 49 53 55 63 67 70 75 78 84 101 105 106 108 116 120 122 130 132 135 140 141 142 144 146 148 149 154 164 183 184 193 194 197 210 211 229 235 236 238 242 244 250 251 258 267 275 279 293 297 300
54
2 10 12 13 14 15 18 20 23 24 28 30 40 47 52 53 65 70 77 81 84 91 96 98 106 112 125 144 173 177 178 182 193 198 218 220 223 230 238 240 242 248 251 252 254 259 267 268 275 279 281 289 293 294
67
8 10 16 33 40 44 50 52 58 59 60 64 71 75 76 77 81 84 86 88 89 91 94 105 106 107 110 118 124 126 128 147 163 166 169 175 176 178 179 190 199 203 204 209 215 216 217 223 227 229 233 251 253 257 258 259 261 267 274 280 281 282 285 290 292 295 297
67
9 15 26 28 35 38 39 40 42 45 48 49 54 59 60 61 62 67 72 83 89 93 95 99 104 117 119 146 147 149 159 167 168 174 176 178 184 192 194 195 208 212 213 214 216 221 222 229 234 244 246 248 249 250 253 254 259 265 270 275 278 280 284 285 293 295 297
59
1 19 22 35 41 45 46 52 55 56 57 65 66 67 70 71 74 83 84 88 89 100 101 109 112 117 120 121 146 148 158 160 163 180 184 188 190 208 218 225 226 229 241 242 245 246 252 255 257 268 271 274 280 281 286 289 295 296 298
60
11 14 16 28 32 37 55 56 66 72 80 81 83 84 89 96 99 104 106 107 108 110 111 114 123 130 136 137 158 164 166 172 176 178 201 205 208 216 220 222 226 228 230 231 235 236 238 239 248 255 257 264 270 272 276 278 280 282 283 286
54
2 4 5 11 13 15 33 35 37 38 44 49 52 57 63 76 79 81 89 91 94 99 107 109 114 115 129 139 146 149 150 152 158 165 173 178 182 183 188 190 191 195 197 199 209 215 218 234 242 247 259 281 288 296
66
1 5 10 16 26 29 34 36 39 43 52 54 62 66 68 69 75 76 80 81 82 88 91 100 101 107 111 113 125 129 130 142 148 151 160 162 167 170 175 176 179 180 192 207 208 210 212 217 219 229 231 235 240 246 247 253 261 265 266 269 277 279 282 283 284 297
64
2 4 6 21 29 30 31 35 39 42 43 48 50 57 59 68 77 78 80 83 92 95 102 122 137 139 140 141 143 144 146 147 154 156 157 158 160 170 171 175 179 194 198 200 208 209 210 223 226 232 245 249 253 254 259 266 269 273 276 282 290 293 297 298
51
1 2 5 7 9 19 35 38 48 52 55 69 71 80 91 93 96 98 108 116 119 121 125 129 141 142 143 149 157 158 159 165 171 178 196 197 207 220 225 229 237 250 252 254 262 264 270 275 281 285 295
68
4 7 8 17 19 26 28 30 33 39 42 43 51 60 63 80 83 86 89 95 99 107 111 121 128 130 131 132 140 141 151 155 157 162 166 169 176 183 191 195 197 200 201 206 218 220 224 230 231 232 241 243 244 245 246 252 255 258 259 260 261 264 266 272 277 294 296 299
60
2 4 6 19 33 39 41 42 50 55 58 73 81 93 101 115 127 132 139 143 146 150 156 157 159 162 167 168 170 176 182 186 195 197 200 205 209 220 225 228 230 234 237 247 250 251 256 258 265 269 270 276 279 280 281 283 285 286 290 296
60
11 35 37 41 43 50 53 61 65 68 74 75 76 77 78 84 94 97 107 111 112 113 119 123 124 128 132 133 140 141 142 144 158 159 164 166 172 191 201 204 206 207 215 218 220 228 238 239 241 243 251 255 256 262 280 281 285 289 291 292
65
1 2 9 17 23 28 31 34 37 40 48 55 60 63 64 65 67 75 76 83 85 89 100 101 102 105 111 114 117 122 128 133 136 157 158 162 166 169 182 195 198 201 202 207 208 210 211 219 221 224 230 233 243 253 256 260 261 263 273 283 288 290 291 293 295
58
3 10 23 33 36 37 44 50 52 54 58 63 69 72 76 77 81 82 86 97 101 103 108 117 119 126 127 131 148 150 153 154 165 167 176 178 183 184 185 191 203 214 222 223 230 232 242 247 254 259 262 267 268 273 276 277 283 288
55
11 14 26 28 29 37 49 51 53 54 63 66 69 72 76 88 103 105 108 120 121 122 123 127 133 135 138 140 152 156 161 165 173 175 176 179 180 182 193 194 200 205 208 211 212 230 237 248 250 256 260 262 267 273 283
59
7 8 21 26 29 36 38 43 54 55 58 63 66 67 76 79 85 89 93 94 99 103 110 113 114 115 127 129 132 133 136 149 155 166 178 183 191 192 202 208 212 222 225 229 232 237 238 240 242 244 255 259 260 267 269 270 285 286 295
75
1 5 6 12 16 17 18 19 25 26 31 36 37 41 46 49 51 56 59 65 66 70 79 80 86 89 90 94 96 103 107 108 115 116 119 124 126 131 133 138 142 144 146 150 153 164 169 170 174 175 176 195 196 198 199 201 203 204 209 218 219 225 231 233 235 236 246 259 263 268 271 278 283 285 293
57
10 11 12 13 16 20 23 27 31 37 48 49 50 53 54 59 66 67 69 73 84 87 91 96 102 107 114 124 127 132 136 146 147 151 158 159 166 168 177 185 204 211 217 223 225 226 230 240 241 242 254 256 258 260 278 297 298
57
3 7 8 12 17 18 23 29 30 31 32 42 46 49 50 55 60 66 69 78 85 87 89 98 125 130 140 142 155 159 160 174 177 185 187 190 193 196 199 200 203 212 217 230 231 233 242 250 252 256 261 266 276 278 290 293 300
62
5 10 13 17 18 23 25 39 45 52 53 61 64 72 74 82 84 87 89 92 93 94 100 103 104 106 109 114 115 135 136 145 147 150 153 158 177 179 185 190 192 193 195 203 211 212 216 219 224 227 235 247 256 265 269 271 272 275 277 281 287 288
60
8 14 25 37 42 45 49 52 53 54 59 61 64 69 78 79 85 90 104 107 117 119 123 126 132 136 138 147 148 150 157 160 163 172 177 179 191 197 207 208 210 211 221 228 240 244 247 248 249 251 252 254 261 265 268 282 287 292 294 295
56
1 4 8 9 15 35 47 49 50 55 62 63 67 70 73 74 76 77 82 99 101 105 108 113 124 131 134 142 144 145 152 153 156 163 168 169 170 187 207 210 216 217 232 233 235 239 244 264 268 269 275 279 280 284 291 299
62
1 6 12 16 18 23 26 31 32 37 38 41 42 68 71 81 86 90 92 99 101 108 113 118 121 125 126 133 134 135 150 151 161 167 168 171 172 173 174 175 177 187 193 195 199 206 209 210 224 225 229 233 242 243 254 261 265 268 277 280 292 298
54
4 5 9 14 15 16 18 24 26 30 33 41 44 48 52 56 57 59 65 71 79 81 108 117 119 123 127 137 140 150 158 163 165 186 188 193 196 203 208 209 219 223 227 229 234 246 249 250 270 277 280 283 285 295
66
3 12 19 21 22 30 31 33 36 46 48 49 55 60 61 67 68 75 77 78 79 83 84 85 96 102 103 105 115 117 119 120 127 141 144 152 163 167 170 172 175 178 186 188 192 193 195 198 207 215 217 228 233 240 242 250 255 257 258 262 270 273 278 294 298 299
59
2 3 4 10 19 26 28 29 34 42 46 48 64 67 71 75 83 85 86 90 94 102 104 114 117 118 128 131 132 142 152 154 157 167 169 172 183 188 197 212 215 222 224 237 238 242 249 251 265 267 269 273 275 276 280 290 292 299 300
68
6 7 9 11 12 14 15 16 24 29 30 41 42 45 50 55 58 62 67 71 74 85 93 94 96 97 99 101 107 108 118 119 130 132 134 143 144 145 157 160 172 181 187 194 199 204 212 216 219 223 236 237 239 240 246 249 259 262 266 268 276 278 280 283 287 291 294 296
53
1 17 22 24 25 27 28 37 48 51 52 54 62 67 72 77 79 87 91 102 103 108 112 115 119 121 130 136 138 142 145 147 158 162 169 174 184 185 186 202 209 216 226 236 240 243 253 269 272 273 286 287 290
63
1 6 8 10 19 30 31 39 41 50 55 66 67 68 79 84 87 91 92 95 108 113 116 119 122 127 129 133 138 143 149 151 154 159 161 165 168 179 182 191 196 197 206 214 216 220 228 237 241 249 255 265 266 269 276 280 282 283 290 293 295 296 297
64
2 21 41 47 50 52 60 70 71 75 80 86 90 91 111 115 134 139 142 145 148 151 153 155 160 168 170 181 183 187 188 196 199 201 203 207 209 211 213 214 215 217 226 227 230 233 234 235 246 247 250 251 254 258 260 263 266 267 276 282 285 297 299 300
52
8 10 13 18 21 60 67 74 82 84 91 92 101 115 120 125 127 130 132 140 143 145 150 152 153 154 155 160 163 165 178 189 199 205 211 213 234 236 238 242 243 254 260 266 271 272 273 277 282 290 292 300
58
5 7 8 11 12 22 25 27 36 38 45 51 52 54 57 60 65 71 82 86 92 98 104 107 115 121 124 133 140 142 145 146 149 152 156 163 170 171 186 208 212 214 215 218 219 221 222 228 244 251 252 254 255 265 268 274 287 290
52
10 13 29 31 39 40 42 47 58 63 68 72 73 88 89 93 95 98 101 104 108 113 122 138 144 145 152 158 183 189 192 194 199 200 214 215 232 240 246 247 248 254 258 266 268 269 276 291 294 297 299 300
51
3 5 6 14 15 16 19 25 28 33 39 44 65 68 85 99 100 106 115 118 124 132 134 137 139 140 155 163 185 191 192 198 200 203 211 214 219 241 243 245 252 257 264 265 269 270 271 279 281 289 298
72
2 12 13 14 17 24 25 31 33 39 44 50 54 60 62 63 71 79 80 90 96 99 101 104 105 106 107 111 112 118 123 126 132 144 145 150 156 157 158 161 162 163 167 171 181 199 202 205 208 212 225 226 227 234 239 241 243 245 247 250 252 253 256 259 262 276 285 286 287 288 289 296
71
2 4 5 6 8 10 15 20 29 30 34 39 45 50 52 55 60 63 74 75 78 81 83 86 87 88 90 91 93 94 95 96 109 110 118 133 135 136 139 143 149 152 153 159 166 171 173 185 187 190 201 211 212 215 226 234 242 243 244 249 260 271 275 282 284 287 290 291 297 298 300
79
1 3 8 11 13 14 15 16 17 18 21 24 32 33 36 37 40 41 45 47 48 51 61 65 68 69 72 75 79 83 86 94 103 106 107 108 115 126 127 130 138 140 143 145 150 153 159 160 163 169 183 189 191 198 200 203 211 218 219 222 233 243 260 261 262 265 266 267 268 269 270 274 285 287 289 291 297 298 300
56
3 5 9 22 24 25 33 38 48 61 64 68 69 71 90 95 112 115 116 122 123 126 129 133 136 144 146 160 161 169 170 174 175 189 195 209 216 221 227 230 232 235 253 257 261 264 269 270 274 277 281 284 291 292 294 296
55
4 9 13 16 34 36 38 40 42 51 60 62 64 72 109 117 120 124 132 137 140 144 151 153 160 161 163 164 169 173 183 188 194 196 200 204 210 215 219 223 225 229 232 241 243 246 247 248 253 281 284 289 290 292 294
46
1 19 21 29 31 32 36 39 45 52 53 62 64 68 78 85 112 122 123 127 134 144 146 147 154 155 157 174 179 192 195 196 198 200 201 204 223 248 252 260 263 270 277 284 291 293
66
8 9 10 14 20 26 28 34 40 46 47 49 50 63 74 83 85 90 93 98 99 103 105 107 116 118 122 132 137 139 140 143 162 165 166 170 173 178 181 186 188 195 197 200 201 204 209 215 219 228 229 232 233 239 240 249 252 253 257 266 271 274 278 286 289 294
58
1 3 4 6 9 11 22 34 35 49 60 68 70 71 77 79 81 94 96 98 105 107 108 110 113 132 137 140 143 149 154 161 164 168 170 176 195 197 216 217 222 223 230 236 243 246 247 252 253 257 264 267 270 285 286 289 290 295
64
2 5 14 15 18 21 24 27 32 35 38 44 54 63 65 74 76 83 84 87 89 91 94 113 116 117 120 124 127 131 140 152 155 156 163 167 168 174 175 182 183 184 189 191 192 194 199 204 208 211 212 216 219 229 243 250 257 258 266 269 285 288 290 293
52
4 6 10 12 16 26 31 34 43 72 78 85 86 90 103 106 111 115 123 125 126 136 137 150 173 174 175 176 192 193 197 200 211 214 218 225 231 232 238 239 243 244 250 254 258 261 264 266 269 270 273 300
64
2 14 15 22 23 25 42 45 48 53 54 55 56 58 60 62 65 69 70 76 80 83 93 95 98 103 107 108 111 112 121 122 133 136 138 144 146 150 154 160 163 172 178 180 182 183 192 210 216 219 223 224 225 227 230 231 239 240 244 246 256 259 286 299
55
7 17 24 25 31 48 52 56 62 65 70 73 75 77 79 80 84 85 86 104 105 117 124 126 136 139 142 146 147 154 159 163 172 176 183 190 197 199 211 212 227 228 229 230 242 249 263 264 270 271 285 286 289 290 299
58
1 4 7 10 19 23 24 26 27 43 46 51 54 63 74 82 100 104 112 114 116 117 136 139 142 144 145 164 165 169 170 171 183 190 191 194 198 207 208 214 224 227 230 242 244 245 254 255 258 259 263 266 267 283 287 290 292 295
65
4 7 9 17 24 27 46 50 51 69 70 72 78 81 88 90 94 95 100 103 105 108 111 113 116 122 133 148 149 151 154 155 164 169 170 171 172 175 182 185 193 198 200 209 212 219 222 225 228 234 237 240 244 246 256 264 267 270 271 276 278 286 287 288 295
52
8 9 23 24 25 26 36 38 46 49 53 56 58 66 70 85 87 88 91 93 97 105 107 109 110 118 119 123 127 140 163 166 171 172 175 186 206 210 213 214 216 227 231 237 258 259 262 263 265 266 278 284
72
5 6 9 14 21 22 40 49 50 51 56 63 65 66 69 86 87 89 91 92 96 106 107 109 115 121 129 135 138 139 141 144 148 149 158 159 163 167 179 182 184 204 205 206 212 213 214 216 221 222 225 226 227 228 236 239 241 242 245 246 249 256 262 264 266 280 283 292 295 296 299 300
58
4 15 17 18 21 33 39 41 44 46 48 50 55 58 69 70 71 75 80 85 93 104 107 115 122 138 145 146 160 165 176 181 190 192 193 195 198 199 200 206 207 209 212 217 226 233 246 249 256 257 265 270 271 277 279 283 288 292
60
2 10 11 12 14 15 19 21 23 27 46 47 49 71 80 84 89 90 100 109 112 115 117 121 122 123 125 132 133 138 144 152 168 178 180 182 193 197 199 201 202 205 212 214 217 219 233 250 252 258 264 265 266 270 281 290 296 298 299 300
63
7 16 20 21 26 28 29 39 49 59 63 66 67 69 70 74 75 76 77 87 95 97 101 102 103 104 107 108 122 123 143 152 157 158 159 163 169 171 173 176 190 193 195 196 202 204 205 206 211 213 216 221 238 243 259 260 266 268 272 279 293 294 298
60
5 11 16 17 26 27 30 32 33 48 49 51 62 72 89 98 100 106 107 108 115 116 125 126 131 132 135 144 148 150 154 156 161 171 177 179 180 181 184 189 192 198 203 204 216 219 220 223 247 249 251 271 273 276 281 282 288 290 292 296
65
5 17 18 20 26 39 42 48 61 68 75 81 82 83 88 101 102 105 107 117 120 124 135 142 145 146 147 151 160 164 167 172 181 184 187 204 210 211 213 215 216 222 226 227 228 231 232 236 238 246 247 254 261 264 274 277 282 284 285 287 288 292 293 294 298
58
13 16 19 20 29 32 42 55 56 68 77 87 91 96 98 109 116 119 123 129 134 138 147 149 151 157 159 165 171 172 182 188 194 203 209 212 216 219 221 222 226 230 234 236 237 238 239 246 258 262 273 281 284 285 289 295 296 300
64
5 8 15 19 21 32 33 38 39 41 46 48 61 65 76 81 83 89 104 108 112 114 116 117 126 129 132 133 138 141 144 145 146 149 151 153 154 158 166 167 178 184 186 187 195 204 232 239 241 244 245 255 256 257 260 262 266 276 277 287 289 293 295 299
58
5 6 7 24 31 34 41 54 57 62 66 69 75 78 81 85 90 95 96 99 119 124 134 138 141 143 146 154 158 170 171 173 182 183 184 185 187 189 198 201 205 216 220 225 227 237 241 248 249 253 262 263 269 285 286 288 290 296
59
7 15 19 31 34 62 66 77 78 80 83 88 90 96 111 112 114 115 125 127 130 132 134 135 144 147 153 156 162 167 171 183 185 188 194 199 202 204 207 208 209 214 216 224 230 233 238 248 249 271 273 275 276 277 281 284 286 289 295
65
1 8 16 24 30 34 36 38 41 42 46 48 49 54 55 56 58 59 63 74 79 80 86 88 92 99 106 107 108 111 116 126 128 130 140 141 151 161 163 178 181 182 185 186 200 201 202 208 218 223 227 238 239 241 246 248 251 252 263 266 280 284 285 287 291
57
1 2 4 8 9 10 12 17 22 27 31 35 44 51 60 71 80 92 94 95 96 97 109 119 120 122 130 140 144 145 146 147 167 177 186 189 195 202 203 204 215 216 221 225 233 236 240 241 245 248 263 267 276 282 285 290 298
69
1 6 18 21 22 24 25 30 33 38 41 48 49 50 52 58 63 65 74 88 90 93 94 96 102 105 118 120 122 124 128 135 143 151 152 157 170 172 173 180 184 185 192 197 198 201 208 225 232 234 241 249 250 253 255 260 262 265 266 276 278 279 280 281 283 285 286 289 300
48
16 22 27 29 34 46 47 58 66 68 71 80 83 98 102 108 109 123 125 133 137 143 147 169 178 184 187 190 195 197 198 219 225 229 233 236 241 243 247 248 254 259 261 264 266 290 296 297
67
1 3 4 10 12 16 17 22 30 34 36 41 51 55 58 64 71 76 81 82 92 95 96 98 102 104 109 112 117 118 123 124 129 130 135 138 143 155 156 157 161 162 170 172 175 178 181 193 197 200 213 214 218 222 224 225 229 234 243 244 248 250 259 266 273 294 298
52
10 15 18 19 20 21 31 37 43 66 68 72 80 93 96 117 124 127 136 137 145 153 165 170 172 176 184 185 188 192 194 205 215 221 222 224 231 232 240 241 244 245 251 258 259 260 261 264 265 270 286 300
58
3 5 7 8 10 14 15 17 27 46 49 54 57 60 65 68 71 75 79 81 88 104 121 124 126 135 142 151 155 166 167 168 171 175 178 182 187 193 204 205 216 221 224 233 241 247 249 253 254 260 263 270 271 274 275 276 291 292
56
3 5 11 17 21 28 31 32 38 40 50 63 67 69 73 74 75 86 93 96 99 103 105 110 132 135 137 159 160 163 170 192 199 206 212 214 221 233 235 236 239 246 252 256 259 264 269 275 279 281 284 288 292 293 296 300
63
3 14 20 23 32 40 42 49 58 59 62 63 68 69 70 77 91 94 96 103 106 110 115 116 121 123 129 130 132 134 146 155 162 165 168 173 180 181 186 188 197 203 208 210 218 219 225 226 228 237 239 240 248 255 257 261 265 271 273 274 275 292 294
70
9 17 21 23 28 29 33 37 39 41 47 58 60 70 75 78 84 89 90 94 96 102 105 108 116 119 121 123 126 128 133 138 139 140 144 150 152 153 157 158 163 164 165 166 182 185 190 191 198 202 204 208 210 212 217 230 231 239 240 247 252 255 266 272 282 284 288 289 290 299
55
3 17 27 31 40 48 51 69 74 78 81 82 88 92 111 112 114 118 120 126 130 138 141 142 147 153 154 155 158 170 177 181 189 197 204 221 222 227 232 236 238 246 250 252 253 255 260 261 262 263 272 281 284 299 300
69
2 8 10 15 17 20 22 28 29 35 36 37 52 56 60 68 70 76 79 87 90 97 102 107 111 114 122 124 126 127 133 135 145 147 149 156 158 159 163 169 170 175 176 180 183 185 186 189 195 197 204 207 208 224 227 229 230 232 235 236 239 242 247 258 261 274 277 289 290
40
6 7 10 18 21 31 39 55 74 75 83 88 98 103 112 126 146 155 160 166 167 173 190 191 193 200 201 211 213 229 248 251 252 261 264 272 277 280 291 295
56
1 2 13 27 31 38 39 66 76 79 87 88 89 104 108 114 116 123 130 131 132 133 137 147 148 158 161 164 165 167 173 178 181 182 184 197 200 205 215 218 224 226 229 230 235 238 241 251 253 259 265 271 275 276 277 287
70
1 2 9 10 17 21 27 30 40 44 45 60 68 70 74 80 82 86 87 93 101 107 116 118 128 130 137 138 141 145 149 161 162 163 164 168 170 174 175 182 183 187 196 199 201 205 206 211 215 219 220 221 224 229 233 239 242 245 249 252 256 257 265 267 268 269 277 278 281 293
69
1 3 5 7 8 9 11 18 22 24 25 27 28 34 39 46 51 71 75 80 81 85 87 97 98 101 106 108 114 118 123 124 128 130 133 147 156 160 166 174 184 188 202 204 208 210 224 229 230 233 235 236 237 240 241 246 250 260 263 267 269 277 278 279 283 284 287 297 300
63
6 13 16 17 25 26 30 32 35 39 42 48 49 51 52 63 68 77 82 84 91 93 108 111 116 118 124 128 129 134 135 140 142 152 153 161 162 171 173 174 197 198 200 208 216 218 220 226 231 242 244 248 251 253 257 259 267 274 276 282 284 293 298
53
1 2 4 9 10 11 32 34 39 40 61 64 67 79 84 85 94 97 98 104 105 107 117 119 121 124 132 133 145 148 150 155 166 173 174 199 202 206 207 209 212 217 220 222 224 235 237 245 252 253 263 264 287
70
14 20 27 28 29 32 34 39 41 46 52 55 59 60 69 74 79 81 84 99 103 104 107 111 113 115 120 124 125 129 130 131 133 136 137 138 143 149 150 156 159 161 168 179 183 193 194 197 199 201 209 213 215 225 228 229 233 241 242 260 263 267 280 285 290 292 293 296 297 298
59
13 15 16 30 31 34 37 38 45 48 50 53 61 67 75 87 92 97 98 106 123 124 126 132 137 143 144 157 163 164 168 171 173 174 180 181 182 192 195 204 218 240 241 242 245 248 252 257 258 264 268 271 272 276 281 283 287 290 293
54
1 9 22 40 47 61 66 76 79 86 88 94 99 102 114 118 121 136 138 144 145 151 158 162 167 170 171 172 179 181 191 196 205 213 215 219 223 225 227 236 237 241 243 249 254 257 263 269 270 275 283 291 292 295
64
2 14 16 20 22 24 25 28 37 50 54 60 65 66 67 76 87 90 94 96 97 98 114 130 134 135 136 143 144 157 165 169 170 171 178 179 180 181 184 189 195 199 200 201 203 212 217 221 223 224 227 234 237 248 251 253 254 273 274 283 285 288 289 290
54
2 6 13 19 21 24 25 26 27 29 30 35 39 42 44 49 51 61 64 71 72 76 85 87 111 130 131 136 145 149 161 162 164 165 166 169 175 176 177 194 197 199 202 214 233 238 241 258 260 269 270 292 294 300
61
8 9 11 12 13 16 18 22 26 33 34 37 43 53 56 64 66 73 79 85 93 99 115 117 134 138 145 148 150 159 163 171 175 185 198 203 206 207 208 210 216 222 231 236 237 241 247 252 253 258 263 265 268 269 271 280 282 283 285 289 296
65
1 3 4 10 11 19 21 22 23 25 36 38 42 55 60 66 68 70 91 95 98 102 104 108 109 117 124 129 136 138 143 144 145 151 160 162 165 170 182 185 191 196 202 204 208 212 218 219 223 226 229 231 233 234 241 247 251 254 259 262 276 282 290 295 297
62
2 4 15 16 19 32 40 55 60 61 66 69 71 72 77 83 90 101 103 110 116 123 126 130 133 141 146 148 152 155 159 160 161 173 176 177 182 189 206 213 214 218 224 226 230 232 233 245 248 254 261 262 265 267 273 274 275 278 284 285 292 293
62
1 7 9 10 16 17 27 39 66 72 76 79 80 86 91 99 104 117 120 121 122 145 149 157 159 160 162 175 176 179 186 187 189 192 194 204 205 206 211 212 223 224 225 229 232 239 244 251 253 254 255 256 264 265 268 269 270 272 282 286 292 299
66
6 9 15 17 20 22 23 28 31 35 44 49 66 67 73 80 83 85 87 94 104 105 106 117 118 121 123 126 127 129 132 135 139 141 143 145 151 158 164 166 168 169 173 179 187 188 198 206 207 210 218 224 247 249 254 256 260 263 264 268 270 271 275 279 293 294
61
5 8 10 15 17 18 22 23 27 41 44 58 66 80 82 84 90 93 95 97 108 112 113 116 117 123 127 133 142 146 149 150 155 165 170 173 200 202 203 214 217 226 227 233 241 243 248 258 259 260 262 263 265 272 275 277 283 287 293 295 300
60
2 4 10 16 21 23 24 29 32 33 35 36 45 61 68 74 77 85 92 96 98 101 105 107 108 109 119 125 131 133 138 140 141 146 151 157 161 166 179 183 197 199 207 211 219 221 226 229 230 233 237 244 247 249 258 261 264 280 287 300
65
3 25 26 27 30 33 38 41 43 48 55 60 62 69 74 75 79 83 91 94 100 105 106 107 114 115 120 121 124 126 127 129 131 134 136 138 143 147 161 165 170 171 172 179 180 183 186 190 196 207 219 222 223 226 231 240 243 268 269 275 282 290 291 296 298
60
5 14 15 17 19 32 34 35 37 39 40 45 55 57 61 77 80 81 82 84 86 98 99 102 105 108 112 122 125 142 146 153 160 166 171 173 179 185 186 190 192 193 204 211 216 233 235 236 238 247 252 265 270 277 278 284 286 296 298 300
73
2 4 11 12 16 27 36 37 40 53 56 58 59 66 68 71 78 88 95 96 100 102 103 110 111 112 113 116 126 129 137 138 144 146 149 150 151 160 171 179 180 192 198 202 207 212 216 217 219 226 228 233 234 249 250 251 253 255 256 257 259 268 269 272 273 276 285 287 293 294 295 298 299
55
4 16 21 28 29 34 37 38 45 50 67 71 76 84 97 100 101 102 122 131 133 134 136 141 148 151 154 162 186 187 189 195 197 201 208 210 212 216 222 232 237 238 240 241 242 243 246 247 256 263 275 277 281 290 299
49
15 20 22 25 50 55 57 63 66 71 74 85 97 98 99 104 107 109 114 115 116 128 130 134 136 138 140 143 153 157 161 164 174 179 180 182 185 188 199 209 212 214 231 241 253 262 267 271 285
66
3 9 10 14 16 26 31 37 38 42 45 47 51 61 64 67 72 73 76 79 80 82 86 90 92 98 99 108 110 119 120 127 142 148 150 153 155 158 160 168 169 177 178 181 186 201 202 209 213 222 223 231 233 239 241 243 244 250 252 260 267 277 279 287 292 297
67
5 6 8 14 27 35 36 42 51 52 53 54 63 65 66 70 71 77 85 86 87 88 91 93 105 107 115 120 123 124 125 128 137 139 142 146 151 153 160 167 178 180 181 183 184 187 189 194 195 207 210 214 225 228 233 234 239 247 257 258 262 272 278 280 282 284 288
60
3 6 11 12 20 23 28 29 35 45 48 58 62 65 66 69 71 73 74 81 90 98 100 101 110 111 113 121 127 129 134 137 160 161 166 172 191 197 199 202 205 206 208 209 213 215 216 217 220 221 226 230 239 240 246 264 268 278 291 299
57
3 5 17 20 29 30 33 37 46 52 55 57 94 95 99 101 111 116 124 126 134 140 150 153 158 167 169 174 182 187 190 191 197 199 202 204 205 214 219 221 225 227 228 231 236 243 252 259 269 270 273 279 282 290 292 293 295
60
1 11 17 20 27 32 33 45 61 62 64 72 79 81 86 87 88 92 94 95 99 103 109 112 117 119 125 127 135 137 138 141 144 150 160 161 163 178 197 207 208 210 213 217 219 221 234 235 237 246 251 252 257 273 280 283 290 296 297 299
61
6 10 12 14 20 24 27 31 34 43 54 63 68 71 72 77 84 92 93 94 97 99 100 107 108 109 111 112 119 121 129 139 157 159 161 172 173 179 185 186 190 194 195 197 200 202 213 219 225 229 241 243 256 265 269 278 283 291 293 295 298
63
4 8 11 12 18 21 23 25 27 30 34 38 40 45 49 50 56 57 62 69 80 81 82 83 88 89 96 100 103 110 112 113 119 122 123 131 144 151 160 161 167 170 173 175 189 191 198 200 201 202 211 217 228 229 230 241 242 245 253 256 269 279 285
65
1 3 4 11 14 17 22 26 29 32 43 52 55 58 64 68 74 76 81 82 89 96 106 110 111 116 118 127 128 134 139 140 143 152 156 157 164 165 173 176 178 186 188 189 199 200 202 216 226 229 230 231 233 236 247 248 253 261 262 272 274 281 285 288 300
46
2 7 8 12 15 17 23 24 26 31 43 44 45 70 80 110 120 125 154 156 160 171 172 173 176 183 190 202 203 215 223 237 239 242 248 254 256 259 265 275 281 290 294 295 298 299
62
4 8 14 15 20 23 25 26 27 32 40 43 54 55 56 58 61 67 70 77 96 99 102 108 113 120 127 128 133 138 139 143 145 150 164 169 180 183 185 196 205 208 209 210 218 223 227 235 237 242 243 247 248 252 254 265 267 278 283 288 294 300
60
2 3 9 12 14 21 23 25 26 37 39 41 44 47 48 56 59 63 65 68 72 87 103 104 106 107 113 118 119 120 122 126 135 138 145 158 164 174 176 178 180 184 208 209 211 212 213 223 224 226 236 243 251 256 271 276 277 280 282 291
70
3 15 19 20 22 29 35 37 41 46 48 49 51 57 62 63 67 69 76 79 80 84 85 90 93 95 103 108 111 113 118 119 125 126 145 147 150 164 167 168 176 177 182 191 198 204 206 209 220 222 225 228 235 237 240 241 243 247 248 251 265 267 280 288 289 291 292 293 294 296
67
1 2 5 8 13 15 23 29 33 34 39 44 56 62 63 68 70 80 81 84 93 94 96 101 103 104 106 108 112 113 126 128 129 139 141 149 157 167 175 179 182 184 191 202 208 211 214 217 218 226 237 239 242 243 246 248 250 252 259 261 274 275 276 281 284 286 300
