50 100
1.0 1.0 1.0 1.0 1.0 1.0 1.0 1.0 1.0 1.0 1.0 1.0 1.0 1.0 1.0 1.0 1.0 1.0 1.0 1.0 1.0 1.0 1.0 1.0 1.0 1.0 1.0 1.0 1.0 1.0 1.0 1.0 1.0 1.0 1.0 1.0 1.0 1.0 1.0 1.0 1.0 1.0 1.0 1.0 1.0 1.0 1.0 1.0 1.0 1.0 1.0 1.0 1.0 1.0 1.0 1.0 1.0 1.0 1.0 1.0 1.0 1.0 1.0 1.0 1.0 1.0 1.0 1.0 1.0 1.0 1.0 1.0 1.0 1.0 1.0 1.0 1.0 1.0 1.0 1.0 1.0 1.0 1.0 1.0 1.0 1.0 1.0 1.0 1.0 1.0 1.0 1.0 1.0 1.0 1.0 1.0 1.0 1.0 1.0 1.0
12
6 8 14 21 26 62 75 77 79 85 90 100
13
2 9 21 26 27 38 47 52 64 73 80 86 95
10
12 27 34 43 61 69 73 92 94 96
8
9 14 24 70 79 91 93 99
9
4 15 21 25 26 53 54 85 92
3
8 31 50
12
18 19 26 32 35 36 69 75 77 87 97 99
11
5 11 17 18 36 39 55 57 92 94 96
12
2 3 9 22 27 31 41 45 54 63 85 90
12
8 15 22 23 39 42 63 75 76 94 97 98
13
8 12 16 23 25 30 69 70 79 82 83 85 98
9
4 9 37 42 44 55 63 69 75
13
3 5 23 33 35 46 50 63 70 75 84 87 92
9
22 26 40 48 49 77 78 93 97
18
1 4 20 22 23 27 30 32 38 44 45 77 82 85 88 89 93 94
9
10 17 28 32 34 71 79 80 85
9
12 26 28 36 52 53 55 66 76
11
13 29 31 40 44 47 64 87 94 96 98
6
12 22 24 48 62 84
10
6 11 24 34 46 56 66 75 77 89
16
17 21 28 32 33 36 45 55 57 60 68 73 77 83 94 99
17
14 17 22 26 31 38 41 46 50 52 54 60 62 66 70 74 86
10
2 10 24 28 32 55 78 81 85 86
13
2 9 18 19 23 27 28 51 53 65 71 88 97
12
5 10 17 20 24 35 36 41 49 51 58 76
9
4 5 25 29 35 61 66 67 69
14
2 5 11 23 24 27 43 45 46 65 66 74 80 99
7
27 50 52 57 74 81 91
4
1 5 41 64
12
11 36 46 53 64 65 74 82 87 89 90 92
12
3 20 25 39 50 60 61 68 71 79 90 99
7
6 22 24 29 30 36 72
13
6 8 11 13 30 32 45 47 53 68 77 92 95
10
1 7 11 17 20 29 52 70 71 90
10
17 34 47 64 75 78 86 88 94 98
9
10 26 29 37 41 62 81 92 93
11
1 10 14 16 23 31 33 35 38 59 64
6
26 51 59 67 73 81
11
12 15 33 35 36 63 66 80 87 90 93
10
13 18 20 35 37 44 60 67 77 99
5
18 33 49 78 83
11
1 10 35 37 41 47 52 55 64 81 87
12
7 21 23 30 38 39 45 60 65 66 81 92
10
2 7 19 27 29 30 38 41 63 80
17
8 10 15 42 44 51 54 69 71 75 77 80 88 90 91 92 95
4
25 63 65 71
10
14 22 26 28 29 42 54 61 83 92
13
3 8 12 20 21 28 30 33 38 39 65 83 93
7
3 25 35 36 85 89 98
13
14 17 20 24 27 35 54 56 57 66 73 77 95
