50 100
1.0 1.0 1.0 1.0 1.0 1.0 1.0 1.0 1.0 1.0 1.0 1.0 1.0 1.0 1.0 1.0 1.0 1.0 1.0 1.0 1.0 1.0 1.0 1.0 1.0 1.0 1.0 1.0 1.0 1.0 1.0 1.0 1.0 1.0 1.0 1.0 1.0 1.0 1.0 1.0 1.0 1.0 1.0 1.0 1.0 1.0 1.0 1.0 1.0 1.0 1.0 1.0 1.0 1.0 1.0 1.0 1.0 1.0 1.0 1.0 1.0 1.0 1.0 1.0 1.0 1.0 1.0 1.0 1.0 1.0 1.0 1.0 1.0 1.0 1.0 1.0 1.0 1.0 1.0 1.0 1.0 1.0 1.0 1.0 1.0 1.0 1.0 1.0 1.0 1.0 1.0 1.0 1.0 1.0 1.0 1.0 1.0 1.0 1.0 1.0
22
14 18 22 30 33 35 37 39 41 43 63 67 68 72 75 77 84 85 91 92 97 100
20
2 8 12 16 19 20 21 26 32 39 58 62 69 78 79 80 84 89 91 92
21
5 6 10 30 36 37 38 39 46 50 55 56 63 72 81 84 85 86 90 93 98
20
6 13 17 20 22 25 34 38 40 42 43 64 65 67 72 78 86 87 93 100
22
8 9 19 23 28 47 51 52 54 57 58 59 60 77 79 80 86 87 88 91 97 100
14
1 7 8 12 23 47 60 78 81 84 86 88 94 95
14
1 11 18 39 43 45 52 56 60 66 91 95 97 99
16
5 11 12 22 24 25 27 56 58 68 71 72 80 93 97 100
24
5 15 17 18 29 30 31 44 49 54 58 60 63 65 66 68 70 71 72 78 82 87 89 93
20
5 6 7 8 9 11 22 33 38 41 47 49 53 57 58 76 81 83 93 99
17
5 14 15 18 20 22 30 31 33 59 69 72 76 79 83 91 100
20
3 10 13 17 29 37 45 49 51 56 62 63 66 67 68 77 86 91 93 99
15
4 26 39 42 43 48 70 72 75 80 81 86 92 93 100
23
6 14 21 24 26 28 30 33 37 43 44 49 62 65 70 74 78 80 87 92 95 96 98
20
4 10 11 18 23 45 49 52 55 64 66 68 73 75 78 79 82 85 91 95
22
3 7 14 21 26 28 30 37 38 42 46 49 56 60 67 76 77 78 83 86 88 100
20
12 15 16 17 25 32 38 42 47 49 50 63 73 79 87 88 92 97 98 100
18
2 6 7 19 25 29 40 41 50 53 54 58 61 66 77 87 89 97
21
6 11 17 26 28 33 34 38 39 40 43 44 52 54 56 57 58 63 66 88 95
17
3 6 23 28 41 43 47 54 56 62 70 75 85 86 89 91 92
14
1 8 18 19 26 43 56 57 61 75 78 83 90 94
15
2 6 18 22 34 37 38 42 45 71 79 86 87 97 99
17
3 4 19 33 38 39 40 43 45 46 48 60 76 79 82 84 93
20
5 6 8 14 20 27 29 34 42 47 49 57 64 65 71 73 83 86 89 96
20
1 9 10 12 17 21 23 24 40 43 45 46 49 51 54 56 69 91 92 94
23
1 5 16 20 32 37 38 40 43 46 50 54 55 62 65 69 71 74 76 78 80 92 94
23
5 12 14 17 22 38 40 42 43 44 51 52 56 64 76 78 81 83 85 88 95 99 100
16
13 22 40 49 54 61 63 64 66 72 73 74 85 87 88 92
22
2 9 10 19 26 27 31 32 38 41 42 44 54 61 69 76 78 81 86 89 90 91
18
1 3 5 9 20 23 26 27 34 48 49 51 69 75 76 78 90 93
27
2 5 10 11 15 17 18 20 23 24 27 30 35 45 49 51 53 64 66 67 68 74 82 83 88 89 90
18
1 4 10 21 22 24 32 34 39 57 60 65 70 72 75 84 90 100
32
1 6 9 15 16 17 18 29 30 42 43 45 48 54 57 58 61 64 69 70 71 72 73 77 80 82 90 92 95 96 99 100
26
3 4 12 13 15 18 22 28 30 34 35 41 49 54 57 60 70 73 75 77 78 84 87 90 91 93
19
1 7 10 18 20 43 46 48 51 70 77 80 81 84 89 90 92 94 99
25
1 2 6 10 25 37 42 43 44 49 52 56 57 58 65 67 74 75 79 84 87 89 91 98 100
18
2 3 13 14 16 28 30 37 48 49 71 81 82 87 90 96 97 99
19
1 6 13 22 33 41 45 49 50 54 61 63 65 76 78 85 87 88 91
27
3 4 7 10 12 19 21 24 27 33 40 43 55 57 59 60 71 74 75 78 80 82 87 88 96 97 100
15
7 8 10 22 24 26 35 36 37 74 80 82 83 90 98
19
6 8 13 27 32 35 50 51 52 55 60 65 71 75 81 87 88 94 95
23
3 5 6 9 32 37 43 44 45 47 48 55 65 72 75 76 77 86 90 91 95 97 98
17
1 3 18 23 26 28 30 32 33 45 56 60 71 75 81 95 99
21
1 3 6 8 16 18 20 21 23 34 41 42 55 63 69 76 82 91 94 96 99
17
3 4 11 12 17 19 26 33 37 54 55 59 62 68 72 86 99
19
5 8 10 12 16 20 28 33 34 39 46 65 75 80 81 86 88 94 99
21
3 11 12 13 15 16 27 33 34 37 38 40 45 60 67 71 74 75 82 89 99
19
2 5 20 21 22 28 35 42 44 54 61 64 69 72 82 91 93 94 98
21
8 12 14 16 18 27 44 50 53 57 59 60 61 66 71 76 81 89 92 93 94
24
13 16 21 23 26 28 29 40 42 50 54 59 63 67 68 69 74 78 80 81 89 93 95 98
