150 300
1.0 1.0 1.0 1.0 1.0 1.0 1.0 1.0 1.0 1.0 1.0 1.0 1.0 1.0 1.0 1.0 1.0 1.0 1.0 1.0 1.0 1.0 1.0 1.0 1.0 1.0 1.0 1.0 1.0 1.0 1.0 1.0 1.0 1.0 1.0 1.0 1.0 1.0 1.0 1.0 1.0 1.0 1.0 1.0 1.0 1.0 1.0 1.0 1.0 1.0 1.0 1.0 1.0 1.0 1.0 1.0 1.0 1.0 1.0 1.0 1.0 1.0 1.0 1.0 1.0 1.0 1.0 1.0 1.0 1.0 1.0 1.0 1.0 1.0 1.0 1.0 1.0 1.0 1.0 1.0 1.0 1.0 1.0 1.0 1.0 1.0 1.0 1.0 1.0 1.0 1.0 1.0 1.0 1.0 1.0 1.0 1.0 1.0 1.0 1.0 1.0 1.0 1.0 1.0 1.0 1.0 1.0 1.0 1.0 1.0 1.0 1.0 1.0 1.0 1.0 1.0 1.0 1.0 1.0 1.0 1.0 1.0 1.0 1.0 1.0 1.0 1.0 1.0 1.0 1.0 1.0 1.0 1.0 1.0 1.0 1.0 1.0 1.0 1.0 1.0 1.0 1.0 1.0 1.0 1.0 1.0 1.0 1.0 1.0 1.0 1.0 1.0 1.0 1.0 1.0 1.0 1.0 1.0 1.0 1.0 1.0 1.0 1.0 1.0 1.0 1.0 1.0 1.0 1.0 1.0 1.0 1.0 1.0 1.0 1.0 1.0 1.0 1.0 1.0 1.0 1.0 1.0 1.0 1.0 1.0 1.0 1.0 1.0 1.0 1.0 1.0 1.0 1.0 1.0 1.0 1.0 1.0 1.0 1.0 1.0 1.0 1.0 1.0 1.0 1.0 1.0 1.0 1.0 1.0 1.0 1.0 1.0 1.0 1.0 1.0 1.0 1.0 1.0 1.0 1.0 1.0 1.0 1.0 1.0 1.0 1.0 1.0 1.0 1.0 1.0 1.0 1.0 1.0 1.0 1.0 1.0 1.0 1.0 1.0 1.0 1.0 1.0 1.0 1.0 1.0 1.0 1.0 1.0 1.0 1.0 1.0 1.0 1.0 1.0 1.0 1.0 1.0 1.0 1.0 1.0 1.0 1.0 1.0 1.0 1.0 1.0 1.0 1.0 1.0 1.0 1.0 1.0 1.0 1.0 1.0 1.0 1.0 1.0 1.0 1.0 1.0 1.0 1.0 1.0 1.0 1.0 1.0 1.0 1.0 1.0 1.0 1.0 1.0 1.0 1.0 1.0 1.0 1.0 1.0 1.0
29
11 38 39 54 56 66 81 87 93 102 110 124 126 140 156 161 188 195 200 206 209 227 268 286 288 289 297 298 300
21
4 10 15 41 62 64 94 95 104 123 140 149 150 173 177 196 246 272 291 294 300
37
2 6 8 13 15 17 38 43 46 56 61 74 76 99 105 108 112 116 133 136 149 157 167 171 195 203 217 233 237 254 258 268 278 284 287 291 300
21
11 20 47 51 99 109 118 137 144 155 160 169 216 221 229 246 256 257 261 267 282
28
25 34 35 50 56 58 76 77 100 104 105 117 120 122 130 145 168 179 183 187 220 251 261 281 283 291 296 298
31
4 6 11 26 29 45 55 91 95 96 109 111 118 138 148 149 159 166 171 181 185 193 197 201 207 242 250 278 280 281 294
30
2 9 13 35 36 42 43 63 77 85 87 95 99 103 111 113 142 144 156 166 168 174 195 199 207 248 250 278 282 290
31
1 2 8 13 23 42 45 61 65 68 74 93 95 113 115 143 152 173 190 206 217 241 260 264 276 282 293 295 298 299 300
23
6 15 34 39 48 71 121 137 144 149 168 174 214 217 243 253 260 261 266 269 276 286 288
31
1 3 5 21 35 51 58 63 67 78 96 145 147 149 154 159 168 174 177 189 197 207 208 215 216 239 249 258 267 280 287
33
15 17 25 37 41 42 51 59 80 81 87 90 91 105 122 126 127 163 166 173 182 195 197 214 231 233 235 241 274 276 277 288 292
28
18 21 44 45 48 70 101 110 115 119 128 131 140 159 164 176 178 195 215 219 222 225 241 256 261 262 270 271
25
10 15 27 37 75 91 95 100 114 136 140 141 158 162 167 197 204 205 239 259 264 276 279 288 296
29
4 30 32 54 70 79 81 87 127 143 153 163 167 168 185 199 201 210 216 222 223 247 248 252 258 282 284 293 300
37
9 12 17 26 40 53 57 64 67 72 74 93 95 101 107 115 141 146 148 151 158 169 179 189 201 204 211 216 223 228 238 243 253 276 294 296 298
28
22 30 60 66 75 86 91 111 114 130 132 147 159 160 179 191 195 203 210 213 216 227 236 260 264 268 287 290
30
12 22 43 57 64 65 66 73 79 81 82 96 107 120 127 135 138 154 155 158 161 174 243 260 271 272 275 281 284 296
30
4 9 20 35 54 59 82 94 116 121 126 130 142 143 152 164 175 195 203 218 220 234 245 246 255 263 265 272 293 297
36
15 22 35 43 51 60 65 68 74 75 83 114 124 129 131 132 151 188 202 214 217 218 237 238 250 251 256 259 264 280 284 285 286 289 295 296
35
4 6 15 17 19 31 42 52 67 68 73 80 83 85 91 94 104 119 124 138 144 147 184 194 208 211 217 222 226 231 232 235 247 259 294
35
6 24 28 39 40 62 73 76 103 108 109 113 114 116 119 123 127 140 148 163 174 175 188 193 218 220 226 239 243 267 272 274 285 288 296
29
8 36 42 47 50 56 71 82 100 114 132 148 158 165 174 178 187 189 208 209 210 212 234 236 237 257 276 286 287
34
15 17 20 24 28 41 45 51 106 133 135 140 152 154 170 181 189 190 201 217 225 234 242 244 250 257 260 261 267 275 284 287 288 290
37
3 10 23 27 33 40 51 53 56 60 62 65 67 68 79 83 88 109 122 131 147 152 160 168 172 178 184 185 189 201 212 216 239 280 281 283 293
27
15 18 19 39 64 68 83 91 113 125 134 141 146 160 163 172 225 227 229 236 237 265 270 272 288 297 300
26
2 32 51 54 55 69 107 115 120 121 139 149 150 151 162 179 187 196 201 214 216 217 243 255 266 273
34
6 22 25 30 57 67 69 72 74 76 82 98 122 133 160 173 175 183 190 205 209 223 226 229 242 248 264 267 269 272 280 285 293 295
22
6 37 48 57 90 100 110 113 115 121 125 130 133 145 151 172 203 221 260 270 279 283
32
3 14 15 27 36 37 49 58 62 70 77 84 89 90 103 107 108 112 128 136 143 145 171 210 218 248 265 275 278 285 287 297
35
1 8 11 17 21 28 37 61 62 66 72 79 83 105 124 125 127 129 134 145 146 150 163 168 172 177 199 207 222 223 226 252 273 283 298
27
7 11 13 40 46 74 81 105 107 134 138 149 183 184 188 192 198 205 207 212 231 259 264 271 280 286 292
39
2 12 31 32 59 61 66 71 72 78 85 88 91 101 107 109 118 119 125 127 139 140 144 165 170 176 181 185 196 200 213 219 244 252 266 271 282 293 294
24
38 58 89 94 108 111 113 120 135 150 159 163 170 195 215 217 230 241 252 256 281 295 297 300
36
1 15 24 27 39 50 53 81 84 91 97 106 107 110 114 138 145 158 160 162 175 189 197 209 212 231 235 239 244 250 257 265 271 282 287 289
26
11 13 17 26 31 32 34 36 54 74 75 76 105 134 138 146 163 179 191 213 240 251 253 260 269 281
31
6 11 26 31 35 46 54 61 63 104 112 113 115 138 139 151 157 184 186 213 231 233 254 263 264 265 277 281 284 289 293
33
2 4 7 12 38 45 47 49 56 60 61 72 79 87 103 131 137 142 147 159 180 188 195 200 204 212 213 214 250 258 264 288 296
32
2 6 19 24 36 45 47 49 74 79 91 102 104 134 136 146 150 160 162 169 171 178 185 208 217 224 232 266 273 281 285 294
32
3 7 9 41 54 66 71 87 100 101 103 123 133 136 142 145 159 183 190 206 207 208 214 228 234 237 244 254 264 265 268 269
37
16 18 58 78 103 113 119 124 125 128 136 145 153 166 176 190 191 197 205 211 212 220 233 243 245 246 251 256 257 258 262 264 265 276 280 284 300
26
17 20 25 26 54 55 58 66 89 105 173 174 175 178 201 204 214 220 222 247 253 257 273 294 295 297
35
5 12 20 24 41 47 49 54 69 78 93 96 113 115 117 121 154 167 168 181 199 202 203 219 229 246 253 257 258 263 266 269 282 286 289
29
5 7 15 16 21 36 38 52 73 81 82 89 90 99 112 131 148 163 172 179 195 196 210 228 232 236 269 284 294
35
2 9 11 53 54 58 77 80 90 95 104 107 109 118 120 139 143 146 168 173 174 186 194 196 197 238 244 248 259 260 265 279 280 293 299
27
6 20 29 37 38 58 65 80 92 95 112 116 126 140 141 151 162 165 169 192 198 214 224 228 277 291 299
26
3 24 27 55 60 80 84 92 93 96 115 134 144 145 159 177 193 194 220 222 229 265 280 283 295 296
26
23 27 41 51 53 59 60 65 68 81 86 95 100 112 119 127 165 183 184 198 200 227 242 262 273 292
33
9 23 44 52 69 72 77 78 80 96 103 108 121 130 131 137 139 148 163 169 170 187 198 221 222 236 240 246 251 258 274 279 300
33
13 27 30 34 35 44 66 73 81 83 89 90 100 106 137 138 139 147 151 167 168 172 177 180 213 227 234 259 262 265 267 277 288
34
9 13 19 20 27 29 52 70 80 84 91 93 96 101 106 130 134 137 144 149 155 168 171 184 197 202 207 223 232 234 256 275 291 297
34
4 7 18 28 30 31 32 46 49 52 65 75 78 93 104 108 118 128 133 138 154 173 184 187 188 209 236 246 251 260 262 263 288 293
22
3 28 43 49 95 100 113 114 157 159 160 198 201 205 206 227 236 242 253 268 280 291
31
37 71 78 100 107 112 121 130 132 139 141 156 167 187 188 198 214 219 225 227 232 243 245 250 253 254 264 265 279 280 281
23
45 53 86 90 108 112 144 149 158 160 167 181 185 189 222 235 236 245 251 253 254 258 289
32
13 20 47 51 53 54 58 72 76 87 109 115 124 137 148 154 170 171 172 182 196 204 210 222 228 232 244 254 257 263 264 300
27
2 16 33 77 85 90 92 100 109 114 118 134 137 139 146 174 180 181 184 206 226 242 250 258 265 278 287
30
20 23 31 48 51 53 64 73 83 113 123 128 134 136 138 141 151 179 187 191 208 212 215 217 226 234 245 246 283 292
23
23 39 40 52 65 67 71 98 107 108 124 141 171 192 201 210 219 245 259 267 274 287 298
26
2 17 51 86 104 112 123 131 152 155 171 176 190 197 215 234 240 247 251 282 283 284 285 286 289 299
28
8 23 30 34 38 41 61 83 123 124 126 132 153 157 160 161 175 184 209 237 240 258 262 265 276 284 286 287
32
22 25 43 44 52 61 66 71 72 80 85 101 140 144 149 152 164 170 199 200 215 217 224 247 252 262 267 276 280 284 289 290
28
9 40 42 45 65 70 73 81 82 89 115 142 145 152 165 168 174 175 178 186 189 190 206 225 230 269 277 290
22
2 20 25 42 55 62 79 83 127 137 153 154 157 185 193 198 212 218 239 246 254 283
37
1 11 14 28 29 33 43 45 46 54 59 66 71 73 78 84 88 89 108 118 119 129 142 177 183 197 204 210 213 215 220 232 250 272 276 280 286
23
13 14 37 50 78 112 126 132 145 164 191 194 195 198 199 219 224 228 256 262 269 271 276
30
15 18 41 51 64 77 81 89 108 109 124 125 141 144 172 178 179 180 182 227 229 232 233 248 251 255 262 283 285 291
34
2 7 22 39 43 52 59 62 74 89 132 134 155 159 162 173 181 188 192 195 197 201 205 217 218 222 230 260 272 275 277 284 297 299
26
14 16 21 24 32 42 44 64 69 110 111 117 126 138 146 148 163 165 177 191 193 197 225 236 267 272
24
11 14 21 40 59 93 99 118 136 146 149 153 160 162 164 185 188 191 194 203 212 231 240 270
34
12 27 30 37 49 58 65 70 74 84 89 96 97 115 119 121 129 145 154 160 164 168 169 178 184 187 193 198 207 218 224 258 267 295
29
28 33 35 47 56 60 61 80 88 101 107 113 123 132 169 178 192 208 210 217 233 236 240 247 263 269 294 297 300
33
1 19 41 44 63 67 71 85 93 121 123 125 127 129 130 136 139 165 180 201 203 215 229 242 244 245 265 267 271 275 277 283 290
30
14 17 18 32 42 50 53 65 84 85 99 117 121 136 147 148 149 162 168 189 190 217 219 233 236 254 260 270 271 279
42
8 10 16 37 41 42 44 47 56 77 84 87 112 122 129 130 134 137 140 143 146 152 160 161 162 164 166 171 179 180 202 210 211 212 214 221 223 238 239 264 276 298
35
5 10 18 21 27 32 33 36 58 82 91 102 106 107 110 116 117 124 148 151 162 163 193 202 208 211 212 216 219 230 232 247 250 255 295
31
22 35 50 51 85 97 99 111 113 118 121 130 136 139 141 147 153 164 166 174 192 195 202 206 227 237 241 253 257 286 296
23
10 15 35 53 59 83 84 90 96 121 123 124 137 138 165 172 209 226 242 251 267 271 296
32
10 15 18 19 36 57 58 89 90 98 107 109 120 122 127 137 144 152 156 175 197 202 215 223 233 235 240 244 272 281 289 297
27
11 12 16 21 30 55 58 73 82 83 118 124 128 154 168 179 185 191 200 209 220 225 253 273 281 284 287
37
10 13 19 24 26 36 39 42 44 48 56 57 64 81 83 84 91 94 95 99 108 121 137 142 214 216 230 232 234 237 239 240 247 250 259 283 289
28
2 5 17 40 48 54 60 63 66 100 103 118 125 126 127 132 133 141 153 192 212 220 233 250 263 283 297 300
29
14 17 23 32 50 76 93 99 103 109 114 127 142 152 158 168 170 173 177 182 201 203 204 209 232 261 266 276 278
34
17 32 45 58 61 76 104 106 107 109 123 126 149 150 163 166 177 178 180 184 197 208 216 224 251 254 259 261 270 282 289 293 294 296
24
7 21 37 48 77 78 81 95 130 131 159 172 175 178 187 196 211 219 237 240 241 288 299 300
19
8 16 26 35 49 84 93 101 107 108 114 132 135 145 155 189 234 244 265
26
1 15 17 20 40 45 48 67 69 72 84 86 100 102 104 110 136 148 162 176 190 203 213 220 266 276
31
8 19 29 45 54 58 59 62 66 72 84 87 93 111 133 140 152 170 174 179 194 197 198 222 245 250 257 268 277 291 299
28
30 37 40 47 52 54 65 71 82 85 100 106 112 123 134 147 171 182 183 189 198 215 220 224 227 235 279 282
24
9 12 21 58 59 75 83 88 97 121 132 157 169 174 191 205 224 238 241 245 264 268 299 300
37
5 15 22 37 55 68 72 75 100 104 107 112 113 119 121 132 134 135 136 139 163 167 177 178 180 182 185 199 213 216 227 247 259 266 270 280 295
30
12 13 31 42 52 54 62 76 80 83 84 108 116 125 133 142 149 162 185 189 204 213 219 239 247 257 263 268 297 299
37
3 4 11 16 27 40 43 47 69 72 75 76 80 83 102 123 125 141 150 163 164 165 168 175 180 186 195 222 223 224 239 255 260 278 279 284 293
26
3 11 16 27 56 85 86 91 101 103 151 169 170 178 187 191 201 203 208 221 223 245 257 268 281 287
27
12 14 19 20 44 57 70 78 81 95 99 116 117 125 169 174 182 184 195 207 208 210 228 229 244 270 289
33
21 23 46 58 65 67 82 93 99 106 107 109 117 132 134 153 165 181 187 212 213 226 227 241 246 249 259 265 272 274 276 298 300
33
2 3 5 6 7 10 15 26 40 45 60 70 84 90 116 123 127 130 135 151 159 185 208 210 211 213 224 234 240 263 266 284 296
35
6 7 12 21 25 56 63 67 73 75 83 87 94 101 103 106 110 112 124 136 148 150 157 168 177 182 187 202 218 260 270 286 290 292 300
28
7 18 26 69 76 85 102 136 142 145 148 153 166 172 178 179 193 200 214 227 237 244 250 260 265 267 270 279
23
7 13 21 30 38 68 69 90 102 129 158 161 172 183 189 190 193 194 196 197 246 267 284
31
3 6 10 41 52 55 58 61 63 64 80 84 89 99 112 121 123 147 155 156 176 212 214 243 244 247 256 263 277 291 297
32
1 21 38 49 52 61 67 76 83 99 105 106 110 120 131 139 143 152 167 168 169 196 239 246 248 258 259 266 271 292 295 296
24
5 11 21 57 76 78 89 93 112 127 147 150 162 166 170 189 206 208 213 236 251 252 259 269
44
1 25 29 33 44 48 59 77 78 79 89 97 98 99 102 114 123 133 135 147 149 158 163 166 196 200 208 209 215 228 229 230 235 253 264 267 271 272 275 277 295 296 298 300
32
7 20 24 28 36 49 51 61 86 104 108 117 118 136 144 161 172 179 184 186 188 194 197 200 204 221 227 230 250 268 271 296
31
11 26 28 33 40 48 49 65 73 77 78 104 115 127 129 132 150 163 164 166 176 178 190 206 208 213 218 241 264 275 291
27
15 54 64 65 69 74 82 100 103 104 107 120 125 131 143 147 173 191 200 209 214 247 251 257 258 278 280
33
11 17 29 32 54 68 84 112 114 116 133 139 140 143 149 172 173 176 192 195 212 224 245 253 256 274 275 276 286 291 292 296 297
35
15 33 59 62 68 87 89 96 107 124 132 134 141 150 158 162 164 166 188 201 204 213 220 226 227 234 235 249 265 269 271 274 285 286 289
32
17 19 21 25 29 67 76 80 98 102 128 142 143 146 147 158 160 178 183 184 186 202 204 222 226 230 235 249 266 278 283 286
21
5 8 12 18 27 41 49 55 77 97 101 118 125 145 152 213 228 234 237 252 292
24
38 40 67 85 86 87 88 89 127 148 155 156 158 182 193 198 202 216 217 243 248 275 277 294
20
13 14 43 76 98 100 120 129 137 138 145 153 172 189 191 202 211 245 250 271
28
32 44 70 72 91 105 109 113 124 132 133 137 140 145 148 149 155 172 181 182 204 213 215 226 251 268 277 278
32
14 19 29 31 39 47 50 61 76 80 83 89 114 127 132 137 149 151 154 158 178 200 207 214 226 237 243 275 277 282 289 297
27
3 5 11 21 25 29 53 55 65 66 75 97 126 130 139 153 157 170 172 175 190 194 202 211 214 226 272
29
3 9 15 18 26 29 34 40 60 62 64 73 85 88 95 101 105 117 131 137 185 198 229 232 235 245 252 254 289
44
16 22 25 26 28 29 38 54 55 59 61 69 75 78 87 94 105 108 118 122 129 136 159 162 186 196 201 205 211 217 221 223 224 230 254 257 261 265 272 277 284 296 298 300
17
42 50 75 92 105 111 124 162 173 181 183 185 204 227 237 248 281
22
9 12 20 47 53 62 75 123 125 129 143 156 166 203 228 231 249 252 253 261 276 279
30
26 35 36 50 53 62 77 86 103 112 115 116 117 122 126 145 150 170 178 187 190 191 194 211 222 236 271 289 290 296
23
12 18 61 71 73 74 88 110 119 127 137 147 201 224 228 244 251 269 280 281 283 284 293
25
8 30 31 57 74 78 100 104 128 135 138 149 176 208 210 232 239 247 248 264 272 273 274 281 284
31
5 18 31 45 69 74 92 112 117 124 129 163 176 178 184 188 194 214 235 242 249 256 259 265 272 273 290 292 294 296 299
29
3 7 45 56 57 77 79 86 98 112 120 131 134 146 159 160 167 169 178 183 184 214 216 233 234 269 294 295 299
36
7 15 19 24 38 40 63 75 76 77 80 90 91 107 108 110 118 119 138 150 153 156 158 164 177 182 195 206 213 222 232 235 246 255 283 298
27
15 20 27 28 30 34 43 55 60 71 89 94 102 141 152 156 162 175 180 191 196 220 237 238 255 269 298
38
2 16 20 23 28 33 39 43 50 51 53 55 58 62 64 65 79 86 101 107 108 120 125 128 149 151 174 181 189 201 210 229 231 250 277 284 291 294
31
6 9 22 23 42 47 69 80 81 104 108 133 147 149 155 159 164 171 173 177 179 182 194 205 216 225 256 261 272 282 296
26
4 9 13 14 45 52 57 89 97 101 111 121 123 140 144 150 152 175 183 209 246 271 272 277 278 290
29
11 19 21 27 56 59 69 80 90 134 137 140 143 147 151 169 176 210 212 215 229 233 234 238 261 273 277 284 300
30
28 35 46 47 53 59 76 90 116 122 124 132 134 136 175 179 184 198 202 211 212 218 219 224 237 243 247 261 275 283
30
7 13 30 40 41 45 50 51 68 88 120 173 184 209 217 222 224 226 239 244 245 250 251 255 283 284 287 291 292 294
33
11 17 43 45 47 71 75 79 83 87 89 118 128 138 146 148 159 161 163 178 190 191 196 199 204 219 239 240 253 257 260 266 291
31
5 14 19 33 45 50 61 84 117 125 149 150 165 167 172 174 178 181 190 197 221 229 238 243 245 253 264 272 283 286 287
28
26 45 54 56 68 79 90 102 104 112 115 123 129 133 147 150 153 184 188 213 236 238 260 270 273 277 292 300
31
12 16 25 44 64 72 94 118 134 135 154 158 159 162 168 169 180 205 212 224 230 242 247 252 254 266 267 268 273 280 298
31
3 7 18 28 29 41 47 79 83 88 91 92 96 105 119 120 138 139 172 184 218 222 228 233 237 240 247 253 255 298 300
35
9 25 31 57 60 61 62 65 66 71 76 84 88 124 130 133 168 170 171 181 190 192 198 218 219 239 248 254 256 257 258 263 268 272 277
26
4 20 25 48 51 57 66 70 92 103 115 124 130 142 165 173 184 214 216 221 239 253 276 280 284 288
28
1 18 34 42 57 66 68 100 104 120 123 132 138 142 152 153 173 178 187 198 219 232 239 248 252 256 259 275
35
6 18 34 50 75 85 86 100 110 116 119 132 152 156 169 170 177 179 183 188 189 194 200 201 214 232 233 246 247 253 262 268 270 275 282
33
16 19 28 37 57 60 64 86 90 96 99 112 116 128 135 149 167 174 177 181 209 212 226 227 229 239 241 251 253 263 273 274 283
31
3 10 12 15 29 37 57 60 64 77 82 94 109 122 129 131 142 143 149 152 163 168 173 177 194 212 230 245 259 284 293
18
10 11 42 72 84 86 122 202 207 223 234 240 244 245 283 286 296 298
31
6 9 16 23 25 29 31 54 59 63 66 68 87 88 90 111 122 128 133 143 174 191 195 210 211 212 254 255 275 298 300
26
4 14 20 36 37 44 58 60 78 95 105 109 110 126 127 136 150 168 194 241 267 273 274 282 285 293
32
5 14 18 22 39 55 58 61 64 84 98 100 113 127 148 150 160 170 171 176 186 206 217 221 226 234 237 254 264 270 271 281
29
1 24 33 41 65 67 76 109 113 126 127 131 156 170 180 184 189 197 206 230 237 240 242 248 249 259 266 274 291
25
11 13 21 24 33 55 73 74 95 103 105 109 149 156 175 188 198 227 249 258 262 268 284 292 295
28
24 25 28 47 52 58 77 85 92 100 106 116 124 130 147 148 155 186 191 228 243 245 252 264 272 278 283 300
