100 200
1.0 1.0 1.0 1.0 1.0 1.0 1.0 1.0 1.0 1.0 1.0 1.0 1.0 1.0 1.0 1.0 1.0 1.0 1.0 1.0 1.0 1.0 1.0 1.0 1.0 1.0 1.0 1.0 1.0 1.0 1.0 1.0 1.0 1.0 1.0 1.0 1.0 1.0 1.0 1.0 1.0 1.0 1.0 1.0 1.0 1.0 1.0 1.0 1.0 1.0 1.0 1.0 1.0 1.0 1.0 1.0 1.0 1.0 1.0 1.0 1.0 1.0 1.0 1.0 1.0 1.0 1.0 1.0 1.0 1.0 1.0 1.0 1.0 1.0 1.0 1.0 1.0 1.0 1.0 1.0 1.0 1.0 1.0 1.0 1.0 1.0 1.0 1.0 1.0 1.0 1.0 1.0 1.0 1.0 1.0 1.0 1.0 1.0 1.0 1.0 1.0 1.0 1.0 1.0 1.0 1.0 1.0 1.0 1.0 1.0 1.0 1.0 1.0 1.0 1.0 1.0 1.0 1.0 1.0 1.0 1.0 1.0 1.0 1.0 1.0 1.0 1.0 1.0 1.0 1.0 1.0 1.0 1.0 1.0 1.0 1.0 1.0 1.0 1.0 1.0 1.0 1.0 1.0 1.0 1.0 1.0 1.0 1.0 1.0 1.0 1.0 1.0 1.0 1.0 1.0 1.0 1.0 1.0 1.0 1.0 1.0 1.0 1.0 1.0 1.0 1.0 1.0 1.0 1.0 1.0 1.0 1.0 1.0 1.0 1.0 1.0 1.0 1.0 1.0 1.0 1.0 1.0 1.0 1.0 1.0 1.0 1.0 1.0 1.0 1.0 1.0 1.0 1.0 1.0 1.0 1.0 1.0 1.0 1.0 1.0
17
14 17 42 53 80 84 89 121 122 135 139 145 152 180 182 195 200
13
33 45 47 55 60 63 91 112 118 127 144 179 180
19
1 20 23 25 28 29 32 47 52 114 122 127 135 137 147 152 167 174 177
18
5 20 22 33 45 63 69 95 99 114 133 160 169 175 176 188 190 196
23
1 16 22 27 50 53 61 66 69 73 80 91 95 112 120 130 132 137 139 146 165 181 196
21
2 5 15 20 22 29 57 62 77 81 85 86 89 102 136 153 158 172 185 186 192
14
12 18 19 56 58 71 88 95 99 116 118 125 150 165
22
11 15 19 28 30 37 45 56 58 66 70 91 98 107 117 126 148 162 168 188 189 197
22
13 20 24 47 56 58 62 70 72 79 81 106 107 132 138 151 155 157 169 173 175 193
18
11 13 21 26 32 33 38 63 90 92 102 108 113 115 142 145 153 190
18
1 10 15 24 39 50 52 65 80 89 90 94 131 139 145 171 190 195
21
23 32 33 34 68 72 89 110 115 127 128 129 132 133 139 145 158 161 169 176 187
17
27 38 41 50 64 65 84 86 97 113 119 132 146 182 183 185 200
19
1 18 22 28 32 45 46 47 52 59 68 84 98 125 133 150 163 188 195
26
1 15 19 20 25 33 38 42 48 62 68 87 104 112 120 123 127 155 166 173 182 185 188 193 198 200
23
3 20 26 36 41 45 64 73 91 95 105 112 115 148 152 153 157 158 159 171 180 187 189
18
3 15 43 47 50 72 83 89 99 105 111 122 140 165 166 174 191 192
17
10 18 19 29 31 51 52 65 84 93 98 99 102 114 171 192 194
29
1 7 9 14 15 18 26 29 31 38 42 47 51 62 71 90 96 99 100 108 124 140 143 144 148 150 175 184 192
20
42 44 60 61 70 83 91 112 123 124 127 138 144 152 153 171 178 186 192 197
18
3 15 19 23 24 77 87 89 97 101 106 108 120 143 147 148 178 190
17
9 19 27 38 46 66 70 88 106 107 141 149 151 164 171 173 180
20
14 15 23 55 71 72 138 144 145 148 152 161 163 164 178 179 185 186 189 191
19
17 21 38 42 48 62 77 86 90 91 92 115 140 144 154 165 169 185 196
18
21 23 32 39 44 46 92 139 149 151 159 165 168 174 178 190 193 194
17
31 36 49 58 71 75 83 85 97 111 118 128 136 138 156 173 174
17
4 13 14 49 52 55 77 81 94 118 144 145 157 170 172 173 185
26
1 6 16 18 26 29 30 32 41 62 63 64 71 74 86 112 134 136 142 147 156 159 166 186 199 200
28
4 7 19 21 25 29 47 50 66 72 75 78 85 86 91 101 107 117 124 125 130 133 137 150 151 186 195 199
15
10 13 19 26 53 58 64 88 108 120 130 138 149 159 188
21
4 6 8 9 15 19 26 34 45 63 70 76 84 103 122 129 155 160 167 173 194
15
24 42 44 54 57 60 72 95 96 109 133 155 164 182 192
27
1 11 24 35 42 48 50 57 65 75 84 85 95 111 117 123 134 136 139 141 143 148 150 166 173 182 190
27
21 37 41 45 49 60 66 79 85 93 102 106 120 131 140 141 146 149 152 155 165 172 181 185 190 191 195
15
15 31 32 39 55 57 102 112 123 148 158 159 173 175 192
18
13 23 27 31 73 81 90 123 145 147 156 159 176 178 181 184 190 196
18
9 18 23 55 58 95 104 106 117 123 126 134 155 157 176 179 182 194
21
3 4 19 36 40 55 59 64 72 91 95 124 125 154 155 169 174 179 184 188 197
22
3 5 10 19 21 29 36 50 57 60 62 72 90 106 118 126 141 148 152 158 165 176
22
18 25 40 52 77 82 84 99 102 106 110 117 119 132 142 149 156 163 166 167 173 188
12
12 39 53 56 69 105 112 130 139 162 177 194
15
14 30 47 49 51 67 68 92 100 112 116 136 140 195 200
29
9 10 13 16 18 26 32 43 54 59 66 67 72 76 100 111 116 120 121 126 127 130 137 141 147 159 174 183 185
13
27 29 53 59 73 110 111 128 129 153 189 190 191
27
3 19 23 29 45 52 80 83 91 96 98 108 109 122 124 131 146 147 148 156 157 178 181 188 191 194 200
18
36 42 44 47 58 66 75 77 85 107 124 130 135 149 159 177 190 192
18
6 11 13 44 48 65 79 104 118 140 144 148 157 159 161 172 183 190
14
15 20 40 68 81 82 83 102 107 109 110 142 180 185
30
4 12 13 28 42 45 46 49 61 63 65 73 75 83 85 89 97 102 108 123 137 142 143 162 167 172 179 181 183 189
26
9 16 25 30 45 46 48 57 63 72 73 85 119 120 125 127 139 146 147 151 158 161 169 173 184 199
24
27 30 31 37 63 66 67 70 72 82 85 91 104 106 129 143 146 149 152 155 163 175 184 192
9
11 22 27 104 109 113 116 117 139
20
2 3 4 24 27 31 58 62 76 94 96 105 145 149 151 164 165 175 178 182
10
14 19 49 80 84 87 148 160 189 199
16
4 8 27 48 62 76 100 112 124 135 144 150 155 167 192 193
14
5 28 30 38 51 62 75 142 143 155 169 184 192 197
27
20 27 29 30 35 53 55 64 71 77 86 87 106 129 134 135 136 144 149 161 166 169 170 176 178 186 200
12
11 14 24 97 109 123 132 144 151 175 193 199
17
2 19 43 56 72 75 84 94 100 109 137 141 151 165 174 192 196
17
24 30 32 70 82 85 92 114 119 127 129 141 153 167 171 180 192
16
35 36 51 72 76 78 90 110 113 126 128 138 149 152 174 196
16
4 12 24 32 51 59 109 123 128 129 131 156 163 173 182 186
23
19 23 25 49 54 59 70 73 74 82 88 96 98 103 114 141 142 147 156 165 166 170 179
15
52 55 57 66 97 103 113 124 127 154 160 174 185 188 194
18
18 21 43 57 76 79 86 87 92 95 107 126 140 149 155 158 177 181
26
12 13 21 24 27 42 51 54 64 74 82 86 89 114 116 119 123 138 142 153 168 175 182 189 197 199
18
3 10 16 19 30 51 77 82 86 91 92 93 105 125 128 165 177 193
26
5 8 14 30 33 34 38 43 48 51 52 68 76 86 89 114 118 121 145 154 162 170 177 181 183 189
17
4 10 24 39 50 51 60 62 72 84 85 111 117 120 130 156 172
28
10 15 22 27 28 45 66 74 81 82 86 93 108 109 113 117 121 123 129 130 136 138 151 163 173 174 177 188
20
14 17 21 31 34 78 80 88 91 112 115 123 135 140 145 148 162 173 189 192
25
2 9 10 12 22 27 31 36 42 52 54 58 59 62 71 76 86 125 133 141 145 160 178 195 197
20
12 13 26 55 85 89 99 102 103 108 111 118 136 146 150 159 168 184 191 200
18
19 20 28 34 45 62 66 76 79 86 94 117 119 143 153 156 173 188
19
25 38 40 55 68 93 119 134 142 151 152 157 162 168 175 176 188 192 193
20
1 11 16 25 28 36 50 63 67 78 86 107 111 113 151 166 178 189 190 192
18
4 14 26 39 52 56 68 70 72 77 99 103 142 146 149 189 193 195
14
16 43 44 79 90 121 126 127 134 153 165 185 186 192
15
19 22 29 65 88 104 113 138 141 152 157 160 171 177 181
16
14 31 40 56 65 84 114 116 133 152 172 173 175 181 186 193
27
10 12 13 19 32 33 35 36 37 40 58 62 64 66 69 80 96 100 118 142 151 155 167 170 175 176 193
24
6 7 8 17 46 47 56 84 85 89 104 106 111 146 149 156 161 165 169 174 175 177 181 185
21
7 13 19 26 41 45 47 89 93 94 117 135 143 159 162 163 169 171 180 186 195
14
10 39 44 49 55 67 86 102 114 124 154 157 182 190
21
5 15 30 47 53 57 61 80 82 93 94 135 140 143 166 170 179 184 189 192 194
15
15 50 58 60 71 80 83 89 96 100 103 120 125 173 181
15
14 53 64 74 87 106 112 119 128 132 151 155 174 189 200
24
1 24 41 43 44 45 48 68 85 89 90 93 97 102 103 120 124 128 131 140 160 169 170 190
25
5 10 24 25 30 36 48 52 62 66 76 87 94 97 108 127 134 159 163 165 167 171 184 188 189
21
4 12 23 42 56 60 61 64 73 77 101 113 116 122 154 156 158 159 177 180 197
21
7 22 23 30 38 57 59 68 69 78 111 112 116 124 131 146 159 161 188 196 197
22
27 29 31 32 42 44 45 52 56 64 75 118 120 132 142 146 169 172 180 184 188 198
15
4 7 13 34 35 48 60 70 76 91 149 158 163 199 200
12
7 18 44 52 78 83 93 108 136 153 160 193
22
1 4 5 13 34 38 43 44 58 73 88 91 97 112 115 131 134 141 154 171 182 197
20
3 10 14 21 38 39 65 77 85 88 92 98 99 121 125 128 132 137 154 163
24
15 30 31 33 41 45 46 54 68 72 75 95 97 101 109 112 134 155 158 159 169 170 175 191
25
4 17 21 23 31 32 35 41 59 66 69 73 79 86 94 103 113 119 148 153 157 165 178 182 184
21
9 26 34 39 63 64 78 88 89 90 91 115 124 125 135 138 146 147 153 167 176
19
15 42 59 76 83 87 95 96 97 138 145 150 151 174 177 179 180 182 195
