100 200
1.0 1.0 1.0 1.0 1.0 1.0 1.0 1.0 1.0 1.0 1.0 1.0 1.0 1.0 1.0 1.0 1.0 1.0 1.0 1.0 1.0 1.0 1.0 1.0 1.0 1.0 1.0 1.0 1.0 1.0 1.0 1.0 1.0 1.0 1.0 1.0 1.0 1.0 1.0 1.0 1.0 1.0 1.0 1.0 1.0 1.0 1.0 1.0 1.0 1.0 1.0 1.0 1.0 1.0 1.0 1.0 1.0 1.0 1.0 1.0 1.0 1.0 1.0 1.0 1.0 1.0 1.0 1.0 1.0 1.0 1.0 1.0 1.0 1.0 1.0 1.0 1.0 1.0 1.0 1.0 1.0 1.0 1.0 1.0 1.0 1.0 1.0 1.0 1.0 1.0 1.0 1.0 1.0 1.0 1.0 1.0 1.0 1.0 1.0 1.0 1.0 1.0 1.0 1.0 1.0 1.0 1.0 1.0 1.0 1.0 1.0 1.0 1.0 1.0 1.0 1.0 1.0 1.0 1.0 1.0 1.0 1.0 1.0 1.0 1.0 1.0 1.0 1.0 1.0 1.0 1.0 1.0 1.0 1.0 1.0 1.0 1.0 1.0 1.0 1.0 1.0 1.0 1.0 1.0 1.0 1.0 1.0 1.0 1.0 1.0 1.0 1.0 1.0 1.0 1.0 1.0 1.0 1.0 1.0 1.0 1.0 1.0 1.0 1.0 1.0 1.0 1.0 1.0 1.0 1.0 1.0 1.0 1.0 1.0 1.0 1.0 1.0 1.0 1.0 1.0 1.0 1.0 1.0 1.0 1.0 1.0 1.0 1.0 1.0 1.0 1.0 1.0 1.0 1.0 1.0 1.0 1.0 1.0 1.0 1.0
11
16 21 25 53 85 101 115 126 141 151 179
10
2 26 65 94 108 109 131 142 184 188
19
9 21 41 72 88 95 115 116 124 132 134 137 138 148 150 155 163 184 192
11
6 16 20 66 99 111 114 118 120 161 198
18
1 3 14 21 28 33 51 82 113 114 119 120 121 132 135 162 166 171
7
7 29 33 61 80 119 139
9
24 49 94 123 134 142 171 188 196
10
24 51 66 85 96 100 113 147 151 187
7
15 64 71 112 133 156 185
10
13 53 71 79 98 113 154 162 193 196
12
5 19 31 33 38 39 58 59 84 102 134 175
8
34 38 47 109 165 181 184 194
4
18 34 82 138
11
23 29 36 45 63 70 91 105 128 147 184
9
10 51 69 89 94 113 135 160 192
10
10 27 33 54 65 107 169 171 181 184
7
4 43 73 84 90 142 186
8
12 27 60 64 83 134 186 199
11
31 45 52 82 110 114 132 147 167 177 183
12
27 32 49 56 62 70 98 132 135 142 182 192
9
16 26 53 71 98 100 102 148 149
6
41 76 130 132 193 199
16
13 33 53 61 88 90 98 142 143 147 151 158 166 179 192 196
10
17 43 55 63 99 117 141 143 146 196
16
10 15 25 31 46 56 79 100 125 134 143 144 152 161 167 179
8
5 22 49 102 128 132 136 198
8
17 22 24 31 86 98 114 189
12
4 50 71 86 114 118 132 141 169 173 185 188
8
66 100 111 121 122 153 175 197
7
8 35 64 73 94 102 137
10
24 27 28 41 43 91 101 118 124 181
10
17 26 44 54 120 121 174 180 197 198
13
25 65 71 109 116 125 130 133 136 149 162 179 193
10
4 9 11 34 66 97 147 165 182 196
5
2 33 153 159 190
13
23 30 44 61 100 101 104 108 140 141 176 188 200
9
56 87 125 156 157 160 162 163 178
17
4 5 11 23 31 72 82 107 108 129 146 160 162 174 180 185 195
9
27 34 50 64 68 92 113 115 136
15
20 24 30 52 69 72 101 129 134 145 147 160 166 176 198
18
4 15 36 69 71 72 94 100 124 128 136 139 142 143 157 158 171 176
9
44 93 123 136 160 162 176 182 190
15
17 27 32 41 42 52 79 102 103 114 115 116 147 155 191
8
50 68 73 84 87 113 127 172
10
13 20 69 75 93 101 120 135 183 195
7
24 48 91 115 145 178 180
11
1 8 31 64 71 72 87 128 156 158 178
10
23 32 51 88 102 108 112 142 175 194
11
3 14 28 67 68 92 102 107 112 132 153
7
42 129 131 148 158 169 182
8
5 92 107 116 120 125 140 192
8
17 66 78 91 159 181 182 192
5
40 114 138 141 170
15
25 38 78 90 110 126 136 154 156 160 164 175 185 190 199
14
6 16 25 58 68 85 87 100 102 125 137 141 156 174
17
27 31 35 51 73 80 84 102 105 108 110 127 131 135 142 144 173
12
14 37 61 70 73 91 105 107 110 111 138 192
11
4 5 50 55 60 107 109 115 123 142 188
10
4 21 53 54 71 76 159 161 162 164
8
34 38 66 130 154 171 175 176
12
2 14 34 49 75 97 128 134 158 178 192 200
2
22 133
10
4 39 51 60 69 71 119 130 133 149
8
44 87 98 111 119 125 126 183
13
14 47 65 112 113 136 139 144 151 153 162 167 195
12
8 19 29 36 45 56 80 131 151 178 187 195
6
49 106 174 176 195 196
10
14 36 37 67 69 129 148 163 175 180
10
1 21 39 49 68 73 153 185 190 191
16
13 28 53 62 67 69 72 79 104 111 125 138 145 146 152 179
8
51 90 92 107 136 150 155 161
6
21 22 172 183 184 192
12
4 25 51 61 69 86 108 137 146 147 156 189
9
6 64 66 116 122 126 140 148 177
11
16 49 62 71 77 111 126 161 167 170 195
13
3 6 20 29 31 43 81 87 88 143 170 173 174
13
11 20 61 67 75 129 132 137 141 149 159 168 198
6
60 62 125 128 197 200
12
23 36 38 64 65 96 102 121 124 137 145 156
7
21 34 44 55 72 132 168
13
14 16 29 30 48 57 60 119 156 161 172 180 197
10
64 68 80 107 134 153 155 181 193 195
13
15 30 35 64 69 73 87 95 96 116 153 181 199
9
21 46 77 100 106 122 158 168 200
5
58 60 71 169 200
8
17 48 50 76 91 116 124 127
11
10 21 38 39 41 51 90 101 105 133 145
13
6 7 19 27 32 37 48 51 88 95 105 109 159
7
14 46 75 81 87 140 144
10
15 16 19 25 61 72 90 118 137 143
15
12 31 36 53 61 78 88 92 97 101 111 130 155 162 196
11
3 8 30 33 36 42 141 147 148 162 192
8
12 22 26 91 144 148 153 176
9
19 24 52 94 97 148 162 191 194
10
38 59 68 84 114 157 160 183 193 198
14
4 15 20 61 77 90 108 111 136 137 139 147 153 168
9
7 71 93 95 111 113 115 120 149
9
4 7 62 91 107 117 180 184 198
6
75 88 90 96 105 183
11
10 36 53 71 72 108 125 175 190 195 197
