50 100
1.0 1.0 1.0 1.0 1.0 1.0 1.0 1.0 1.0 1.0 1.0 1.0 1.0 1.0 1.0 1.0 1.0 1.0 1.0 1.0 1.0 1.0 1.0 1.0 1.0 1.0 1.0 1.0 1.0 1.0 1.0 1.0 1.0 1.0 1.0 1.0 1.0 1.0 1.0 1.0 1.0 1.0 1.0 1.0 1.0 1.0 1.0 1.0 1.0 1.0 1.0 1.0 1.0 1.0 1.0 1.0 1.0 1.0 1.0 1.0 1.0 1.0 1.0 1.0 1.0 1.0 1.0 1.0 1.0 1.0 1.0 1.0 1.0 1.0 1.0 1.0 1.0 1.0 1.0 1.0 1.0 1.0 1.0 1.0 1.0 1.0 1.0 1.0 1.0 1.0 1.0 1.0 1.0 1.0 1.0 1.0 1.0 1.0 1.0 1.0
17
12 15 23 24 27 35 51 69 71 77 78 81 82 85 89 95 97
28
1 8 15 39 42 43 45 46 47 51 52 54 55 60 62 63 64 66 67 75 78 83 87 88 90 91 98 99
19
4 17 18 32 47 48 51 54 57 62 68 70 73 76 77 88 96 97 98
20
7 13 17 21 28 32 43 45 59 62 66 67 72 73 76 79 87 95 96 97
16
8 12 18 20 21 24 31 32 44 48 51 55 59 65 66 79
25
1 5 8 10 12 13 14 17 21 24 28 35 43 44 49 50 53 54 58 64 86 87 88 95 99
26
1 3 10 14 16 18 19 27 28 36 41 51 52 55 57 59 65 74 77 82 88 89 93 97 99 100
26
3 10 11 13 16 19 22 24 25 28 29 30 31 43 48 51 53 70 72 78 83 86 87 88 96 100
24
4 18 22 24 37 42 45 47 49 50 51 53 59 60 65 66 67 68 71 73 79 89 90 98
23
7 16 17 20 21 22 25 39 42 45 46 48 56 57 68 73 74 82 83 84 88 93 98
15
7 21 25 43 47 49 53 58 60 61 66 75 82 87 91
18
3 7 10 17 19 22 29 35 37 38 46 49 60 65 81 82 94 100
23
2 8 10 13 14 15 16 26 39 40 50 54 58 61 62 70 77 80 84 88 89 94 99
20
1 5 43 46 47 49 53 55 58 59 60 63 73 75 78 81 89 90 96 99
23
3 5 10 13 15 27 32 39 40 49 53 57 58 59 63 64 67 74 77 83 86 87 91
17
10 12 13 19 21 35 40 41 42 53 62 64 69 80 90 95 99
22
8 12 14 16 18 19 24 26 31 32 37 41 46 56 68 72 76 81 82 86 89 92
16
1 5 8 9 16 17 18 24 41 49 64 75 93 94 96 100
18
5 7 16 18 20 22 35 39 47 61 63 68 77 81 93 95 97 99
21
2 6 7 11 14 26 27 28 30 31 33 39 53 58 59 61 72 80 82 84 85
16
7 27 31 35 36 44 45 52 56 61 65 66 67 68 70 93
26
7 18 21 22 25 27 30 31 37 39 50 52 57 58 62 69 71 75 77 82 83 84 86 90 95 98
22
1 2 3 9 10 14 15 28 29 35 36 41 47 58 63 64 72 79 86 91 98 100
15
3 5 7 14 21 22 23 35 40 49 57 86 88 90 92
26
6 11 13 14 19 20 30 31 41 44 47 48 52 54 56 57 60 62 64 69 74 80 84 88 95 97
22
3 4 6 8 15 16 18 29 33 34 44 45 53 57 58 71 93 94 96 98 99 100
19
2 7 12 19 42 51 52 53 54 55 57 64 68 72 74 75 77 79 87
23
1 3 10 12 14 17 27 29 31 35 36 42 44 46 47 50 51 55 64 77 81 90 96
23
1 13 16 24 26 29 31 41 52 54 58 59 61 65 68 72 79 82 83 86 90 97 100
16
10 11 17 18 19 27 35 41 42 59 60 68 79 81 88 98
19
18 20 24 29 31 35 40 46 50 56 59 61 62 63 70 74 77 80 86
19
8 14 17 29 30 31 43 45 51 54 56 57 61 68 80 83 85 95 97
22
6 13 17 18 19 24 30 32 44 49 52 55 65 72 74 77 83 84 87 93 96 98
24
1 3 4 10 15 27 31 36 38 51 59 60 63 69 71 74 81 83 85 90 94 95 97 98
19
2 19 20 25 28 34 36 39 46 53 54 55 62 66 69 70 77 91 92
21
4 7 8 12 20 22 30 31 37 39 52 54 61 65 68 74 75 79 81 82 85
17
4 23 31 46 51 52 54 67 76 78 81 85 86 87 89 90 100
15
3 13 23 29 30 37 45 46 51 55 59 62 63 72 77
29
3 6 7 8 10 14 16 19 21 25 26 28 34 41 50 57 67 70 71 72 74 85 86 91 92 94 96 98 99
18
5 8 10 11 12 18 20 23 39 41 61 64 74 77 86 90 95 98
17
1 6 8 11 16 22 36 50 55 61 67 70 73 77 81 84 88
15
1 4 9 21 44 58 60 62 65 77 82 83 87 90 93
21
1 3 8 14 18 26 29 34 36 41 44 45 48 53 58 63 80 89 90 97 98
21
5 8 13 15 17 26 28 30 33 38 42 43 47 51 61 73 78 83 92 94 100
23
3 4 6 16 30 36 41 48 56 61 64 67 69 73 77 80 84 86 90 93 95 96 97
16
2 10 16 23 28 37 38 42 46 47 53 57 81 91 97 99
22
9 11 16 27 28 34 36 39 41 43 47 58 60 61 70 71 76 77 82 83 92 93
20
3 12 13 15 16 27 30 34 39 49 59 60 74 79 81 86 87 95 96 100
19
5 14 16 18 36 39 43 44 45 57 58 63 64 72 76 77 88 90 93
29
1 2 8 12 13 15 20 22 23 26 29 33 34 40 43 44 48 50 52 61 65 69 70 78 80 84 88 99 100
