100 200
1.0 1.0 1.0 1.0 1.0 1.0 1.0 1.0 1.0 1.0 1.0 1.0 1.0 1.0 1.0 1.0 1.0 1.0 1.0 1.0 1.0 1.0 1.0 1.0 1.0 1.0 1.0 1.0 1.0 1.0 1.0 1.0 1.0 1.0 1.0 1.0 1.0 1.0 1.0 1.0 1.0 1.0 1.0 1.0 1.0 1.0 1.0 1.0 1.0 1.0 1.0 1.0 1.0 1.0 1.0 1.0 1.0 1.0 1.0 1.0 1.0 1.0 1.0 1.0 1.0 1.0 1.0 1.0 1.0 1.0 1.0 1.0 1.0 1.0 1.0 1.0 1.0 1.0 1.0 1.0 1.0 1.0 1.0 1.0 1.0 1.0 1.0 1.0 1.0 1.0 1.0 1.0 1.0 1.0 1.0 1.0 1.0 1.0 1.0 1.0 1.0 1.0 1.0 1.0 1.0 1.0 1.0 1.0 1.0 1.0 1.0 1.0 1.0 1.0 1.0 1.0 1.0 1.0 1.0 1.0 1.0 1.0 1.0 1.0 1.0 1.0 1.0 1.0 1.0 1.0 1.0 1.0 1.0 1.0 1.0 1.0 1.0 1.0 1.0 1.0 1.0 1.0 1.0 1.0 1.0 1.0 1.0 1.0 1.0 1.0 1.0 1.0 1.0 1.0 1.0 1.0 1.0 1.0 1.0 1.0 1.0 1.0 1.0 1.0 1.0 1.0 1.0 1.0 1.0 1.0 1.0 1.0 1.0 1.0 1.0 1.0 1.0 1.0 1.0 1.0 1.0 1.0 1.0 1.0 1.0 1.0 1.0 1.0 1.0 1.0 1.0 1.0 1.0 1.0 1.0 1.0 1.0 1.0 1.0 1.0
50
2 7 8 10 19 20 23 24 29 34 40 41 42 43 56 57 61 63 65 74 78 79 90 91 93 103 104 120 121 125 128 129 132 135 137 143 145 150 152 157 173 174 176 177 178 179 182 183 188 200
34
2 3 5 16 28 33 34 44 46 48 55 58 66 73 77 79 95 96 97 106 108 113 122 128 139 145 147 149 156 162 163 174 177 187
45
5 6 9 11 13 19 20 21 25 26 32 36 39 42 46 58 62 68 73 74 85 89 92 94 98 101 106 125 138 139 144 145 153 154 162 166 173 178 179 183 184 185 188 195 197
41
9 19 21 23 24 27 40 42 47 53 57 63 68 73 74 76 81 88 89 91 95 104 108 111 113 131 137 142 146 158 162 168 169 172 173 174 176 182 184 194 196
41
1 8 11 12 22 23 24 25 28 34 39 43 46 50 51 53 65 68 69 76 85 101 113 115 116 117 122 123 128 130 132 140 151 160 168 170 173 183 192 194 198
38
4 7 10 15 16 26 28 33 37 41 55 57 60 64 66 68 70 78 79 86 95 97 104 113 124 130 136 139 141 157 159 164 171 174 178 179 189 196
40
5 6 14 25 33 39 51 58 61 64 69 70 72 75 83 88 89 97 103 105 106 115 116 119 124 136 138 141 143 145 147 152 153 170 172 176 178 183 184 193
35
6 14 15 17 18 22 24 46 56 58 62 75 79 83 92 98 104 106 118 120 122 128 130 133 140 155 156 160 163 164 165 167 169 184 189
35
3 11 20 25 52 54 55 72 74 81 82 87 89 102 110 111 113 122 123 124 136 148 150 157 161 167 169 175 176 177 182 188 189 190 196
39
17 26 27 33 36 37 43 44 46 48 50 58 59 62 65 69 73 91 94 113 117 120 122 128 133 135 145 148 149 158 164 166 171 177 181 188 192 194 199
47
1 8 11 14 15 22 24 29 32 37 39 41 45 56 60 71 73 74 79 94 96 108 111 114 117 128 129 133 138 143 148 153 156 157 161 163 167 170 171 172 173 182 185 186 192 195 196
47
7 18 20 22 33 35 37 38 42 44 47 49 50 56 60 61 63 70 73 77 78 80 87 89 94 100 101 106 109 121 122 126 138 142 146 154 161 162 166 168 171 172 176 178 188 192 199
50
5 6 7 14 18 19 21 27 28 40 48 49 51 52 53 58 60 64 65 66 67 68 71 72 78 83 89 90 93 101 112 113 118 129 132 139 141 143 149 161 168 174 179 180 181 182 183 185 187 189
30
4 5 9 18 27 35 36 46 48 61 80 81 82 89 93 104 110 111 113 117 126 129 135 141 144 145 154 176 180 194
46
3 11 13 14 15 22 25 27 38 44 45 49 54 56 57 59 60 69 70 82 87 94 99 102 108 111 130 132 135 138 141 142 147 149 152 157 167 168 176 183 185 192 194 195 197 198
25
2 11 17 19 41 52 57 60 65 72 78 79 101 106 121 131 139 154 156 157 160 165 171 178 193
39
7 12 27 40 48 51 63 64 65 77 79 81 82 85 94 97 100 101 103 104 105 108 111 118 122 125 131 143 144 145 146 154 159 165 171 172 180 193 197
35
2 4 6 7 9 14 17 20 26 30 34 67 69 70 76 80 82 83 88 99 108 112 124 130 131 134 147 160 168 171 175 181 184 186 192
42
1 4 9 12 18 19 21 30 36 53 66 70 77 83 85 86 91 92 93 97 102 105 107 113 114 115 118 125 127 129 140 146 151 157 159 160 174 182 190 193 194 200
41
3 11 13 14 18 24 27 31 33 38 39 50 54 57 59 62 67 79 83 94 104 106 108 112 115 130 134 137 142 143 144 148 151 159 161 168 177 182 187 189 197
36
6 8 13 23 34 36 52 54 55 57 67 68 69 71 73 77 80 82 84 85 91 93 107 110 117 118 125 127 147 153 154 160 174 177 189 197
35
15 18 35 37 42 44 45 49 52 55 67 73 77 78 85 96 101 104 116 118 125 127 128 134 138 143 147 154 159 166 172 182 191 197 199
41
1 4 5 6 12 16 21 29 31 48 49 55 56 57 68 73 81 88 89 92 103 107 110 116 120 126 131 133 138 145 147 153 159 165 166 178 182 183 186 190 199
42
1 9 13 22 26 32 35 36 37 39 76 84 87 94 97 99 100 105 115 118 119 125 131 145 148 151 152 153 154 159 162 163 164 168 175 176 179 181 182 188 194 198
42
1 3 8 9 14 15 21 24 26 32 37 40 43 45 47 49 58 69 71 78 84 96 104 108 112 115 126 133 135 142 144 146 149 154 165 171 178 179 185 187 196 198
37
14 19 28 30 31 39 41 43 45 48 65 66 70 72 76 85 86 105 110 116 117 120 124 138 159 161 168 169 170 173 176 177 178 182 191 194 198
40
2 13 14 16 23 26 30 33 38 50 51 57 59 63 66 70 71 78 85 88 93 97 98 99 100 102 104 113 117 119 123 130 131 136 137 154 155 182 185 200
42
3 4 6 7 11 17 25 29 33 34 35 37 38 41 42 43 49 91 93 94 100 105 107 111 112 126 133 134 146 148 154 160 164 166 171 174 175 182 185 186 194 195
45
3 11 14 15 18 22 26 29 31 32 33 34 37 40 44 52 54 58 70 72 73 78 85 87 92 93 94 97 99 101 105 106 116 119 132 137 142 149 153 160 161 176 177 190 194
41
8 15 17 26 32 35 37 50 56 59 64 65 72 75 81 94 100 101 104 110 114 115 119 124 127 134 135 136 142 146 148 150 156 164 167 174 184 190 192 194 200
36
3 5 6 12 15 16 18 21 24 29 32 44 54 57 66 72 77 95 97 102 105 114 117 125 151 153 154 168 171 175 177 178 188 189 193 198
40
19 20 21 24 26 31 41 42 43 46 47 56 57 65 73 79 84 86 87 94 96 102 111 120 121 122 138 139 140 141 146 150 153 154 168 172 179 181 182 184
33
2 3 6 19 25 26 29 74 78 87 88 99 101 116 123 128 131 136 148 156 157 161 163 164 167 169 174 180 183 187 195 198 200
39
4 8 9 12 13 18 23 26 27 29 36 49 53 54 55 61 62 63 78 87 94 102 123 129 143 144 152 155 159 164 173 176 179 180 185 188 189 192 198
32
12 20 32 54 66 70 82 84 86 89 96 97 102 103 104 105 135 141 143 148 159 160 163 172 177 182 185 189 190 192 195 199
39
3 7 8 15 22 27 28 35 39 42 43 46 47 49 57 60 67 70 74 85 86 96 104 106 108 113 121 134 141 145 154 155 161 165 167 170 177 182 192
37
3 8 9 14 23 35 38 50 53 61 63 64 68 71 86 89 95 96 114 116 118 121 130 132 134 136 137 144 145 148 150 154 179 183 187 191 192
47
8 9 14 15 25 30 31 32 33 35 36 37 41 43 44 47 50 51 58 63 64 67 75 78 79 84 97 103 109 112 113 115 118 119 128 129 136 139 142 157 160 172 174 180 188 195 199
31
7 11 14 16 39 43 57 60 62 70 72 80 82 85 94 101 103 105 107 110 111 113 124 127 129 134 135 146 151 186 191
45
9 11 13 24 31 36 39 41 58 65 69 70 72 86 89 92 95 97 111 115 120 127 135 136 137 139 140 142 143 147 149 155 157 158 160 161 162 171 172 175 188 192 194 196 199
32
16 30 35 53 54 55 60 62 74 77 79 89 101 103 122 124 132 134 135 153 154 157 167 168 175 178 182 184 187 188 190 197
46
6 7 9 25 36 41 47 53 54 55 57 58 60 61 63 65 70 73 84 85 88 90 91 93 94 95 96 99 103 109 110 116 117 132 136 138 160 167 168 170 173 174 178 188 190 191
39
4 8 15 18 20 26 29 42 45 48 52 62 68 71 72 77 79 82 83 85 87 98 106 111 119 133 148 154 155 161 162 164 165 168 170 182 197 198 199
49
8 9 10 13 17 19 23 25 30 31 45 49 51 55 62 68 73 78 79 83 91 94 95 96 99 101 123 124 126 128 135 137 144 147 148 149 150 154 156 163 168 174 177 183 185 193 194 198 200
41
17 18 21 35 41 51 52 56 57 63 66 68 75 80 85 88 90 100 101 102 103 115 118 131 135 137 142 145 148 150 152 154 159 170 180 186 187 197 198 199 200
47
2 5 6 10 15 20 22 31 32 40 51 53 55 57 58 63 64 66 73 75 76 77 79 81 83 84 102 104 114 118 133 135 137 140 143 149 152 164 169 172 178 179 184 189 192 194 196
44
4 5 7 11 20 24 27 32 33 43 47 48 55 57 58 59 63 66 67 68 69 70 71 79 84 89 90 94 97 101 104 118 125 141 146 155 158 160 167 181 185 188 190 194
31
1 8 16 17 26 31 32 38 39 45 46 49 66 74 86 89 98 99 100 102 109 137 149 155 161 170 181 182 193 197 198
28
2 6 22 23 27 38 39 40 49 57 63 73 80 82 86 95 97 98 106 107 122 143 147 149 166 174 181 188
39
3 8 9 12 14 24 31 39 40 43 45 54 55 57 69 70 72 73 74 78 89 90 91 95 100 109 121 122 125 129 137 140 144 155 159 160 161 175 178
40
24 25 26 32 38 40 50 52 54 58 59 60 63 67 73 76 77 79 94 102 108 109 117 121 142 145 148 149 157 159 163 169 175 177 180 185 189 191 192 199
34
7 11 14 19 24 36 40 41 49 52 56 62 63 68 78 82 91 103 106 107 113 125 140 143 150 160 169 171 173 175 177 180 192 194
37
5 10 16 20 21 27 28 32 33 35 43 46 47 60 63 66 88 91 93 100 102 103 105 112 114 119 127 142 148 156 174 179 187 188 191 192 199
23
5 10 14 29 37 43 45 48 55 72 93 94 102 131 133 136 150 153 154 169 187 188 194
38
34 36 40 42 45 49 50 52 57 66 67 69 75 77 78 80 83 94 104 105 112 114 145 148 153 155 156 158 163 170 174 176 185 187 188 192 193 200
41
6 17 18 20 22 25 31 40 42 55 58 63 72 83 85 91 93 95 99 100 104 112 115 118 122 123 127 133 134 139 140 141 143 152 153 154 155 159 163 170 189
36
1 4 12 14 26 30 31 33 35 54 55 64 65 66 69 70 72 76 81 86 88 95 104 113 116 119 122 130 131 144 149 156 166 177 178 180
39
9 18 27 30 31 35 36 48 53 55 58 65 80 82 83 84 88 95 100 103 105 107 109 130 135 136 141 143 150 156 160 171 172 179 191 192 194 199 200
38
1 19 23 25 29 32 33 48 50 53 57 59 62 65 69 75 89 92 99 107 113 126 131 133 141 144 145 147 156 167 174 177 179 182 183 187 188 189
29
8 17 19 24 26 30 34 35 36 38 39 45 51 65 71 72 87 106 123 138 152 153 158 168 174 175 176 193 200
41
5 9 10 35 37 42 49 53 54 59 64 65 66 70 73 74 82 83 87 93 96 97 101 104 109 110 112 117 119 121 128 129 141 144 147 156 164 171 173 190 197
41
3 4 6 16 21 36 42 43 46 69 72 74 77 83 88 91 95 97 108 110 111 117 118 123 126 129 130 131 137 141 147 148 151 158 161 167 176 180 182 184 193
34
5 13 16 30 34 35 45 54 61 63 73 78 80 86 87 92 106 108 110 114 116 129 132 134 138 146 154 157 166 169 173 185 188 197
28
15 16 18 21 26 38 40 52 53 56 64 86 89 91 104 108 126 129 135 140 143 146 156 157 158 177 186 198
40
1 7 11 24 27 30 33 36 43 52 55 57 58 60 61 70 71 78 80 89 99 106 109 118 123 125 134 145 149 152 163 165 170 173 178 187 188 194 196 200
47
8 19 25 36 37 46 47 50 62 67 70 72 73 75 78 82 83 86 95 97 99 100 106 114 116 120 123 126 131 139 145 150 151 154 157 163 167 173 179 184 187 191 193 194 195 196 198
41
4 8 10 16 18 21 34 37 40 44 49 53 57 61 63 65 74 82 83 90 99 112 114 127 131 136 138 139 142 143 148 150 151 154 162 163 164 175 186 189 191
37
11 16 18 27 32 39 44 50 57 60 80 83 87 90 91 94 95 97 99 105 112 123 129 134 137 139 151 159 162 163 167 168 170 187 189 191 193
50
9 12 14 20 21 27 31 39 44 46 51 58 59 61 78 79 81 82 84 90 99 103 104 105 106 109 111 115 116 117 120 122 125 130 132 136 139 140 144 146 156 157 163 168 173 181 183 184 196 199
39
6 12 15 18 22 23 25 33 45 47 50 63 67 69 70 76 79 80 86 97 98 100 108 118 121 122 123 129 132 141 143 145 149 160 169 184 185 193 198
37
1 12 24 33 35 43 53 56 58 69 76 82 84 91 98 99 101 104 106 113 120 121 124 125 126 132 138 142 144 154 156 163 165 170 173 179 196
48
9 11 18 22 24 27 30 36 40 45 51 52 64 71 76 77 80 89 90 91 92 93 94 97 106 113 114 116 117 120 121 124 125 126 128 130 133 136 142 155 165 168 181 186 192 195 198 199
40
4 13 17 21 25 32 42 49 56 62 63 66 70 71 73 76 95 103 108 109 123 125 131 134 137 138 141 142 143 152 157 158 159 175 176 181 185 190 192 198
29
2 6 10 17 20 29 41 52 56 57 63 95 97 103 104 109 111 119 120 123 124 125 128 158 170 174 186 187 191
37
14 15 23 25 30 33 36 41 44 49 59 63 65 67 79 81 83 84 87 93 97 103 114 122 127 140 142 146 159 177 178 186 187 188 189 191 200
41
4 12 13 20 21 23 25 35 40 48 54 58 61 65 77 82 83 90 101 103 105 108 109 117 118 126 139 140 145 149 154 157 159 172 175 181 184 189 198 199 200
40
4 8 11 15 16 17 18 22 23 24 28 40 44 49 50 57 61 65 70 75 77 114 118 125 126 131 142 144 145 146 149 151 152 153 155 157 161 192 193 200
43
20 24 26 28 31 33 46 51 54 56 57 62 63 66 69 73 77 96 97 98 102 103 111 123 132 136 138 141 142 144 145 146 153 154 166 170 175 176 181 187 195 199 200
45
6 13 14 15 18 22 24 37 40 43 52 60 64 68 75 78 79 88 91 96 98 100 105 106 111 116 122 123 129 137 138 150 153 156 157 167 168 169 173 174 180 187 189 191 198
39
5 8 11 17 19 29 31 33 36 40 43 47 49 50 51 59 60 62 66 69 81 86 92 94 99 100 101 103 113 121 122 134 139 144 155 160 169 185 190
39
1 4 5 6 7 15 17 19 22 27 34 39 46 48 52 54 57 58 59 72 75 83 88 91 92 127 132 133 135 140 150 151 158 161 167 175 192 193 196
41
2 9 12 16 24 40 42 52 54 58 64 65 69 70 73 75 76 85 87 99 108 113 114 117 118 119 129 134 138 145 146 147 150 156 162 172 173 181 185 189 195
33
7 9 11 12 15 24 35 40 46 53 54 57 63 75 81 88 89 91 102 103 116 126 131 139 160 161 164 171 177 178 180 187 188
41
3 14 18 20 22 29 34 41 45 60 62 65 71 80 84 85 87 89 90 92 102 108 110 115 118 123 130 131 135 136 145 148 149 150 157 164 167 170 177 186 191
43
4 5 8 13 18 22 25 35 38 50 59 61 65 74 75 76 77 79 81 86 90 91 95 102 107 108 115 117 129 131 136 139 148 154 157 159 162 164 181 184 185 188 194
31
2 5 8 11 18 31 33 43 50 51 53 54 62 63 70 93 94 96 100 102 110 121 133 141 144 145 153 157 170 188 199
44
1 10 14 19 21 30 32 35 40 41 44 51 53 58 61 64 66 69 72 89 90 96 103 107 110 118 122 123 128 132 133 134 135 143 145 147 151 163 164 169 175 197 198 199
38
8 13 14 25 31 32 38 42 43 63 69 72 74 76 80 82 87 88 93 97 100 104 105 108 111 114 115 120 121 124 125 128 130 135 179 188 197 200
41
7 9 11 16 18 28 38 41 42 51 52 57 62 71 77 82 85 86 104 124 125 128 132 139 141 143 149 151 154 155 162 167 168 179 183 187 189 192 196 198 199
41
5 8 11 14 15 19 30 32 42 44 45 46 54 85 88 100 110 111 114 119 122 127 129 136 140 144 145 146 148 152 157 160 166 168 171 174 175 188 190 191 200
44
4 7 8 10 13 21 29 41 42 54 69 74 75 79 80 82 83 85 88 89 94 95 96 102 104 105 108 116 118 122 125 130 132 144 168 177 178 180 181 183 186 190 193 196
42
4 20 21 25 28 39 41 43 55 57 59 62 64 69 71 73 76 77 86 94 95 99 102 118 123 133 143 144 148 151 153 157 159 160 165 174 178 182 184 185 190 196
43
9 10 11 15 21 25 39 45 47 63 69 72 79 82 83 91 92 95 99 106 108 110 113 114 118 119 122 139 142 144 148 151 159 164 165 170 171 176 177 180 181 186 198
40
18 19 21 24 31 33 37 63 71 74 82 85 87 89 93 97 98 108 109 110 111 112 113 119 127 128 130 133 137 148 153 160 163 165 168 171 177 191 195 200
37
2 6 14 21 23 27 31 32 37 38 42 57 60 62 63 67 73 76 80 87 90 97 105 107 108 116 122 126 128 131 136 137 139 154 171 175 188
32
2 23 33 36 40 52 59 64 65 70 75 83 91 97 100 107 110 128 129 138 141 147 155 158 163 176 177 180 181 183 189 200
42
9 24 25 42 49 53 56 57 59 60 62 68 73 77 80 81 87 91 97 104 110 114 122 123 125 126 128 143 144 146 148 155 156 169 175 177 184 190 191 193 196 199
30
7 26 37 45 47 53 54 63 67 77 81 85 88 94 95 98 101 114 118 119 135 137 143 144 157 158 186 188 193 198
39
2 8 9 15 19 23 27 29 31 32 33 37 42 50 56 63 66 72 74 76 94 97 116 117 118 129 132 134 144 146 150 152 157 162 170 172 180 190 192
30
5 13 24 26 40 45 49 53 54 60 65 69 74 75 86 89 90 98 99 107 126 137 141 144 148 160 162 164 178 194
