150 300
1.0 1.0 1.0 1.0 1.0 1.0 1.0 1.0 1.0 1.0 1.0 1.0 1.0 1.0 1.0 1.0 1.0 1.0 1.0 1.0 1.0 1.0 1.0 1.0 1.0 1.0 1.0 1.0 1.0 1.0 1.0 1.0 1.0 1.0 1.0 1.0 1.0 1.0 1.0 1.0 1.0 1.0 1.0 1.0 1.0 1.0 1.0 1.0 1.0 1.0 1.0 1.0 1.0 1.0 1.0 1.0 1.0 1.0 1.0 1.0 1.0 1.0 1.0 1.0 1.0 1.0 1.0 1.0 1.0 1.0 1.0 1.0 1.0 1.0 1.0 1.0 1.0 1.0 1.0 1.0 1.0 1.0 1.0 1.0 1.0 1.0 1.0 1.0 1.0 1.0 1.0 1.0 1.0 1.0 1.0 1.0 1.0 1.0 1.0 1.0 1.0 1.0 1.0 1.0 1.0 1.0 1.0 1.0 1.0 1.0 1.0 1.0 1.0 1.0 1.0 1.0 1.0 1.0 1.0 1.0 1.0 1.0 1.0 1.0 1.0 1.0 1.0 1.0 1.0 1.0 1.0 1.0 1.0 1.0 1.0 1.0 1.0 1.0 1.0 1.0 1.0 1.0 1.0 1.0 1.0 1.0 1.0 1.0 1.0 1.0 1.0 1.0 1.0 1.0 1.0 1.0 1.0 1.0 1.0 1.0 1.0 1.0 1.0 1.0 1.0 1.0 1.0 1.0 1.0 1.0 1.0 1.0 1.0 1.0 1.0 1.0 1.0 1.0 1.0 1.0 1.0 1.0 1.0 1.0 1.0 1.0 1.0 1.0 1.0 1.0 1.0 1.0 1.0 1.0 1.0 1.0 1.0 1.0 1.0 1.0 1.0 1.0 1.0 1.0 1.0 1.0 1.0 1.0 1.0 1.0 1.0 1.0 1.0 1.0 1.0 1.0 1.0 1.0 1.0 1.0 1.0 1.0 1.0 1.0 1.0 1.0 1.0 1.0 1.0 1.0 1.0 1.0 1.0 1.0 1.0 1.0 1.0 1.0 1.0 1.0 1.0 1.0 1.0 1.0 1.0 1.0 1.0 1.0 1.0 1.0 1.0 1.0 1.0 1.0 1.0 1.0 1.0 1.0 1.0 1.0 1.0 1.0 1.0 1.0 1.0 1.0 1.0 1.0 1.0 1.0 1.0 1.0 1.0 1.0 1.0 1.0 1.0 1.0 1.0 1.0 1.0 1.0 1.0 1.0 1.0 1.0 1.0 1.0 1.0 1.0 1.0 1.0 1.0 1.0 1.0 1.0 1.0 1.0 1.0 1.0
38
6 8 33 40 45 52 62 65 70 72 75 79 80 92 95 100 109 110 112 132 138 158 165 174 179 188 220 222 227 232 236 252 255 256 291 292 297 298
33
12 13 20 25 30 33 56 58 65 66 70 73 74 97 110 120 124 128 131 145 175 176 179 201 215 234 254 256 258 259 283 291 293
25
12 29 30 49 58 62 78 108 109 113 143 160 161 166 167 183 186 203 220 237 240 281 293 296 299
29
10 14 44 45 107 109 111 113 117 150 153 159 175 176 178 185 186 187 189 194 203 218 247 249 255 259 273 287 298
31
13 26 27 34 35 41 49 51 65 66 74 91 109 119 136 148 152 168 183 188 195 198 232 254 256 267 270 277 293 296 297
28
7 23 28 31 37 63 84 90 132 141 168 173 175 186 194 201 204 210 213 218 226 238 245 256 270 274 294 300
30
23 28 33 44 50 54 73 102 106 115 116 127 143 167 178 181 184 187 188 197 213 220 225 247 252 254 273 274 276 294
29
1 25 34 35 39 40 74 93 107 117 131 151 155 167 194 212 221 222 226 228 236 244 248 274 278 279 283 290 295
23
2 10 12 17 26 29 41 59 63 118 126 143 150 157 193 222 229 233 273 283 292 293 297
35
10 23 39 49 63 66 69 85 92 94 117 140 143 153 160 164 172 178 188 193 194 224 226 231 235 244 245 246 249 265 271 276 283 288 290
29
15 22 43 50 72 76 78 81 86 98 103 106 107 120 170 171 177 189 199 209 213 230 233 234 237 261 266 278 299
31
21 27 43 47 63 79 86 112 118 120 137 150 155 158 169 172 175 177 179 198 206 240 248 252 264 270 277 284 292 297 298
36
14 17 23 41 65 66 70 76 87 88 101 106 119 147 170 171 175 181 188 192 202 203 204 221 224 228 230 240 245 251 252 253 276 278 282 294
28
33 44 88 94 119 120 136 141 147 160 162 165 175 176 179 193 210 229 234 236 241 266 268 269 275 281 283 289
26
7 26 35 44 55 60 80 92 102 103 105 113 155 181 183 191 207 214 217 219 234 240 243 261 269 293
24
11 23 28 33 37 66 69 84 96 121 136 142 145 146 165 189 190 201 214 227 233 262 267 270
28
7 64 67 85 96 103 119 120 123 124 125 150 153 155 164 170 172 173 179 180 184 198 226 245 269 278 297 300
32
1 2 6 7 11 30 41 54 60 100 104 127 131 135 146 149 153 185 190 193 198 201 206 208 211 213 218 251 267 277 279 283
31
19 20 38 54 56 67 68 81 86 111 118 120 128 130 138 140 168 194 196 210 220 229 255 258 265 271 275 282 286 288 291
35
1 5 16 29 42 44 52 59 60 70 76 82 86 133 142 156 158 159 163 173 199 202 209 210 211 223 239 246 264 266 276 277 279 284 285
33
4 10 11 21 24 34 35 38 54 71 72 97 116 120 127 137 141 148 151 161 183 200 206 209 236 242 264 268 277 279 284 290 295
23
10 12 24 36 37 55 59 66 72 95 104 107 123 136 137 147 150 160 164 182 190 263 275
27
4 12 26 37 47 53 56 57 58 75 96 98 133 136 140 176 201 215 226 272 279 289 291 292 293 297 298
30
7 23 34 45 69 71 84 102 103 104 107 122 140 143 148 152 155 166 178 183 233 245 254 262 263 274 279 283 285 296
32
2 23 29 30 37 46 49 52 56 79 80 91 92 93 95 107 135 137 143 151 172 179 214 216 228 229 237 243 246 252 269 277
29
17 23 27 76 99 121 125 128 145 165 166 176 198 199 205 213 218 224 225 237 242 247 252 265 269 273 293 296 298
34
9 20 30 34 42 43 44 48 55 63 72 83 88 99 121 128 132 136 143 152 157 173 181 189 196 204 210 236 267 271 272 275 284 295
34
2 6 7 15 29 38 50 53 55 58 61 65 85 104 106 119 141 142 144 177 193 203 211 237 239 242 246 252 259 280 284 285 287 290
29
9 19 22 36 58 78 90 111 113 116 128 134 155 160 172 174 176 180 181 182 207 218 223 226 237 248 252 273 283
34
6 31 37 40 55 60 64 69 80 110 117 122 135 141 186 199 200 211 213 216 219 231 235 237 245 248 257 265 268 271 280 284 290 292
25
4 8 18 46 65 76 83 89 97 126 170 180 204 205 206 218 227 230 238 260 265 280 283 294 296
18
20 36 53 66 79 106 124 146 157 179 180 211 225 244 261 264 269 277
32
2 9 18 24 42 47 66 68 74 76 85 106 110 130 131 136 139 149 180 187 190 191 225 234 236 242 254 257 260 281 285 293
25
14 18 21 28 29 44 46 64 66 70 81 84 100 155 156 164 180 190 193 214 218 270 275 290 291
32
2 9 24 30 35 39 60 89 101 105 116 119 139 144 151 158 173 176 177 178 183 187 206 211 215 225 246 254 269 286 295 300
35
1 10 16 35 36 40 52 55 56 72 81 103 112 114 116 133 135 139 140 142 165 169 175 191 221 226 238 239 252 258 260 269 275 285 300
32
1 13 29 34 49 63 71 96 101 110 121 124 133 157 158 180 181 186 194 219 233 238 241 245 252 262 264 265 269 279 282 291
33
2 5 24 30 55 58 75 78 95 105 122 130 137 139 141 150 175 181 190 191 193 196 199 216 218 221 239 250 251 253 261 264 294
26
2 14 32 61 64 76 86 91 109 129 137 154 165 173 184 187 192 201 203 206 230 238 246 250 253 256
20
51 68 103 125 137 153 161 162 166 168 182 184 192 201 204 223 241 258 296 299
30
28 31 35 84 90 91 111 115 138 158 164 177 180 185 187 191 201 204 205 209 210 211 222 231 243 251 257 263 287 288
32
16 25 26 32 36 48 96 101 122 131 155 159 168 178 186 192 198 204 206 211 224 225 230 235 255 257 260 264 276 279 291 294
38
5 29 34 42 50 51 56 61 62 64 68 69 76 101 118 119 121 131 142 148 149 155 164 170 191 206 210 221 240 241 242 244 247 254 257 267 274 285
40
7 8 11 22 27 33 42 44 49 57 68 69 88 90 100 139 153 185 188 189 194 203 210 215 217 219 231 232 236 244 247 254 260 263 278 279 283 285 292 293
25
21 40 46 52 63 67 77 94 104 121 122 125 140 151 177 198 221 222 231 235 240 270 279 291 300
33
8 15 17 19 26 28 35 38 42 48 57 100 105 120 125 149 151 158 164 197 204 207 219 233 254 255 270 272 282 284 285 286 289
32
27 39 50 52 53 56 90 95 110 126 127 129 139 148 156 157 170 171 173 178 217 219 241 243 245 251 258 263 280 288 292 294
40
6 12 33 39 57 59 63 73 78 82 87 94 95 101 107 108 115 126 136 137 153 161 168 172 178 179 181 188 194 209 214 215 223 233 235 237 255 272 281 296
29
46 49 68 81 94 100 101 113 117 121 125 126 127 139 158 181 184 212 214 223 227 230 246 260 271 272 285 286 299
27
8 26 31 39 61 78 79 80 82 87 89 104 116 139 150 158 161 170 194 212 226 244 253 257 274 279 286
25
1 61 67 72 83 96 100 112 116 117 132 133 135 140 145 150 159 160 175 192 223 241 244 252 268
29
13 18 28 50 70 75 90 93 103 105 127 131 132 136 144 147 178 189 194 216 219 220 225 227 234 237 278 285 290
33
1 4 5 16 23 26 53 61 71 75 88 125 132 135 140 152 153 154 162 180 188 202 204 208 218 227 240 249 266 270 282 286 298
23
29 40 52 93 102 109 112 137 145 148 159 161 188 198 214 230 231 243 276 278 290 295 299
34
10 18 22 36 50 63 66 67 71 72 77 111 113 122 133 140 145 156 164 175 177 180 183 199 200 217 219 235 257 273 275 296 297 298
34
2 9 11 14 31 37 48 60 63 67 95 99 132 140 146 147 162 163 170 171 198 203 212 219 232 238 242 244 263 265 268 284 296 299
25
1 19 21 28 35 40 47 53 54 56 69 74 85 99 114 140 161 224 229 249 260 275 279 289 291
34
2 8 18 32 36 42 57 60 82 104 110 121 122 139 143 151 157 166 177 191 206 209 218 219 228 245 246 248 252 256 263 275 277 298
21
9 13 18 19 33 66 71 72 100 104 122 138 160 181 226 234 243 257 271 280 297
33
1 4 29 36 41 60 65 73 87 94 100 122 125 139 143 147 152 155 160 173 193 222 228 236 241 245 250 252 253 266 279 293 294
31
1 4 9 25 31 38 48 58 67 71 89 105 111 113 145 162 167 173 181 208 242 246 251 252 275 276 279 288 289 292 293
33
5 21 24 31 57 59 66 75 79 81 105 115 122 126 129 138 153 154 165 169 171 179 194 197 202 230 231 234 257 264 279 286 288
29
14 17 38 42 56 59 64 93 98 103 104 134 140 144 170 179 191 197 201 207 227 254 260 267 273 279 284 288 292
30
2 24 41 49 71 90 97 115 119 124 125 132 135 138 150 152 153 168 175 185 189 197 207 224 229 233 246 282 283 298
42
3 5 6 18 26 30 37 38 42 67 68 86 89 102 121 129 131 132 134 135 136 156 186 190 196 200 202 205 206 208 216 222 226 229 237 256 259 269 278 281 288 295
25
10 25 42 43 44 58 61 64 65 75 76 77 86 112 133 137 151 153 162 225 236 256 272 294 299
32
11 24 37 39 47 49 57 73 85 94 106 112 116 117 124 146 154 168 182 197 200 214 221 232 233 240 264 266 279 286 288 289
34
7 16 25 43 53 60 72 112 115 124 126 141 150 151 155 157 159 173 179 186 207 218 228 231 240 241 244 247 250 275 276 277 287 294
33
16 19 20 24 30 37 39 42 53 57 67 70 75 92 95 107 135 137 143 148 151 152 159 160 194 200 201 202 209 217 232 242 264
30
18 28 31 37 44 70 86 87 99 109 111 119 131 152 161 170 180 201 210 213 218 237 243 258 265 272 273 274 281 284
23
9 10 16 21 43 49 66 74 81 102 110 133 166 169 182 200 212 215 217 241 257 269 272
31
1 11 14 43 51 53 68 87 90 100 107 115 123 131 133 142 148 161 162 183 186 190 192 199 221 228 230 254 261 272 287
24
4 18 52 77 78 81 89 99 140 144 168 176 182 188 201 202 211 216 222 238 263 281 282 290
27
16 19 31 41 48 49 89 97 117 124 128 150 160 170 172 174 202 210 211 216 218 243 257 282 284 287 290
31
3 12 19 28 33 57 58 79 87 96 113 114 128 153 158 167 172 175 189 190 197 218 219 236 241 257 260 274 292 298 300
35
2 3 35 50 61 66 73 84 85 92 101 103 126 129 130 149 169 171 174 185 187 203 204 205 207 209 212 230 251 260 261 271 274 289 294
34
7 14 15 34 35 37 48 51 84 85 107 112 130 134 153 154 157 166 173 174 192 193 219 220 230 242 251 252 253 266 274 280 281 299
32
9 18 27 37 40 44 58 70 75 81 82 83 101 107 108 122 149 154 156 165 195 204 210 219 233 235 238 246 257 270 285 298
36
1 6 9 15 29 30 34 35 38 51 79 114 116 119 128 135 138 139 141 149 150 157 164 165 189 203 219 221 239 240 243 247 251 268 272 297
23
12 31 37 53 97 99 102 115 130 140 147 155 168 180 194 207 210 227 248 260 265 278 285
26
1 3 6 19 31 36 40 56 68 94 100 105 151 159 161 164 180 186 197 220 226 243 267 275 281 300
25
1 5 25 87 88 121 124 137 158 163 169 171 176 182 183 197 200 202 214 226 229 234 281 283 288
34
24 30 43 48 52 56 58 69 80 89 94 96 103 104 106 113 116 122 152 157 172 183 189 195 203 243 254 255 259 283 285 289 291 294
30
6 14 21 24 33 46 69 79 80 82 104 117 118 120 127 133 148 171 187 194 198 231 237 238 264 272 279 294 296 298
44
15 20 21 31 43 49 56 69 75 79 82 89 107 121 128 129 131 133 138 140 142 146 148 149 153 154 157 180 192 194 196 206 229 254 257 259 261 268 269 278 281 283 298 300
31
6 20 22 35 36 78 91 96 108 144 149 173 174 176 177 182 203 205 217 230 231 233 235 244 268 271 274 282 287 291 294
21
5 39 46 57 65 69 98 101 119 122 146 154 159 202 226 231 242 255 270 284 300
41
5 13 25 43 44 45 47 50 51 55 57 62 66 84 88 90 95 97 103 107 121 123 125 140 148 153 176 179 189 191 207 223 233 255 261 266 268 273 284 290 291
39
6 22 30 31 34 35 38 41 43 46 55 72 75 77 85 93 112 134 144 154 159 177 191 202 205 210 226 239 242 246 254 255 256 264 279 281 286 291 294
22
10 16 30 52 53 58 59 105 131 169 176 183 184 187 201 203 249 250 262 264 282 295
31
7 16 22 60 66 85 96 105 116 118 145 156 160 164 169 173 181 191 194 199 203 215 222 228 230 249 252 273 276 281 288
30
38 41 48 50 52 69 73 74 78 84 86 95 99 112 114 122 125 131 139 140 150 166 183 230 249 262 266 280 296 300
28
4 17 20 32 41 46 47 64 73 76 106 118 146 152 171 180 197 200 226 231 232 233 234 244 245 264 274 297
33
1 16 25 37 41 46 57 63 66 72 89 91 133 142 143 156 167 172 174 175 203 211 212 239 245 246 250 259 280 286 295 296 299
23
1 5 24 30 61 69 77 108 124 136 140 142 169 192 205 239 240 260 270 278 282 283 284
35
1 7 25 31 44 45 56 64 71 72 73 82 86 87 89 92 97 129 134 146 161 184 188 209 222 223 239 240 264 282 287 288 290 296 298
33
8 14 25 29 31 38 51 54 65 77 79 81 87 102 108 121 152 155 174 183 184 188 196 203 212 214 216 229 242 265 266 288 289
27
9 14 18 30 32 50 59 88 95 96 114 132 146 165 166 169 179 198 199 217 233 246 253 271 280 284 293
26
2 13 19 41 42 47 48 69 90 100 103 126 138 165 170 172 179 204 211 219 240 256 264 274 280 299
36
11 19 21 28 40 56 57 66 72 85 89 94 103 106 117 123 129 140 144 146 156 159 177 183 184 217 228 233 238 239 242 246 257 273 276 289
23
14 22 56 57 80 88 89 128 129 131 147 155 165 173 191 193 227 239 253 273 274 295 297
30
6 22 23 34 42 56 59 65 68 81 107 111 123 149 160 161 167 169 170 180 181 191 198 201 240 242 255 269 273 290
30
2 7 11 22 23 24 29 32 41 43 54 57 64 72 80 93 97 123 143 149 153 158 160 171 185 186 243 253 268 270
25
4 11 20 25 33 55 56 57 58 60 107 108 119 130 131 141 150 153 188 189 199 207 229 253 280
25
1 2 22 30 36 37 43 109 116 117 121 151 176 188 194 218 225 235 236 244 250 272 276 280 286
21
6 22 56 60 72 78 94 143 144 151 171 172 175 193 201 215 255 260 270 277 300
29
4 11 16 19 29 56 62 71 85 108 111 115 116 122 160 161 163 168 183 184 200 216 223 239 252 260 268 272 285
40
29 34 35 44 50 54 58 62 63 68 69 74 77 79 84 87 91 98 104 117 132 151 153 158 161 173 177 193 201 228 233 244 250 254 259 263 271 292 295 298
29
1 11 21 37 39 65 80 82 87 95 111 117 122 132 161 181 203 216 220 226 229 235 245 250 251 254 255 259 296
27
30 31 85 107 110 130 153 162 177 185 187 194 198 219 231 232 236 238 256 265 269 276 279 281 291 294 296
27
10 14 16 31 53 56 57 68 74 79 86 106 149 165 166 198 200 215 234 252 261 269 281 282 291 297 299
22
27 34 41 52 58 68 85 88 91 123 164 166 168 171 181 196 222 240 244 252 259 270
24
17 38 40 44 55 68 69 84 99 104 107 116 159 163 186 190 203 223 233 244 262 281 282 299
25
6 33 44 52 76 105 106 138 144 155 158 160 161 177 191 196 200 201 202 251 252 273 283 297 298
25
6 14 16 18 21 46 48 80 90 104 129 136 142 143 148 169 176 197 199 200 202 258 277 288 296
35
15 36 47 57 63 67 70 72 85 93 98 112 134 153 157 167 170 173 174 178 188 196 219 224 242 246 249 256 257 267 276 283 287 293 300
33
10 13 19 22 28 32 35 40 49 70 82 90 99 101 102 111 115 122 145 146 150 151 167 169 170 176 178 191 202 223 233 242 247
21
21 39 46 86 89 115 147 150 153 157 172 179 200 226 241 256 263 265 281 287 292
27
33 37 47 71 88 91 95 102 103 106 107 126 147 153 157 164 170 175 178 218 228 235 238 275 288 291 300
19
10 20 27 46 51 73 100 124 162 165 210 236 242 244 247 248 260 268 287
41
5 15 31 34 37 44 48 50 58 64 66 73 79 90 101 102 123 136 144 155 163 170 172 188 197 214 228 237 238 239 247 249 252 261 262 264 280 282 284 287 291
33
3 24 25 29 31 33 37 40 62 68 70 84 93 102 104 107 126 133 152 176 178 193 204 216 222 225 240 248 265 280 287 289 291
22
3 35 45 53 57 68 73 75 78 79 95 101 114 141 144 159 161 201 234 242 278 284
29
4 7 32 54 70 74 82 85 88 112 116 117 141 147 156 158 178 179 186 192 193 212 219 228 232 236 239 271 286
27
5 6 13 20 23 33 51 52 65 66 68 84 88 101 114 128 129 150 154 168 190 241 244 266 284 291 295
25
18 19 20 21 24 31 46 79 130 135 140 153 169 177 201 210 223 230 257 264 269 273 277 282 287
28
6 15 27 59 81 91 99 100 101 125 156 171 174 176 177 202 208 224 229 239 245 247 256 258 261 293 298 300
38
6 8 11 20 48 50 51 60 64 69 74 80 81 127 129 152 155 165 166 169 180 186 199 201 209 235 248 249 251 254 261 271 279 280 287 289 299 300
25
6 31 77 82 84 102 111 115 117 127 143 147 148 180 190 200 202 211 231 239 268 273 280 294 295
37
5 9 12 16 18 30 46 51 63 69 80 88 89 94 100 104 140 153 157 163 165 174 184 194 196 211 218 221 224 234 236 256 287 288 289 294 295
26
2 8 20 56 63 66 67 73 78 90 119 121 139 141 144 183 189 197 199 203 213 215 218 243 251 295
38
2 7 13 17 22 29 37 40 48 58 60 65 84 88 96 105 115 119 127 128 139 145 156 158 162 165 186 188 219 220 222 224 227 238 251 253 258 300
35
17 37 61 66 69 75 87 88 90 92 94 102 121 124 136 138 139 141 147 161 162 163 164 170 175 185 197 219 231 234 237 251 271 284 295
30
3 4 11 14 17 19 35 43 79 98 112 122 128 131 137 140 148 149 159 216 227 228 233 241 251 255 265 276 279 281
23
4 5 11 36 80 108 125 133 140 146 150 155 163 196 217 218 222 234 245 247 266 286 291
23
12 13 18 25 30 35 48 68 76 107 120 130 143 154 193 213 221 224 225 242 253 260 295
38
25 29 38 43 44 45 49 51 55 56 65 72 74 79 81 89 104 113 121 131 133 142 176 185 186 197 223 227 235 239 245 260 272 275 279 292 296 300
38
2 6 9 12 18 24 36 43 44 48 53 56 58 61 81 83 130 152 160 169 181 184 196 207 214 220 226 227 232 235 250 252 266 269 275 279 280 294
31
7 36 43 55 68 72 74 87 88 103 115 116 124 126 132 139 143 164 173 178 184 192 195 210 236 239 247 260 266 290 294
31
10 18 19 29 36 41 55 62 75 88 89 91 94 116 117 137 163 181 193 197 199 201 203 221 228 232 242 278 285 296 297
33
7 15 43 44 45 56 64 90 107 110 112 119 124 131 138 141 148 149 152 153 184 186 188 201 202 209 227 258 284 290 292 295 297
26
16 22 36 37 38 44 66 67 98 100 128 131 133 135 136 149 154 158 173 185 191 199 201 209 258 289
37
1 14 22 29 31 44 49 54 66 72 78 94 111 133 136 150 151 154 166 167 188 189 192 196 206 209 213 219 229 230 236 239 243 257 284 298 299
27
5 21 29 30 41 45 53 102 110 115 120 128 133 138 168 186 198 199 205 213 223 249 250 272 281 285 290
20
10 21 30 32 35 40 63 75 80 82 88 114 115 149 197 200 203 206 217 288
35
7 8 10 12 13 21 27 34 35 38 41 45 67 69 74 80 84 88 99 100 105 113 125 146 181 192 198 204 239 245 275 281 287 290 296
30
7 24 28 35 56 62 77 82 88 91 129 143 147 156 183 212 220 222 236 239 250 253 256 257 261 263 277 290 291 299
33
7 9 36 37 56 67 86 104 110 111 117 118 120 125 130 132 140 156 164 180 189 205 209 210 212 222 248 251 260 267 268 276 291
35
9 12 20 35 39 42 55 65 74 97 113 119 125 147 160 162 163 169 173 176 177 185 188 206 221 224 238 244 249 270 276 281 286 298 300
29
4 5 6 20 21 46 54 55 65 93 130 155 178 180 182 197 204 217 226 227 237 251 253 273 282 283 285 288 299
