50 100
1.0 1.0 1.0 1.0 1.0 1.0 1.0 1.0 1.0 1.0 1.0 1.0 1.0 1.0 1.0 1.0 1.0 1.0 1.0 1.0 1.0 1.0 1.0 1.0 1.0 1.0 1.0 1.0 1.0 1.0 1.0 1.0 1.0 1.0 1.0 1.0 1.0 1.0 1.0 1.0 1.0 1.0 1.0 1.0 1.0 1.0 1.0 1.0 1.0 1.0 1.0 1.0 1.0 1.0 1.0 1.0 1.0 1.0 1.0 1.0 1.0 1.0 1.0 1.0 1.0 1.0 1.0 1.0 1.0 1.0 1.0 1.0 1.0 1.0 1.0 1.0 1.0 1.0 1.0 1.0 1.0 1.0 1.0 1.0 1.0 1.0 1.0 1.0 1.0 1.0 1.0 1.0 1.0 1.0 1.0 1.0 1.0 1.0 1.0 1.0
5
37 43 47 83 91
7
1 12 14 32 59 87 96
6
7 48 65 69 80 100
2
7 10
7
25 28 32 35 69 79 97
2
31 74
9
7 13 26 29 47 65 72 89 92
5
13 30 34 74 76
4
12 43 76 84
1
27
5
7 11 37 49 60
5
3 46 65 71 86
1
2
4
33 45 48 87
7
2 23 46 48 67 85 87
6
3 16 22 30 69 93
5
17 45 46 90 91
7
6 27 34 52 66 71 94
4
13 33 44 70
3
57 63 78
4
24 46 76 93
3
7 52 71
3
35 37 80
2
41 87
2
8 41
6
17 18 31 39 52 70
4
8 15 41 70
5
4 18 77 80 82
4
41 62 79 82
5
8 24 48 82 94
2
14 68
6
5 10 28 64 74 82
6
6 8 29 45 53 73
3
49 64 88
4
30 66 82 86
5
21 74 76 88 92
5
24 30 54 66 82
8
23 42 46 81 86 91 93 97
5
19 60 86 95 96
4
13 49 57 97
5
1 37 51 53 94
5
25 46 56 78 85
6
5 21 51 55 77 97
1
86
3
48 53 71
6
25 59 62 66 81 92
4
43 63 64 86
7
1 10 41 44 47 83 87
3
2 26 76
4
5 33 36 83
