100 200
1.0 1.0 1.0 1.0 1.0 1.0 1.0 1.0 1.0 1.0 1.0 1.0 1.0 1.0 1.0 1.0 1.0 1.0 1.0 1.0 1.0 1.0 1.0 1.0 1.0 1.0 1.0 1.0 1.0 1.0 1.0 1.0 1.0 1.0 1.0 1.0 1.0 1.0 1.0 1.0 1.0 1.0 1.0 1.0 1.0 1.0 1.0 1.0 1.0 1.0 1.0 1.0 1.0 1.0 1.0 1.0 1.0 1.0 1.0 1.0 1.0 1.0 1.0 1.0 1.0 1.0 1.0 1.0 1.0 1.0 1.0 1.0 1.0 1.0 1.0 1.0 1.0 1.0 1.0 1.0 1.0 1.0 1.0 1.0 1.0 1.0 1.0 1.0 1.0 1.0 1.0 1.0 1.0 1.0 1.0 1.0 1.0 1.0 1.0 1.0 1.0 1.0 1.0 1.0 1.0 1.0 1.0 1.0 1.0 1.0 1.0 1.0 1.0 1.0 1.0 1.0 1.0 1.0 1.0 1.0 1.0 1.0 1.0 1.0 1.0 1.0 1.0 1.0 1.0 1.0 1.0 1.0 1.0 1.0 1.0 1.0 1.0 1.0 1.0 1.0 1.0 1.0 1.0 1.0 1.0 1.0 1.0 1.0 1.0 1.0 1.0 1.0 1.0 1.0 1.0 1.0 1.0 1.0 1.0 1.0 1.0 1.0 1.0 1.0 1.0 1.0 1.0 1.0 1.0 1.0 1.0 1.0 1.0 1.0 1.0 1.0 1.0 1.0 1.0 1.0 1.0 1.0 1.0 1.0 1.0 1.0 1.0 1.0 1.0 1.0 1.0 1.0 1.0 1.0 1.0 1.0 1.0 1.0 1.0 1.0
20
10 17 23 36 42 52 56 78 88 89 90 96 111 150 151 155 184 188 197 198
29
7 10 14 21 24 25 26 30 44 61 78 89 97 98 99 102 114 125 141 144 146 151 170 172 174 186 192 193 196
16
4 9 23 31 39 45 52 59 67 99 111 128 136 146 147 171
18
12 26 29 35 49 63 66 71 85 89 90 98 113 127 166 176 178 179
21
9 15 24 27 52 54 65 80 102 117 118 121 122 164 166 173 174 177 178 188 197
19
48 49 77 78 85 86 106 108 109 114 125 129 146 159 183 186 194 197 198
15
2 6 16 27 33 36 61 108 123 125 129 190 193 196 198
20
27 29 31 32 41 44 48 59 61 64 66 71 77 95 110 150 161 178 180 182
15
3 13 22 32 48 62 72 76 90 94 103 147 163 190 196
18
3 5 6 18 33 51 55 62 67 70 90 93 122 129 137 139 159 194
11
2 10 14 29 73 105 126 138 143 147 155
23
3 13 16 18 23 26 33 37 41 48 55 65 84 88 106 113 119 122 133 145 163 174 192
20
1 3 5 12 13 28 34 50 97 98 109 122 128 142 158 159 165 169 183 197
23
2 3 6 7 10 18 23 36 56 59 68 70 76 77 90 113 114 142 149 180 194 195 199
26
1 2 3 4 7 10 14 25 49 64 79 80 96 107 115 128 139 142 143 155 165 166 169 170 184 200
18
8 10 39 42 45 73 76 108 119 127 139 146 156 163 165 167 174 186
19
5 6 15 19 35 40 76 79 85 111 120 123 126 127 137 141 142 147 199
18
3 4 25 56 63 71 81 87 100 103 105 113 147 174 175 191 196 198
16
36 48 53 66 70 86 88 97 118 123 141 162 173 183 187 188
14
36 45 59 77 82 92 95 115 119 137 145 160 170 175
26
1 11 27 33 49 58 60 63 72 74 89 116 120 121 127 129 131 135 143 161 164 167 170 175 177 178
17
4 12 27 41 65 74 78 84 100 104 122 131 133 142 155 169 197
23
5 6 17 21 28 53 54 59 62 66 72 76 81 84 120 123 125 136 139 161 172 185 193
17
16 22 54 61 72 84 88 96 101 108 110 123 124 146 174 195 198
26
30 42 49 60 66 68 73 77 80 82 88 89 93 98 105 112 125 139 140 145 146 166 174 175 178 185
15
25 26 52 74 93 96 130 139 153 158 177 178 184 195 197
22
4 19 29 41 42 52 70 71 74 76 102 110 112 114 115 121 123 132 145 190 192 196
22
16 21 25 36 46 52 55 108 109 115 118 127 137 143 146 150 155 167 175 183 189 199
16
13 17 19 40 54 56 58 75 78 96 115 119 120 145 149 197
25
2 4 16 22 38 43 59 88 89 94 101 102 106 111 124 130 147 151 160 169 170 171 187 195 200
27
7 15 16 30 41 51 64 68 80 83 96 105 116 117 125 126 131 135 142 150 154 156 167 171 182 183 199
10
18 72 74 75 115 130 163 169 186 194
19
14 39 47 52 58 64 70 76 77 88 89 93 99 107 113 121 136 158 199
25
7 8 12 18 27 35 48 53 56 61 74 83 105 113 117 121 137 151 163 164 176 177 181 192 195
15
6 27 28 54 58 68 84 88 92 114 158 164 168 185 189
22
4 30 56 68 94 107 109 120 131 145 157 168 171 174 183 186 189 195 196 197 198 200
18
22 32 51 52 56 61 63 74 81 84 90 105 122 175 182 185 187 194
20
7 23 26 31 56 60 63 77 79 92 96 108 121 125 144 152 153 166 185 188
15
12 14 29 43 81 96 101 106 108 115 139 142 160 180 195
15
16 27 39 40 43 46 65 73 76 88 101 112 167 186 194
17
30 31 36 45 55 80 101 106 108 114 123 128 134 149 176 184 196
16
26 33 41 44 54 79 99 113 119 140 145 153 158 174 181 186
10
32 33 46 57 102 153 160 162 176 184
18
8 13 27 35 48 51 53 65 67 80 127 136 137 148 167 168 198 200
18
9 18 24 27 30 44 64 67 76 85 103 109 128 133 169 171 191 198
24
6 25 26 27 29 35 47 53 67 70 71 72 80 89 95 101 129 131 143 146 153 186 195 196
22
5 15 16 21 24 25 32 35 37 39 59 62 66 72 96 125 134 139 141 167 185 195
20
9 10 20 43 57 69 70 75 95 100 111 114 116 164 172 179 181 190 192 197
25
6 12 26 28 30 37 39 50 51 54 73 79 92 115 133 141 146 148 156 158 162 164 172 176 199
25
2 5 12 14 15 30 37 38 44 45 72 82 84 87 105 106 109 121 123 130 149 166 167 186 199
18
24 35 39 48 51 60 72 79 82 110 113 123 125 126 136 151 195 196
15
25 39 41 54 67 88 89 104 122 125 130 135 145 165 181
25
3 8 19 25 27 39 55 83 84 88 97 100 104 110 111 122 125 128 137 150 163 167 172 185 195
15
18 27 46 50 63 72 82 85 90 101 147 164 184 193 197
14
70 94 100 109 113 130 137 141 142 147 153 155 159 182
19
2 20 24 33 39 42 58 61 64 68 81 93 118 119 125 132 143 148 162
17
23 29 46 53 57 62 64 89 93 124 137 151 156 182 184 189 197
25
2 19 20 27 28 52 54 67 83 84 93 105 107 114 116 125 126 141 149 167 179 181 182 186 191
19
16 17 19 22 26 30 35 46 64 86 90 98 101 109 119 136 154 178 195
26
1 2 10 16 26 32 36 48 53 54 57 58 60 62 63 64 68 70 88 96 99 103 106 116 123 182
21
3 8 12 20 33 38 46 47 55 75 86 87 88 123 141 153 182 185 188 195 196
24
23 25 37 46 47 48 61 63 82 83 98 106 107 127 135 160 162 163 164 171 181 183 188 199
18
9 15 23 55 101 110 111 112 121 126 134 147 151 160 173 176 185 192
25
3 4 9 10 13 21 26 28 40 48 53 73 86 92 105 134 135 139 152 163 164 170 173 174 188
20
8 10 36 53 63 66 72 86 90 94 105 112 118 125 137 143 164 168 176 199
20
16 28 37 38 42 51 56 62 69 88 98 104 107 111 126 129 130 155 156 190
22
1 2 22 25 57 61 64 65 69 70 77 78 99 115 126 137 148 150 164 194 195 199
19
46 58 61 63 71 72 99 110 116 138 140 145 158 173 183 196 198 199 200
28
9 10 23 27 28 33 38 55 60 61 71 78 79 82 94 100 105 120 121 127 128 143 163 166 183 189 192 195
24
2 12 16 17 37 39 41 46 54 56 61 62 64 96 97 98 117 123 126 130 157 161 176 193
12
18 20 55 68 77 80 120 128 132 139 145 198
19
12 21 34 40 47 65 67 71 76 92 112 117 122 129 141 144 181 197 200
25
25 27 31 35 38 43 52 57 80 86 87 100 111 112 114 137 138 153 155 164 166 175 187 197 198
21
11 34 37 44 47 51 76 92 104 118 119 132 155 157 159 171 172 180 183 190 192
20
8 29 42 44 55 88 101 119 123 125 128 131 136 141 143 157 159 160 163 199
23
9 21 35 39 51 52 53 62 64 73 86 90 102 108 115 117 122 126 140 160 175 183 200
29
13 23 24 25 29 32 41 57 64 67 73 79 86 98 105 108 113 114 116 133 134 144 147 154 165 174 176 182 190
22
4 15 34 44 51 60 69 72 81 83 100 104 108 116 124 152 162 166 175 177 182 195
26
14 16 20 27 30 35 45 46 47 52 56 78 80 87 102 118 142 148 153 157 159 175 180 192 195 196
21
1 5 10 67 74 83 84 91 94 98 105 107 110 120 145 160 164 167 177 192 199
21
2 11 26 28 41 50 70 75 82 89 94 99 105 112 124 137 139 148 167 176 191
25
2 8 23 41 45 51 62 63 77 87 92 101 102 122 124 125 130 138 153 162 167 172 178 183 186
19
7 28 40 51 52 58 73 96 111 132 137 144 147 166 169 183 189 197 198
27
1 5 10 11 15 18 19 28 29 47 56 58 64 73 75 107 134 142 145 150 173 181 182 189 191 194 199
16
13 17 20 36 37 72 73 86 93 102 113 130 154 161 184 199
22
6 11 12 25 26 38 39 56 59 70 86 92 95 104 121 122 125 130 138 146 153 167
24
1 5 11 14 15 24 28 49 52 65 75 89 99 124 127 144 149 157 158 161 170 171 180 181
19
10 40 44 46 79 80 86 101 102 117 126 127 141 155 165 170 177 178 181
19
5 15 16 35 37 45 68 85 86 104 110 114 123 135 154 158 160 192 199
20
12 15 23 40 44 71 84 86 90 94 107 123 130 136 144 150 169 181 186 187
14
1 10 14 41 77 87 90 134 142 148 149 160 185 196
14
1 10 26 44 49 55 56 61 76 115 120 160 186 200
22
16 17 25 27 29 32 33 46 54 76 99 105 115 118 122 124 133 138 152 180 194 199
16
3 24 37 41 44 52 66 70 84 116 135 136 138 149 177 187
10
2 34 66 69 109 124 145 158 188 191
17
9 21 33 64 69 70 73 74 77 120 123 125 127 156 179 191 199
29
6 14 42 46 54 57 70 85 86 88 90 93 96 111 116 137 143 153 154 162 165 171 178 186 187 189 191 195 200
23
8 21 36 51 75 81 101 107 112 114 120 125 130 137 142 149 150 154 156 163 178 183 191
18
22 54 55 58 63 73 86 114 124 125 141 143 147 149 156 180 197 200
26
2 4 9 14 30 34 51 52 84 91 92 94 96 100 103 112 119 128 132 160 170 171 175 185 187 196
