50 100
1.0 1.0 1.0 1.0 1.0 1.0 1.0 1.0 1.0 1.0 1.0 1.0 1.0 1.0 1.0 1.0 1.0 1.0 1.0 1.0 1.0 1.0 1.0 1.0 1.0 1.0 1.0 1.0 1.0 1.0 1.0 1.0 1.0 1.0 1.0 1.0 1.0 1.0 1.0 1.0 1.0 1.0 1.0 1.0 1.0 1.0 1.0 1.0 1.0 1.0 1.0 1.0 1.0 1.0 1.0 1.0 1.0 1.0 1.0 1.0 1.0 1.0 1.0 1.0 1.0 1.0 1.0 1.0 1.0 1.0 1.0 1.0 1.0 1.0 1.0 1.0 1.0 1.0 1.0 1.0 1.0 1.0 1.0 1.0 1.0 1.0 1.0 1.0 1.0 1.0 1.0 1.0 1.0 1.0 1.0 1.0 1.0 1.0 1.0 1.0
4
10 44 50 72
4
1 58 87 96
3
39 40 83
3
6 10 47
2
3 60
7
6 36 49 51 52 56 71
8
15 28 36 40 48 50 68 99
2
2 96
3
29 66 97
5
3 5 13 15 96
1
21
6
2 5 9 37 61 72
5
17 23 36 57 60
6
2 15 44 51 67 73
1
61
5
29 50 76 86 99
2
17 80
6
5 11 49 52 96 98
6
13 32 45 49 53 63
2
8 70
6
2 18 32 48 73 93
9
29 33 40 41 50 71 78 85 87
6
4 60 63 78 85 88
8
8 9 12 27 30 53 95 99
1
22
3
9 80 98
8
6 31 37 44 71 72 76 79
4
27 34 35 40
3
15 31 38
7
21 26 34 59 67 99 100
6
30 46 52 79 80 100
9
13 18 28 31 63 65 70 75 76
6
1 4 39 52 70 82
5
19 44 57 72 80
2
2 59
3
46 67 95
6
3 12 15 36 70 89
2
41 45
5
14 22 62 70 94
5
20 25 34 42 55
10
3 8 30 45 49 53 84 90 91 96
4
6 40 79 98
10
25 28 42 52 66 69 76 78 86 91
7
24 40 59 64 71 87 88
9
5 7 9 17 33 38 60 86 98
5
2 23 35 50 97
5
1 4 23 39 72
8
3 4 24 36 49 74 78 100
6
4 5 23 34 73 88
6
21 24 37 53 74 99
