150 300
1.0 1.0 1.0 1.0 1.0 1.0 1.0 1.0 1.0 1.0 1.0 1.0 1.0 1.0 1.0 1.0 1.0 1.0 1.0 1.0 1.0 1.0 1.0 1.0 1.0 1.0 1.0 1.0 1.0 1.0 1.0 1.0 1.0 1.0 1.0 1.0 1.0 1.0 1.0 1.0 1.0 1.0 1.0 1.0 1.0 1.0 1.0 1.0 1.0 1.0 1.0 1.0 1.0 1.0 1.0 1.0 1.0 1.0 1.0 1.0 1.0 1.0 1.0 1.0 1.0 1.0 1.0 1.0 1.0 1.0 1.0 1.0 1.0 1.0 1.0 1.0 1.0 1.0 1.0 1.0 1.0 1.0 1.0 1.0 1.0 1.0 1.0 1.0 1.0 1.0 1.0 1.0 1.0 1.0 1.0 1.0 1.0 1.0 1.0 1.0 1.0 1.0 1.0 1.0 1.0 1.0 1.0 1.0 1.0 1.0 1.0 1.0 1.0 1.0 1.0 1.0 1.0 1.0 1.0 1.0 1.0 1.0 1.0 1.0 1.0 1.0 1.0 1.0 1.0 1.0 1.0 1.0 1.0 1.0 1.0 1.0 1.0 1.0 1.0 1.0 1.0 1.0 1.0 1.0 1.0 1.0 1.0 1.0 1.0 1.0 1.0 1.0 1.0 1.0 1.0 1.0 1.0 1.0 1.0 1.0 1.0 1.0 1.0 1.0 1.0 1.0 1.0 1.0 1.0 1.0 1.0 1.0 1.0 1.0 1.0 1.0 1.0 1.0 1.0 1.0 1.0 1.0 1.0 1.0 1.0 1.0 1.0 1.0 1.0 1.0 1.0 1.0 1.0 1.0 1.0 1.0 1.0 1.0 1.0 1.0 1.0 1.0 1.0 1.0 1.0 1.0 1.0 1.0 1.0 1.0 1.0 1.0 1.0 1.0 1.0 1.0 1.0 1.0 1.0 1.0 1.0 1.0 1.0 1.0 1.0 1.0 1.0 1.0 1.0 1.0 1.0 1.0 1.0 1.0 1.0 1.0 1.0 1.0 1.0 1.0 1.0 1.0 1.0 1.0 1.0 1.0 1.0 1.0 1.0 1.0 1.0 1.0 1.0 1.0 1.0 1.0 1.0 1.0 1.0 1.0 1.0 1.0 1.0 1.0 1.0 1.0 1.0 1.0 1.0 1.0 1.0 1.0 1.0 1.0 1.0 1.0 1.0 1.0 1.0 1.0 1.0 1.0 1.0 1.0 1.0 1.0 1.0 1.0 1.0 1.0 1.0 1.0 1.0 1.0 1.0 1.0 1.0 1.0 1.0 1.0
28
5 6 12 13 34 44 52 62 71 75 79 92 103 110 129 136 144 171 179 196 206 209 216 223 238 253 256 274
33
1 7 15 31 43 55 56 71 76 97 113 119 120 127 131 151 152 154 159 172 176 184 196 205 213 225 244 245 247 256 259 272 292
29
6 11 23 25 27 28 31 47 63 64 72 100 109 113 114 124 156 168 170 175 180 213 217 224 225 251 275 283 291
34
2 7 15 19 20 27 37 49 52 55 83 88 103 107 119 121 147 150 161 180 185 209 217 220 221 229 240 249 259 265 267 269 276 289
25
12 23 32 39 49 50 69 81 112 122 124 154 163 174 176 184 189 192 211 218 231 249 256 277 281
20
12 13 50 58 77 85 87 94 122 126 128 159 167 183 186 192 203 206 213 273
24
6 35 43 45 47 57 58 88 95 100 103 107 164 177 178 179 191 205 210 225 236 243 279 283
28
20 53 66 79 82 84 87 97 100 114 134 136 163 172 182 195 199 203 207 209 228 249 266 274 276 285 291 296
37
5 6 8 17 20 24 26 50 56 65 77 86 89 90 95 103 109 113 115 124 136 149 152 153 172 189 208 218 242 245 247 253 258 259 264 278 299
29
8 31 36 47 57 67 74 113 118 119 128 134 157 171 174 182 201 204 209 216 218 223 230 240 261 268 280 283 291
29
5 29 33 36 51 62 70 79 101 107 124 142 145 168 170 173 193 203 205 206 210 230 243 248 258 269 271 278 294
36
20 31 33 38 45 61 80 87 92 94 99 105 112 120 122 139 141 150 165 173 180 188 190 191 193 208 213 219 220 242 245 266 267 279 280 290
26
6 8 12 15 26 34 54 57 67 71 94 121 126 129 162 173 201 203 206 224 238 255 277 279 282 300
31
2 4 7 22 39 41 44 48 56 66 68 70 71 76 108 143 157 166 172 173 178 181 203 211 214 215 237 242 260 293 294
29
2 15 18 22 24 56 71 72 79 90 104 116 124 126 128 135 139 147 162 169 175 182 209 214 218 237 259 260 288
31
21 30 33 37 46 56 68 69 77 86 87 97 99 104 130 145 147 165 170 171 172 177 194 200 202 208 217 226 239 247 298
22
21 22 46 64 84 92 95 102 128 129 138 203 208 222 224 242 244 258 260 261 268 285
32
1 10 18 19 20 31 33 41 49 53 75 78 80 81 83 89 96 104 113 116 141 147 174 182 189 194 205 216 232 247 270 287
28
7 9 10 15 16 26 35 53 69 88 93 108 136 139 162 175 181 182 194 218 235 248 260 263 268 269 279 283
17
28 47 57 59 65 84 100 102 146 170 197 206 209 228 236 240 266
39
7 9 15 29 30 35 51 55 59 72 73 81 86 89 92 107 115 132 135 136 140 142 145 149 171 173 186 200 214 217 233 237 246 256 259 273 276 292 297
36
17 22 35 36 45 47 48 61 65 66 75 80 81 89 91 122 134 138 143 146 149 174 178 179 188 190 202 203 231 241 252 253 255 257 278 282
25
1 7 20 45 88 92 93 94 100 102 109 124 151 159 192 207 221 235 237 241 249 251 274 277 295
33
2 6 17 21 29 50 52 55 58 80 81 83 93 96 97 128 141 146 169 170 174 177 187 189 191 194 198 206 209 226 241 259 288
30
7 22 40 71 76 81 83 104 105 128 136 139 142 163 177 179 196 198 202 203 211 223 233 251 259 268 280 291 297 300
37
12 15 16 25 27 32 42 44 49 52 56 57 59 77 79 83 86 122 123 146 150 163 164 169 180 185 200 227 234 248 249 259 265 287 292 299 300
26
7 51 63 80 81 105 120 121 126 139 147 148 161 175 176 205 215 220 229 242 254 265 282 283 288 295
19
15 45 46 69 70 104 107 108 116 118 121 189 195 201 208 219 243 244 285
24
2 16 17 44 51 65 77 88 95 99 101 145 158 170 194 196 211 231 253 261 262 270 278 279
32
1 7 32 46 54 61 73 86 96 99 103 106 108 110 118 132 158 177 178 179 184 191 193 207 225 228 232 235 282 288 294 298
30
2 11 15 31 33 38 73 93 100 125 138 146 161 183 194 197 199 221 228 231 233 236 243 250 256 269 277 287 298 300
29
4 5 9 14 32 51 57 72 79 108 113 115 126 127 143 160 161 164 169 190 211 225 243 247 256 261 272 280 281
27
4 9 12 21 27 51 55 68 70 71 92 102 122 124 125 147 168 177 191 193 214 219 236 243 244 260 296
27
3 7 32 38 45 64 76 79 86 101 109 116 121 134 180 184 186 204 212 220 223 234 235 269 287 288 295
44
14 15 35 41 42 47 50 53 55 56 58 74 76 81 90 96 112 113 121 129 131 137 142 145 153 163 167 170 174 177 178 199 205 213 225 238 251 253 269 272 280 282 283 287
33
9 39 41 52 79 89 90 105 106 111 127 128 130 134 142 159 160 168 182 184 188 189 197 202 203 204 214 223 233 260 275 280 292
36
4 6 10 17 19 27 30 34 45 51 52 54 57 58 86 91 145 181 187 189 190 194 210 211 216 224 240 249 255 257 267 268 275 282 290 293
34
1 6 8 12 26 48 58 63 80 81 93 97 105 107 122 123 124 131 159 191 197 234 235 239 247 248 264 274 282 283 289 292 294 298
22
1 2 31 42 43 56 64 74 89 103 128 147 171 184 225 237 238 255 263 286 291 297
23
34 39 75 76 77 78 108 111 119 128 136 161 166 184 192 197 206 214 242 266 282 286 295
25
6 8 16 51 65 73 99 126 134 136 148 156 170 175 180 184 192 205 211 227 228 247 268 280 300
41
2 5 10 12 23 28 29 37 46 53 57 58 64 71 72 88 90 99 101 103 108 110 118 137 145 180 188 193 194 202 220 225 227 237 246 255 258 262 264 272 299
32
11 14 25 35 55 62 68 74 76 78 83 86 107 115 134 156 160 163 164 167 189 194 196 199 225 226 232 238 254 271 274 282
34
2 7 16 20 47 54 69 80 81 105 107 122 125 133 144 154 159 178 182 184 203 208 228 252 257 262 266 267 273 278 280 281 292 295
36
14 15 22 24 31 34 38 40 48 61 76 86 111 119 124 131 147 154 157 168 174 197 204 206 207 211 224 229 239 240 250 260 261 282 293 297
23
59 78 128 146 149 154 160 174 181 187 211 217 232 247 254 255 265 275 281 288 295 298 299
25
27 52 55 65 76 92 103 118 134 142 161 166 167 172 185 198 201 225 226 241 264 278 284 291 297
45
13 18 19 20 25 27 30 46 48 50 55 74 75 88 92 97 99 102 109 113 115 127 136 151 159 164 168 173 174 177 182 185 188 197 205 228 231 236 242 249 251 268 274 285 297
28
4 6 10 11 12 23 27 34 37 46 50 59 67 97 107 110 127 133 140 170 174 192 201 202 214 228 290 291
23
4 9 54 79 120 124 137 153 154 161 165 166 178 196 204 218 223 225 239 250 258 273 298
29
29 45 82 107 109 128 147 149 161 170 174 184 188 192 195 197 205 212 221 224 237 244 250 267 271 281 283 294 300
18
16 18 28 112 127 142 163 168 171 186 188 202 203 209 252 268 281 294
40
10 20 24 25 33 37 45 47 50 51 64 69 76 90 102 114 127 128 131 132 154 158 179 181 184 199 200 204 205 219 226 232 244 245 259 260 286 292 297 300
24
14 45 57 59 72 73 93 95 113 123 128 146 165 198 209 220 223 226 241 272 277 287 288 299
26
10 22 28 82 96 103 120 121 149 157 162 171 176 178 190 191 208 220 224 232 244 245 256 276 283 291
34
5 11 29 36 55 66 68 74 102 104 108 113 114 122 144 145 159 172 175 176 177 192 213 218 226 227 229 252 256 263 282 288 289 297
36
8 33 41 54 68 69 77 78 82 87 91 94 112 114 122 125 137 139 140 178 180 183 188 195 208 213 214 226 235 250 256 262 271 273 293 299
32
12 13 14 17 34 62 77 85 89 95 96 130 138 162 170 183 195 200 202 207 217 226 234 245 248 249 252 258 259 278 292 294
31
3 7 8 17 24 32 37 42 56 68 71 77 89 99 113 131 171 181 185 188 191 192 209 234 245 256 262 277 289 297 300
26
6 12 15 17 43 52 57 86 90 99 131 141 156 162 182 212 223 225 229 236 245 263 267 280 283 294
31
6 8 28 31 33 43 56 70 95 96 116 130 148 151 172 175 204 209 220 223 245 251 253 256 261 268 274 279 280 282 283
28
22 32 33 38 39 42 61 81 88 93 111 148 162 168 169 177 185 189 205 211 217 238 241 257 260 266 273 279
24
12 37 42 49 57 74 79 89 92 106 108 113 136 176 196 213 247 260 261 263 277 282 285 290
31
17 19 22 28 34 51 53 54 56 73 78 96 98 99 101 103 107 131 133 149 152 163 170 196 201 202 214 243 254 263 267
26
24 28 61 65 78 103 145 150 153 163 180 197 205 213 224 244 254 258 264 265 273 280 282 291 296 300
33
1 10 16 19 24 31 53 65 66 67 83 101 115 116 127 128 140 152 158 190 197 200 205 206 214 221 229 231 244 245 253 259 278
20
10 19 26 37 50 81 82 135 143 157 177 180 181 194 233 239 240 244 281 283
34
1 33 39 44 48 57 66 91 93 106 115 122 123 133 143 152 160 172 177 192 205 214 215 217 230 266 267 268 279 281 282 289 292 299
31
33 43 44 46 51 54 80 88 95 99 116 124 127 138 144 157 163 164 173 176 207 214 218 245 256 263 268 275 279 280 297
23
8 14 28 31 32 40 43 72 82 102 109 130 145 149 188 220 223 242 270 271 286 292 297
26
6 12 26 42 43 49 65 71 72 76 88 101 106 192 193 199 210 217 239 244 250 256 259 265 281 290
27
7 14 48 57 58 66 70 77 80 91 103 106 114 130 134 139 154 157 194 210 211 217 226 250 251 252 260
23
34 62 71 82 87 109 111 114 120 125 131 139 143 152 161 162 164 199 222 260 265 267 275
36
5 7 31 38 52 54 61 73 100 112 116 132 142 174 175 183 186 188 190 196 205 209 213 227 242 244 246 247 259 269 270 279 285 286 295 297
29
4 20 38 60 74 82 100 103 109 111 135 139 141 160 163 167 175 178 195 197 205 211 215 216 275 290 293 298 299
34
14 23 47 59 64 69 80 92 93 98 127 133 137 151 177 178 183 206 207 212 220 225 241 247 257 261 264 265 270 290 295 296 298 299
36
28 35 48 51 62 63 68 76 98 99 117 119 146 158 163 166 175 177 186 202 209 212 213 215 230 235 239 246 249 251 259 264 265 272 285 299
27
14 51 86 87 91 93 101 108 118 123 128 151 153 175 178 191 199 205 224 236 238 248 253 259 260 269 270
21
1 10 33 42 47 54 78 87 113 130 151 153 157 170 171 176 223 227 238 240 299
24
2 5 25 29 47 56 58 66 79 98 104 119 121 130 143 150 156 157 196 212 216 250 270 278
31
12 17 29 36 42 46 51 52 66 82 96 107 141 147 148 159 160 162 174 186 203 205 215 225 234 243 250 252 278 280 281
29
4 9 48 56 60 66 79 81 82 85 87 88 91 92 99 101 113 127 134 157 164 199 209 232 242 267 286 296 300
29
11 22 54 65 71 83 102 112 114 141 146 158 166 169 179 182 204 206 210 235 243 251 260 266 272 279 280 287 291
40
2 14 28 33 39 44 47 55 65 90 96 98 101 111 124 128 138 157 161 167 181 199 203 205 209 213 216 218 224 226 229 236 240 244 258 265 279 280 294 298
30
1 9 15 21 43 47 50 54 71 82 83 101 105 128 132 153 155 179 185 193 206 212 213 256 262 272 275 292 293 297
34
35 39 54 55 79 99 101 121 123 126 130 138 141 147 150 154 177 181 188 202 205 213 220 221 223 227 230 233 256 276 280 287 293 294
36
19 29 41 49 53 56 61 64 69 70 114 118 141 145 151 165 166 169 170 171 178 183 185 190 193 209 210 218 226 236 237 241 242 268 271 298
32
9 20 24 31 43 50 53 59 61 77 119 128 130 145 163 165 172 202 203 204 214 215 225 232 240 247 252 264 284 286 287 292
35
2 3 38 47 55 62 78 81 82 83 92 94 99 123 131 133 138 158 162 180 184 199 210 217 220 221 253 268 269 274 283 289 290 297 299
38
1 10 14 22 24 31 35 38 42 62 65 72 95 100 104 113 117 133 140 148 150 161 167 191 197 201 206 208 220 221 227 244 272 275 287 289 296 299
33
12 22 25 36 37 38 41 52 70 92 107 113 115 123 138 151 163 168 189 199 206 221 240 242 245 247 249 256 258 265 266 274 278
33
21 25 33 44 54 58 59 74 76 85 86 96 118 122 142 145 152 156 166 167 175 180 181 186 188 194 206 236 237 244 251 267 269
25
9 31 37 58 59 72 94 97 110 113 115 156 170 175 200 210 212 227 240 245 262 270 274 278 286
30
1 4 22 23 49 55 62 84 89 96 99 120 126 136 144 148 155 171 173 174 180 199 205 206 219 223 224 225 229 264
27
11 16 40 42 49 67 70 86 94 95 114 138 142 144 157 163 174 175 188 198 214 218 222 228 246 248 267
26
4 14 18 29 43 47 53 57 72 78 83 105 124 134 139 150 153 165 179 219 245 260 263 274 280 293
30
11 32 38 53 55 64 96 99 128 145 158 164 174 178 186 189 193 215 218 223 226 229 230 242 244 252 259 277 283 289
29
20 38 57 60 64 70 74 75 76 80 104 106 108 139 155 168 173 174 179 183 187 188 190 199 205 228 254 270 275
30
15 16 53 74 82 85 92 110 111 118 119 135 141 142 146 158 166 167 174 187 201 221 223 225 253 269 274 283 286 297
26
21 44 48 56 67 74 76 88 90 105 117 128 142 152 183 186 187 195 210 215 226 228 240 268 269 290
36
1 4 18 24 25 50 54 60 66 72 91 92 96 106 108 111 112 123 125 143 148 151 160 161 195 196 213 225 237 253 254 271 284 286 296 300
37
3 13 14 39 44 46 59 68 71 79 100 104 116 134 138 140 146 151 165 187 193 200 206 207 238 239 241 242 253 260 268 271 272 274 280 282 288
26
1 4 7 17 20 30 51 58 69 75 89 97 100 107 120 136 167 176 180 196 197 240 263 273 277 282
24
2 14 37 52 53 62 82 101 118 134 135 137 155 163 169 188 193 194 205 231 243 253 269 277
22
4 5 12 13 53 58 59 62 69 91 115 129 134 135 166 175 181 182 226 255 262 287
24
27 50 87 88 99 123 141 142 149 164 174 177 186 189 199 219 225 236 256 270 274 281 287 290
21
65 71 72 74 76 86 87 90 102 122 156 161 188 198 227 233 235 237 253 265 291
27
19 26 39 64 71 75 77 92 107 114 118 139 154 175 192 211 221 225 226 227 232 233 239 247 248 271 285
29
6 7 10 38 51 53 56 63 68 78 92 105 115 122 134 138 171 177 178 191 195 217 222 223 255 267 280 284 288
28
5 23 25 38 50 58 69 70 83 97 111 115 124 130 151 160 169 181 196 202 233 245 264 271 278 280 291 299
23
22 51 55 56 86 106 113 120 132 138 144 159 165 174 182 221 234 240 244 245 266 291 300
31
5 6 42 43 49 71 72 76 78 81 88 96 108 117 129 131 132 134 135 143 148 191 207 211 214 218 225 255 264 275 294
37
1 2 8 37 41 48 59 61 64 67 71 74 87 95 104 116 127 131 133 142 145 175 183 197 203 206 218 225 228 240 248 256 258 282 283 285 297
29
16 17 24 27 32 35 44 46 48 55 82 85 93 129 137 148 165 174 183 198 201 204 216 254 276 277 288 297 299
24
13 27 30 31 33 38 46 48 63 81 113 122 136 158 181 201 209 236 238 250 263 268 271 292
28
8 22 24 25 27 30 34 68 74 78 84 96 106 121 148 149 153 155 166 169 172 176 177 213 271 275 278 279
30
20 26 39 41 46 54 63 86 97 115 120 124 132 134 135 146 148 150 164 186 202 207 210 246 266 269 285 292 296 300
24
17 70 114 135 136 139 144 145 146 154 163 169 197 204 207 213 232 244 248 270 271 285 295 296
32
17 30 32 37 45 58 79 89 93 123 132 133 139 141 144 159 162 171 188 202 206 218 220 227 249 252 265 266 268 271 288 300
31
8 14 22 25 34 48 49 70 99 102 118 122 152 155 157 166 193 201 203 209 220 223 233 236 237 251 275 284 293 295 297
31
6 18 44 54 60 62 86 97 107 113 119 122 124 127 129 134 154 164 167 191 195 210 211 224 235 256 262 267 268 279 297
25
10 40 45 77 80 84 86 113 170 178 185 217 218 230 238 245 253 257 265 270 271 282 293 295 297
31
10 20 31 59 63 68 84 90 93 98 100 107 108 111 112 122 127 134 141 150 151 165 168 177 179 185 189 194 237 247 266
24
13 23 41 76 99 123 124 133 141 147 177 180 188 196 221 227 233 238 247 248 257 262 272 279
24
1 3 21 27 38 55 87 107 128 132 133 160 161 174 192 196 216 223 228 229 251 259 275 297
34
2 10 20 29 33 42 51 53 73 77 92 96 97 104 108 119 133 137 167 177 178 183 186 188 205 206 220 222 245 263 266 278 284 298
25
6 25 27 45 49 53 55 57 60 105 135 137 159 164 192 198 200 204 207 222 261 263 269 272 274
28
5 18 32 40 41 51 54 82 99 104 105 131 145 176 177 187 190 199 208 218 224 233 241 245 265 284 294 295
31
10 11 17 26 40 53 57 74 80 83 84 90 94 113 120 127 139 144 150 153 155 158 206 232 233 272 273 284 290 292 299
16
2 15 30 82 83 118 123 136 153 163 180 260 270 292 293 299
27
5 17 19 30 37 55 56 73 80 124 125 127 137 138 142 152 155 183 208 211 216 231 246 248 262 289 299
28
16 32 36 43 46 49 70 82 88 95 100 116 117 132 135 172 181 186 217 231 232 243 252 266 268 269 280 287
37
13 25 27 33 43 47 58 76 84 86 94 97 103 105 120 149 168 169 171 180 185 196 199 202 210 220 231 238 241 245 251 254 270 274 292 296 297
30
9 14 20 22 39 61 63 89 94 98 102 106 111 141 149 175 177 200 204 215 220 224 249 254 264 279 284 290 292 296
23
2 25 43 46 55 60 61 63 65 76 124 126 133 178 201 212 213 221 230 274 279 295 297
30
26 29 42 65 117 118 147 155 159 172 177 188 194 195 227 228 229 246 255 257 266 268 274 276 280 281 283 290 293 296
24
4 8 11 24 33 48 61 69 73 95 121 136 141 144 145 185 186 201 217 222 235 249 254 262
33
6 7 17 21 23 26 31 40 56 68 73 81 88 92 108 115 122 132 143 145 169 198 229 233 245 251 254 269 286 289 290 296 298
31
2 4 8 14 17 31 35 42 53 55 75 76 80 84 98 117 118 120 161 165 170 174 189 210 219 239 248 259 285 289 299
26
20 33 39 61 78 91 98 103 120 127 131 140 142 178 180 182 201 206 212 214 244 249 254 259 276 296
27
13 14 17 47 51 56 57 60 76 95 97 131 139 184 192 204 209 216 226 228 249 253 275 285 286 288 298
25
19 22 37 61 93 96 98 113 118 124 128 138 169 173 202 208 212 217 226 228 233 234 288 291 295
35
13 18 29 42 54 72 80 81 84 90 109 120 122 127 129 152 153 175 179 184 199 204 207 224 226 231 232 234 240 243 252 259 265 276 288
29
4 18 36 40 48 51 62 67 104 107 122 128 130 140 148 153 156 160 189 209 214 221 255 257 273 283 285 293 295
28
43 54 80 83 85 102 106 122 131 132 133 134 146 151 157 162 178 216 220 234 237 240 244 247 276 282 284 288
28
18 19 21 44 45 47 56 62 69 78 80 89 94 102 103 124 146 150 157 177 181 197 212 215 261 284 298 300
29
11 13 28 49 52 60 86 92 113 120 128 130 142 147 169 178 180 190 195 201 203 210 212 224 243 274 286 291 293
33
4 10 51 53 56 61 75 79 82 83 86 88 104 108 113 135 144 149 163 172 180 190 194 210 214 228 230 238 250 259 263 276 298
28
6 44 49 55 65 70 94 95 104 110 115 145 147 172 173 179 204 209 213 215 216 222 242 253 259 276 296 298
33
11 20 23 48 51 62 71 73 92 97 103 107 108 123 135 153 161 163 181 187 189 200 203 205 206 211 238 244 256 265 273 289 291
