50 100
1.0 1.0 1.0 1.0 1.0 1.0 1.0 1.0 1.0 1.0 1.0 1.0 1.0 1.0 1.0 1.0 1.0 1.0 1.0 1.0 1.0 1.0 1.0 1.0 1.0 1.0 1.0 1.0 1.0 1.0 1.0 1.0 1.0 1.0 1.0 1.0 1.0 1.0 1.0 1.0 1.0 1.0 1.0 1.0 1.0 1.0 1.0 1.0 1.0 1.0 1.0 1.0 1.0 1.0 1.0 1.0 1.0 1.0 1.0 1.0 1.0 1.0 1.0 1.0 1.0 1.0 1.0 1.0 1.0 1.0 1.0 1.0 1.0 1.0 1.0 1.0 1.0 1.0 1.0 1.0 1.0 1.0 1.0 1.0 1.0 1.0 1.0 1.0 1.0 1.0 1.0 1.0 1.0 1.0 1.0 1.0 1.0 1.0 1.0 1.0
5
18 29 36 67 86
10
10 23 30 45 47 54 69 70 83 95
8
14 27 33 52 57 65 68 69
13
8 14 16 20 30 34 38 41 55 59 77 89 92
11
8 31 37 47 50 51 54 57 81 87 89
11
2 29 30 36 45 50 80 89 91 92 100
8
4 6 23 24 43 63 80 81
10
10 22 29 35 57 64 71 84 88 98
7
5 10 35 43 74 90 92
11
5 11 13 18 21 25 32 33 49 67 75
9
2 6 21 22 23 26 53 55 69
5
6 47 66 84 96
14
3 7 21 24 30 31 45 50 52 55 57 64 67 68
9
13 22 29 32 42 48 74 90 92
10
9 19 29 41 59 70 80 83 91 97
10
6 13 38 56 60 67 72 76 78 80
10
2 34 38 39 51 58 63 64 66 73
8
23 29 34 45 46 56 61 78
9
5 6 7 8 20 41 50 54 61
4
2 41 59 88
10
5 6 25 40 60 73 76 80 86 91
13
2 4 6 17 18 25 40 62 68 80 85 91 92
10
3 11 25 28 45 50 65 86 91 92
8
35 39 46 53 55 68 72 84
13
1 6 10 14 23 28 35 57 65 79 82 88 98
8
23 34 44 47 56 64 70 72
21
4 16 24 28 35 42 48 49 54 55 60 64 65 70 71 83 87 88 90 92 98
12
1 32 35 45 54 58 65 66 90 95 96 98
9
13 14 22 23 51 56 60 86 94
12
3 13 16 26 34 51 55 56 70 79 87 90
9
9 10 25 32 41 61 73 87 89
7
19 21 53 66 73 80 94
14
5 13 18 25 30 33 45 48 55 63 72 81 85 94
10
5 14 27 36 42 45 52 59 69 92
8
14 28 37 44 55 70 72 92
8
3 21 24 31 40 42 61 100
13
3 4 18 23 28 51 57 62 69 85 87 96 100
7
4 11 21 37 42 52 76
8
31 50 69 75 78 86 94 99
13
13 16 22 26 27 30 32 41 50 63 86 90 93
6
22 28 30 70 93 100
9
4 19 27 28 47 50 52 76 93
10
37 58 64 65 71 81 84 89 93 98
9
18 20 21 43 46 48 69 81 88
12
1 14 22 28 31 37 63 66 74 88 90 93
11
2 10 13 15 21 31 42 75 77 79 97
5
19 30 34 68 97
5
10 19 51 79 94
15
9 11 21 36 40 41 43 53 66 74 76 89 94 95 100
12
2 7 16 19 30 37 59 61 78 85 86 100
