100 200
1.0 1.0 1.0 1.0 1.0 1.0 1.0 1.0 1.0 1.0 1.0 1.0 1.0 1.0 1.0 1.0 1.0 1.0 1.0 1.0 1.0 1.0 1.0 1.0 1.0 1.0 1.0 1.0 1.0 1.0 1.0 1.0 1.0 1.0 1.0 1.0 1.0 1.0 1.0 1.0 1.0 1.0 1.0 1.0 1.0 1.0 1.0 1.0 1.0 1.0 1.0 1.0 1.0 1.0 1.0 1.0 1.0 1.0 1.0 1.0 1.0 1.0 1.0 1.0 1.0 1.0 1.0 1.0 1.0 1.0 1.0 1.0 1.0 1.0 1.0 1.0 1.0 1.0 1.0 1.0 1.0 1.0 1.0 1.0 1.0 1.0 1.0 1.0 1.0 1.0 1.0 1.0 1.0 1.0 1.0 1.0 1.0 1.0 1.0 1.0 1.0 1.0 1.0 1.0 1.0 1.0 1.0 1.0 1.0 1.0 1.0 1.0 1.0 1.0 1.0 1.0 1.0 1.0 1.0 1.0 1.0 1.0 1.0 1.0 1.0 1.0 1.0 1.0 1.0 1.0 1.0 1.0 1.0 1.0 1.0 1.0 1.0 1.0 1.0 1.0 1.0 1.0 1.0 1.0 1.0 1.0 1.0 1.0 1.0 1.0 1.0 1.0 1.0 1.0 1.0 1.0 1.0 1.0 1.0 1.0 1.0 1.0 1.0 1.0 1.0 1.0 1.0 1.0 1.0 1.0 1.0 1.0 1.0 1.0 1.0 1.0 1.0 1.0 1.0 1.0 1.0 1.0 1.0 1.0 1.0 1.0 1.0 1.0 1.0 1.0 1.0 1.0 1.0 1.0 1.0 1.0 1.0 1.0 1.0 1.0
22
8 17 23 31 34 39 40 42 66 96 102 110 111 117 119 142 149 151 152 167 170 171
26
6 15 19 24 34 36 45 48 51 68 69 83 84 88 93 108 109 121 124 140 141 152 154 156 159 166
12
2 18 59 63 79 84 93 107 121 139 183 194
22
9 10 13 29 30 33 39 58 63 70 84 91 99 112 121 133 151 155 157 158 165 177
23
1 5 23 26 29 41 46 52 61 62 78 100 103 104 110 114 137 152 155 163 164 182 187
22
13 14 32 42 45 49 60 62 64 71 76 90 100 118 141 145 146 157 158 169 172 183
20
9 29 33 49 86 87 90 94 100 105 112 118 139 148 150 154 160 167 183 189
21
2 4 12 14 41 44 45 47 48 57 66 67 69 83 88 90 100 102 122 138 165
21
5 8 33 46 47 49 60 62 64 68 90 96 105 112 124 126 137 146 163 172 174
17
3 5 8 10 57 72 80 82 91 101 118 131 145 146 157 162 192
21
6 12 17 40 44 45 46 48 56 63 74 83 96 109 125 139 142 154 190 195 200
18
13 71 79 86 87 109 114 128 130 136 137 138 141 153 161 178 197 198
29
9 11 48 49 50 58 60 67 69 87 90 93 94 104 113 125 127 133 135 146 150 171 173 175 178 181 191 198 200
21
5 14 16 36 44 49 52 57 69 81 84 86 107 114 132 143 149 154 156 172 181
20
13 17 29 30 31 46 49 55 62 80 83 108 118 120 123 140 183 185 191 198
13
13 45 71 73 78 84 94 95 106 116 167 181 182
16
1 14 40 53 66 69 71 79 87 98 124 156 158 178 186 197
17
13 14 24 28 31 72 75 79 80 96 102 117 129 132 141 177 181
22
6 36 49 51 55 67 69 79 84 89 91 95 96 104 109 117 153 170 175 181 184 193
20
14 35 48 57 65 95 98 108 109 115 126 133 144 145 157 161 172 174 179 190
21
9 20 21 22 72 94 96 115 118 124 130 131 134 136 142 149 160 172 178 189 197
26
2 8 18 26 35 50 59 63 64 86 92 96 102 128 130 152 160 161 162 164 173 176 180 182 183 194
26
1 20 27 29 45 54 62 70 75 82 84 100 102 107 125 129 130 133 134 141 154 165 170 175 183 198
26
13 20 33 40 42 45 47 50 68 72 76 93 98 99 108 114 124 125 126 135 141 155 171 180 193 200
24
4 16 22 29 35 45 54 56 60 67 79 84 86 92 97 118 125 150 156 164 172 175 182 184
18
12 29 47 49 60 67 78 90 102 108 109 113 128 129 145 149 184 187
21
4 11 15 31 41 46 51 53 57 61 64 68 88 89 114 127 136 137 165 177 189
16
40 47 63 68 91 112 118 121 130 151 155 166 177 178 195 199
23
24 26 31 33 53 54 56 64 86 98 125 139 149 150 174 178 181 187 188 189 190 195 198
19
3 16 38 41 81 105 125 134 137 141 147 149 155 158 161 170 174 184 185
14
51 58 77 102 104 110 115 118 121 135 144 145 158 175
22
4 13 28 45 59 82 87 96 106 118 121 132 139 141 159 162 169 171 174 175 185 187
20
10 11 22 24 26 39 53 66 129 140 145 150 155 156 161 164 176 178 186 194
25
8 18 27 30 34 38 42 48 69 75 86 101 105 108 117 118 123 143 147 153 164 171 175 176 179
23
24 28 31 36 39 59 63 66 70 71 72 77 106 121 145 147 149 165 170 175 190 197 200
20
45 57 60 82 88 98 110 111 116 119 121 122 133 142 144 167 169 171 174 184
14
5 8 49 57 64 91 105 117 137 153 168 185 196 197
12
18 27 47 59 71 78 92 104 131 155 170 171
23
10 28 29 40 42 54 60 64 65 99 100 102 111 130 150 159 164 165 180 182 183 197 198
20
26 31 48 67 78 86 88 89 104 110 121 130 139 151 153 160 171 173 183 194
25
6 13 18 31 35 50 66 68 91 102 104 113 121 135 139 141 145 151 154 180 185 186 187 190 191
18
19 23 30 34 35 40 85 102 103 112 120 123 135 144 147 154 160 170
18
5 16 25 28 33 41 45 57 59 68 112 119 135 144 147 155 157 180
19
25 29 33 44 47 66 84 89 99 109 112 123 139 140 154 157 160 175 199
15
1 5 8 28 40 62 81 83 86 89 103 112 151 166 185
17
2 7 9 10 24 41 42 43 66 70 117 125 159 160 161 187 200
14
2 3 27 28 55 80 107 133 150 165 182 183 184 188
24
13 29 46 56 83 90 93 95 96 99 102 105 114 115 125 129 138 140 146 153 159 167 174 197
18
2 12 13 29 32 38 70 93 110 111 113 114 118 148 153 170 183 196
14
1 11 27 84 86 97 109 113 114 124 125 153 198 200
24
4 5 9 12 14 31 50 55 62 72 82 90 97 103 113 133 135 146 172 173 181 182 190 192
21
12 17 26 68 75 77 80 92 94 115 118 131 143 144 146 161 165 169 180 182 185
22
2 29 38 41 54 55 62 73 77 99 106 117 130 133 156 168 170 174 175 177 195 198
16
5 27 34 38 62 78 105 138 158 175 176 182 189 193 197 200
20
5 13 15 19 21 22 43 44 52 61 82 86 90 112 119 130 158 161 171 196
29
7 38 43 47 54 58 60 65 68 71 73 83 84 86 116 128 133 134 137 141 144 145 149 161 164 183 184 189 198
26
7 10 11 15 16 24 26 30 39 53 58 65 70 72 87 92 93 100 111 115 117 119 159 163 183 193
14
2 57 65 90 92 98 102 105 107 122 140 157 171 173
21
14 16 40 49 55 76 81 103 106 116 130 137 140 146 151 169 172 186 190 193 195
22
4 6 16 17 47 49 50 52 55 74 78 86 88 90 100 107 114 116 121 124 154 165
25
3 4 10 13 29 32 36 38 44 65 71 75 77 81 83 87 91 93 114 131 159 160 176 189 199
21
3 4 5 20 31 35 46 53 55 72 91 99 108 123 132 134 135 149 163 184 196
14
12 37 45 72 81 95 99 118 148 172 183 188 191 194
13
10 15 51 71 82 86 105 109 134 135 144 151 188
19
2 5 27 30 42 52 65 91 94 105 133 143 147 155 162 168 186 187 199
19
18 27 29 33 43 47 66 87 93 94 124 142 155 161 173 180 192 197 199
20
4 5 11 13 25 41 54 59 60 73 80 94 114 120 123 124 134 138 147 151
23
2 8 11 14 20 28 36 62 64 69 74 82 85 102 106 123 148 150 160 178 183 189 195
22
11 18 19 44 54 62 84 108 110 113 118 126 143 147 152 160 178 181 183 188 191 197
16
10 12 36 42 68 114 139 155 160 164 176 179 191 197 199 200
18
9 17 18 20 29 52 56 67 73 86 89 94 98 128 137 143 144 164
21
2 9 24 44 50 60 62 67 70 88 97 99 118 123 136 142 149 164 183 186 189
26
6 12 20 30 51 56 58 60 63 67 74 85 91 92 119 128 140 144 148 156 162 163 167 169 177 198
19
2 7 13 17 24 27 28 35 66 67 81 102 118 127 146 176 188 193 194
20
9 15 17 23 32 50 53 60 72 80 82 90 92 119 120 147 156 162 164 174
15
11 28 47 61 78 91 99 131 133 145 148 161 162 163 177
25
14 25 28 40 41 42 56 61 62 69 70 80 99 106 107 111 113 134 154 165 171 185 191 193 196
23
1 10 13 20 23 30 31 53 55 62 99 100 104 116 118 120 129 131 136 161 173 176 195
15
4 16 38 54 55 57 60 89 111 112 129 133 153 192 193
21
14 26 29 38 39 41 42 48 66 77 92 100 105 136 138 140 159 163 174 187 200
17
16 35 39 65 75 80 83 94 98 103 123 131 140 162 169 172 184
20
10 11 12 14 22 57 64 71 86 113 119 123 126 127 141 146 160 171 184 187
19
20 21 23 28 36 39 41 47 57 85 93 97 113 120 129 136 179 190 196
19
14 23 30 32 33 34 51 52 69 74 99 115 122 127 146 165 167 175 181
28
16 36 37 40 42 43 48 49 50 52 58 88 89 90 93 99 113 130 131 142 143 146 148 163 171 174 192 200
15
8 15 29 35 36 71 99 109 123 127 130 141 151 164 171
16
5 29 50 52 54 59 61 95 96 103 104 106 141 153 163 192
16
4 11 33 57 68 73 98 99 125 133 161 163 164 188 192 199
24
11 17 33 51 52 53 57 60 67 69 77 91 96 97 108 129 141 142 159 172 179 186 196 197
25
11 16 19 22 35 48 56 60 75 79 85 88 104 110 113 125 138 140 145 162 168 174 194 196 199
31
1 2 7 15 18 22 24 25 40 50 72 73 75 84 89 97 112 114 134 137 141 148 156 160 163 165 174 175 188 189 192
21
2 17 18 20 33 40 44 45 77 79 80 102 105 118 130 144 146 151 158 185 189
19
3 28 44 49 55 56 63 77 85 87 94 112 117 133 143 156 159 165 193
21
10 25 27 35 37 44 47 50 78 83 97 105 114 117 124 140 144 154 159 164 174
12
14 17 28 41 43 72 85 100 106 140 159 177
17
5 12 14 16 22 29 64 85 90 93 101 117 133 138 143 151 168
20
14 19 31 53 64 70 83 127 152 164 165 168 170 171 177 178 185 188 190 193
24
3 7 18 39 44 64 75 80 87 94 100 118 119 128 134 135 148 162 166 170 177 185 191 196
16
3 35 36 37 63 71 74 75 109 118 122 129 160 164 172 180
22
6 14 21 26 33 34 35 74 94 97 100 108 110 128 144 155 164 179 181 187 188 193
