150 300
1.0 1.0 1.0 1.0 1.0 1.0 1.0 1.0 1.0 1.0 1.0 1.0 1.0 1.0 1.0 1.0 1.0 1.0 1.0 1.0 1.0 1.0 1.0 1.0 1.0 1.0 1.0 1.0 1.0 1.0 1.0 1.0 1.0 1.0 1.0 1.0 1.0 1.0 1.0 1.0 1.0 1.0 1.0 1.0 1.0 1.0 1.0 1.0 1.0 1.0 1.0 1.0 1.0 1.0 1.0 1.0 1.0 1.0 1.0 1.0 1.0 1.0 1.0 1.0 1.0 1.0 1.0 1.0 1.0 1.0 1.0 1.0 1.0 1.0 1.0 1.0 1.0 1.0 1.0 1.0 1.0 1.0 1.0 1.0 1.0 1.0 1.0 1.0 1.0 1.0 1.0 1.0 1.0 1.0 1.0 1.0 1.0 1.0 1.0 1.0 1.0 1.0 1.0 1.0 1.0 1.0 1.0 1.0 1.0 1.0 1.0 1.0 1.0 1.0 1.0 1.0 1.0 1.0 1.0 1.0 1.0 1.0 1.0 1.0 1.0 1.0 1.0 1.0 1.0 1.0 1.0 1.0 1.0 1.0 1.0 1.0 1.0 1.0 1.0 1.0 1.0 1.0 1.0 1.0 1.0 1.0 1.0 1.0 1.0 1.0 1.0 1.0 1.0 1.0 1.0 1.0 1.0 1.0 1.0 1.0 1.0 1.0 1.0 1.0 1.0 1.0 1.0 1.0 1.0 1.0 1.0 1.0 1.0 1.0 1.0 1.0 1.0 1.0 1.0 1.0 1.0 1.0 1.0 1.0 1.0 1.0 1.0 1.0 1.0 1.0 1.0 1.0 1.0 1.0 1.0 1.0 1.0 1.0 1.0 1.0 1.0 1.0 1.0 1.0 1.0 1.0 1.0 1.0 1.0 1.0 1.0 1.0 1.0 1.0 1.0 1.0 1.0 1.0 1.0 1.0 1.0 1.0 1.0 1.0 1.0 1.0 1.0 1.0 1.0 1.0 1.0 1.0 1.0 1.0 1.0 1.0 1.0 1.0 1.0 1.0 1.0 1.0 1.0 1.0 1.0 1.0 1.0 1.0 1.0 1.0 1.0 1.0 1.0 1.0 1.0 1.0 1.0 1.0 1.0 1.0 1.0 1.0 1.0 1.0 1.0 1.0 1.0 1.0 1.0 1.0 1.0 1.0 1.0 1.0 1.0 1.0 1.0 1.0 1.0 1.0 1.0 1.0 1.0 1.0 1.0 1.0 1.0 1.0 1.0 1.0 1.0 1.0 1.0 1.0 1.0 1.0 1.0 1.0 1.0 1.0
16
29 37 55 71 83 100 114 121 130 175 186 201 227 262 282 285
13
31 73 85 100 121 141 161 207 237 264 278 281 293
13
3 44 99 107 140 164 204 213 230 232 250 259 296
15
30 38 74 78 86 126 144 176 230 235 241 243 259 266 296
19
51 72 87 96 98 111 121 122 144 152 175 180 215 232 239 242 273 282 289
16
30 44 58 89 112 135 136 167 185 203 206 224 232 241 257 262
13
36 70 149 166 205 220 223 236 255 284 290 293 296
17
2 17 21 45 88 101 115 137 160 178 183 190 195 197 221 282 293
12
2 11 25 28 113 152 162 172 202 275 284 293
10
17 70 128 129 138 147 178 182 189 276
11
18 19 116 142 165 167 213 230 244 248 269
18
6 11 18 33 76 83 121 141 146 153 156 163 168 203 217 255 278 291
17
1 4 46 73 92 95 96 105 136 153 176 181 198 218 221 261 290
17
2 7 27 43 78 85 112 135 174 179 186 232 261 274 282 292 293
11
82 104 113 120 133 141 169 209 218 238 295
22
35 49 58 74 79 81 94 111 126 139 146 150 155 160 166 189 193 221 281 289 291 295
9
5 16 20 43 98 115 158 202 293
15
2 23 47 70 168 219 227 237 243 244 251 257 281 282 284
16
2 11 35 44 45 88 90 127 135 160 193 201 213 224 226 231
13
33 39 70 92 93 117 128 139 161 183 209 234 283
17
2 28 62 69 110 123 131 151 162 167 176 178 210 224 225 229 266
18
71 77 105 118 129 142 146 157 164 181 182 191 203 224 265 286 290 295
15
30 46 50 61 88 90 107 112 114 124 178 242 253 272 284
22
4 34 52 77 92 101 111 113 115 122 125 133 154 155 168 183 234 242 252 255 259 272
11
79 81 99 103 164 196 203 205 249 268 299
11
1 17 27 36 75 102 161 222 230 275 280
14
3 14 19 69 86 90 98 109 150 160 184 242 243 292
10
24 117 129 150 174 210 224 252 277 286
14
22 40 128 142 180 215 230 242 246 249 259 260 271 286
14
8 34 72 86 117 119 129 144 153 201 219 222 227 239
9
59 87 103 109 127 248 266 269 272
18
12 20 46 57 73 78 139 149 178 180 183 201 220 231 269 273 288 298
20
22 26 27 44 107 111 117 152 158 163 166 167 169 195 233 249 253 269 271 285
11
19 84 127 165 201 227 256 274 278 285 295
19
8 29 31 38 80 89 122 130 159 177 186 197 207 226 245 262 274 284 298
10
82 106 114 130 155 226 227 242 284 299
19
7 9 20 54 65 76 89 103 138 159 170 178 194 222 236 248 278 288 300
16
45 46 59 77 122 137 144 152 156 201 204 210 233 261 273 296
18
49 56 57 58 95 113 118 120 126 136 142 143 151 161 248 263 274 291
18
9 11 29 54 69 88 91 109 118 141 171 198 199 247 273 278 283 286
21
1 2 7 11 16 29 34 59 63 89 91 92 103 114 129 139 158 178 183 209 228
19
8 51 53 85 108 115 129 170 186 207 221 226 247 259 281 285 286 290 295
10
4 9 83 126 179 209 223 225 248 257
16
2 5 18 22 33 37 40 109 130 146 162 179 186 217 232 260
17
5 7 14 33 48 53 54 65 75 135 141 153 177 184 202 206 209
13
17 18 57 64 118 134 135 145 148 150 168 255 286
14
8 59 93 97 113 135 141 163 171 195 202 243 253 275
13
37 130 147 166 171 201 220 227 233 241 255 259 284
13
5 23 27 55 79 100 126 146 174 186 218 241 298
12
4 13 47 127 129 134 173 215 261 270 283 288
18
3 8 16 33 56 114 126 140 174 177 179 210 250 251 254 280 290 294
19
8 20 25 34 37 53 94 121 139 147 150 163 189 215 224 236 246 254 295
12
17 25 52 55 104 150 199 220 233 254 268 269
8
69 85 86 102 141 194 201 235
14
17 33 68 117 135 158 190 201 204 246 250 287 294 297
6
26 31 233 243 265 290
16
18 27 31 40 80 81 92 98 110 113 130 174 178 239 244 256
12
9 18 25 32 46 50 226 243 268 277 295 296
17
7 11 25 27 33 65 92 95 107 116 119 173 189 230 241 275 300
9
17 40 101 139 143 179 182 214 229
9
6 12 71 73 116 119 157 189 237
17
38 39 47 74 103 135 168 198 205 216 227 237 247 249 262 267 269
19
34 35 59 66 87 91 105 115 131 167 203 224 225 276 278 289 291 296 299
16
51 72 91 99 106 120 123 157 183 184 194 264 269 273 280 287
14
5 11 110 125 132 134 147 194 204 205 239 240 241 273
14
10 23 66 86 97 122 152 176 189 241 262 264 280 294
8
93 123 127 208 224 230 261 292
22
4 16 21 22 36 67 68 82 95 108 119 124 183 226 230 243 248 258 266 283 289 299
13
4 16 18 24 26 36 41 44 60 89 117 198 200
17
61 68 114 134 151 153 164 169 173 181 199 213 217 234 248 267 295
12
55 68 120 134 139 147 151 213 265 277 292 294
17
7 36 49 73 91 129 131 158 174 201 202 203 215 225 244 261 276
22
23 49 75 91 98 99 114 118 176 185 188 190 192 194 212 220 231 232 240 258 262 275
15
30 60 81 98 106 154 159 180 195 203 231 245 248 267 287
14
20 30 71 88 93 102 108 121 122 171 261 262 272 284
17
9 21 61 82 89 109 130 131 137 157 161 174 176 183 197 254 279
14
28 47 49 70 133 134 144 150 173 178 188 219 225 262
12
9 15 68 115 117 125 150 163 175 187 205 289
9
4 5 17 25 35 145 180 182 291
11
3 35 36 44 135 170 190 201 274 278 285
22
20 29 31 39 46 49 63 73 88 108 130 132 155 158 172 191 196 201 206 244 257 296
18
13 32 35 44 49 57 137 142 150 170 187 216 236 243 251 280 283 297
9
35 57 59 82 86 171 210 269 288
9
2 20 116 124 145 149 188 202 271
15
13 21 51 65 115 131 192 198 202 220 230 264 265 271 297
16
42 71 83 99 106 111 133 156 167 168 178 208 221 254 290 297
10
104 117 120 136 153 178 180 219 234 270
17
4 7 16 33 67 70 80 117 121 132 170 173 201 224 250 257 277
13
10 24 35 40 51 62 68 72 90 110 123 129 148
14
4 33 41 60 62 119 135 154 185 189 208 215 217 246
14
8 17 19 65 72 80 94 106 151 152 176 182 194 206
16
22 25 71 72 111 114 117 146 151 152 191 201 207 211 229 232
10
34 80 128 169 177 179 196 217 264 298
16
54 72 108 118 126 134 154 157 169 186 199 208 210 262 268 290
18
5 19 28 72 82 96 106 108 116 117 145 181 198 231 238 245 269 287
17
40 45 57 71 77 84 88 105 185 187 209 210 228 244 259 275 285
15
22 49 56 84 119 130 173 175 180 187 200 202 265 286 289
15
57 74 96 117 149 155 160 182 186 199 201 205 211 223 234
14
39 46 61 121 125 147 167 234 235 242 262 283 295 297
19
13 22 33 91 95 116 130 131 137 145 175 192 198 204 213 238 246 253 297
13
15 18 54 64 102 113 126 180 203 209 241 252 261
19
23 40 58 64 66 78 109 128 131 171 221 234 239 253 282 288 294 295 296
12
18 38 72 86 90 100 163 166 196 247 258 290
20
5 12 17 29 37 84 99 108 126 134 169 218 232 238 242 256 269 277 280 294
10
6 96 123 153 195 197 224 227 228 281
20
19 29 31 48 57 71 96 126 129 136 145 186 204 206 211 236 239 253 267 298
20
32 34 44 55 65 95 114 142 153 167 218 228 232 235 259 260 263 286 295 300
16
6 40 46 47 71 105 108 121 155 169 180 191 212 226 262 264
9
33 39 115 121 146 167 176 189 269
6
70 91 110 169 214 236
18
7 17 18 19 32 69 70 84 144 149 198 221 224 233 246 289 292 298
13
7 8 12 63 83 200 233 237 238 267 284 296 298
23
16 36 40 60 63 79 96 127 129 138 152 154 155 157 169 191 208 209 234 236 246 256 266
17
22 24 40 62 69 82 98 130 131 133 141 175 195 207 218 248 293
12
37 74 95 96 126 130 150 204 239 261 277 278
10
14 43 98 144 195 275 276 287 288 290
13
21 40 82 87 88 125 159 212 221 233 252 259 282
13
2 28 41 57 90 98 111 125 128 152 242 257 297
13
3 56 83 89 130 140 141 207 220 256 257 279 299
19
17 18 48 100 114 121 122 142 152 173 176 187 206 212 253 262 265 272 279
17
28 32 35 40 62 94 114 125 141 153 186 205 238 257 267 269 286
21
28 34 42 80 85 93 99 115 162 168 171 207 212 219 233 237 242 245 248 278 280
11
13 14 36 72 96 148 149 195 225 276 286
14
14 19 34 35 56 120 173 188 209 220 248 255 277 295
13
6 40 54 69 137 168 170 195 247 251 267 284 297
11
13 23 44 62 105 161 170 204 252 270 292
11
1 9 18 57 68 78 150 199 214 226 245
12
10 49 107 122 141 170 201 204 221 254 272 294
20
21 30 41 65 69 71 73 76 80 99 104 108 122 127 153 156 160 268 271 297
11
33 46 74 79 114 121 213 215 242 253 259
16
16 24 35 65 74 121 158 161 172 174 177 178 183 215 216 239
20
16 27 44 52 59 62 70 99 119 134 137 147 149 181 182 184 210 224 255 290
20
19 32 36 74 81 105 109 120 132 146 171 191 201 222 238 242 244 249 271 277
6
75 79 152 190 200 221
17
12 18 51 92 111 115 131 144 146 152 161 170 188 234 236 246 283
13
19 39 131 157 158 160 165 199 213 241 272 274 286
15
5 8 29 37 39 74 105 108 131 147 164 197 223 236 281
15
9 23 42 60 66 73 76 78 139 160 221 229 242 251 276
20
6 21 49 55 69 72 73 82 103 106 114 130 144 176 181 182 234 257 260 262
16
31 40 81 107 117 123 134 136 144 173 174 183 194 206 224 266
23
1 4 24 38 56 78 94 139 145 148 164 172 175 200 212 241 244 254 255 257 270 290 292
14
26 30 59 98 131 154 155 190 195 218 230 234 259 288
14
11 17 19 68 92 135 146 178 188 196 237 270 279 300
13
9 11 13 59 62 64 75 91 119 195 261 286 287
16
40 51 54 68 116 118 120 144 149 154 182 199 219 236 259 274
12
6 7 30 84 140 155 158 199 200 206 211 284
15
12 13 53 54 79 93 133 203 216 250 251 266 269 281 298
5
11 62 88 281 284
4
36 74 173 258
13
23 38 70 90 147 154 180 196 224 231 245 251 263
