150 300
1.0 1.0 1.0 1.0 1.0 1.0 1.0 1.0 1.0 1.0 1.0 1.0 1.0 1.0 1.0 1.0 1.0 1.0 1.0 1.0 1.0 1.0 1.0 1.0 1.0 1.0 1.0 1.0 1.0 1.0 1.0 1.0 1.0 1.0 1.0 1.0 1.0 1.0 1.0 1.0 1.0 1.0 1.0 1.0 1.0 1.0 1.0 1.0 1.0 1.0 1.0 1.0 1.0 1.0 1.0 1.0 1.0 1.0 1.0 1.0 1.0 1.0 1.0 1.0 1.0 1.0 1.0 1.0 1.0 1.0 1.0 1.0 1.0 1.0 1.0 1.0 1.0 1.0 1.0 1.0 1.0 1.0 1.0 1.0 1.0 1.0 1.0 1.0 1.0 1.0 1.0 1.0 1.0 1.0 1.0 1.0 1.0 1.0 1.0 1.0 1.0 1.0 1.0 1.0 1.0 1.0 1.0 1.0 1.0 1.0 1.0 1.0 1.0 1.0 1.0 1.0 1.0 1.0 1.0 1.0 1.0 1.0 1.0 1.0 1.0 1.0 1.0 1.0 1.0 1.0 1.0 1.0 1.0 1.0 1.0 1.0 1.0 1.0 1.0 1.0 1.0 1.0 1.0 1.0 1.0 1.0 1.0 1.0 1.0 1.0 1.0 1.0 1.0 1.0 1.0 1.0 1.0 1.0 1.0 1.0 1.0 1.0 1.0 1.0 1.0 1.0 1.0 1.0 1.0 1.0 1.0 1.0 1.0 1.0 1.0 1.0 1.0 1.0 1.0 1.0 1.0 1.0 1.0 1.0 1.0 1.0 1.0 1.0 1.0 1.0 1.0 1.0 1.0 1.0 1.0 1.0 1.0 1.0 1.0 1.0 1.0 1.0 1.0 1.0 1.0 1.0 1.0 1.0 1.0 1.0 1.0 1.0 1.0 1.0 1.0 1.0 1.0 1.0 1.0 1.0 1.0 1.0 1.0 1.0 1.0 1.0 1.0 1.0 1.0 1.0 1.0 1.0 1.0 1.0 1.0 1.0 1.0 1.0 1.0 1.0 1.0 1.0 1.0 1.0 1.0 1.0 1.0 1.0 1.0 1.0 1.0 1.0 1.0 1.0 1.0 1.0 1.0 1.0 1.0 1.0 1.0 1.0 1.0 1.0 1.0 1.0 1.0 1.0 1.0 1.0 1.0 1.0 1.0 1.0 1.0 1.0 1.0 1.0 1.0 1.0 1.0 1.0 1.0 1.0 1.0 1.0 1.0 1.0 1.0 1.0 1.0 1.0 1.0 1.0 1.0 1.0 1.0 1.0 1.0 1.0
40
7 12 19 20 24 27 29 30 36 40 42 44 59 62 89 90 111 123 127 130 133 143 149 152 159 164 168 182 202 205 218 224 225 232 234 239 247 249 257 274
31
17 18 20 29 34 40 45 54 56 99 100 107 110 116 136 149 158 162 165 169 170 196 210 218 220 226 227 265 286 287 290
24
3 4 13 52 75 98 100 110 115 120 124 126 144 171 174 176 218 219 227 243 244 255 287 299
24
6 9 20 51 95 101 110 113 114 115 127 146 152 153 155 183 205 222 248 252 266 277 289 292
32
7 16 18 42 44 73 94 99 102 104 110 113 131 136 137 158 164 167 192 201 206 209 218 222 229 244 256 260 275 276 284 298
32
2 12 35 51 74 75 83 93 98 113 118 121 141 149 170 176 187 190 195 197 201 222 224 230 241 244 249 252 266 268 272 283
27
9 41 49 79 97 112 119 122 133 135 142 149 157 158 173 193 211 226 241 251 252 262 264 280 281 288 293
36
2 25 34 43 47 48 50 73 82 91 132 137 144 155 158 159 160 174 180 186 200 202 205 211 221 227 229 231 233 255 268 278 285 296 298 300
27
7 8 22 31 33 43 48 54 79 104 126 134 136 143 151 178 187 191 202 206 216 232 238 241 243 246 298
28
1 20 21 38 42 56 79 81 85 88 131 132 147 149 173 175 178 185 215 219 253 259 278 286 288 294 298 299
33
3 9 20 27 31 47 59 70 75 111 137 152 160 167 169 170 174 175 182 183 188 199 201 204 210 213 243 245 266 272 281 283 286
36
12 16 43 52 53 58 65 66 90 102 130 131 136 145 154 161 164 170 174 189 202 206 207 209 212 227 234 239 250 253 261 264 272 290 291 298
23
5 53 57 82 83 106 111 116 122 128 130 181 182 191 199 209 215 236 260 278 285 286 291
29
32 47 51 57 59 61 67 76 81 84 97 105 125 144 146 150 166 179 188 194 218 233 234 236 254 258 265 274 285
26
1 9 20 21 37 38 40 42 90 109 118 122 130 166 182 203 211 217 228 229 241 242 249 261 288 298
31
2 9 12 13 16 23 47 60 67 89 109 116 120 161 164 169 181 187 190 194 197 220 223 239 248 252 257 273 290 292 294
20
2 26 30 33 51 61 84 93 97 102 103 146 149 185 195 204 225 226 239 243
30
13 18 34 39 48 77 91 92 107 121 138 146 147 154 173 182 186 189 223 231 234 241 248 254 265 268 277 278 294 297
29
6 15 18 47 50 69 74 77 79 80 88 129 144 152 155 162 163 181 182 188 196 214 239 246 257 263 271 278 286
20
26 63 68 93 95 103 134 143 150 160 166 167 182 192 216 219 232 283 295 297
36
24 29 56 61 70 71 74 76 85 100 103 117 139 141 149 151 152 160 174 192 198 201 212 217 239 248 254 257 269 273 275 280 282 287 290 294
27
4 9 18 34 64 70 109 111 138 139 159 166 177 185 186 191 207 214 223 230 241 246 247 249 250 264 299
37
16 18 20 27 49 54 62 70 71 76 77 78 80 81 92 98 102 110 131 132 141 144 146 152 160 161 163 176 203 212 220 239 251 256 262 272 281
29
16 39 54 57 60 69 93 100 101 126 127 136 142 144 157 160 168 170 186 197 214 217 218 247 252 256 258 262 288
29
2 5 10 15 28 32 40 45 47 54 62 72 102 110 123 125 129 145 146 149 171 183 184 190 205 211 237 244 274
35
18 21 24 36 44 47 55 57 63 66 81 83 88 96 122 139 147 148 151 170 185 188 199 201 223 229 237 238 242 247 250 254 257 263 266
33
5 10 17 30 33 38 51 52 58 61 69 75 80 81 86 121 130 147 168 170 175 185 190 191 215 217 230 242 247 248 256 292 300
32
1 2 4 16 27 48 54 85 87 88 91 94 95 102 110 143 149 183 184 204 224 239 243 246 250 253 266 272 277 281 291 300
25
12 14 16 52 71 74 85 108 139 144 146 161 166 168 174 178 188 193 217 222 225 233 247 264 270
40
10 24 25 28 35 43 55 78 79 86 102 111 114 115 123 129 130 135 143 145 149 159 186 189 195 197 206 214 225 234 237 245 249 250 255 262 269 278 285 298
35
7 21 24 26 32 34 41 43 45 51 104 110 115 116 120 130 137 142 160 172 183 189 208 213 224 225 226 228 229 260 263 269 292 293 300
26
15 20 21 30 36 37 57 62 63 74 79 84 88 96 113 138 155 167 169 219 233 238 244 248 256 271
23
11 26 63 67 79 80 83 95 115 118 128 129 145 146 149 174 183 192 207 215 223 263 274
28
13 42 48 55 64 73 82 97 116 119 141 148 151 166 168 173 192 196 206 207 209 212 214 252 256 263 275 277
25
8 28 30 35 45 66 69 78 84 95 108 120 156 157 159 160 175 214 220 254 266 277 280 293 295
25
5 8 12 14 27 56 59 67 70 86 97 101 110 115 129 130 132 160 183 191 197 236 240 251 277
27
18 26 37 47 51 52 63 65 67 70 75 79 80 87 95 96 104 106 118 160 183 197 253 257 260 286 299
24
10 11 12 27 60 62 99 100 103 130 139 151 180 212 237 245 264 265 266 267 270 275 278 298
29
3 29 54 67 75 83 92 98 119 125 134 145 161 166 167 184 194 217 218 236 247 248 249 250 260 269 272 275 290
25
10 31 33 46 54 62 80 86 102 126 156 159 169 182 200 206 210 212 216 242 249 250 255 262 281
28
5 8 12 34 40 57 68 85 90 113 132 133 189 196 202 209 217 220 222 224 245 264 266 269 271 272 273 293
38
4 14 19 20 31 33 35 43 48 85 97 104 108 122 124 127 140 155 157 162 164 167 171 174 176 181 198 203 215 242 245 258 266 267 271 272 291 297
36
4 7 14 16 35 40 66 82 92 93 95 98 114 126 147 149 156 162 173 204 216 247 263 266 269 273 274 275 280 282 287 288 290 291 298 299
29
1 2 11 18 24 43 71 72 83 84 92 112 115 122 127 132 152 154 163 166 186 206 228 233 255 270 285 289 295
35
11 16 21 29 35 41 42 54 67 68 84 87 97 104 105 128 146 158 159 198 202 209 212 223 227 228 235 267 268 276 277 281 289 297 298
23
2 11 15 22 62 86 89 96 111 154 155 167 204 235 237 243 251 259 260 264 273 275 297
35
1 6 9 12 38 55 65 66 71 81 104 114 122 127 134 141 145 159 188 189 201 211 219 224 230 250 251 252 257 260 266 282 286 290 293
30
2 6 12 14 18 37 47 54 60 73 99 120 134 140 142 148 150 154 161 172 183 193 220 225 234 250 252 276 293 295
30
8 11 18 22 24 32 37 47 60 64 66 71 76 88 107 114 115 122 139 164 168 176 190 214 239 255 263 264 267 278
30
17 24 26 34 47 69 82 83 87 94 98 100 113 137 142 144 146 166 195 203 204 205 206 209 225 236 242 266 267 292
28
22 31 34 42 50 63 89 130 143 146 152 153 157 166 174 191 196 199 210 223 232 252 257 264 286 292 294 300
25
5 6 48 70 77 117 125 134 139 145 152 155 165 178 181 213 225 234 242 252 261 262 265 290 294
25
16 19 40 53 59 73 107 125 128 135 140 154 164 171 194 202 220 257 259 277 279 280 284 291 294
26
30 43 57 79 95 102 113 131 134 136 140 154 159 165 179 198 203 210 230 231 240 252 257 263 278 298
24
16 19 28 31 37 45 49 93 99 105 118 133 146 180 192 214 220 225 243 270 276 281 288 290
19
11 18 24 26 40 77 125 153 166 175 200 203 216 229 244 247 249 253 300
24
5 20 47 62 66 80 88 102 119 136 159 160 178 188 190 191 201 224 238 247 256 264 267 300
31
1 11 15 19 20 60 76 91 97 99 120 126 131 136 141 153 159 161 168 172 183 192 212 219 223 231 232 236 244 282 297
29
16 25 31 40 46 51 61 63 70 71 82 83 85 91 104 108 110 145 166 168 172 176 191 202 204 228 233 235 253
36
6 15 18 21 28 37 38 40 58 66 67 72 74 75 78 92 125 130 136 141 153 173 179 181 192 194 208 215 217 224 227 230 239 250 265 268
29
11 12 16 42 46 59 61 68 79 83 86 95 108 118 138 152 156 160 180 193 204 222 226 228 237 246 266 269 295
37
6 14 18 24 29 37 42 47 57 79 92 96 102 130 136 146 159 168 180 193 195 196 198 204 206 216 218 220 233 249 259 268 271 278 289 294 298
25
36 52 71 77 84 99 104 105 110 118 123 136 141 151 159 164 166 171 177 183 215 266 269 279 290
37
1 2 4 5 16 18 41 46 53 72 81 87 95 96 103 125 137 157 159 164 170 188 189 192 205 211 215 219 222 226 248 257 258 260 276 282 292
32
3 5 12 15 50 53 70 99 113 118 132 134 150 151 166 181 185 191 203 209 216 217 230 249 258 265 270 271 280 287 298 300
17
2 57 88 91 107 117 144 146 161 181 182 211 220 228 237 239 291
30
2 17 27 29 50 61 85 90 121 130 132 138 166 167 170 181 188 208 213 218 225 228 249 254 260 261 265 273 281 287
28
2 8 42 61 65 85 131 132 148 149 157 187 190 195 196 199 220 224 226 228 244 258 259 263 268 272 281 299
25
37 41 50 62 70 86 107 120 127 135 140 142 153 165 177 178 192 201 221 229 237 246 264 276 281
30
14 25 31 36 55 62 65 66 67 68 72 88 94 100 117 120 128 139 143 145 160 163 166 175 176 200 207 209 228 272
22
15 16 26 28 31 32 42 60 96 116 119 175 179 199 200 205 213 223 225 226 249 294
27
4 10 11 15 19 55 60 65 71 82 99 143 145 150 154 159 198 204 216 227 238 250 271 283 288 294 297
23
28 41 52 54 73 89 116 118 120 126 131 133 159 161 165 166 181 188 202 206 210 256 261
25
40 42 79 87 88 103 118 123 127 130 155 156 158 160 182 198 220 231 237 238 252 254 257 270 296
18
41 54 63 78 83 90 95 114 171 187 188 199 208 246 269 287 293 299
24
2 12 42 78 79 87 89 90 100 118 133 136 152 157 165 181 201 203 210 221 247 263 292 299
27
1 25 41 45 51 73 91 95 102 103 108 110 115 128 165 178 179 189 201 240 247 265 269 274 279 283 295
34
16 22 46 54 60 66 75 79 82 99 100 103 104 112 115 116 141 177 178 180 183 187 196 207 208 211 241 252 256 262 272 274 281 289
34
6 34 35 44 61 81 86 88 91 105 106 123 132 145 198 208 217 222 225 238 239 248 249 250 254 272 277 282 288 293 295 296 297 300
35
11 19 27 31 34 42 65 70 82 88 89 92 100 102 104 106 112 117 121 127 140 145 148 152 163 174 219 226 227 231 253 264 278 285 298
28
9 20 24 57 74 99 117 118 124 131 132 142 156 159 168 183 195 206 211 220 248 255 257 262 288 291 292 300
33
4 13 23 33 34 37 40 48 55 58 59 68 84 100 107 121 127 139 141 146 160 167 214 218 224 237 238 246 250 254 273 289 293
30
2 15 24 25 49 57 60 62 69 73 114 116 126 128 141 146 148 150 171 179 191 196 231 246 258 265 276 284 293 299
31
7 53 65 74 84 88 90 94 108 123 151 163 168 176 177 194 195 202 206 212 215 232 252 264 265 266 267 270 279 285 286
17
8 18 20 84 90 95 98 103 108 110 131 143 164 268 287 292 299
34
14 19 58 66 80 105 116 123 128 139 146 147 151 155 161 165 166 170 178 186 196 200 207 215 233 240 248 260 263 273 290 296 297 299
36
1 16 27 33 34 38 46 62 69 94 115 119 131 134 141 153 155 169 175 179 186 188 193 214 215 223 226 246 249 250 265 268 275 276 283 298
29
25 31 33 63 69 74 80 90 104 123 138 143 155 193 202 206 212 215 228 232 241 257 271 277 284 287 288 291 299
34
6 10 17 23 48 54 56 61 64 73 81 86 90 92 93 96 106 107 111 114 126 128 140 147 155 165 197 200 202 210 248 275 276 279
21
16 33 45 56 58 63 77 78 91 103 111 122 127 128 150 185 216 221 226 268 295
44
40 47 57 60 71 79 96 110 111 112 115 128 129 132 138 142 144 156 167 168 169 173 176 184 193 200 214 215 219 227 234 243 245 249 253 256 270 272 274 276 281 288 290 293
32
16 29 44 46 67 75 97 104 121 131 132 142 150 155 168 179 182 208 209 223 234 238 240 242 246 248 251 270 272 273 277 300
37
2 3 11 13 21 27 35 41 42 43 73 76 85 91 96 106 133 134 142 168 169 171 173 181 182 191 196 197 212 228 230 231 235 239 248 258 269
36
22 31 51 61 65 78 83 86 87 95 97 98 100 102 112 121 122 126 149 157 159 161 170 197 208 226 230 234 237 245 257 262 276 284 287 291
34
7 12 15 23 24 27 35 50 51 59 61 63 74 99 108 118 124 141 148 158 167 184 187 192 209 218 233 238 257 261 268 275 280 282
33
1 14 21 32 38 40 46 47 48 49 66 67 74 94 102 103 118 129 136 139 140 142 211 221 223 243 245 255 272 274 276 279 296
21
15 74 75 86 107 109 113 115 127 130 134 149 154 157 160 182 185 254 260 265 279
29
2 4 9 16 28 53 57 60 63 70 87 88 107 108 138 139 140 179 186 196 211 218 236 237 240 242 289 291 294
28
16 27 44 64 74 78 86 90 108 109 115 116 123 127 130 158 167 202 203 216 230 249 251 260 283 284 297 298
22
1 19 37 41 47 74 83 96 101 107 136 138 140 171 193 198 220 226 246 263 290 294
34
4 7 25 29 34 44 71 79 85 92 94 95 112 118 119 122 126 127 128 130 134 135 147 163 169 174 186 211 219 226 238 240 246 300
30
3 7 17 24 26 30 36 45 51 77 88 89 106 114 123 126 131 135 138 139 143 156 161 163 184 196 197 244 275 291
37
18 27 39 47 52 59 72 73 74 78 86 129 133 136 141 148 153 156 159 164 165 166 177 183 184 189 192 215 218 220 222 228 229 254 259 266 285
32
3 8 11 14 16 17 25 32 42 48 54 60 77 79 80 109 128 140 153 157 166 174 183 227 230 232 236 260 261 281 284 290
26
14 31 33 40 41 83 84 86 104 109 116 134 166 175 176 179 182 186 188 189 216 247 249 281 292 295
26
25 28 45 48 57 65 72 93 103 105 121 125 126 142 148 163 166 171 174 190 202 205 206 236 263 274
27
9 19 20 25 32 58 66 78 85 105 110 116 117 122 136 146 156 164 195 213 228 242 256 260 283 284 299
29
15 16 20 31 39 56 65 67 68 70 75 98 114 140 159 162 166 167 191 202 215 219 230 234 242 248 271 275 277
29
7 9 12 17 26 38 46 53 64 72 90 93 118 128 138 156 157 171 173 187 190 217 223 246 249 254 287 293 297
36
1 4 10 14 27 42 53 59 65 72 73 76 95 99 113 126 129 135 136 137 149 151 162 183 189 191 197 200 206 231 233 242 249 253 266 268
29
36 38 40 45 64 65 69 71 76 77 93 123 129 154 162 163 167 175 185 190 191 202 208 235 239 246 247 256 280
39
1 6 10 11 12 19 20 22 26 38 43 45 51 52 55 72 82 91 97 111 128 148 150 168 179 187 211 217 221 228 237 245 257 259 260 279 283 298 300
36
4 5 16 23 40 41 44 54 57 58 68 79 91 100 114 122 133 137 138 141 176 180 193 207 217 219 229 234 238 252 253 257 275 282 287 295
32
2 6 23 32 49 53 76 80 85 86 142 145 156 157 166 167 174 175 176 177 205 220 224 229 233 234 237 248 266 267 272 277
40
12 28 33 34 35 45 46 52 57 58 64 74 76 91 99 123 125 126 143 144 148 153 154 159 164 174 184 193 204 224 225 227 229 246 253 258 273 280 281 284
22
38 39 40 61 82 103 107 110 127 142 151 173 180 190 217 232 250 254 284 294 296 297
37
10 16 22 23 28 34 51 69 73 85 91 93 102 115 121 128 129 131 137 140 145 154 158 161 171 173 187 193 195 216 220 222 237 245 250 267 295
35
2 19 20 33 51 55 70 80 84 94 106 107 115 127 146 151 160 163 164 165 172 176 183 186 191 194 197 207 208 233 253 265 271 276 282
33
2 8 18 24 26 34 37 45 56 71 75 79 89 103 109 116 121 133 148 157 161 162 166 170 181 186 210 253 254 267 268 279 283
42
1 5 12 23 24 26 34 40 43 45 51 54 62 68 72 79 99 111 120 121 134 142 143 153 161 162 165 168 171 173 176 177 185 190 199 204 224 241 248 256 262 299
27
1 3 13 35 65 71 78 85 106 110 117 119 124 125 127 169 175 181 185 201 228 233 238 250 262 263 283
26
35 41 44 68 76 102 109 122 129 151 158 170 202 203 207 212 216 224 225 230 247 254 272 284 295 297
23
15 23 32 44 56 72 75 95 97 100 101 119 122 153 154 167 182 205 210 246 270 271 273
20
2 13 20 51 54 55 78 99 134 182 185 198 202 209 215 228 236 251 275 299
25
14 25 28 54 56 58 85 90 99 102 110 132 142 150 158 169 187 192 202 222 224 233 252 279 297
19
51 74 95 100 110 127 133 152 161 189 209 214 220 226 230 240 250 260 263
31
2 25 26 27 33 37 41 46 49 66 67 93 95 107 113 129 135 137 144 156 173 176 179 194 201 211 218 234 267 283 289
22
9 13 36 51 62 63 76 84 85 119 123 140 147 173 187 196 215 236 266 268 269 285
26
27 35 49 68 88 102 106 110 117 122 132 138 146 151 164 166 183 204 209 223 235 248 254 286 288 297
29
6 14 21 34 38 43 49 59 77 90 103 105 112 120 135 148 168 182 184 186 191 198 223 225 232 276 291 293 298
24
11 13 14 33 82 94 110 113 129 139 147 154 170 175 183 213 215 217 219 240 242 248 286 291
38
2 10 16 24 38 48 50 57 64 77 85 89 90 102 111 114 116 139 146 171 196 205 210 211 223 229 230 231 233 239 241 243 248 250 279 283 294 296
30
4 5 6 26 27 38 60 93 106 116 132 140 145 151 169 185 186 199 214 222 224 225 229 230 233 249 263 267 294 299
27
6 30 45 70 87 92 96 128 161 162 171 189 193 195 196 207 208 214 216 221 226 248 250 256 267 275 285
31
1 7 28 37 49 56 67 78 80 88 90 98 115 117 130 154 155 180 183 195 202 210 214 228 229 248 254 266 269 278 298
24
3 4 10 36 41 88 89 107 129 130 139 150 151 152 182 218 222 230 237 253 264 281 285 288
38
1 5 7 40 59 60 69 78 93 104 116 121 126 132 136 140 148 156 160 170 172 175 177 178 184 186 199 203 219 223 241 257 259 264 268 270 271 274
27
8 34 54 69 79 95 102 109 116 121 122 127 161 165 171 182 188 199 209 216 223 234 238 244 273 278 289
28
3 14 23 44 88 90 96 98 103 107 111 112 113 121 134 137 149 153 194 213 216 223 240 242 253 254 255 271
25
29 36 41 53 60 62 74 95 110 125 142 154 162 168 188 191 209 220 249 252 266 278 281 282 285
28
10 25 40 81 85 86 88 97 109 122 124 135 138 152 154 169 183 189 192 199 201 219 222 224 229 235 236 272
30
26 31 60 61 70 102 113 118 125 133 134 145 147 156 160 168 175 195 198 212 217 227 228 249 253 260 263 281 284 300
22
3 16 45 46 59 77 85 89 95 116 145 171 183 184 212 215 238 242 280 290 292 299
29
2 11 32 43 49 52 66 70 113 121 133 140 144 149 151 157 174 195 200 202 211 220 228 245 246 250 251 259 300
32
3 8 18 34 57 74 88 91 92 105 111 114 133 145 148 150 153 155 159 160 161 162 163 176 192 197 198 238 244 250 261 298
19
24 37 38 54 84 91 99 112 119 125 128 178 206 212 237 252 256 258 282
31
13 18 41 44 49 58 72 79 84 91 101 102 104 106 133 149 155 172 173 176 183 184 209 210 213 219 221 262 264 270 280
27
3 11 20 28 33 34 48 62 67 76 79 82 93 118 124 136 185 194 196 207 232 238 255 256 261 269 274
36
2 3 11 12 17 19 20 36 54 56 63 64 68 98 119 121 145 146 154 155 169 180 183 188 193 203 211 214 238 239 240 241 244 249 294 297
21
49 57 64 70 93 109 113 125 133 145 156 161 181 193 224 238 244 245 260 284 286
