150 300
1.0 1.0 1.0 1.0 1.0 1.0 1.0 1.0 1.0 1.0 1.0 1.0 1.0 1.0 1.0 1.0 1.0 1.0 1.0 1.0 1.0 1.0 1.0 1.0 1.0 1.0 1.0 1.0 1.0 1.0 1.0 1.0 1.0 1.0 1.0 1.0 1.0 1.0 1.0 1.0 1.0 1.0 1.0 1.0 1.0 1.0 1.0 1.0 1.0 1.0 1.0 1.0 1.0 1.0 1.0 1.0 1.0 1.0 1.0 1.0 1.0 1.0 1.0 1.0 1.0 1.0 1.0 1.0 1.0 1.0 1.0 1.0 1.0 1.0 1.0 1.0 1.0 1.0 1.0 1.0 1.0 1.0 1.0 1.0 1.0 1.0 1.0 1.0 1.0 1.0 1.0 1.0 1.0 1.0 1.0 1.0 1.0 1.0 1.0 1.0 1.0 1.0 1.0 1.0 1.0 1.0 1.0 1.0 1.0 1.0 1.0 1.0 1.0 1.0 1.0 1.0 1.0 1.0 1.0 1.0 1.0 1.0 1.0 1.0 1.0 1.0 1.0 1.0 1.0 1.0 1.0 1.0 1.0 1.0 1.0 1.0 1.0 1.0 1.0 1.0 1.0 1.0 1.0 1.0 1.0 1.0 1.0 1.0 1.0 1.0 1.0 1.0 1.0 1.0 1.0 1.0 1.0 1.0 1.0 1.0 1.0 1.0 1.0 1.0 1.0 1.0 1.0 1.0 1.0 1.0 1.0 1.0 1.0 1.0 1.0 1.0 1.0 1.0 1.0 1.0 1.0 1.0 1.0 1.0 1.0 1.0 1.0 1.0 1.0 1.0 1.0 1.0 1.0 1.0 1.0 1.0 1.0 1.0 1.0 1.0 1.0 1.0 1.0 1.0 1.0 1.0 1.0 1.0 1.0 1.0 1.0 1.0 1.0 1.0 1.0 1.0 1.0 1.0 1.0 1.0 1.0 1.0 1.0 1.0 1.0 1.0 1.0 1.0 1.0 1.0 1.0 1.0 1.0 1.0 1.0 1.0 1.0 1.0 1.0 1.0 1.0 1.0 1.0 1.0 1.0 1.0 1.0 1.0 1.0 1.0 1.0 1.0 1.0 1.0 1.0 1.0 1.0 1.0 1.0 1.0 1.0 1.0 1.0 1.0 1.0 1.0 1.0 1.0 1.0 1.0 1.0 1.0 1.0 1.0 1.0 1.0 1.0 1.0 1.0 1.0 1.0 1.0 1.0 1.0 1.0 1.0 1.0 1.0 1.0 1.0 1.0 1.0 1.0 1.0 1.0 1.0 1.0 1.0 1.0 1.0
18
16 20 35 37 65 66 90 105 114 161 175 194 216 218 231 232 236 293
12
34 37 139 155 170 179 202 213 233 253 267 272
13
39 43 100 106 139 157 181 203 206 213 218 285 294
16
10 34 44 58 62 73 85 93 113 126 158 165 182 189 241 259
11
15 54 62 75 89 100 110 114 163 242 279
16
1 29 37 42 53 71 83 87 95 139 144 148 259 265 270 274
11
14 20 126 128 130 190 199 222 228 268 271
13
7 43 55 69 112 143 156 167 203 220 221 255 272
19
8 12 13 14 98 112 147 148 164 171 204 209 236 242 247 256 265 267 270
16
31 34 39 42 62 64 90 109 122 164 202 212 236 253 288 290
18
12 36 53 64 76 86 98 101 104 122 124 166 168 214 237 246 253 284
17
2 37 110 115 118 126 151 162 165 186 191 218 244 252 271 277 286
12
13 23 27 46 54 105 115 122 123 158 177 263
13
6 22 30 77 93 113 121 136 157 176 256 264 291
14
13 16 27 33 88 112 114 133 173 238 252 287 293 295
13
54 84 92 102 133 179 219 224 226 229 232 258 268
13
11 21 66 101 103 112 117 129 224 249 270 278 296
12
25 46 52 140 196 223 231 250 259 260 277 298
11
59 97 113 136 152 161 166 214 219 239 298
13
36 38 47 54 56 92 112 194 224 235 264 277 278
13
2 104 117 128 143 158 175 176 217 218 265 274 282
9
33 65 79 116 132 194 205 298 300
14
4 33 35 47 55 111 115 121 142 192 202 226 272 292
15
7 23 25 37 60 108 130 138 145 146 147 174 193 255 293
19
9 11 27 51 52 58 74 153 164 182 206 215 227 235 257 259 265 269 300
24
2 3 7 11 23 27 44 46 80 81 117 131 134 156 157 167 206 220 221 228 229 259 263 289
13
6 40 58 67 81 105 119 139 154 205 209 296 300
15
14 42 43 53 54 115 188 190 217 219 255 256 257 281 295
14
17 24 48 56 68 69 100 105 117 164 178 274 275 285
20
17 36 37 42 61 63 71 103 113 135 142 184 190 195 230 238 239 266 268 273
15
7 26 46 70 96 99 101 109 190 233 242 246 248 270 285
18
9 10 23 31 35 59 67 79 93 152 175 193 211 224 230 239 248 251
18
9 16 19 25 46 67 69 74 87 95 122 151 161 198 210 240 249 257
16
51 91 92 97 105 113 129 146 156 165 166 175 203 221 284 293
16
20 58 62 77 116 126 153 166 181 204 213 248 254 275 283 287
15
14 35 104 109 113 118 157 159 168 184 208 213 229 246 267
12
52 114 118 137 150 170 183 225 236 258 284 292
17
1 38 39 54 91 106 124 130 135 141 146 157 161 174 190 239 247
12
47 70 90 103 129 194 210 222 262 264 283 299
18
3 26 45 59 70 71 118 125 148 152 159 179 202 224 257 258 295 299
10
82 115 129 137 149 151 206 209 250 297
14
12 14 23 71 82 83 146 163 165 178 195 253 272 282
19
4 11 14 27 28 70 92 95 99 117 121 135 155 156 171 231 234 257 278
16
47 67 111 148 152 154 168 174 177 213 240 244 246 251 279 290
13
11 90 114 115 138 148 152 167 214 228 247 250 260
10
28 56 96 142 186 237 268 283 286 290
17
20 44 62 77 79 167 169 179 187 192 198 212 221 238 248 268 299
15
9 35 49 67 71 91 153 166 168 189 233 239 241 280 285
19
5 11 29 63 85 88 102 113 124 134 139 143 148 170 204 222 233 243 278
11
78 118 122 123 141 175 184 186 196 198 222
19
19 45 46 59 95 96 107 146 152 186 188 190 217 229 240 255 256 272 274
18
41 54 73 84 87 88 89 116 121 141 150 190 214 215 228 234 248 295
19
4 19 23 71 76 77 88 99 113 126 148 174 207 221 227 232 283 284 297
18
15 44 59 66 89 123 130 132 151 155 191 195 213 219 233 267 290 297
17
11 35 36 37 86 91 99 114 135 136 156 172 240 249 256 290 298
15
43 81 89 92 132 147 156 162 196 213 217 222 241 246 277
10
16 22 40 63 102 115 124 147 149 280
14
16 21 38 39 70 127 152 163 175 189 195 204 239 290
17
10 31 97 131 158 162 193 218 228 236 238 239 247 252 270 283 286
17
40 41 43 58 64 93 139 178 199 205 208 224 240 247 265 286 288
22
8 21 27 29 30 37 44 92 121 125 148 177 182 183 204 211 281 282 284 294 295 299
17
29 35 42 43 66 73 89 111 122 125 158 167 210 251 259 266 288
20
18 23 30 38 55 74 103 131 197 214 227 233 234 235 236 244 247 278 282 284
10
1 12 27 45 52 95 132 211 238 297
21
6 14 17 36 43 57 108 110 129 133 140 152 179 184 215 245 246 247 252 263 298
14
9 18 26 45 63 72 75 99 168 175 237 255 277 281
15
18 40 43 51 82 92 141 145 167 209 233 235 247 269 293
13
27 28 33 56 65 89 149 150 178 199 241 254 274
12
34 99 113 118 165 166 175 177 198 264 276 282
15
30 82 87 88 118 131 145 150 163 166 205 218 220 260 286
15
18 26 109 128 132 136 166 171 228 245 273 274 275 277 298
14
24 33 40 65 80 124 130 137 165 204 214 247 256 298
17
4 6 9 19 22 60 124 126 146 158 161 167 222 226 244 254 280
12
4 9 70 117 142 173 187 249 255 289 292 294
21
11 31 35 39 41 46 60 71 105 114 125 146 154 177 181 214 238 254 267 275 281
22
9 59 63 70 71 74 87 90 126 132 140 146 149 153 155 167 178 211 218 262 284 291
13
26 36 43 97 99 119 163 216 234 236 247 256 263
12
3 15 40 58 109 114 125 130 153 194 232 287
14
3 4 31 43 81 135 139 155 173 207 227 257 273 279
19
35 42 58 61 74 100 112 131 144 157 169 191 209 224 238 240 241 250 300
11
8 15 18 29 43 117 121 174 218 261 298
13
1 53 76 86 114 121 123 128 158 168 181 190 288
18
4 7 14 29 55 60 95 104 119 168 202 208 210 216 219 268 275 284
15
25 35 77 79 116 119 162 164 187 214 217 244 249 293 296
13
1 5 6 8 85 101 105 154 181 208 250 276 291
15
10 57 82 86 93 97 109 129 151 155 157 194 224 286 289
12
23 31 35 111 115 136 185 214 219 236 282 295
13
5 33 86 122 128 188 191 208 219 234 237 291 298
11
132 144 145 153 163 222 224 229 236 288 299
13
19 30 56 78 83 84 94 106 183 185 251 264 274
14
9 19 23 35 46 80 126 137 145 156 166 180 218 251
17
14 16 60 62 108 122 123 160 168 189 194 235 253 271 272 291 298
9
5 11 20 50 133 144 148 202 203
12
10 56 61 73 80 90 127 177 197 237 247 260
11
10 21 76 97 117 164 167 176 203 208 282
11
16 29 74 81 92 94 132 135 216 219 290
8
61 87 97 101 139 141 279 282
13
28 66 97 101 118 160 168 205 226 269 275 281 290
21
32 54 85 93 96 115 122 130 152 153 168 189 200 233 246 260 268 272 279 287 294
18
3 104 127 159 175 183 186 192 194 198 219 222 225 228 248 251 278 296
11
15 67 75 77 94 115 154 189 197 204 241
12
64 97 105 115 180 234 241 243 268 273 274 287
16
30 36 49 63 78 149 155 169 173 180 182 196 197 201 250 262
11
16 69 79 105 124 170 201 213 215 227 229
15
9 18 31 38 50 110 116 121 136 145 164 173 208 270 289
12
19 32 62 88 92 95 129 155 205 215 220 278
14
35 93 100 139 141 168 171 215 229 235 268 274 283 294
12
18 44 63 72 161 178 193 212 233 251 263 266
21
4 25 30 33 39 44 49 113 132 150 159 180 191 196 209 223 225 233 260 277 284
13
11 21 39 50 71 80 82 102 131 168 190 277 300
15
17 24 54 121 130 134 145 168 204 207 211 274 279 285 293
21
7 13 39 45 87 107 119 138 150 155 171 179 209 220 231 237 249 263 269 294 297
14
34 39 65 75 103 138 143 157 177 181 182 230 231 233
13
5 52 79 80 93 111 120 136 142 150 208 249 260
13
10 19 22 76 91 108 134 135 197 205 236 247 298
9
11 39 69 95 101 141 186 195 227
15
5 6 15 45 46 47 77 89 94 97 124 148 158 182 271
16
4 46 63 70 93 155 209 223 238 239 250 252 254 256 262 281
15
24 38 40 60 88 97 123 130 132 146 162 216 230 268 290
11
33 43 70 77 108 128 195 226 240 241 280
15
5 17 30 57 115 187 198 207 212 222 226 253 256 297 299
10
1 16 20 36 139 174 207 229 247 266
19
4 6 16 18 38 66 71 108 118 134 138 144 175 181 197 227 233 258 267
17
12 18 37 42 62 89 107 128 130 144 186 229 266 270 278 295 298
16
7 23 53 72 78 95 109 192 196 198 206 222 246 251 282 294
14
7 8 28 30 31 102 132 136 146 163 169 174 184 246
12
32 100 102 103 109 177 241 247 252 267 271 295
12
11 32 48 52 104 120 135 146 158 163 236 270
12
38 41 56 96 115 128 178 193 204 215 275 296
19
5 23 35 103 110 150 154 185 190 192 196 215 222 228 239 266 268 292 293
15
5 7 25 40 110 121 124 136 177 182 205 259 270 274 283
9
12 31 92 118 144 169 187 243 262
17
14 16 17 36 64 81 84 98 120 126 175 199 203 215 238 251 253
16
22 25 42 76 77 80 88 107 121 123 126 138 161 163 183 243
18
7 16 30 33 48 105 126 129 130 141 160 166 177 243 251 276 288 294
13
61 64 118 134 188 203 206 210 213 266 272 280 291
19
16 18 23 30 62 146 155 170 176 182 197 206 210 223 240 242 280 283 300
16
10 33 56 75 85 96 105 133 140 147 182 230 273 277 278 284
16
12 106 112 116 130 155 159 166 183 191 197 234 244 249 281 287
11
8 27 60 64 84 104 120 121 276 298 300
20
14 66 103 143 145 166 174 176 197 204 216 221 224 248 252 254 261 278 281 288
13
11 20 64 75 86 100 102 128 152 203 227 250 275
14
65 79 94 103 104 130 154 166 233 242 245 250 263 289
19
10 14 20 22 67 73 84 142 145 156 177 190 198 207 217 232 242 258 275
22
16 40 43 47 54 63 64 67 79 91 97 111 131 139 141 158 166 191 200 205 217 220
14
13 15 35 54 66 150 154 155 208 244 250 268 272 283
13
1 46 71 92 110 122 123 160 185 230 264 270 291
21
31 39 48 65 89 124 129 158 162 163 187 223 226 229 236 239 263 267 274 283 293
14
1 9 14 37 68 89 121 123 128 257 260 262 264 295
16
11 50 75 112 138 149 158 166 171 178 179 180 184 275 285 295
