50 100
1.0 1.0 1.0 1.0 1.0 1.0 1.0 1.0 1.0 1.0 1.0 1.0 1.0 1.0 1.0 1.0 1.0 1.0 1.0 1.0 1.0 1.0 1.0 1.0 1.0 1.0 1.0 1.0 1.0 1.0 1.0 1.0 1.0 1.0 1.0 1.0 1.0 1.0 1.0 1.0 1.0 1.0 1.0 1.0 1.0 1.0 1.0 1.0 1.0 1.0 1.0 1.0 1.0 1.0 1.0 1.0 1.0 1.0 1.0 1.0 1.0 1.0 1.0 1.0 1.0 1.0 1.0 1.0 1.0 1.0 1.0 1.0 1.0 1.0 1.0 1.0 1.0 1.0 1.0 1.0 1.0 1.0 1.0 1.0 1.0 1.0 1.0 1.0 1.0 1.0 1.0 1.0 1.0 1.0 1.0 1.0 1.0 1.0 1.0 1.0
9
15 30 34 42 43 51 57 71 97
13
8 11 24 35 39 48 62 66 77 82 87 93 97
11
18 19 27 32 37 38 39 43 56 69 99
13
2 5 8 11 23 48 61 64 71 73 79 84 100
11
4 7 8 9 25 28 46 53 65 70 87
10
18 24 27 33 39 40 63 77 78 80
10
7 19 28 30 35 57 68 75 84 100
17
1 4 7 8 11 14 15 16 21 22 33 49 54 55 59 63 90
13
18 28 34 49 54 55 56 60 67 71 74 78 94
12
1 19 29 33 48 49 56 57 67 80 83 99
7
38 44 52 54 59 70 91
14
2 13 22 38 40 46 53 57 70 90 93 96 97 99
9
3 14 32 44 45 73 80 86 97
12
7 33 35 47 56 67 70 74 75 79 83 99
11
5 15 29 34 45 48 55 70 80 82 90
10
10 21 28 57 58 60 61 73 83 98
6
30 59 65 69 79 85
10
18 22 43 54 56 64 65 74 76 89
7
26 32 33 40 45 73 95
10
2 8 9 11 14 15 18 34 75 81
9
9 18 22 29 60 73 90 93 95
12
21 36 39 46 51 57 58 59 76 84 95 99
10
1 3 8 31 37 53 69 73 74 94
8
20 27 37 60 61 81 83 86
6
4 29 30 34 36 63
9
2 6 26 28 35 41 42 67 76
7
3 30 44 60 90 94 98
6
5 31 49 53 66 87
10
7 13 51 55 63 69 70 73 84 92
12
5 6 11 22 31 37 41 58 75 85 99 100
8
6 23 34 57 67 72 75 83
7
11 25 38 44 48 81 96
9
9 15 25 30 41 56 62 70 74
15
17 29 32 33 38 46 47 53 54 69 71 79 83 85 99
7
21 41 47 59 66 81 90
6
8 30 49 51 68 95
11
5 34 39 45 59 60 69 86 90 97 98
13
8 12 33 40 42 46 58 64 69 74 84 86 94
9
29 30 36 53 54 69 74 85 98
9
11 15 26 32 57 69 83 85 89
6
14 22 42 64 76 87
10
4 5 11 12 25 39 52 72 80 83
12
4 10 21 30 36 37 40 41 67 84 89 95
8
5 22 30 38 70 72 88 90
10
3 5 41 54 58 63 68 84 94 97
11
4 7 11 19 29 41 60 71 78 80 82
9
5 8 45 46 52 58 78 90 94
8
18 41 51 62 74 80 86 87
11
9 15 17 37 38 39 62 68 73 78 89
9
5 17 21 22 46 48 59 64 97
