150 300
1.0 1.0 1.0 1.0 1.0 1.0 1.0 1.0 1.0 1.0 1.0 1.0 1.0 1.0 1.0 1.0 1.0 1.0 1.0 1.0 1.0 1.0 1.0 1.0 1.0 1.0 1.0 1.0 1.0 1.0 1.0 1.0 1.0 1.0 1.0 1.0 1.0 1.0 1.0 1.0 1.0 1.0 1.0 1.0 1.0 1.0 1.0 1.0 1.0 1.0 1.0 1.0 1.0 1.0 1.0 1.0 1.0 1.0 1.0 1.0 1.0 1.0 1.0 1.0 1.0 1.0 1.0 1.0 1.0 1.0 1.0 1.0 1.0 1.0 1.0 1.0 1.0 1.0 1.0 1.0 1.0 1.0 1.0 1.0 1.0 1.0 1.0 1.0 1.0 1.0 1.0 1.0 1.0 1.0 1.0 1.0 1.0 1.0 1.0 1.0 1.0 1.0 1.0 1.0 1.0 1.0 1.0 1.0 1.0 1.0 1.0 1.0 1.0 1.0 1.0 1.0 1.0 1.0 1.0 1.0 1.0 1.0 1.0 1.0 1.0 1.0 1.0 1.0 1.0 1.0 1.0 1.0 1.0 1.0 1.0 1.0 1.0 1.0 1.0 1.0 1.0 1.0 1.0 1.0 1.0 1.0 1.0 1.0 1.0 1.0 1.0 1.0 1.0 1.0 1.0 1.0 1.0 1.0 1.0 1.0 1.0 1.0 1.0 1.0 1.0 1.0 1.0 1.0 1.0 1.0 1.0 1.0 1.0 1.0 1.0 1.0 1.0 1.0 1.0 1.0 1.0 1.0 1.0 1.0 1.0 1.0 1.0 1.0 1.0 1.0 1.0 1.0 1.0 1.0 1.0 1.0 1.0 1.0 1.0 1.0 1.0 1.0 1.0 1.0 1.0 1.0 1.0 1.0 1.0 1.0 1.0 1.0 1.0 1.0 1.0 1.0 1.0 1.0 1.0 1.0 1.0 1.0 1.0 1.0 1.0 1.0 1.0 1.0 1.0 1.0 1.0 1.0 1.0 1.0 1.0 1.0 1.0 1.0 1.0 1.0 1.0 1.0 1.0 1.0 1.0 1.0 1.0 1.0 1.0 1.0 1.0 1.0 1.0 1.0 1.0 1.0 1.0 1.0 1.0 1.0 1.0 1.0 1.0 1.0 1.0 1.0 1.0 1.0 1.0 1.0 1.0 1.0 1.0 1.0 1.0 1.0 1.0 1.0 1.0 1.0 1.0 1.0 1.0 1.0 1.0 1.0 1.0 1.0 1.0 1.0 1.0 1.0 1.0 1.0 1.0 1.0 1.0 1.0 1.0 1.0
29
18 21 22 24 34 39 48 55 84 96 101 109 117 123 142 144 153 158 192 193 195 200 216 233 240 247 252 270 273
27
1 13 20 23 31 45 85 96 97 98 108 115 126 130 137 154 216 218 239 245 262 263 271 279 280 290 299
36
18 23 41 42 50 58 62 72 73 76 80 89 101 104 111 118 120 123 126 172 181 183 200 213 221 225 238 249 250 251 272 273 277 283 294 299
38
21 24 31 34 60 63 64 84 94 103 109 112 132 138 139 146 149 158 165 179 183 187 191 194 204 221 223 225 237 246 255 263 265 272 281 293 295 296
30
42 49 53 58 60 61 73 77 80 104 107 110 120 126 132 135 150 152 163 197 198 215 227 228 262 271 286 293 295 300
32
6 12 17 21 30 31 58 73 80 85 86 112 118 122 126 145 146 168 169 171 173 175 176 195 214 256 267 278 279 285 287 289
28
23 39 47 48 58 63 74 98 122 130 131 133 153 158 183 198 200 236 241 242 243 245 253 259 262 263 271 285
21
10 38 42 46 63 77 100 107 116 117 118 125 132 152 193 235 237 249 258 259 273
25
5 12 22 34 43 61 78 94 97 137 147 153 168 171 172 188 195 197 205 208 209 224 245 281 289
37
6 37 44 46 65 79 85 99 101 106 108 118 122 124 129 143 145 172 176 188 192 195 208 212 214 215 217 233 238 245 256 267 270 274 276 287 296
27
13 14 24 26 38 49 56 60 63 80 109 123 153 154 156 170 181 182 190 203 205 215 216 220 232 287 292
35
2 8 9 16 25 32 40 46 48 58 63 70 84 105 125 128 129 130 154 163 167 175 191 209 215 230 241 248 256 257 261 262 263 269 274
37
13 14 20 36 43 46 56 77 87 124 129 130 151 164 165 173 176 178 184 185 193 196 207 209 211 217 231 241 249 258 259 263 270 284 292 294 296
23
16 22 24 38 41 45 57 60 76 79 113 116 132 138 156 169 196 203 219 232 258 272 274
28
18 20 27 43 57 80 82 83 87 90 97 105 118 126 131 150 165 189 192 215 238 240 265 267 273 282 283 289
29
4 19 42 46 54 61 70 83 86 88 91 101 106 109 113 138 143 144 163 176 200 222 246 247 248 265 289 290 298
17
13 43 72 79 91 96 114 143 145 157 167 182 251 257 262 276 294
23
6 15 22 24 27 35 55 68 70 120 147 148 182 190 195 243 249 258 265 270 277 281 300
31
7 10 15 33 41 50 82 87 88 89 91 104 137 138 139 142 160 167 177 190 192 209 240 242 246 255 265 273 279 288 294
30
39 83 86 90 100 105 108 117 121 129 144 149 153 173 176 181 191 219 225 227 232 234 237 248 252 268 275 287 289 299
32
16 20 23 29 34 38 49 60 67 78 94 126 139 150 166 174 183 189 198 200 212 214 223 234 235 240 248 259 261 277 290 293
23
31 42 46 56 73 93 107 114 118 134 146 171 179 192 202 226 237 251 253 254 261 284 288
35
8 13 22 32 34 47 53 67 73 74 76 81 84 95 99 100 106 125 134 147 155 158 177 180 207 225 237 240 241 252 256 259 260 261 275
27
1 2 9 14 20 39 45 81 99 101 118 126 127 144 160 161 171 177 210 224 228 242 244 246 254 259 272
34
2 4 28 29 38 46 50 54 66 68 70 84 91 94 106 114 134 136 137 143 147 154 160 178 180 203 261 266 267 269 273 282 289 293
36
3 14 32 35 38 55 71 92 93 95 110 111 115 116 133 147 155 167 175 177 192 198 200 206 208 227 234 237 240 245 255 258 262 291 292 297
32
6 10 20 21 39 45 63 65 67 76 87 104 117 125 144 150 170 172 173 184 187 191 194 209 217 222 223 224 227 254 292 299
41
17 18 42 57 62 77 83 84 85 86 102 106 107 109 110 113 129 131 142 144 148 187 192 194 205 213 218 219 230 236 237 253 257 260 261 270 271 281 284 291 296
41
7 13 20 43 67 76 77 79 83 93 105 113 125 127 130 133 155 156 159 160 167 188 193 204 206 214 220 222 235 239 242 245 259 260 264 272 276 278 281 283 296
27
52 85 87 89 90 92 95 104 110 117 129 130 140 150 189 199 200 208 213 217 218 222 237 240 244 281 293
22
11 17 20 21 39 55 64 95 108 121 129 132 145 155 180 205 229 251 271 276 293 295
25
4 44 58 62 64 70 74 86 100 103 123 144 166 174 182 187 226 230 231 243 264 265 271 277 284
24
2 5 9 12 27 51 52 67 82 90 101 105 110 140 141 165 168 171 194 196 216 241 249 257
30
11 40 45 54 78 79 81 95 105 115 128 138 140 175 178 179 182 193 195 197 199 201 213 216 258 267 276 281 288 296
25
6 10 14 15 47 53 54 55 58 61 96 126 129 130 134 147 163 169 183 208 232 235 257 284 291
40
10 17 21 30 35 39 43 58 61 65 86 93 100 102 110 113 126 133 137 148 153 171 185 193 196 205 206 209 215 216 236 242 245 261 268 273 277 283 286 299
27
6 8 14 19 40 47 71 78 83 95 96 99 114 116 121 127 136 147 177 188 193 204 212 216 228 273 284
36
6 24 34 35 40 48 51 54 57 59 78 94 121 122 125 142 152 158 159 187 195 218 220 225 231 236 238 250 251 256 263 278 279 281 292 296
27
6 16 31 32 64 70 84 94 100 108 127 128 142 144 163 176 220 221 234 255 262 263 264 267 274 296 298
31
2 8 12 31 33 50 63 70 71 107 113 118 120 142 150 167 170 173 175 177 184 185 202 209 217 232 242 246 281 284 300
32
9 10 12 25 74 78 95 106 113 117 120 125 127 134 145 146 156 172 191 208 217 219 231 232 239 249 250 276 284 287 292 300
26
1 48 50 66 76 79 80 84 116 136 139 144 157 190 211 219 222 226 230 243 246 256 257 258 267 275
22
38 45 50 59 84 92 94 104 111 142 146 158 168 170 189 193 195 229 239 252 257 266
25
4 10 27 33 45 72 99 102 120 137 149 151 168 173 174 197 203 208 216 218 225 242 265 268 288
29
10 15 17 45 50 56 70 74 82 84 96 100 106 117 119 125 132 148 178 192 213 219 247 248 250 263 288 292 299
26
15 24 27 29 59 71 93 100 102 105 126 148 164 175 180 183 225 227 235 241 242 256 257 260 263 275
28
1 4 12 14 16 32 49 52 62 70 95 96 103 112 117 147 150 164 165 179 188 208 215 226 256 276 281 298
34
17 23 31 56 57 60 67 71 73 79 84 101 115 137 147 156 157 170 176 182 192 197 201 202 209 214 218 224 233 253 266 269 270 275
35
6 13 19 20 36 65 71 81 87 90 112 117 120 126 136 140 141 158 181 186 188 194 198 205 207 216 224 231 232 236 241 267 283 285 297
18
42 43 63 71 90 133 173 184 206 207 210 232 237 241 245 255 259 295
37
26 34 39 57 60 69 74 76 79 82 87 99 133 145 148 149 156 159 167 178 191 193 208 211 221 227 231 239 265 268 271 272 274 287 288 290 296
33
1 8 11 14 15 31 61 66 84 86 88 92 103 113 114 116 136 137 138 154 177 195 217 220 223 234 238 248 254 255 267 278 295
29
16 40 45 47 64 69 74 77 79 109 120 134 143 165 168 209 214 215 220 226 227 229 245 249 251 256 264 285 294
36
2 3 15 18 19 21 24 28 61 65 77 82 96 110 112 123 147 149 151 155 165 195 196 197 198 199 202 246 251 256 267 268 272 275 276 286
29
3 11 35 41 42 70 80 100 104 112 125 127 150 156 158 159 171 177 182 184 200 225 240 241 245 250 264 273 286
26
29 35 90 94 114 124 126 133 144 155 158 172 181 183 185 188 195 196 199 205 225 252 266 287 289 291
21
53 84 93 121 135 149 159 174 194 195 197 202 204 210 214 221 242 264 267 288 295
27
49 80 83 89 107 121 126 134 137 144 147 148 151 153 154 158 177 184 227 229 231 238 252 261 281 285 295
26
37 38 41 64 68 73 88 110 120 129 141 147 154 159 163 174 188 193 203 217 229 239 245 257 267 296
28
2 5 9 24 30 58 76 89 156 158 164 181 200 212 213 216 220 233 239 240 249 253 263 265 275 292 296 298
28
13 18 48 55 61 75 76 78 104 105 110 127 128 132 138 141 151 184 196 198 200 211 215 217 241 262 276 278
22
3 29 31 36 49 79 89 103 142 143 161 175 188 199 213 221 244 245 285 286 287 297
27
17 24 37 48 53 66 69 84 107 115 123 169 171 189 201 202 207 216 221 224 231 239 242 261 268 282 293
27
1 8 10 20 21 46 55 57 80 86 92 99 107 139 146 159 189 194 200 218 224 237 249 252 288 299 300
40
10 11 21 29 34 37 46 55 61 66 68 76 78 80 93 98 106 116 120 123 130 137 149 152 156 167 169 175 177 181 195 200 208 211 220 221 224 259 276 282
31
20 25 42 46 48 64 70 74 76 82 86 110 122 136 140 166 167 168 172 180 190 210 220 226 231 237 250 257 266 290 293
34
8 10 11 19 50 53 75 93 94 104 113 120 131 142 155 166 171 172 183 189 192 194 198 210 211 215 217 224 240 243 276 280 286 299
32
3 10 11 27 28 39 42 44 54 58 60 68 78 79 85 92 109 112 136 138 149 161 175 179 195 211 236 237 250 271 288 300
31
1 13 17 20 24 28 43 54 73 96 111 116 132 135 147 169 209 216 230 235 241 247 251 259 260 269 278 289 291 295 298
27
11 12 18 23 26 28 44 59 85 109 113 114 120 126 143 150 165 184 197 206 212 245 246 247 255 258 277
27
14 17 21 26 27 47 53 54 71 111 123 127 131 146 149 152 168 171 186 188 216 231 257 272 275 276 277
43
16 27 35 36 37 42 48 65 69 76 77 80 81 87 97 110 111 116 123 126 136 142 146 147 148 162 169 171 179 194 199 200 203 207 210 213 221 241 258 262 272 279 283
28
7 9 21 22 29 49 60 66 83 86 117 125 129 142 153 186 192 193 223 232 234 241 250 251 269 281 283 291
32
7 14 24 26 27 34 38 47 55 64 67 74 108 111 120 127 148 152 153 158 162 163 166 171 206 216 231 239 262 265 290 294
27
1 34 70 89 92 112 122 123 125 129 131 132 151 153 160 176 188 208 214 225 226 228 235 241 242 247 285
21
5 6 10 27 34 37 55 56 63 82 102 120 150 175 186 217 228 239 247 257 262
27
26 32 34 39 43 44 60 66 110 128 149 156 157 160 174 197 202 211 228 231 263 271 280 284 287 297 300
28
4 38 42 56 57 82 108 116 127 139 146 171 181 193 197 198 201 213 226 235 243 253 264 270 271 274 287 297
35
3 22 31 32 42 44 48 50 52 60 78 83 88 101 102 106 115 136 138 144 146 162 172 207 220 226 255 263 267 268 270 275 277 278 281
30
3 23 27 29 40 55 87 88 96 101 107 113 120 151 157 171 177 179 184 223 235 243 247 251 253 257 264 266 288 289
33
2 10 14 16 17 19 36 38 49 61 72 77 79 80 85 90 95 96 99 108 128 137 172 191 194 204 232 238 246 273 279 285 297
26
12 24 26 33 40 59 78 95 101 131 145 160 163 176 186 194 198 201 212 234 256 263 283 285 286 295
23
17 30 31 39 53 113 115 126 127 146 159 173 174 182 186 200 203 215 235 250 267 270 286
30
14 16 27 32 38 50 56 57 62 63 71 72 74 89 116 142 151 153 176 188 196 203 207 217 230 249 254 273 282 288
31
8 15 16 18 26 31 41 57 66 82 94 95 109 120 125 134 144 147 187 194 195 198 200 219 224 236 246 248 255 288 297
33
6 7 18 25 54 57 60 66 72 110 115 116 128 129 132 143 148 155 159 162 179 182 200 206 230 246 250 262 281 282 287 289 300
25
13 34 36 40 42 78 79 98 126 136 146 149 161 166 170 198 216 230 231 232 238 254 270 278 298
29
42 43 68 74 85 86 90 91 103 138 142 158 159 160 178 185 190 196 202 224 226 229 239 244 258 267 272 278 288
25
14 15 51 66 75 81 97 106 119 133 138 147 148 166 170 174 178 182 186 209 234 271 276 291 296
27
3 21 27 28 44 68 71 82 88 90 115 125 138 150 153 176 190 213 228 231 238 239 262 265 267 272 298
32
2 12 15 16 34 39 40 68 86 89 96 104 118 129 130 156 163 164 167 170 171 189 206 208 213 219 228 229 245 276 277 279
35
11 15 20 28 32 36 47 51 54 55 58 71 86 107 118 119 124 128 129 156 175 185 191 194 219 222 242 247 250 270 271 276 282 283 298
23
7 15 48 72 78 84 85 97 103 111 115 126 132 160 161 167 194 198 200 254 258 261 269
30
1 2 20 33 36 39 40 52 57 58 83 105 123 126 136 148 150 152 168 171 195 218 221 231 239 248 256 273 279 286
33
12 14 42 59 87 101 102 120 128 131 151 161 162 166 173 179 187 205 224 227 228 234 236 245 252 253 256 268 271 280 282 289 298
37
2 10 27 28 32 57 58 62 66 88 111 125 133 147 148 153 158 162 173 176 184 186 195 205 208 211 221 227 228 233 240 243 249 267 278 280 291
31
9 24 34 40 42 71 81 87 89 93 113 122 130 134 139 144 164 184 197 212 220 221 222 240 261 262 264 278 283 294 298
36
2 8 18 21 34 45 47 58 60 65 78 81 97 106 108 123 128 130 143 152 160 163 183 200 213 222 224 226 232 238 266 275 276 288 292 297
26
10 36 41 52 58 62 70 73 107 108 114 127 146 152 153 159 160 167 171 182 205 231 251 256 263 274
27
5 23 29 34 42 53 59 60 61 69 87 93 99 110 124 135 141 144 150 154 162 207 212 224 258 285 295
31
15 30 38 53 55 58 61 66 74 80 86 108 133 143 156 157 160 171 179 182 200 203 205 207 225 229 233 234 239 245 300
31
5 7 8 22 41 46 50 56 64 71 74 91 104 108 141 144 147 155 168 185 191 194 211 244 246 250 257 260 276 279 280
33
10 17 19 35 40 44 55 69 70 84 100 103 104 111 119 139 140 152 155 169 193 195 196 199 210 219 225 241 245 284 287 290 294
35
9 15 22 27 34 39 43 46 61 64 69 72 86 90 96 112 121 151 168 176 179 180 182 193 212 219 243 244 250 251 263 285 290 291 295
38
5 9 11 17 44 51 57 69 80 84 101 109 113 118 119 131 135 139 140 141 144 146 156 161 163 174 176 181 186 205 221 239 243 251 257 271 272 281
27
11 29 44 47 65 69 74 82 90 92 95 119 121 126 152 164 165 170 185 203 212 225 232 248 259 273 294
25
7 9 15 65 69 70 71 76 94 124 126 140 143 151 165 204 211 235 253 263 270 277 281 284 291
23
2 37 77 85 90 136 141 142 147 150 151 159 172 179 182 203 214 226 243 251 256 263 290
29
5 11 14 17 26 27 51 55 58 70 78 101 129 135 142 168 185 203 207 218 225 250 254 267 272 281 282 296 300
22
3 7 13 33 64 73 78 103 112 113 130 139 151 154 165 197 198 212 247 257 292 295
44
5 10 23 24 27 29 31 45 47 56 62 67 72 78 82 86 87 112 120 127 136 137 138 146 150 156 159 179 195 199 202 218 220 234 239 241 244 259 272 273 275 277 295 300
19
24 34 36 50 56 58 80 98 125 137 139 142 174 181 197 199 227 264 294
31
4 9 19 21 26 37 60 61 83 84 88 91 93 104 118 131 150 160 180 212 218 234 235 237 242 243 244 258 280 286 287
33
8 10 31 40 52 53 65 71 73 79 80 81 92 95 102 117 119 133 150 178 185 218 241 246 247 251 256 257 261 275 282 285 287
41
3 9 35 36 44 55 72 74 77 83 85 97 106 108 114 125 134 144 149 154 160 168 197 202 205 223 238 242 255 259 261 266 269 270 275 282 285 288 291 292 296
25
6 25 34 47 91 103 108 119 124 137 141 143 146 168 186 196 200 203 206 218 222 233 259 285 288
27
19 20 33 55 67 70 74 76 82 86 100 101 107 159 162 163 165 171 195 207 230 236 241 261 263 275 300
36
14 18 35 63 67 72 83 89 90 95 96 101 107 117 132 135 147 148 158 168 172 175 202 205 208 211 212 220 230 257 260 268 269 270 272 285
29
7 13 27 29 30 33 42 55 59 69 71 74 90 101 125 127 146 150 157 158 163 182 211 215 222 227 246 276 277
31
7 20 29 43 67 69 83 110 131 138 141 150 173 177 179 180 181 182 211 215 238 242 253 256 266 268 271 276 282 285 298
33
14 15 20 23 36 65 77 84 86 91 96 103 105 107 117 139 154 155 159 162 164 184 185 186 188 208 216 228 236 253 274 275 279
32
1 3 5 7 12 32 38 48 52 55 80 82 90 94 98 112 124 131 133 143 148 158 161 165 172 179 218 227 232 239 281 300
30
2 4 26 36 40 48 51 59 74 96 98 105 119 125 132 133 149 151 153 164 165 169 172 184 192 233 241 244 273 286
28
17 18 26 32 37 38 51 63 81 132 146 154 170 177 189 191 193 198 214 224 231 232 255 263 268 285 286 298
34
1 17 33 56 60 67 74 94 95 100 101 105 112 120 142 145 152 156 159 162 179 187 200 203 215 218 233 238 257 268 276 285 291 299
46
4 9 22 26 30 41 42 63 64 67 70 72 74 77 82 83 88 98 109 122 126 132 135 143 152 169 177 185 199 200 207 208 209 211 213 224 234 241 247 256 263 275 279 283 287 288
33
29 34 47 52 61 64 74 76 87 95 99 110 111 134 136 137 153 154 162 170 180 183 199 224 227 228 248 256 265 271 290 291 297
28
31 39 41 48 53 70 90 99 107 108 122 134 172 174 183 186 191 212 217 236 240 244 257 264 274 279 288 297
30
19 25 36 38 46 50 57 76 82 86 97 102 107 116 119 127 132 139 144 148 162 168 181 205 210 236 279 282 283 295
33
5 9 17 38 44 48 54 60 62 79 80 93 118 142 143 144 153 167 175 179 196 202 220 231 233 235 243 248 271 284 289 292 293
34
2 15 19 31 39 50 53 70 75 94 108 109 122 127 138 143 144 163 171 182 184 186 193 201 213 223 235 248 257 261 265 269 274 300
36
14 30 32 33 34 37 58 82 94 96 107 119 123 124 126 127 139 140 145 158 168 169 174 176 187 193 196 197 216 238 246 250 259 274 296 300
30
11 20 28 31 40 59 67 81 102 124 131 132 138 153 165 170 171 184 192 200 218 222 238 246 252 258 266 270 271 300
28
11 15 27 35 68 74 83 85 108 116 131 145 152 171 180 184 186 194 224 226 229 256 259 263 275 279 299 300
33
1 47 54 57 83 88 92 95 98 111 114 115 117 120 128 137 141 144 153 159 163 175 176 187 215 219 223 230 241 251 254 261 297
29
15 16 53 55 57 58 69 72 86 93 95 113 114 127 128 137 142 143 157 178 230 231 245 253 254 260 281 292 299
19
3 12 44 59 64 66 72 76 95 109 114 123 125 131 148 178 205 250 263
25
14 15 52 56 73 75 77 81 91 98 110 139 155 162 170 173 174 180 199 217 249 264 285 290 296
39
1 20 42 60 64 72 73 89 90 99 100 112 113 131 134 139 144 161 165 170 175 182 186 189 200 204 205 207 213 225 228 231 239 242 247 251 276 277 288
29
4 9 11 18 28 39 40 60 61 62 68 74 81 131 132 139 146 157 159 183 185 191 205 234 242 243 245 265 285
33
8 16 47 51 57 68 71 79 81 99 104 113 129 134 141 148 159 176 183 184 186 194 202 212 218 225 239 250 258 260 279 287 290
26
5 12 51 59 78 83 105 109 123 131 138 147 167 174 186 190 206 213 214 216 234 257 272 275 278 298
24
11 39 52 68 80 85 87 102 106 125 127 141 145 163 165 167 175 179 187 190 231 240 242 269
22
4 15 24 42 96 101 108 115 117 118 156 188 189 200 215 218 219 261 272 294 295 299
31
1 3 54 55 61 80 82 90 92 97 105 127 133 135 136 140 151 175 181 182 201 214 216 218 219 221 241 259 275 276 296
27
11 29 43 45 46 62 63 76 133 148 173 182 188 189 225 233 237 246 252 261 262 266 272 276 290 292 299
34
3 9 13 19 34 38 39 42 45 59 65 80 82 111 119 140 146 147 152 167 183 184 205 208 210 213 216 224 254 256 289 292 293 298
37
18 27 31 47 48 56 63 65 82 97 100 102 109 127 138 139 141 150 162 164 169 181 184 196 197 199 210 212 219 226 241 265 266 282 285 286 297
30
11 34 36 44 51 55 60 80 87 102 134 135 136 146 151 152 159 160 176 188 189 202 210 219 223 228 249 260 267 276
24
19 22 28 92 118 121 122 128 143 150 157 159 217 219 239 243 244 249 251 252 256 258 285 297
