100 200
1.0 1.0 1.0 1.0 1.0 1.0 1.0 1.0 1.0 1.0 1.0 1.0 1.0 1.0 1.0 1.0 1.0 1.0 1.0 1.0 1.0 1.0 1.0 1.0 1.0 1.0 1.0 1.0 1.0 1.0 1.0 1.0 1.0 1.0 1.0 1.0 1.0 1.0 1.0 1.0 1.0 1.0 1.0 1.0 1.0 1.0 1.0 1.0 1.0 1.0 1.0 1.0 1.0 1.0 1.0 1.0 1.0 1.0 1.0 1.0 1.0 1.0 1.0 1.0 1.0 1.0 1.0 1.0 1.0 1.0 1.0 1.0 1.0 1.0 1.0 1.0 1.0 1.0 1.0 1.0 1.0 1.0 1.0 1.0 1.0 1.0 1.0 1.0 1.0 1.0 1.0 1.0 1.0 1.0 1.0 1.0 1.0 1.0 1.0 1.0 1.0 1.0 1.0 1.0 1.0 1.0 1.0 1.0 1.0 1.0 1.0 1.0 1.0 1.0 1.0 1.0 1.0 1.0 1.0 1.0 1.0 1.0 1.0 1.0 1.0 1.0 1.0 1.0 1.0 1.0 1.0 1.0 1.0 1.0 1.0 1.0 1.0 1.0 1.0 1.0 1.0 1.0 1.0 1.0 1.0 1.0 1.0 1.0 1.0 1.0 1.0 1.0 1.0 1.0 1.0 1.0 1.0 1.0 1.0 1.0 1.0 1.0 1.0 1.0 1.0 1.0 1.0 1.0 1.0 1.0 1.0 1.0 1.0 1.0 1.0 1.0 1.0 1.0 1.0 1.0 1.0 1.0 1.0 1.0 1.0 1.0 1.0 1.0 1.0 1.0 1.0 1.0 1.0 1.0 1.0 1.0 1.0 1.0 1.0 1.0
32
1 2 15 41 45 46 57 69 76 80 98 100 107 109 110 112 122 126 129 135 136 137 152 157 158 159 160 167 174 185 199 200
39
1 14 16 21 26 28 32 39 44 48 50 51 52 55 66 70 71 72 76 77 79 85 87 88 95 97 98 104 107 109 129 134 138 142 170 173 178 181 187
48
8 16 19 21 24 25 26 27 30 31 32 36 41 45 63 65 69 72 78 82 83 84 85 90 91 93 108 113 115 117 119 125 126 129 137 147 148 152 155 161 163 168 176 183 185 192 193 199
46
6 8 17 29 30 34 40 55 57 62 63 64 71 89 94 101 111 119 120 122 123 128 129 131 133 135 137 142 143 145 148 150 160 162 163 165 168 176 180 183 185 188 192 194 199 200
33
13 20 26 29 39 40 41 52 56 67 70 76 83 97 104 105 106 117 118 127 131 134 139 141 142 151 166 174 176 180 186 188 196
50
2 3 4 9 10 17 27 31 35 36 38 42 49 64 66 71 76 81 83 87 90 93 101 105 107 113 117 127 131 139 140 142 144 163 165 166 167 169 172 173 175 179 184 185 186 189 191 194 196 197
43
2 5 7 17 28 29 30 31 34 51 53 54 55 56 69 70 78 82 84 87 89 112 119 121 123 126 128 132 140 145 148 149 159 165 166 167 169 179 183 184 187 197 199
32
5 12 17 22 28 33 37 39 42 61 65 67 80 82 87 91 99 103 109 111 120 124 127 129 141 155 159 161 163 169 176 190
48
4 6 7 15 16 17 34 39 44 46 47 51 53 61 65 66 70 72 76 79 82 96 97 98 101 103 107 117 123 127 128 129 132 135 147 148 150 153 157 158 161 166 171 177 181 183 186 187
48
6 8 9 16 22 26 30 37 39 42 51 52 57 62 64 65 66 88 91 94 95 96 105 107 109 111 116 118 123 126 127 129 130 158 160 162 164 170 172 174 177 182 183 186 187 192 193 195
39
1 2 8 9 23 25 39 44 46 50 58 71 73 95 97 99 106 110 111 116 122 123 134 143 147 154 156 158 160 167 168 172 174 175 178 187 195 196 199
33
15 20 21 34 35 40 44 46 49 53 60 63 64 88 91 94 95 109 110 112 114 115 133 134 137 139 148 154 155 164 165 171 183
51
1 3 4 11 14 15 16 17 35 38 41 43 45 46 47 48 52 56 61 68 71 73 79 80 88 91 95 99 102 105 110 114 116 117 122 130 142 144 155 158 168 170 177 186 187 188 190 191 197 199 200
36
2 3 4 7 9 29 30 31 32 33 34 38 44 48 56 68 76 78 79 92 93 96 109 112 117 127 136 145 148 151 163 167 171 183 184 200
36
21 27 30 32 35 36 38 47 48 60 61 65 68 76 80 89 95 112 113 116 124 132 137 140 141 142 144 146 147 154 162 166 174 180 188 198
31
1 9 16 23 25 30 45 49 67 68 70 72 80 81 82 94 95 98 106 121 131 147 153 155 176 178 185 188 189 194 195
47
1 3 11 14 16 19 26 35 48 52 53 55 63 70 75 78 81 84 87 89 90 91 95 97 104 108 113 115 118 125 126 127 129 131 133 138 140 147 150 153 164 167 172 176 181 184 188
45
2 4 9 11 13 14 17 21 24 27 28 31 34 38 45 49 50 51 53 62 86 92 93 94 103 106 108 127 129 147 148 150 154 157 158 166 172 175 180 181 184 187 195 199 200
26
1 2 13 17 21 29 40 43 54 62 73 79 81 85 103 104 106 119 122 140 143 152 162 164 172 178
38
3 5 10 22 28 41 44 53 60 65 68 73 74 82 86 87 92 107 114 120 121 122 125 137 143 148 152 162 163 167 168 170 175 180 191 193 196 200
47
2 3 7 8 14 16 17 19 22 24 27 31 36 61 69 80 81 83 86 90 91 93 96 97 109 115 122 124 127 142 143 144 152 153 155 160 162 163 164 166 169 176 180 182 188 195 198
43
4 5 9 16 18 19 33 39 43 46 61 62 66 67 69 70 73 81 82 86 88 93 106 119 120 130 133 140 143 145 146 152 157 160 169 170 174 179 186 187 190 194 200
35
2 3 10 12 13 17 20 28 36 37 39 40 46 51 52 62 65 75 94 98 107 116 118 119 125 131 134 135 145 153 159 162 166 173 180
46
1 2 3 5 8 10 17 20 23 30 38 42 50 53 59 60 68 73 74 83 86 87 89 92 94 97 98 106 107 110 123 124 135 137 139 149 157 165 169 175 176 179 180 182 187 193
46
4 8 14 15 22 25 27 28 31 34 38 49 50 63 82 84 85 87 89 97 98 99 101 113 114 117 118 125 129 139 143 145 152 153 154 156 159 160 161 163 164 169 177 179 181 183
37
2 5 11 19 26 28 41 43 53 58 59 61 64 68 69 75 77 88 89 91 99 102 107 121 127 128 129 139 140 142 152 153 157 161 168 179 190
40
4 18 23 26 27 33 34 41 43 52 55 59 65 78 83 95 96 100 105 112 114 118 121 126 129 130 133 138 143 145 146 149 157 164 166 168 169 193 196 199
42
3 4 8 11 14 21 22 24 29 31 32 36 48 59 71 91 93 94 100 101 106 107 108 110 117 123 125 129 135 139 140 149 154 161 167 169 182 187 189 190 192 196
37
1 7 8 11 12 18 20 23 33 34 35 41 44 47 49 56 57 64 71 72 76 85 88 90 92 100 101 102 113 119 141 160 161 166 180 182 184
39
1 2 8 9 15 18 19 21 44 51 54 57 60 63 64 67 72 79 81 85 94 100 113 124 126 135 144 150 151 156 161 170 174 177 185 192 194 195 198
36
17 18 42 45 52 53 55 58 60 69 76 77 84 86 95 105 106 107 109 120 127 130 135 146 150 152 154 158 164 182 185 189 191 193 199 200
37
3 9 19 20 28 40 57 59 60 65 67 72 76 78 87 88 95 98 100 101 109 114 120 126 128 131 132 136 138 139 140 155 160 175 177 180 192
47
4 7 16 18 23 30 32 40 50 51 58 60 62 63 66 68 72 73 87 88 91 96 98 102 105 106 116 119 121 123 124 126 129 132 137 139 152 155 171 178 181 183 185 186 191 194 195
34
1 16 28 30 48 52 56 60 65 72 82 86 90 96 98 99 103 105 112 116 119 124 128 129 136 150 161 166 167 172 183 188 190 194
33
1 22 24 28 37 46 49 54 58 59 60 63 65 70 75 77 78 79 84 85 86 102 113 125 132 137 139 142 147 158 172 176 193
39
1 7 11 12 15 19 21 28 31 32 43 47 51 52 62 64 68 76 80 89 94 100 103 114 116 121 125 133 137 143 150 154 173 174 175 183 184 196 197
43
3 18 19 20 26 28 31 36 37 42 49 52 64 77 86 91 97 101 102 104 109 112 114 123 125 142 144 145 153 154 156 158 162 163 171 175 179 183 186 187 190 194 199
39
4 6 7 8 28 30 31 39 42 45 48 53 54 55 70 75 82 87 93 94 101 108 109 113 115 117 126 127 133 154 163 169 172 181 182 189 190 192 197
35
7 10 14 15 28 30 38 41 48 49 54 66 68 83 90 92 103 120 122 123 124 129 136 141 142 144 154 157 158 160 163 164 179 187 190
39
10 12 15 20 36 42 43 48 49 53 56 62 71 79 82 83 91 98 99 106 107 108 116 125 128 135 143 149 152 154 164 165 174 187 188 193 195 196 198
35
17 18 19 20 27 33 36 42 50 63 65 71 72 75 77 79 92 98 100 105 115 116 119 120 134 136 138 141 148 152 169 183 184 196 200
40
11 12 19 27 28 37 44 54 59 69 71 76 78 79 83 88 90 91 93 103 106 110 118 125 126 127 129 133 140 141 147 149 152 154 163 166 180 186 190 191
48
2 4 12 18 21 26 30 32 34 36 41 43 48 49 53 58 61 62 77 88 90 94 111 115 122 127 129 132 133 134 136 139 149 151 153 161 165 172 174 181 183 184 185 187 191 195 197 200
43
22 24 26 29 32 33 36 37 45 46 50 56 58 59 61 62 66 81 83 86 91 92 94 95 107 108 112 114 120 123 125 137 140 142 145 153 155 167 170 179 186 187 199
42
1 6 14 18 28 29 30 35 39 43 44 48 50 53 60 77 86 95 96 99 104 108 115 121 123 129 130 132 135 139 140 141 146 154 157 164 172 182 183 193 196 198
45
2 12 13 15 17 20 21 25 29 33 37 48 50 63 66 67 71 72 76 78 85 89 96 121 123 129 130 131 137 143 149 153 154 158 159 163 167 171 174 178 180 187 188 192 195
34
6 12 20 30 31 36 37 42 52 64 65 71 84 88 89 93 111 117 123 129 134 137 140 141 146 148 160 163 166 167 169 173 192 196
29
6 9 12 17 25 29 35 48 65 66 72 73 85 99 102 111 127 137 145 155 158 171 176 180 182 189 194 199 200
41
7 11 15 20 23 25 26 30 36 41 46 48 62 74 80 83 87 91 96 123 126 127 128 129 144 150 151 157 158 166 168 169 176 180 181 184 187 191 193 194 195
41
10 12 14 17 21 30 48 57 58 60 62 69 70 78 79 81 86 87 96 98 99 111 112 120 124 130 135 138 142 143 144 145 146 150 154 172 176 179 191 192 195
48
7 10 12 17 20 23 29 30 31 33 35 40 42 43 50 52 57 62 64 66 68 71 80 82 85 89 92 97 98 99 111 122 128 129 130 137 144 146 155 159 167 172 174 178 180 182 191 197
41
8 12 13 15 18 25 26 27 29 40 41 55 56 57 67 68 72 73 78 83 87 99 104 112 115 120 126 129 132 135 137 143 158 175 179 183 187 188 192 196 197
37
2 6 14 16 17 20 22 35 36 42 43 47 49 61 89 90 98 108 111 112 117 118 124 126 127 131 136 156 157 169 170 175 179 184 185 188 195
35
6 9 17 18 26 29 39 40 43 49 50 55 56 64 77 81 100 111 119 121 122 123 127 142 143 145 153 158 168 169 179 192 194 195 198
40
1 11 14 16 31 34 36 39 45 46 49 53 76 77 78 82 89 93 102 107 113 114 120 123 126 127 135 141 146 152 158 160 166 174 177 181 184 185 187 198
48
3 13 15 20 26 28 31 37 38 44 57 59 62 63 64 65 66 78 79 81 85 91 94 96 99 106 111 114 115 119 121 124 127 136 141 142 145 146 154 158 161 163 170 173 185 186 189 196
43
4 11 13 15 20 30 31 32 34 46 53 57 62 64 65 70 72 74 77 82 87 89 90 91 98 107 115 119 130 136 147 149 150 152 154 155 164 165 166 171 173 175 199
41
10 13 15 19 24 29 48 53 64 71 72 85 90 95 97 99 100 102 109 113 124 126 130 148 156 158 160 161 162 163 164 167 170 173 177 178 180 182 184 186 196
40
16 23 24 27 29 32 36 37 59 68 71 72 75 76 81 82 83 97 101 102 104 107 121 124 136 157 162 164 166 168 170 176 179 181 182 186 189 191 192 196
35
9 11 13 23 33 36 37 44 48 55 59 67 78 88 92 93 101 107 108 117 118 123 126 132 135 150 159 160 164 165 167 169 182 185 187
43
2 3 5 9 19 26 27 29 31 37 46 47 48 57 64 65 73 81 87 107 113 114 115 120 124 125 128 132 133 141 142 143 146 151 155 169 173 174 177 188 190 191 194
42
2 10 16 19 20 21 24 30 35 36 40 43 51 65 67 70 73 74 76 77 83 84 86 90 94 97 100 101 105 109 126 143 147 148 155 166 177 182 184 188 193 200
32
6 7 8 11 39 45 54 65 76 79 81 86 94 96 97 108 117 133 136 138 139 140 158 166 167 171 173 176 181 183 185 191
41
9 12 13 14 15 16 20 25 27 28 29 30 40 43 44 53 67 72 87 88 91 97 101 107 110 114 119 120 131 133 139 140 166 167 170 174 175 186 190 194 200
29
3 9 20 27 28 29 46 47 48 49 58 59 74 83 84 101 103 106 117 127 131 132 145 171 184 186 188 196 198
42
1 5 7 16 24 26 28 29 39 40 41 47 48 54 57 62 73 86 90 92 97 98 99 104 116 125 126 132 136 137 146 151 154 160 168 174 179 183 184 186 195 196
35
1 16 17 19 22 34 37 39 40 46 52 54 60 66 71 76 77 85 97 100 103 110 117 131 136 137 138 140 142 143 149 171 175 184 185
38
1 2 20 30 31 40 43 50 52 55 58 66 74 75 78 85 92 100 101 103 117 119 120 125 126 128 136 148 154 156 161 163 166 170 176 179 187 200
45
1 2 3 5 6 20 21 38 39 41 42 46 48 61 63 64 68 75 76 77 83 85 87 89 90 91 94 103 105 118 123 124 128 130 137 138 141 149 156 158 161 164 170 171 199
42
1 7 10 13 16 24 30 36 41 54 57 58 59 60 67 69 82 84 90 95 98 103 104 105 109 110 119 120 121 122 125 133 135 136 149 156 165 171 181 190 196 200
35
9 10 11 15 19 37 40 48 50 57 77 85 86 93 106 111 113 114 120 124 127 130 132 138 145 147 150 152 155 160 168 170 183 188 191
37
11 22 35 38 39 40 47 48 49 60 64 70 75 77 86 89 90 92 98 99 103 120 125 134 138 139 145 147 165 167 178 181 183 188 191 192 195
49
1 6 7 9 26 29 31 35 41 42 45 46 47 48 51 55 61 72 79 83 84 92 100 101 105 107 121 123 131 137 142 143 145 146 147 148 158 164 166 168 173 176 181 182 184 188 190 192 198
49
6 8 12 13 15 18 21 23 24 27 37 40 43 46 49 65 67 73 78 79 80 83 84 85 108 111 112 113 116 118 121 122 124 132 134 135 136 142 144 150 152 159 162 166 170 182 189 192 193
42
18 24 36 37 43 48 59 61 64 71 81 82 86 88 91 95 100 101 108 110 111 125 126 132 138 139 143 145 149 151 160 161 165 169 171 180 184 188 195 196 197 200
36
2 12 13 19 39 43 46 49 50 56 64 66 69 70 73 85 86 90 91 94 97 105 114 116 118 131 143 149 150 160 169 183 184 185 194 198
40
1 5 10 17 29 34 46 47 48 50 54 56 58 61 66 73 77 79 83 84 87 91 96 99 111 116 121 143 151 158 163 165 168 174 178 182 184 186 188 199
44
1 12 25 27 28 31 39 44 46 48 51 54 70 75 77 79 80 90 92 106 117 119 122 123 127 131 137 138 148 153 157 159 163 164 168 173 175 176 180 186 192 195 196 198
51
9 11 13 24 34 35 41 44 45 47 50 52 54 55 61 68 78 79 91 93 95 98 100 101 104 108 110 114 117 119 120 121 127 129 133 136 141 146 151 154 155 156 158 159 175 180 181 182 184 188 195
39
5 7 8 16 23 26 29 31 37 39 47 57 59 73 79 83 90 92 96 101 106 107 109 120 126 132 137 142 144 146 159 160 164 171 175 176 177 186 197
41
2 6 8 10 11 16 18 23 34 41 46 49 55 60 65 67 69 70 76 77 88 95 97 102 106 108 112 122 136 138 142 144 146 147 149 152 178 183 185 198 200
45
2 8 18 19 22 24 32 40 41 43 45 47 50 54 58 60 63 64 71 77 84 86 91 93 95 100 101 107 117 119 134 135 141 148 153 155 158 166 177 179 182 183 191 194 198
44
3 13 20 22 27 30 32 34 35 37 40 41 42 51 59 64 65 67 72 74 76 87 88 96 112 114 118 119 125 132 136 147 153 160 163 164 177 178 184 187 189 194 198 199
40
10 12 16 25 30 34 38 44 49 52 54 58 69 70 78 83 94 101 103 107 109 113 114 115 121 125 133 145 146 153 157 160 161 167 169 174 179 183 189 197
45
1 8 12 14 27 29 32 34 36 37 40 45 57 64 69 77 82 84 91 99 113 118 121 123 124 125 127 129 146 148 149 150 153 157 161 164 171 174 175 177 186 187 188 196 197
39
5 11 20 23 25 31 43 45 46 47 57 63 65 66 75 78 89 94 95 96 104 107 109 111 118 124 129 132 137 138 139 143 146 160 172 191 194 199 200
49
3 4 6 7 8 35 39 41 45 47 48 54 55 62 63 76 78 86 92 100 101 102 109 112 119 123 128 135 140 145 151 152 153 155 161 162 167 168 170 172 173 177 184 187 189 190 191 192 195
41
5 8 9 21 23 32 34 37 39 49 51 57 62 72 73 74 78 81 88 89 91 92 102 107 120 122 137 140 145 147 152 153 162 169 174 176 179 190 197 198 200
35
22 25 31 40 44 46 66 70 74 75 78 90 93 96 98 102 113 114 116 117 118 127 147 152 153 156 157 162 172 173 178 185 189 190 199
41
3 8 9 19 22 32 40 42 46 52 58 59 61 67 72 77 83 88 94 103 104 105 106 109 116 124 127 128 135 140 141 146 149 152 165 169 170 174 178 187 191
45
1 5 6 12 14 18 24 25 29 30 33 39 46 49 53 55 57 58 59 60 61 65 75 76 84 91 93 100 101 106 107 114 130 136 143 145 150 172 175 176 180 181 183 184 192
49
5 6 11 16 33 37 44 54 59 60 61 70 71 74 79 96 98 100 101 102 103 106 109 111 116 122 124 126 127 133 136 137 138 142 144 147 151 153 154 163 165 171 175 176 177 194 196 198 199
38
7 10 28 29 30 40 45 47 55 56 64 66 71 73 76 84 89 96 100 103 104 121 128 131 136 140 141 142 146 154 164 180 182 189 192 194 195 199
46
30 31 34 36 37 38 42 50 52 56 64 68 71 75 76 78 87 90 98 99 100 104 105 106 107 120 122 124 126 131 135 139 143 149 160 163 168 173 175 176 180 184 186 189 193 197
32
2 4 13 15 29 31 42 45 54 62 86 91 92 95 111 116 119 128 129 131 144 156 158 166 167 170 171 177 179 180 183 189
41
7 11 12 14 15 17 20 29 30 33 35 36 38 43 47 62 71 73 77 80 81 86 89 103 104 106 108 113 116 120 121 122 132 138 140 158 160 173 176 177 182
34
5 6 9 14 19 21 33 37 43 58 62 72 97 101 102 103 108 114 123 125 131 132 136 148 159 171 172 176 179 186 190 194 197 200
46
2 6 10 11 24 26 29 32 33 35 39 41 44 46 48 50 54 65 67 69 70 71 72 73 87 88 90 91 97 120 121 126 129 133 134 142 143 146 154 169 170 171 180 186 194 196
41
23 26 27 32 34 59 60 64 67 71 72 74 83 88 93 103 107 108 117 121 127 130 133 135 136 141 142 146 152 153 155 159 160 164 165 171 173 174 182 186 187
45
3 10 21 29 33 37 38 39 46 51 55 65 66 78 80 85 87 92 95 97 98 100 103 110 111 119 120 125 129 131 142 143 147 148 149 150 157 158 159 171 173 174 181 188 197
