50 100
1.0 1.0 1.0 1.0 1.0 1.0 1.0 1.0 1.0 1.0 1.0 1.0 1.0 1.0 1.0 1.0 1.0 1.0 1.0 1.0 1.0 1.0 1.0 1.0 1.0 1.0 1.0 1.0 1.0 1.0 1.0 1.0 1.0 1.0 1.0 1.0 1.0 1.0 1.0 1.0 1.0 1.0 1.0 1.0 1.0 1.0 1.0 1.0 1.0 1.0 1.0 1.0 1.0 1.0 1.0 1.0 1.0 1.0 1.0 1.0 1.0 1.0 1.0 1.0 1.0 1.0 1.0 1.0 1.0 1.0 1.0 1.0 1.0 1.0 1.0 1.0 1.0 1.0 1.0 1.0 1.0 1.0 1.0 1.0 1.0 1.0 1.0 1.0 1.0 1.0 1.0 1.0 1.0 1.0 1.0 1.0 1.0 1.0 1.0 1.0
19
3 7 8 13 25 29 35 50 57 68 72 73 74 87 91 95 96 97 100
18
8 13 15 16 17 25 28 34 35 42 44 52 67 69 73 77 89 99
22
9 11 13 15 18 24 27 30 38 43 46 48 53 55 58 73 77 88 90 95 97 99
18
1 7 16 17 23 26 29 37 40 43 50 52 58 67 81 83 92 96
24
6 10 11 12 17 18 26 31 35 45 57 65 70 71 75 77 81 82 83 86 88 97 98 99
12
2 5 6 9 14 76 77 80 82 84 91 93
14
2 8 9 22 26 33 53 58 59 60 66 77 97 99
9
2 5 10 45 52 69 81 88 91
16
15 23 25 27 30 32 33 34 36 45 47 53 60 68 88 93
21
1 5 8 12 14 18 19 22 26 33 41 45 48 64 65 69 78 86 89 91 100
19
1 7 8 14 21 23 27 30 36 45 47 57 58 65 69 70 79 88 94
20
9 10 14 22 24 27 28 33 35 42 57 63 65 66 68 74 85 91 98 99
22
3 8 11 12 19 25 31 38 41 42 43 47 56 65 68 74 79 81 85 87 93 94
21
3 5 7 12 15 17 20 49 53 54 55 60 61 67 68 70 71 84 88 91 94
22
6 14 18 20 23 28 31 45 54 59 61 62 63 71 75 79 81 83 89 91 92 98
23
2 3 4 6 19 26 32 33 36 39 40 47 54 55 56 63 68 78 79 80 86 93 99
24
5 6 8 27 32 35 37 38 41 46 49 51 52 56 65 66 67 76 80 84 92 93 98 100
21
4 9 23 26 31 33 42 49 51 53 59 60 67 72 73 82 83 89 96 98 100
18
1 4 8 17 35 43 51 57 61 65 66 69 70 76 80 86 94 99
18
1 3 6 9 11 12 19 20 21 28 29 32 42 49 67 76 82 89
11
10 16 25 33 48 53 57 58 73 74 98
20
2 6 16 19 28 32 34 46 47 48 50 55 60 62 64 78 80 85 91 99
20
3 14 30 34 35 37 44 46 47 49 53 56 57 59 65 78 79 83 88 90
22
1 9 15 16 23 31 32 34 36 37 44 46 48 53 68 72 80 82 89 90 92 98
9
4 5 35 58 68 69 83 90 93
25
4 5 6 17 20 21 30 34 35 39 44 52 53 57 58 59 68 69 70 71 92 93 94 98 99
20
1 2 5 9 10 12 13 19 20 21 26 27 30 43 48 70 80 83 84 96
13
10 19 23 24 26 34 37 39 41 74 81 89 99
25
5 6 8 12 17 20 25 28 32 34 36 38 42 50 58 63 66 74 77 81 83 84 94 96 100
16
12 22 31 33 35 39 40 41 44 48 50 52 57 64 66 74
14
1 6 11 26 34 44 61 66 83 84 90 91 93 94
19
2 11 12 19 21 24 30 42 44 45 48 49 51 53 62 71 90 94 99
17
2 6 18 24 35 41 46 47 48 51 61 63 75 81 84 88 91
21
12 23 25 27 31 34 36 40 43 52 53 66 69 70 74 76 78 84 86 93 97
19
1 2 8 12 26 27 30 32 34 41 52 58 60 68 73 76 78 87 94
24
2 3 7 12 14 15 24 25 26 40 41 44 48 55 61 62 63 65 72 78 79 81 95 99
12
13 16 20 28 29 34 35 43 44 47 74 84
21
7 9 11 15 16 17 21 25 35 41 54 55 62 70 71 82 83 87 92 93 100
18
6 9 14 16 20 22 26 32 34 37 40 47 53 58 62 75 95 97
22
1 6 10 11 22 24 35 37 38 44 49 51 52 55 60 61 62 66 69 91 92 96
25
3 4 5 6 8 9 14 16 29 31 37 43 46 49 50 55 57 58 72 74 79 87 93 94 96
22
10 17 19 22 25 26 28 29 33 42 43 45 51 56 66 68 77 79 82 84 89 98
23
6 8 11 12 13 23 36 41 45 52 55 63 66 71 74 75 80 87 88 92 97 98 99
21
7 13 17 23 25 29 36 37 40 45 46 55 61 62 63 69 72 74 77 83 94
21
3 6 7 16 22 26 41 43 44 45 46 47 48 60 61 65 68 75 80 84 86
22
8 11 19 23 34 37 40 45 47 48 65 67 68 72 73 76 77 79 83 88 92 97
13
7 8 19 46 49 55 57 69 73 75 83 84 85
23
2 5 6 7 14 17 25 26 27 48 52 53 56 63 64 70 71 80 86 90 91 93 97
26
3 4 5 13 18 25 32 33 34 39 40 41 48 49 51 53 57 62 73 75 76 80 84 85 90 100
19
8 9 18 20 32 33 35 36 43 53 54 56 63 64 80 86 87 90 100
