100 200
1.0 1.0 1.0 1.0 1.0 1.0 1.0 1.0 1.0 1.0 1.0 1.0 1.0 1.0 1.0 1.0 1.0 1.0 1.0 1.0 1.0 1.0 1.0 1.0 1.0 1.0 1.0 1.0 1.0 1.0 1.0 1.0 1.0 1.0 1.0 1.0 1.0 1.0 1.0 1.0 1.0 1.0 1.0 1.0 1.0 1.0 1.0 1.0 1.0 1.0 1.0 1.0 1.0 1.0 1.0 1.0 1.0 1.0 1.0 1.0 1.0 1.0 1.0 1.0 1.0 1.0 1.0 1.0 1.0 1.0 1.0 1.0 1.0 1.0 1.0 1.0 1.0 1.0 1.0 1.0 1.0 1.0 1.0 1.0 1.0 1.0 1.0 1.0 1.0 1.0 1.0 1.0 1.0 1.0 1.0 1.0 1.0 1.0 1.0 1.0 1.0 1.0 1.0 1.0 1.0 1.0 1.0 1.0 1.0 1.0 1.0 1.0 1.0 1.0 1.0 1.0 1.0 1.0 1.0 1.0 1.0 1.0 1.0 1.0 1.0 1.0 1.0 1.0 1.0 1.0 1.0 1.0 1.0 1.0 1.0 1.0 1.0 1.0 1.0 1.0 1.0 1.0 1.0 1.0 1.0 1.0 1.0 1.0 1.0 1.0 1.0 1.0 1.0 1.0 1.0 1.0 1.0 1.0 1.0 1.0 1.0 1.0 1.0 1.0 1.0 1.0 1.0 1.0 1.0 1.0 1.0 1.0 1.0 1.0 1.0 1.0 1.0 1.0 1.0 1.0 1.0 1.0 1.0 1.0 1.0 1.0 1.0 1.0 1.0 1.0 1.0 1.0 1.0 1.0 1.0 1.0 1.0 1.0 1.0 1.0
11
5 6 8 28 30 33 59 136 138 140 165
6
25 37 94 124 162 190
9
26 55 61 63 66 117 140 142 184
8
5 19 29 48 64 75 145 180
8
72 74 78 83 91 96 115 175
7
39 55 88 99 102 135 179
15
10 12 17 41 49 65 69 85 108 112 169 171 174 178 193
11
33 52 77 96 152 161 170 175 184 198 200
11
3 6 50 57 67 78 102 130 131 135 182
12
1 7 13 27 51 113 129 141 144 151 154 178
9
14 23 67 82 99 116 163 183 186
7
33 66 118 123 137 178 198
13
33 41 51 52 54 80 81 82 91 96 139 151 160
9
21 38 66 75 86 90 106 129 147
3
19 189 190
11
14 16 51 61 64 66 110 150 185 186 200
5
34 45 123 141 199
9
34 41 42 103 127 130 141 194 197
11
12 14 29 33 49 68 89 107 139 153 167
8
18 67 70 87 122 173 182 199
17
5 13 22 25 29 33 40 44 55 62 75 103 125 154 167 197 200
10
6 29 42 45 53 74 92 127 155 191
8
36 65 77 102 118 153 154 189
11
1 2 20 23 28 39 63 122 123 128 182
9
29 76 77 107 113 134 159 161 177
10
10 30 56 86 134 145 150 186 190 199
8
4 5 24 41 74 117 172 196
10
26 55 66 73 91 103 115 155 160 177
12
4 14 15 24 61 82 92 140 142 168 183 199
5
62 83 84 97 184
8
10 57 65 95 102 111 180 194
12
27 41 52 53 55 74 121 134 170 175 180 200
6
42 43 145 148 179 193
7
21 35 52 131 139 165 167
11
15 32 37 44 78 98 99 106 113 129 153
14
7 41 42 43 51 53 55 60 61 65 134 145 150 167
10
6 35 37 50 79 87 111 117 127 175
4
92 120 182 196
7
43 47 69 83 105 118 172
14
22 29 42 49 54 94 105 123 143 180 184 192 193 200
7
16 19 28 45 52 86 193
4
4 28 103 186
14
17 47 49 60 64 86 87 101 117 122 156 176 180 185
16
17 26 27 31 37 49 51 69 97 120 127 141 149 175 187 200
5
10 48 59 62 143
13
23 25 42 43 60 82 84 93 121 122 131 155 190
16
28 34 54 68 77 97 106 120 139 141 144 148 159 173 176 192
12
26 33 54 67 79 91 96 150 159 163 165 199
9
12 25 37 39 99 106 117 129 170
10
6 37 64 65 81 88 104 183 185 196
12
18 41 51 74 76 98 100 102 154 160 176 194
11
19 42 67 79 100 110 124 137 166 173 189
11
23 34 53 68 98 121 137 139 148 158 164
12
28 30 36 40 52 55 88 124 169 177 187 198
5
54 144 166 184 191
13
23 26 94 101 104 107 132 147 152 171 176 187 198
12
8 48 49 75 96 124 144 146 148 158 163 189
13
19 21 33 64 78 92 111 131 154 171 174 180 199
5
17 100 107 141 155
11
1 9 37 121 133 143 155 175 177 186 192
10
2 17 22 25 68 110 144 148 154 165
9
16 20 43 46 68 90 125 130 178
11
7 10 29 47 55 104 128 129 152 162 190
9
1 13 37 46 49 61 81 104 147
14
11 16 30 33 76 87 97 132 137 147 178 191 195 198
10
25 48 79 111 115 117 119 132 148 170
15
35 47 55 57 63 98 103 113 114 125 138 143 158 183 197
11
19 32 49 71 75 105 159 164 168 178 182
11
16 29 30 37 76 82 120 122 136 142 178
8
5 13 61 156 182 187 192 194
5
1 51 56 126 166
12
22 27 32 57 78 83 104 116 122 130 180 183
15
44 70 77 91 98 101 112 126 128 147 169 174 180 183 193
6
18 105 151 164 167 187
7
1 7 11 21 93 95 102
16
22 30 40 48 53 66 93 98 112 114 130 133 171 173 179 197
15
10 30 40 41 47 53 71 94 100 114 118 121 124 130 150
8
11 12 22 33 46 60 86 127
2
99 195
10
5 29 33 74 95 105 118 154 164 182
13
23 26 37 63 78 80 98 99 118 134 159 166 180
10
1 44 64 71 80 82 110 121 136 164
12
3 13 18 47 87 102 105 122 131 147 149 192
7
49 50 58 64 68 99 103
8
31 48 75 87 159 162 166 167
14
16 27 32 35 56 108 110 138 139 142 146 152 176 195
8
2 21 65 83 121 143 169 175
9
19 33 79 82 83 162 170 176 184
9
3 19 28 55 75 127 138 174 200
10
11 24 30 88 104 128 176 178 190 191
9
14 45 54 77 101 113 117 147 192
8
9 19 83 92 94 120 163 197
9
17 51 79 87 125 152 156 186 190
11
5 15 31 76 79 85 91 105 144 153 170
10
11 61 73 114 126 144 158 162 186 193
8
34 36 60 67 96 153 162 197
7
9 32 40 60 64 98 191
7
17 67 85 110 142 150 184
11
13 24 27 85 95 96 100 132 160 187 194
6
1 19 81 129 164 178
