100 200
1.0 1.0 1.0 1.0 1.0 1.0 1.0 1.0 1.0 1.0 1.0 1.0 1.0 1.0 1.0 1.0 1.0 1.0 1.0 1.0 1.0 1.0 1.0 1.0 1.0 1.0 1.0 1.0 1.0 1.0 1.0 1.0 1.0 1.0 1.0 1.0 1.0 1.0 1.0 1.0 1.0 1.0 1.0 1.0 1.0 1.0 1.0 1.0 1.0 1.0 1.0 1.0 1.0 1.0 1.0 1.0 1.0 1.0 1.0 1.0 1.0 1.0 1.0 1.0 1.0 1.0 1.0 1.0 1.0 1.0 1.0 1.0 1.0 1.0 1.0 1.0 1.0 1.0 1.0 1.0 1.0 1.0 1.0 1.0 1.0 1.0 1.0 1.0 1.0 1.0 1.0 1.0 1.0 1.0 1.0 1.0 1.0 1.0 1.0 1.0 1.0 1.0 1.0 1.0 1.0 1.0 1.0 1.0 1.0 1.0 1.0 1.0 1.0 1.0 1.0 1.0 1.0 1.0 1.0 1.0 1.0 1.0 1.0 1.0 1.0 1.0 1.0 1.0 1.0 1.0 1.0 1.0 1.0 1.0 1.0 1.0 1.0 1.0 1.0 1.0 1.0 1.0 1.0 1.0 1.0 1.0 1.0 1.0 1.0 1.0 1.0 1.0 1.0 1.0 1.0 1.0 1.0 1.0 1.0 1.0 1.0 1.0 1.0 1.0 1.0 1.0 1.0 1.0 1.0 1.0 1.0 1.0 1.0 1.0 1.0 1.0 1.0 1.0 1.0 1.0 1.0 1.0 1.0 1.0 1.0 1.0 1.0 1.0 1.0 1.0 1.0 1.0 1.0 1.0 1.0 1.0 1.0 1.0 1.0 1.0
33
2 9 11 13 21 31 34 39 44 46 67 70 71 72 78 82 96 103 110 124 127 138 143 150 158 168 170 175 176 179 184 192 200
44
6 9 13 18 22 25 26 34 43 44 45 49 54 56 57 63 71 80 81 89 90 91 92 95 105 109 112 115 118 120 124 140 142 146 156 160 166 173 175 176 177 179 189 199
33
7 8 14 30 34 37 56 59 73 78 81 82 84 90 91 93 98 112 113 117 119 122 147 151 154 166 169 176 178 185 192 195 200
46
3 7 13 20 21 29 37 39 44 50 51 53 58 63 66 74 77 87 90 92 96 98 99 105 116 120 127 136 137 146 147 150 154 155 156 160 163 164 171 173 174 175 181 182 188 197
41
8 22 24 28 30 36 38 43 47 48 55 66 73 78 91 93 96 103 104 106 111 114 115 118 124 131 139 148 149 156 157 159 160 162 163 164 177 178 180 187 193
37
1 5 9 17 21 24 30 39 43 45 51 59 66 67 77 87 88 95 98 102 103 107 110 112 123 148 159 163 167 171 174 176 185 186 194 195 199
45
6 16 20 23 27 28 33 34 41 46 47 56 57 60 68 69 70 86 97 101 105 112 114 118 119 121 122 132 137 138 139 146 148 149 152 153 155 160 169 173 178 180 184 186 198
40
1 8 15 18 21 35 36 40 42 45 51 54 67 69 74 77 84 88 90 92 112 121 124 125 134 135 137 142 147 149 154 155 157 172 173 184 187 191 193 199
43
2 4 15 19 24 32 35 37 38 43 44 45 46 69 70 77 79 87 89 93 99 115 116 119 125 131 133 145 146 147 150 151 153 157 158 161 163 172 174 176 183 189 197
40
4 5 6 10 21 23 29 37 44 47 59 63 66 68 72 77 84 89 92 100 105 106 111 113 116 118 129 136 140 143 148 156 165 173 176 179 185 194 195 198
42
5 12 16 18 19 20 34 40 43 48 49 55 61 62 64 65 66 81 90 92 95 96 100 104 106 111 118 125 131 139 146 147 151 154 159 163 167 170 182 184 188 196
40
9 10 13 16 18 21 24 26 28 32 34 44 46 51 55 56 62 66 73 82 99 101 102 105 109 113 115 121 133 143 145 155 158 165 171 180 181 183 187 191
44
3 18 21 30 50 62 70 79 86 90 93 95 98 99 101 104 105 106 111 112 126 128 129 130 133 136 141 144 147 153 155 156 158 159 161 164 176 179 180 187 189 193 198 199
33
1 2 6 15 19 28 36 38 44 45 54 60 62 64 84 87 88 101 104 108 112 114 119 145 149 151 156 158 175 177 182 184 196
35
4 11 19 20 22 30 31 38 43 58 63 70 76 92 100 102 107 108 110 114 115 118 122 131 138 141 152 157 172 176 182 186 188 190 192
43
8 14 17 18 24 29 30 39 50 57 63 64 73 74 78 86 98 109 114 119 120 121 125 126 128 134 145 149 150 162 165 168 169 170 177 179 180 182 183 185 191 192 193
37
7 9 16 19 20 22 30 38 41 65 69 72 74 84 85 93 94 103 104 107 108 114 117 122 125 128 131 133 143 145 146 147 171 178 179 180 183
36
2 3 5 7 15 20 25 29 34 36 43 46 50 52 57 61 63 74 75 80 83 85 114 119 125 127 129 136 142 145 147 153 158 161 166 172
39
3 12 15 20 22 34 37 48 58 64 66 68 71 74 77 79 84 85 89 99 107 110 112 115 126 130 136 137 143 144 150 154 156 166 167 174 186 190 194
41
3 6 9 10 18 19 20 34 36 38 39 43 44 45 51 64 67 82 84 91 95 107 113 115 116 117 127 131 139 142 146 157 162 163 165 168 170 182 188 193 198
41
4 5 13 18 21 28 31 34 35 36 37 39 45 51 62 64 71 73 75 86 92 93 96 100 101 107 118 138 141 142 148 149 155 165 169 173 183 184 193 195 198
42
1 4 5 6 9 10 15 16 24 28 29 31 46 49 50 67 71 75 77 83 84 86 90 92 100 105 106 107 121 130 138 160 162 164 165 166 167 168 175 177 184 197
40
1 6 15 17 18 24 29 31 39 45 48 50 73 74 85 86 91 100 102 108 113 114 117 126 130 135 140 142 148 155 159 161 174 177 180 181 188 191 192 197
38
7 16 28 30 37 43 48 63 66 69 71 79 86 87 90 101 105 113 117 130 133 134 142 145 149 151 156 166 168 169 179 183 184 185 190 193 194 196
37
1 5 14 16 18 22 38 41 48 50 54 55 56 59 67 68 70 71 73 83 95 99 106 114 118 127 128 137 148 156 157 160 162 167 177 180 188
45
11 14 15 16 18 21 27 31 38 39 40 46 56 58 59 61 66 79 87 95 96 97 112 113 114 120 126 128 129 138 145 151 153 156 162 163 168 172 176 179 180 181 189 195 197
39
2 7 10 16 23 27 33 43 44 46 47 59 61 64 67 81 82 83 85 92 109 113 121 123 126 132 133 135 137 143 158 161 166 169 172 173 176 187 192
50
1 4 5 6 7 12 14 16 17 23 24 29 30 41 45 54 60 63 66 71 75 78 81 82 86 87 93 101 104 105 107 110 111 114 116 117 120 127 132 140 143 152 168 172 176 180 181 185 186 188
40
9 10 11 15 17 25 26 29 33 40 45 51 55 57 60 62 73 74 75 79 89 95 102 103 104 105 123 130 142 143 152 162 165 169 170 175 176 181 192 193
43
2 3 9 22 24 25 26 34 35 42 44 48 54 56 58 60 68 70 72 79 85 88 105 106 111 112 120 126 133 135 137 145 158 159 168 177 178 186 192 194 195 196 197
40
10 13 14 17 29 30 31 32 44 49 55 58 62 74 75 99 103 108 109 114 115 116 124 125 131 139 140 141 143 150 153 159 165 166 176 186 187 190 195 198
38
1 2 8 11 19 24 25 32 33 40 47 55 66 70 73 74 80 89 97 98 103 108 116 129 142 144 146 147 150 156 164 173 174 177 183 186 187 191
38
15 25 26 29 31 32 33 34 36 43 51 54 74 77 81 83 84 95 100 126 128 134 135 136 137 144 149 152 158 159 162 166 182 187 190 194 197 200
37
2 10 18 19 37 40 42 50 51 56 60 65 67 70 73 77 81 89 92 104 106 110 133 135 137 141 146 154 161 168 169 171 172 177 181 182 190
41
4 20 25 30 33 40 44 51 56 59 66 71 77 78 80 84 91 95 98 99 103 106 108 109 112 120 129 134 136 138 140 157 158 160 162 178 182 187 190 191 196
41
14 17 19 25 27 28 29 30 32 33 34 45 58 64 77 78 82 83 102 103 106 107 108 111 115 121 130 134 137 142 148 154 156 166 171 176 184 186 189 196 198
36
12 13 20 34 37 41 43 46 54 55 69 73 93 101 104 113 124 134 138 141 142 145 148 152 155 160 161 170 171 172 174 186 191 192 195 196
36
22 27 31 33 41 49 54 58 59 62 76 77 79 81 85 90 93 94 101 106 107 109 110 128 133 135 136 140 145 165 171 177 189 193 197 198
42
1 10 13 25 27 28 31 33 35 39 40 46 49 50 54 71 81 87 97 99 101 105 107 108 119 121 141 142 143 153 157 158 160 165 167 169 173 176 182 183 190 197
36
6 13 20 21 22 29 32 35 40 42 50 56 58 60 69 72 96 100 103 104 108 115 119 126 134 145 148 151 155 163 167 170 172 189 196 199
30
5 9 10 26 28 29 33 38 42 47 54 55 57 61 63 73 76 80 82 101 110 118 138 153 174 175 183 186 189 193
40
5 7 10 14 15 17 21 27 37 41 45 51 52 60 63 66 68 72 80 81 85 86 89 114 119 127 139 140 143 149 154 155 164 166 172 174 183 185 193 195
36
3 4 7 14 18 20 26 30 40 47 51 65 81 83 95 98 101 107 108 109 115 127 131 133 137 143 144 145 147 166 168 185 190 192 196 197
43
1 6 16 23 24 31 33 34 36 44 45 56 69 72 79 82 85 89 90 102 107 108 121 123 131 132 134 140 148 156 159 160 164 168 171 177 178 179 181 182 185 189 195
47
6 8 9 10 16 17 19 21 23 25 26 30 39 46 53 56 57 59 68 70 73 78 81 87 95 97 98 102 103 105 106 110 124 126 127 128 137 143 144 146 158 162 175 176 180 192 199
39
15 26 31 35 36 39 41 54 56 59 60 63 71 74 93 94 95 96 101 105 109 116 124 139 142 143 147 151 154 155 166 169 174 176 182 195 196 198 199
48
5 6 9 11 17 20 21 23 24 29 30 41 44 45 47 48 63 65 70 72 74 78 81 84 87 90 92 99 106 114 120 123 132 135 143 154 155 156 157 158 160 165 173 175 179 180 187 196
35
4 8 9 12 16 32 42 45 59 61 62 67 74 77 81 83 84 96 98 103 105 107 118 124 125 129 131 134 156 170 175 176 180 189 200
27
3 12 21 32 45 59 64 68 73 76 77 85 101 102 108 148 154 160 164 173 178 179 182 188 189 190 195
38
5 6 8 18 32 37 54 57 58 66 73 74 81 82 89 94 98 101 112 116 117 119 121 122 123 124 133 136 143 156 162 166 167 171 172 173 179 186
39
3 4 11 12 13 16 30 36 44 48 50 53 55 58 72 86 88 94 96 99 101 102 109 114 125 128 131 135 144 150 155 158 159 182 185 190 194 195 200
46
2 5 11 14 18 21 29 30 36 37 38 40 41 43 45 48 52 74 76 79 80 84 92 93 98 103 107 109 110 111 115 118 123 125 131 138 144 146 156 166 167 176 177 188 194 200
32
5 6 24 25 26 30 36 38 39 45 46 47 54 64 65 70 90 115 120 126 130 153 163 166 168 178 182 184 185 189 191 198
25
2 9 11 20 22 39 44 50 62 69 77 82 107 112 127 128 141 142 148 156 170 171 187 188 196
35
5 6 18 21 23 31 35 38 52 61 62 66 72 73 77 88 89 90 91 102 115 117 125 127 128 131 146 155 161 162 163 167 182 185 197
43
5 7 8 16 17 23 27 28 30 38 44 45 46 47 51 52 59 63 76 83 84 94 100 102 106 114 115 123 128 129 137 138 141 148 151 154 157 169 174 186 188 193 197
28
8 12 17 27 35 52 53 57 59 67 95 96 107 114 119 121 131 132 133 136 138 142 148 152 160 165 181 186
44
2 5 8 9 10 11 19 22 26 30 34 35 49 50 53 56 59 76 79 87 95 105 108 116 118 127 133 135 138 139 141 154 163 164 166 167 168 178 179 186 187 188 191 198
46
14 16 18 21 22 27 36 39 40 44 51 54 55 58 60 61 63 66 67 69 72 84 94 95 98 100 108 109 112 115 118 139 142 143 146 148 149 151 156 171 172 173 182 186 189 198
43
1 3 4 6 19 37 42 51 52 54 59 76 78 79 80 81 88 90 93 99 106 107 109 110 122 123 127 132 136 148 160 166 169 171 172 175 186 189 192 193 195 197 198
47
8 11 13 16 24 26 32 33 37 45 46 51 56 60 62 65 67 68 69 74 80 85 95 97 102 105 117 121 125 126 136 141 142 143 144 150 157 168 169 172 179 180 186 192 196 198 200
42
1 11 14 15 16 23 27 35 40 41 42 48 51 65 66 75 76 84 91 96 98 118 126 136 137 138 142 146 149 151 157 161 162 165 166 168 170 172 180 183 198 200
47
6 11 18 20 37 42 45 46 47 48 52 56 59 60 64 65 75 77 78 81 97 98 105 107 110 112 113 116 117 119 120 122 127 129 135 137 145 147 149 150 155 166 167 170 172 173 183
39
7 12 15 36 40 41 44 49 52 62 63 69 70 75 79 84 88 92 96 103 106 110 112 116 122 126 136 139 143 153 161 165 166 168 173 179 190 194 200
49
7 12 17 28 32 37 39 40 50 52 55 57 61 62 74 79 80 84 86 92 93 94 97 100 102 107 117 120 122 126 136 137 139 141 150 152 157 164 168 171 174 175 178 180 182 183 189 195 197
34
5 7 11 13 42 52 53 55 56 57 69 81 82 94 107 108 111 113 114 116 121 122 126 128 135 152 153 154 163 170 182 188 190 199
37
4 5 14 15 23 24 27 28 30 39 46 56 58 84 92 94 95 98 104 106 111 118 126 129 142 143 144 147 150 158 163 170 171 183 186 190 196
45
8 10 15 16 17 24 27 30 33 35 42 43 45 46 47 49 53 58 68 71 72 73 77 82 87 88 90 93 96 100 103 113 145 151 155 158 162 164 172 173 174 175 181 194 197
39
3 22 23 27 28 32 33 37 47 48 67 69 81 85 96 98 99 101 106 107 109 113 119 122 124 135 140 152 154 165 170 173 176 181 182 187 192 194 195
47
1 9 10 13 17 23 25 28 35 44 49 51 58 64 67 69 71 72 73 74 85 86 87 95 104 105 107 110 120 123 124 125 126 129 130 141 142 144 159 160 173 178 183 186 189 196 200
38
1 3 14 18 21 23 30 33 38 43 55 57 68 76 79 85 91 103 106 108 110 111 117 125 132 137 141 143 146 153 155 162 172 173 180 191 195 200
53
1 2 7 11 18 22 26 29 34 36 38 40 42 50 55 60 61 62 64 66 68 76 82 97 101 105 106 107 109 126 127 132 133 134 135 137 139 143 144 148 149 150 151 160 164 177 178 182 185 188 191 193 195
46
5 13 17 20 29 33 34 37 42 43 49 50 56 58 72 75 79 90 94 97 102 107 108 109 112 114 122 124 128 130 139 143 144 148 152 153 156 158 162 165 172 174 177 179 191 199
34
5 6 7 8 9 10 29 34 39 47 51 62 65 66 67 75 76 83 88 89 100 102 105 113 117 118 119 127 158 173 183 190 193 195
44
1 5 11 12 13 14 16 17 20 24 25 30 31 52 72 80 86 99 104 112 113 114 119 120 127 129 133 141 144 148 149 155 157 158 161 166 167 173 174 177 180 184 188 197
46
7 9 23 25 27 29 39 48 68 70 72 75 76 77 79 83 84 93 101 103 106 109 112 118 119 121 123 124 128 129 133 141 144 146 147 148 156 163 165 173 174 180 184 190 193 194
40
3 9 11 18 19 27 28 36 38 49 50 57 63 66 82 83 90 92 101 112 113 126 130 131 134 137 138 139 143 144 147 158 164 168 175 176 177 186 191 196
33
28 34 42 44 46 79 82 86 92 103 104 108 112 113 117 123 134 135 137 138 141 142 150 152 153 155 166 170 175 187 191 196 199
47
3 26 32 40 43 47 50 53 64 66 67 71 74 77 80 85 89 94 97 98 101 109 116 120 122 123 128 134 137 138 139 141 143 144 148 151 152 154 156 166 167 170 177 189 191 192 197
44
2 8 12 18 20 24 29 32 33 38 40 43 51 52 54 56 58 61 62 78 79 88 93 99 102 103 106 119 121 133 136 140 144 145 149 150 152 159 161 165 168 177 185 195
32
12 43 47 49 50 51 52 55 60 61 62 70 79 81 83 86 90 106 115 121 122 130 139 146 147 150 162 163 177 179 183 197
41
2 14 18 19 20 23 26 34 39 43 44 47 52 53 63 69 72 73 77 87 98 99 100 101 102 103 106 116 126 131 142 147 160 165 170 176 183 187 191 193 196
40
7 8 9 10 12 29 31 36 37 43 44 49 51 54 64 75 77 80 83 90 107 108 110 116 121 122 128 131 133 137 138 139 141 149 155 159 162 164 167 169
43
3 18 21 27 28 29 36 45 53 60 61 67 69 70 77 83 87 88 89 94 96 98 102 105 119 124 125 128 132 140 151 153 157 158 162 166 168 169 172 182 186 187 190
48
3 9 10 11 19 27 32 33 35 37 48 50 53 57 64 66 68 72 73 76 77 79 89 97 106 107 109 112 118 134 136 141 143 152 156 158 163 166 167 169 174 181 184 186 188 191 193 194
42
3 7 11 12 20 25 28 30 31 32 39 42 49 56 77 84 97 98 101 107 110 117 119 122 124 128 129 131 135 139 144 151 157 159 167 173 176 182 184 185 199 200
37
7 9 13 16 25 31 32 34 35 36 38 43 51 55 56 69 83 84 89 95 96 101 106 111 117 119 132 138 143 147 152 159 171 174 182 187 194
39
7 11 20 21 41 42 51 53 62 64 71 80 82 87 88 93 99 105 110 114 116 117 119 135 140 144 145 148 156 161 163 166 167 171 173 178 179 191 198
41
2 15 19 21 29 30 32 33 34 35 44 51 52 53 61 63 66 69 75 78 80 82 85 96 99 102 121 123 126 127 142 145 152 154 163 165 169 172 176 181 196
43
1 4 6 13 17 31 35 40 45 46 53 56 58 60 61 63 78 79 80 82 89 92 93 94 96 97 109 119 126 127 129 140 142 154 161 163 166 169 175 187 189 191 198
45
6 9 12 13 15 21 23 24 43 44 59 60 63 67 74 76 78 84 86 87 90 91 99 101 102 105 106 107 109 114 118 127 129 131 132 138 139 141 154 168 171 173 182 198 200
44
1 3 6 8 10 12 15 23 26 28 30 33 40 44 45 48 51 58 70 71 74 78 82 85 90 91 99 100 108 111 116 117 130 137 147 150 152 156 163 166 168 175 192 199
41
4 5 7 8 15 18 20 22 31 46 49 50 54 61 77 90 95 98 108 111 114 115 126 129 131 138 143 150 152 156 158 162 164 177 178 180 186 191 193 194 197
42
1 14 16 19 21 27 30 57 58 62 63 66 67 72 74 76 82 84 86 97 104 107 108 110 115 117 118 119 121 134 135 137 153 157 158 159 175 189 190 191 192 196
43
3 4 7 11 14 16 17 28 29 35 36 39 42 43 46 52 53 54 76 78 86 90 96 103 104 109 116 119 121 135 141 143 144 148 176 180 187 190 192 193 198 199 200
39
1 6 15 17 21 27 28 41 43 57 58 60 62 68 69 95 107 109 110 111 114 125 128 137 138 139 143 145 157 163 168 170 173 174 181 184 188 193 200
40
3 8 20 22 28 34 43 46 50 53 57 63 67 68 75 85 96 103 107 108 109 112 123 135 136 137 141 144 146 153 155 157 159 160 161 166 179 182 183 200
40
3 5 13 14 23 40 47 55 62 63 68 73 75 76 81 82 89 94 99 100 103 106 107 115 116 123 134 138 141 150 151 152 153 154 162 171 176 185 198 199
42
1 5 7 11 16 17 28 31 40 47 51 54 55 59 65 69 73 79 80 88 94 96 110 140 142 145 147 149 154 156 158 162 163 166 169 172 174 180 184 189 193 197
40
1 2 9 16 23 25 30 36 37 38 43 52 53 62 65 68 73 76 78 83 95 97 107 111 114 125 129 142 158 161 166 169 175 177 179 181 186 189 191 197
