50 100
1.0 1.0 1.0 1.0 1.0 1.0 1.0 1.0 1.0 1.0 1.0 1.0 1.0 1.0 1.0 1.0 1.0 1.0 1.0 1.0 1.0 1.0 1.0 1.0 1.0 1.0 1.0 1.0 1.0 1.0 1.0 1.0 1.0 1.0 1.0 1.0 1.0 1.0 1.0 1.0 1.0 1.0 1.0 1.0 1.0 1.0 1.0 1.0 1.0 1.0 1.0 1.0 1.0 1.0 1.0 1.0 1.0 1.0 1.0 1.0 1.0 1.0 1.0 1.0 1.0 1.0 1.0 1.0 1.0 1.0 1.0 1.0 1.0 1.0 1.0 1.0 1.0 1.0 1.0 1.0 1.0 1.0 1.0 1.0 1.0 1.0 1.0 1.0 1.0 1.0 1.0 1.0 1.0 1.0 1.0 1.0 1.0 1.0 1.0 1.0
5
21 33 42 81 88
7
18 19 21 53 60 70 78
6
2 20 25 26 30 68
3
18 63 91
6
4 17 48 52 79 83
4
19 41 53 100
9
20 42 63 68 70 82 84 96 98
2
26 86
3
70 77 94
4
2 19 42 93
9
16 19 20 25 27 34 42 74 87
7
3 11 21 26 64 78 94
11
13 34 39 46 50 70 74 75 83 96 97
7
6 18 33 44 73 90 97
4
37 66 69 92
6
7 11 19 37 94 97
4
16 27 58 95
4
33 41 60 73
8
13 22 30 32 55 59 64 99
7
14 16 29 38 48 56 62
5
17 18 42 57 77
3
56 64 98
4
1 39 41 58
5
36 37 43 67 84
7
28 38 39 42 43 52 93
5
4 24 32 48 70
12
4 18 23 31 35 40 43 44 49 61 62 70
3
2 22 35
6
17 51 63 73 77 91
6
13 18 32 45 51 67
6
19 37 56 71 72 73
3
32 48 62
5
28 46 55 62 94
6
40 50 53 60 63 83
3
41 48 72
5
6 7 64 72 91
8
27 32 66 87 89 91 93 95
4
41 49 63 93
2
16 31
2
57 60
5
39 64 72 82 86
3
65 83 89
10
9 14 15 16 29 36 52 72 81 87
6
12 14 55 59 72 75
6
24 35 59 82 91 97
6
10 11 56 76 79 83
5
34 46 52 73 74
2
11 13
8
12 27 44 48 58 81 84 92
4
17 28 70 92
