50 100
1.0 1.0 1.0 1.0 1.0 1.0 1.0 1.0 1.0 1.0 1.0 1.0 1.0 1.0 1.0 1.0 1.0 1.0 1.0 1.0 1.0 1.0 1.0 1.0 1.0 1.0 1.0 1.0 1.0 1.0 1.0 1.0 1.0 1.0 1.0 1.0 1.0 1.0 1.0 1.0 1.0 1.0 1.0 1.0 1.0 1.0 1.0 1.0 1.0 1.0 1.0 1.0 1.0 1.0 1.0 1.0 1.0 1.0 1.0 1.0 1.0 1.0 1.0 1.0 1.0 1.0 1.0 1.0 1.0 1.0 1.0 1.0 1.0 1.0 1.0 1.0 1.0 1.0 1.0 1.0 1.0 1.0 1.0 1.0 1.0 1.0 1.0 1.0 1.0 1.0 1.0 1.0 1.0 1.0 1.0 1.0 1.0 1.0 1.0 1.0
9
10 18 29 47 53 58 59 69 81
10
14 19 26 33 55 59 64 70 79 98
9
7 10 23 59 62 68 76 88 96
7
2 3 52 58 61 71 93
10
2 14 16 24 43 45 49 69 88 90
11
7 14 34 38 39 40 54 67 76 83 91
13
2 16 17 28 36 38 42 51 58 65 74 89 93
14
1 12 14 17 20 22 26 30 36 48 69 81 84 100
13
1 10 32 43 44 52 63 73 77 84 85 87 98
7
5 11 33 40 57 64 95
8
16 34 35 39 74 80 90 96
8
4 5 17 18 25 31 81 87
7
22 42 49 59 74 79 88
6
5 22 50 72 75 98
6
4 12 13 66 79 80
7
6 28 42 49 51 52 65
10
8 9 10 27 28 36 41 56 57 72
10
4 10 33 35 45 47 49 64 68 83
8
13 14 41 43 45 70 85 100
9
13 28 29 49 59 62 88 89 97
12
6 9 18 24 31 35 44 55 66 81 88 96
8
12 17 18 20 22 54 57 74
17
1 3 7 10 16 18 34 38 44 50 62 67 72 75 79 81 91
13
5 10 17 22 33 40 45 49 62 65 77 86 100
12
9 38 49 58 60 65 71 74 88 92 94 96
10
20 24 28 31 38 40 46 51 62 71
13
12 13 15 16 23 32 45 55 67 69 77 89 98
11
7 8 9 19 21 29 31 46 56 70 76
9
7 12 22 53 69 76 86 94 98
16
1 6 14 15 17 20 29 39 44 61 63 74 75 84 87 100
13
10 11 13 14 21 27 28 32 39 53 70 77 88
13
15 17 20 29 32 33 60 64 75 76 78 80 84
13
3 9 16 21 23 40 46 56 70 72 77 96 100
9
11 15 22 27 37 56 73 87 88
4
10 34 56 70
9
3 21 26 33 42 43 60 92 95
10
5 11 17 44 59 66 71 74 84 97
9
4 15 36 41 44 64 65 67 84
12
19 22 29 32 40 41 48 55 66 72 84 93
9
5 10 17 20 53 56 66 82 88
8
17 28 41 53 67 70 87 92
12
2 10 13 22 29 34 45 63 67 72 93 98
15
6 24 28 38 41 58 64 65 73 74 77 79 80 90 92
13
4 8 22 28 31 35 45 48 51 60 75 88 89
6
6 7 46 79 82 86
16
4 7 14 21 22 36 38 40 44 72 74 75 79 95 96 99
9
4 15 25 46 47 59 65 69 95
12
6 17 18 19 26 32 57 66 67 71 82 99
9
9 14 30 39 40 58 65 89 99
10
2 23 37 42 57 68 73 79 95 99
