50 100
1.0 1.0 1.0 1.0 1.0 1.0 1.0 1.0 1.0 1.0 1.0 1.0 1.0 1.0 1.0 1.0 1.0 1.0 1.0 1.0 1.0 1.0 1.0 1.0 1.0 1.0 1.0 1.0 1.0 1.0 1.0 1.0 1.0 1.0 1.0 1.0 1.0 1.0 1.0 1.0 1.0 1.0 1.0 1.0 1.0 1.0 1.0 1.0 1.0 1.0 1.0 1.0 1.0 1.0 1.0 1.0 1.0 1.0 1.0 1.0 1.0 1.0 1.0 1.0 1.0 1.0 1.0 1.0 1.0 1.0 1.0 1.0 1.0 1.0 1.0 1.0 1.0 1.0 1.0 1.0 1.0 1.0 1.0 1.0 1.0 1.0 1.0 1.0 1.0 1.0 1.0 1.0 1.0 1.0 1.0 1.0 1.0 1.0 1.0 1.0
6
4 46 81 84 88 97
7
13 15 45 63 69 85 89
5
9 58 71 79 82
6
5 24 27 75 96 97
1
12
8
5 17 34 37 49 67 69 99
9
12 17 38 55 61 72 79 87 91
4
29 30 80 83
7
6 11 40 46 65 74 93
1
94
4
5 19 76 82
8
6 12 18 20 21 56 73 85
6
8 40 41 50 79 100
6
28 39 48 83 86 94
5
6 20 27 39 59
4
41 55 66 90
5
3 23 85 86 98
2
57 79
6
31 34 47 48 86 99
4
64 68 71 93
3
30 40 67
5
7 15 56 78 84
6
6 25 36 39 82 99
6
23 46 74 76 78 89
4
35 61 75 97
4
19 73 80 93
2
11 60
6
46 47 51 58 72 86
9
2 27 32 43 44 61 80 90 92
9
18 25 26 29 57 60 68 69 85
5
54 55 62 63 72
6
28 39 41 57 80 85
7
9 18 34 79 80 86 87
7
6 8 11 16 42 44 95
7
9 37 41 65 73 84 85
6
16 21 31 57 80 98
6
4 23 37 41 58 85
1
15
4
11 48 63 84
5
29 42 55 77 91
2
56 88
5
3 21 79 87 99
6
2 19 27 47 95 97
4
3 41 88 96
4
15 17 20 40
4
6 16 22 94
5
7 22 24 61 64
6
14 17 44 47 78 84
4
49 70 76 95
7
23 57 58 69 84 91 93
