100 200
1.0 1.0 1.0 1.0 1.0 1.0 1.0 1.0 1.0 1.0 1.0 1.0 1.0 1.0 1.0 1.0 1.0 1.0 1.0 1.0 1.0 1.0 1.0 1.0 1.0 1.0 1.0 1.0 1.0 1.0 1.0 1.0 1.0 1.0 1.0 1.0 1.0 1.0 1.0 1.0 1.0 1.0 1.0 1.0 1.0 1.0 1.0 1.0 1.0 1.0 1.0 1.0 1.0 1.0 1.0 1.0 1.0 1.0 1.0 1.0 1.0 1.0 1.0 1.0 1.0 1.0 1.0 1.0 1.0 1.0 1.0 1.0 1.0 1.0 1.0 1.0 1.0 1.0 1.0 1.0 1.0 1.0 1.0 1.0 1.0 1.0 1.0 1.0 1.0 1.0 1.0 1.0 1.0 1.0 1.0 1.0 1.0 1.0 1.0 1.0 1.0 1.0 1.0 1.0 1.0 1.0 1.0 1.0 1.0 1.0 1.0 1.0 1.0 1.0 1.0 1.0 1.0 1.0 1.0 1.0 1.0 1.0 1.0 1.0 1.0 1.0 1.0 1.0 1.0 1.0 1.0 1.0 1.0 1.0 1.0 1.0 1.0 1.0 1.0 1.0 1.0 1.0 1.0 1.0 1.0 1.0 1.0 1.0 1.0 1.0 1.0 1.0 1.0 1.0 1.0 1.0 1.0 1.0 1.0 1.0 1.0 1.0 1.0 1.0 1.0 1.0 1.0 1.0 1.0 1.0 1.0 1.0 1.0 1.0 1.0 1.0 1.0 1.0 1.0 1.0 1.0 1.0 1.0 1.0 1.0 1.0 1.0 1.0 1.0 1.0 1.0 1.0 1.0 1.0 1.0 1.0 1.0 1.0 1.0 1.0
5
16 95 116 132 185
4
30 84 98 146
13
1 43 45 46 49 57 64 85 104 108 159 192 195
12
5 23 62 68 79 93 109 117 136 172 187 196
6
85 103 118 165 173 184
12
2 5 10 22 23 69 81 92 126 163 190 200
10
2 7 26 40 77 88 90 91 103 184
8
66 73 95 132 144 146 167 178
7
16 29 43 91 141 145 197
12
22 35 39 44 46 50 74 77 116 122 170 196
9
36 39 53 57 76 103 109 113 199
14
24 35 39 51 55 76 78 136 149 154 156 158 163 176
11
32 33 51 73 105 107 111 115 119 181 199
10
41 63 96 103 104 134 143 162 184 191
15
20 22 33 43 48 55 85 95 102 137 138 147 157 183 198
9
6 8 15 18 95 101 113 130 163
10
38 45 89 97 109 125 150 172 178 196
10
21 49 63 65 69 74 84 115 125 155
8
14 51 52 72 114 174 180 181
6
102 120 125 141 148 159
7
37 38 74 83 110 164 169
13
37 41 43 56 58 60 100 109 122 134 166 181 186
10
6 15 38 69 70 89 103 150 152 182
6
1 17 51 72 87 97
9
12 78 86 107 114 128 133 142 193
9
15 35 47 51 55 57 107 140 180
9
1 14 61 84 107 114 164 175 180
10
19 30 39 86 103 121 149 162 163 166
9
13 30 71 93 119 122 128 142 170
14
5 26 32 47 84 109 112 140 141 156 158 159 171 175
16
4 5 14 15 35 37 45 60 67 69 84 85 89 131 139 163
15
10 28 60 88 101 106 109 111 124 138 164 165 172 174 188
4
43 115 170 176
10
14 68 106 116 137 150 153 175 188 194
13
22 31 37 60 72 75 94 153 171 178 187 195 199
16
12 26 46 63 71 96 117 122 124 158 164 165 192 196 197 198
10
36 51 90 97 103 110 128 142 146 176
12
10 26 52 88 117 128 142 149 157 184 188 191
11
20 42 51 54 69 144 146 149 151 179 192
9
53 66 67 88 95 119 147 165 191
11
41 44 65 84 85 119 125 161 162 189 197
11
6 16 25 36 47 86 104 107 127 129 156
13
35 47 51 52 65 92 118 120 121 146 164 179 184
9
2 26 75 87 97 101 116 150 165
13
13 18 20 51 75 89 92 106 121 168 174 182 184
10
6 56 63 71 72 97 155 168 179 187
8
5 26 40 54 101 137 139 188
9
10 27 34 56 57 84 128 134 140
9
43 52 59 69 77 97 148 167 178
5
8 26 47 97 151
10
41 42 75 87 100 162 168 173 174 184
8
10 23 35 73 118 119 161 196
9
7 11 61 114 120 142 161 194 195
8
22 35 59 64 108 128 137 148
11
54 60 87 100 106 131 138 141 158 187 198
13
5 8 11 18 20 27 64 82 101 109 156 161 194
8
1 12 20 49 86 147 164 182
10
3 9 12 36 41 52 64 67 116 179
11
36 44 69 71 91 97 120 142 160 162 180
12
5 53 82 88 102 112 113 125 142 172 180 182
13
15 36 37 40 55 72 86 99 113 159 171 193 196
11
10 15 17 55 77 88 99 107 116 123 173
15
3 13 33 63 66 68 92 104 143 145 156 162 169 179 188
3
37 98 115
15
23 35 36 64 86 107 118 136 147 156 162 172 176 188 194
11
13 24 37 44 112 141 160 161 179 188 200
16
2 3 13 14 34 36 46 47 53 70 100 142 147 160 170 174
7
13 23 37 68 70 94 120
12
13 45 51 81 86 91 102 110 121 150 174 185
5
35 56 101 108 117
13
4 19 24 46 56 71 84 88 89 129 144 160 184
14
17 52 53 58 70 78 86 110 121 135 146 163 179 195
13
19 45 64 66 79 85 109 123 167 174 182 187 196
7
11 38 83 98 110 133 149
14
32 67 69 76 81 92 94 102 116 130 157 158 166 199
10
9 19 34 46 109 131 135 136 176 183
13
72 87 101 111 115 119 138 151 152 155 174 181 184
15
9 21 30 44 54 71 72 77 107 108 128 173 176 181 193
11
9 19 21 39 45 73 92 99 101 147 153
10
19 23 31 42 48 49 71 102 138 144
9
4 15 47 54 62 110 120 161 196
9
41 45 55 87 125 137 146 194 198
5
25 101 118 151 176
12
10 15 53 95 103 108 110 127 147 172 178 200
9
3 31 46 59 67 82 93 121 167
11
5 21 37 87 93 122 130 152 171 174 179
13
16 32 36 39 43 56 60 66 94 107 142 146 169
13
55 75 115 118 123 127 142 150 160 177 182 185 197
13
17 25 40 43 45 83 106 127 128 129 135 140 149
6
13 47 103 136 146 195
8
15 38 62 106 111 120 152 189
10
13 19 20 33 37 122 156 183 189 198
12
3 17 31 36 56 94 131 144 147 167 178 192
10
1 33 52 58 77 93 97 108 128 185
6
15 20 26 145 175 192
10
25 27 28 36 62 67 84 87 134 135
10
40 86 97 109 115 123 138 145 155 168
15
11 19 30 32 33 40 42 85 89 96 101 120 177 193 198
8
8 26 93 103 137 164 165 185
11
26 32 85 89 92 136 147 157 167 180 185
