150 300
1.0 1.0 1.0 1.0 1.0 1.0 1.0 1.0 1.0 1.0 1.0 1.0 1.0 1.0 1.0 1.0 1.0 1.0 1.0 1.0 1.0 1.0 1.0 1.0 1.0 1.0 1.0 1.0 1.0 1.0 1.0 1.0 1.0 1.0 1.0 1.0 1.0 1.0 1.0 1.0 1.0 1.0 1.0 1.0 1.0 1.0 1.0 1.0 1.0 1.0 1.0 1.0 1.0 1.0 1.0 1.0 1.0 1.0 1.0 1.0 1.0 1.0 1.0 1.0 1.0 1.0 1.0 1.0 1.0 1.0 1.0 1.0 1.0 1.0 1.0 1.0 1.0 1.0 1.0 1.0 1.0 1.0 1.0 1.0 1.0 1.0 1.0 1.0 1.0 1.0 1.0 1.0 1.0 1.0 1.0 1.0 1.0 1.0 1.0 1.0 1.0 1.0 1.0 1.0 1.0 1.0 1.0 1.0 1.0 1.0 1.0 1.0 1.0 1.0 1.0 1.0 1.0 1.0 1.0 1.0 1.0 1.0 1.0 1.0 1.0 1.0 1.0 1.0 1.0 1.0 1.0 1.0 1.0 1.0 1.0 1.0 1.0 1.0 1.0 1.0 1.0 1.0 1.0 1.0 1.0 1.0 1.0 1.0 1.0 1.0 1.0 1.0 1.0 1.0 1.0 1.0 1.0 1.0 1.0 1.0 1.0 1.0 1.0 1.0 1.0 1.0 1.0 1.0 1.0 1.0 1.0 1.0 1.0 1.0 1.0 1.0 1.0 1.0 1.0 1.0 1.0 1.0 1.0 1.0 1.0 1.0 1.0 1.0 1.0 1.0 1.0 1.0 1.0 1.0 1.0 1.0 1.0 1.0 1.0 1.0 1.0 1.0 1.0 1.0 1.0 1.0 1.0 1.0 1.0 1.0 1.0 1.0 1.0 1.0 1.0 1.0 1.0 1.0 1.0 1.0 1.0 1.0 1.0 1.0 1.0 1.0 1.0 1.0 1.0 1.0 1.0 1.0 1.0 1.0 1.0 1.0 1.0 1.0 1.0 1.0 1.0 1.0 1.0 1.0 1.0 1.0 1.0 1.0 1.0 1.0 1.0 1.0 1.0 1.0 1.0 1.0 1.0 1.0 1.0 1.0 1.0 1.0 1.0 1.0 1.0 1.0 1.0 1.0 1.0 1.0 1.0 1.0 1.0 1.0 1.0 1.0 1.0 1.0 1.0 1.0 1.0 1.0 1.0 1.0 1.0 1.0 1.0 1.0 1.0 1.0 1.0 1.0 1.0 1.0 1.0 1.0 1.0 1.0 1.0 1.0
13
11 43 61 71 142 143 147 160 177 236 267 273 279
10
3 61 92 190 192 204 245 269 280 283
22
32 105 109 121 135 162 167 178 187 191 205 206 224 226 227 238 241 244 278 286 287 296
14
21 35 38 61 62 100 119 190 197 212 228 253 260 295
15
10 52 58 71 83 119 126 139 142 156 168 187 222 294 299
20
10 19 39 105 137 140 149 161 178 184 188 208 209 211 215 238 275 280 297 298
20
9 54 68 73 88 127 167 194 195 196 205 221 236 248 261 273 280 291 298 300
19
14 50 51 61 92 122 149 150 158 170 172 180 223 230 232 270 287 290 293
9
8 16 48 65 185 235 246 275 296
18
13 38 41 68 72 82 109 116 132 142 147 169 175 188 196 216 222 284
13
31 40 78 82 113 151 155 176 190 191 207 285 286
15
38 66 70 112 118 119 130 152 171 185 193 204 245 250 278
19
7 8 14 19 32 59 85 106 135 178 186 204 211 212 214 221 259 263 280
18
1 23 30 34 35 40 49 61 103 119 131 139 150 176 208 263 270 283
8
3 6 54 67 80 180 222 242
14
9 52 53 92 122 136 139 153 172 179 233 240 242 243
9
21 24 68 117 141 189 197 213 267
17
5 27 73 74 99 103 120 130 154 185 224 231 234 238 242 246 264
16
4 22 27 86 107 117 128 141 150 158 204 263 266 269 289 293
12
3 16 29 48 51 97 107 128 143 154 232 241
20
1 88 112 115 118 120 121 156 164 187 217 233 242 252 255 271 273 277 285 297
13
14 36 45 54 61 92 134 169 207 219 243 259 300
19
47 62 75 89 104 114 115 124 140 143 174 205 209 231 257 258 292 295 296
16
10 105 118 128 133 144 163 164 183 208 210 231 261 269 293 298
17
19 26 29 32 58 73 76 87 138 172 178 193 203 204 221 269 300
13
7 34 62 69 70 141 169 170 186 193 235 285 298
15
94 96 97 104 109 118 123 128 130 164 210 253 254 255 279
14
7 24 26 59 76 83 116 139 185 237 255 264 275 300
20
6 18 31 53 79 94 96 135 150 156 164 192 194 198 254 255 261 265 276 279
12
5 13 23 40 55 71 92 114 138 160 259 273
20
18 27 31 40 41 46 102 113 121 130 141 160 178 185 196 204 207 224 250 289
12
9 40 67 90 120 136 155 161 237 286 288 293
12
11 51 74 79 94 136 165 189 221 235 272 296
13
2 14 28 49 56 84 123 129 147 166 172 197 206
18
23 43 71 74 118 131 148 172 178 203 204 210 213 232 252 264 275 280
14
12 37 80 84 96 102 111 122 142 201 218 229 284 295
19
7 23 59 65 72 89 128 160 161 165 179 205 229 235 261 272 273 275 295
16
27 50 52 73 127 178 179 182 196 205 248 260 273 278 292 300
13
21 60 64 73 135 143 191 199 208 210 212 238 270
15
10 83 104 108 109 122 123 136 139 157 160 223 239 259 285
9
15 97 120 173 188 218 240 248 264
17
12 25 65 70 91 97 109 122 130 139 170 173 175 189 227 278 294
13
87 113 140 163 187 191 197 199 209 215 235 258 269
7
18 87 118 149 210 230 259
12
40 49 71 100 108 150 203 212 228 231 249 262
16
23 28 33 64 71 114 143 157 166 182 204 208 215 227 272 285
16
13 23 39 82 83 91 108 187 204 210 227 231 232 247 266 282
10
3 32 40 47 92 94 109 162 166 237
11
3 14 68 86 103 105 155 209 231 288 294
11
33 36 37 52 56 123 128 130 234 258 268
12
9 24 60 66 89 98 102 193 203 229 237 245
18
10 46 99 110 126 132 142 157 192 200 209 237 238 249 250 252 257 291
18
8 17 75 86 99 139 151 160 182 200 227 228 233 243 251 252 265 266
16
26 28 44 84 85 108 109 110 125 137 174 186 212 213 235 287
19
5 10 13 21 30 48 56 60 81 117 138 146 184 198 203 205 226 264 268
10
56 87 142 157 164 170 173 175 192 215
16
17 35 41 50 58 155 164 177 182 207 221 244 256 259 270 282
20
20 47 52 67 77 91 131 138 145 180 187 216 220 259 268 280 292 293 296 297
16
17 20 53 55 71 72 74 87 101 115 149 183 192 214 238 240
11
41 78 99 109 154 159 160 168 222 238 287
14
36 37 64 68 78 129 159 171 194 208 224 226 271 294
18
13 14 26 33 40 41 52 69 75 130 139 163 174 197 218 223 236 281
15
11 29 50 63 102 126 204 227 232 248 257 260 270 283 294
13
37 56 82 83 96 165 180 197 238 255 268 284 285
10
59 62 92 110 130 138 168 242 280 296
20
50 69 70 84 86 90 101 107 110 112 128 176 193 202 212 218 254 259 264 286
20
22 35 44 52 64 69 74 75 81 88 105 116 137 149 154 189 258 273 274 282
14
12 49 61 66 110 124 140 152 159 194 221 230 268 287
13
11 21 29 87 92 115 128 144 191 193 249 269 278
14
1 36 64 69 77 120 142 194 198 221 238 282 296 297
21
12 21 37 43 92 95 97 101 111 130 133 135 173 182 203 204 224 232 233 241 282
22
1 8 9 24 81 92 123 134 135 136 156 167 169 213 221 223 245 256 264 275 284 294
15
44 49 50 76 88 89 134 168 186 216 231 254 269 282 291
21
2 14 36 49 52 53 55 71 77 84 87 92 100 122 158 180 199 218 267 289 297
12
2 5 36 44 48 77 129 162 193 206 231 266
18
12 22 42 62 67 68 69 110 132 144 161 261 266 269 278 279 284 300
22
18 24 36 43 45 59 63 66 76 91 113 114 158 160 166 206 221 231 233 254 257 276
11
14 24 31 59 65 68 79 131 145 209 251
13
36 75 102 140 186 209 224 236 242 252 253 260 262
14
6 7 8 10 20 38 88 118 154 178 214 270 284 296
11
15 60 121 162 182 186 200 213 234 254 283
9
10 11 97 101 141 161 212 248 274
9
65 94 114 142 163 185 236 288 289
19
33 67 87 93 98 104 124 141 188 195 197 204 213 233 239 249 254 282 294
17
13 31 50 63 106 109 119 122 123 178 195 209 225 249 253 287 299
18
10 36 43 57 59 60 87 88 92 129 140 217 231 236 251 252 253 292
13
8 46 69 109 114 120 175 179 202 218 243 247 256
13
1 18 22 37 43 62 74 78 79 103 110 124 256
11
19 48 54 97 151 235 244 272 278 294 297
16
43 54 85 104 117 171 192 205 222 232 241 246 248 270 291 295
20
7 10 12 18 24 29 44 52 54 68 84 89 106 199 213 248 255 260 263 292
15
8 9 17 93 124 126 130 155 162 178 215 222 245 267 291
17
9 10 21 36 42 48 125 140 144 190 206 224 238 246 255 280 290
12
33 52 78 88 100 109 121 125 139 142 164 222
14
28 91 103 128 132 148 155 169 208 219 222 258 266 289
15
21 54 67 92 111 119 132 160 171 195 211 232 251 283 292
18
11 24 40 61 115 124 133 148 152 180 208 224 232 235 252 271 272 276
12
40 42 47 54 58 76 90 101 136 197 263 292
14
7 11 25 58 71 78 98 120 140 196 197 201 218 254
17
4 16 22 30 85 89 151 169 190 212 218 236 258 261 267 284 289
11
23 24 30 39 118 138 144 173 194 213 281
16
41 51 95 97 103 116 153 159 163 173 181 186 209 244 261 262
10
13 16 33 42 73 105 171 254 281 282
14
14 18 19 28 52 53 56 72 94 158 159 168 206 243
14
2 4 27 64 119 164 190 213 222 234 244 245 261 274
19
2 14 54 74 79 148 153 160 163 191 198 200 209 216 224 227 247 256 292
18
7 38 44 50 63 64 102 108 125 165 170 192 193 255 287 291 293 294
13
33 47 49 55 71 81 127 193 197 240 241 264 297
18
2 6 7 17 81 97 105 149 192 203 210 218 240 241 244 278 281 289
17
10 55 79 91 103 120 122 149 163 178 181 187 193 217 228 240 241
11
28 44 67 126 145 172 173 191 248 270 291
17
34 66 73 75 100 121 126 133 149 164 196 212 217 230 241 273 277
12
69 105 125 137 147 192 197 212 243 248 259 265
11
16 19 36 37 87 99 105 124 179 244 247
16
57 95 106 128 143 156 162 186 232 243 245 256 272 279 280 296
15
53 74 87 132 134 150 169 176 195 226 234 254 259 288 296
16
37 86 87 88 105 113 142 166 171 189 211 228 241 247 271 280
16
27 53 60 99 111 138 142 162 199 201 209 246 252 262 263 296
13
9 55 59 63 105 117 128 152 180 226 231 234 248
18
33 43 67 68 72 79 81 108 131 146 147 167 179 208 210 239 279 288
13
16 24 32 40 44 45 95 101 104 136 138 153 160
21
13 28 35 56 70 80 103 134 137 151 152 162 206 212 213 217 241 243 246 250 273
15
12 39 42 75 87 95 101 152 159 185 198 243 272 293 296
21
3 6 13 48 55 59 71 96 100 123 129 148 183 196 219 224 228 232 246 258 290
16
12 14 27 71 111 155 191 203 220 249 251 256 262 265 272 288
16
17 43 72 80 106 120 131 168 181 195 207 236 252 261 269 294
12
14 32 75 182 188 195 200 238 260 274 294 297
18
8 9 14 28 29 32 60 95 144 194 206 208 214 223 242 262 293 298
9
38 49 84 85 109 175 187 190 279
19
7 12 46 66 72 106 142 145 147 149 159 182 188 190 220 235 251 265 293
11
16 18 20 42 63 99 102 117 125 162 266
14
2 20 32 47 51 122 159 165 176 177 254 269 272 274
20
26 27 48 63 67 69 91 99 148 170 179 193 195 197 231 233 252 256 271 290
16
50 66 81 92 106 128 147 170 187 196 203 211 243 254 279 297
14
7 10 16 38 63 73 114 128 129 161 166 183 196 288
17
14 22 37 59 96 102 116 126 129 153 168 192 195 217 249 269 299
8
36 62 65 137 140 162 222 262
9
31 38 64 102 159 174 242 251 258
21
4 19 29 30 38 69 71 81 85 93 101 145 173 181 192 195 207 222 224 247 278
11
43 83 88 133 197 212 213 239 246 250 265
15
98 135 156 160 166 169 174 190 191 229 232 256 258 282 297
12
9 42 73 112 121 146 193 220 229 281 283 285
11
52 68 88 95 109 152 154 163 172 175 267
10
13 38 42 112 164 198 202 220 254 275
16
3 25 36 60 67 70 71 116 139 142 150 174 194 196 257 267
18
32 37 39 82 107 111 132 156 159 197 213 215 222 223 246 248 249 287
22
34 43 44 50 61 110 114 121 126 136 146 155 158 161 186 196 201 231 242 265 279 281
19
38 42 51 52 62 87 98 109 118 131 167 175 200 222 223 267 269 292 299
14
15 63 66 71 132 141 178 184 195 218 230 234 291 292
12
1 78 153 166 168 177 262 265 268 285 296 298
