150 300
1.0 1.0 1.0 1.0 1.0 1.0 1.0 1.0 1.0 1.0 1.0 1.0 1.0 1.0 1.0 1.0 1.0 1.0 1.0 1.0 1.0 1.0 1.0 1.0 1.0 1.0 1.0 1.0 1.0 1.0 1.0 1.0 1.0 1.0 1.0 1.0 1.0 1.0 1.0 1.0 1.0 1.0 1.0 1.0 1.0 1.0 1.0 1.0 1.0 1.0 1.0 1.0 1.0 1.0 1.0 1.0 1.0 1.0 1.0 1.0 1.0 1.0 1.0 1.0 1.0 1.0 1.0 1.0 1.0 1.0 1.0 1.0 1.0 1.0 1.0 1.0 1.0 1.0 1.0 1.0 1.0 1.0 1.0 1.0 1.0 1.0 1.0 1.0 1.0 1.0 1.0 1.0 1.0 1.0 1.0 1.0 1.0 1.0 1.0 1.0 1.0 1.0 1.0 1.0 1.0 1.0 1.0 1.0 1.0 1.0 1.0 1.0 1.0 1.0 1.0 1.0 1.0 1.0 1.0 1.0 1.0 1.0 1.0 1.0 1.0 1.0 1.0 1.0 1.0 1.0 1.0 1.0 1.0 1.0 1.0 1.0 1.0 1.0 1.0 1.0 1.0 1.0 1.0 1.0 1.0 1.0 1.0 1.0 1.0 1.0 1.0 1.0 1.0 1.0 1.0 1.0 1.0 1.0 1.0 1.0 1.0 1.0 1.0 1.0 1.0 1.0 1.0 1.0 1.0 1.0 1.0 1.0 1.0 1.0 1.0 1.0 1.0 1.0 1.0 1.0 1.0 1.0 1.0 1.0 1.0 1.0 1.0 1.0 1.0 1.0 1.0 1.0 1.0 1.0 1.0 1.0 1.0 1.0 1.0 1.0 1.0 1.0 1.0 1.0 1.0 1.0 1.0 1.0 1.0 1.0 1.0 1.0 1.0 1.0 1.0 1.0 1.0 1.0 1.0 1.0 1.0 1.0 1.0 1.0 1.0 1.0 1.0 1.0 1.0 1.0 1.0 1.0 1.0 1.0 1.0 1.0 1.0 1.0 1.0 1.0 1.0 1.0 1.0 1.0 1.0 1.0 1.0 1.0 1.0 1.0 1.0 1.0 1.0 1.0 1.0 1.0 1.0 1.0 1.0 1.0 1.0 1.0 1.0 1.0 1.0 1.0 1.0 1.0 1.0 1.0 1.0 1.0 1.0 1.0 1.0 1.0 1.0 1.0 1.0 1.0 1.0 1.0 1.0 1.0 1.0 1.0 1.0 1.0 1.0 1.0 1.0 1.0 1.0 1.0 1.0 1.0 1.0 1.0 1.0 1.0
64
1 3 5 10 17 20 23 46 57 58 61 62 64 72 78 80 81 90 99 100 101 103 108 112 117 120 124 128 133 139 146 151 156 157 158 163 164 165 166 176 177 178 183 185 190 192 194 196 199 206 211 214 231 245 249 263 266 272 273 276 278 286 290 291
64
8 10 14 18 19 22 25 30 32 37 39 48 51 56 58 60 62 68 70 74 79 80 81 88 90 91 92 93 99 101 106 107 115 123 128 137 147 156 158 173 177 179 190 191 202 203 206 207 223 230 239 249 252 260 261 272 275 277 280 281 282 285 288 299
45
9 22 42 45 49 52 60 72 73 77 78 80 87 97 104 105 117 127 130 131 135 136 139 140 142 152 159 178 181 194 205 207 209 214 219 222 224 226 249 251 270 275 277 293 295
56
9 11 16 25 30 35 37 38 44 45 46 52 72 78 85 90 94 102 103 104 108 111 118 119 130 137 139 143 145 151 160 163 166 170 171 172 173 174 180 189 218 221 222 223 230 235 239 249 251 269 275 276 280 284 286 289
52
6 7 8 20 25 35 37 43 44 45 66 68 69 84 89 101 106 109 113 114 125 126 127 130 140 141 162 163 171 176 179 186 190 197 204 210 216 222 223 229 230 245 246 251 266 275 280 282 284 285 287 290
62
5 7 9 17 18 25 32 33 41 45 51 52 53 60 67 69 70 80 84 86 89 90 92 93 94 100 112 116 124 126 134 140 145 148 152 166 174 175 178 183 192 194 196 202 203 207 209 225 229 232 234 238 242 253 264 266 269 270 272 290 294 299
53
4 8 10 19 26 31 33 40 48 62 64 68 80 89 94 99 106 107 110 112 117 123 126 127 130 131 138 143 150 157 166 167 168 172 175 179 183 187 192 205 208 213 216 224 227 228 248 266 267 273 286 288 291
60
3 14 30 32 34 44 48 60 67 76 80 82 85 87 89 93 94 97 103 109 110 114 116 120 123 126 127 129 134 138 140 142 147 148 149 165 174 175 180 183 195 201 202 210 212 220 223 229 237 243 253 254 258 259 267 272 275 285 292 293
72
5 8 17 26 30 33 40 41 44 46 51 58 60 61 68 73 80 84 86 89 91 92 94 98 101 102 106 107 108 110 120 123 127 131 132 134 135 137 141 144 149 152 164 166 173 190 197 201 203 206 207 210 218 226 228 231 233 240 245 246 252 256 257 259 267 268 273 278 280 284 298 300
64
9 14 19 27 28 32 39 45 48 50 57 63 71 73 83 87 88 91 95 102 112 114 115 121 122 127 135 148 150 164 173 177 178 183 188 192 195 198 200 201 211 212 214 215 220 225 227 231 238 241 243 244 248 256 263 266 269 278 285 286 289 290 291 295
70
11 12 17 19 33 34 36 39 49 54 57 60 64 74 83 84 86 101 103 104 113 117 128 134 135 136 141 146 149 155 158 162 165 175 181 186 187 191 193 199 200 207 210 211 213 219 221 227 232 236 237 238 240 241 242 249 252 253 255 256 260 262 266 268 276 281 293 294 296 300
69
5 8 11 14 15 16 17 24 25 34 39 41 46 47 55 59 60 61 68 71 72 82 85 90 92 105 113 116 120 122 123 124 137 145 146 153 156 158 165 169 178 179 181 185 191 193 198 205 206 208 211 216 222 228 231 247 250 251 263 265 267 268 269 274 276 293 295 298 299
64
1 9 29 40 44 51 60 65 70 71 76 81 87 90 94 96 99 102 106 111 112 120 137 139 145 148 151 153 160 167 169 172 176 179 184 190 195 205 208 214 222 227 229 233 234 248 249 252 253 259 260 262 267 269 273 275 278 280 283 284 292 293 294 300
63
7 11 16 25 26 29 30 35 37 38 43 44 52 53 60 63 66 71 81 82 86 87 94 95 99 105 110 111 125 133 137 147 159 164 170 171 174 175 190 192 198 200 204 211 212 216 220 224 225 232 238 240 241 247 248 252 255 268 277 284 293 294 299
47
8 14 16 21 25 34 37 44 45 55 60 71 80 91 95 103 105 115 120 122 127 135 138 140 149 161 162 172 175 180 186 194 202 209 216 222 227 230 244 249 250 256 259 270 277 281 283
62
3 10 13 21 25 31 37 38 39 61 62 65 70 71 77 87 91 96 97 99 102 112 113 115 135 140 141 143 152 157 159 161 162 163 164 174 185 189 193 198 208 209 211 221 223 231 236 251 252 253 256 263 271 273 280 282 283 284 288 289 293 296
65
8 15 18 23 24 30 31 32 38 41 43 45 52 59 62 64 87 92 95 96 99 103 107 108 127 128 129 132 141 142 147 149 153 157 184 186 189 196 201 211 213 217 227 229 232 235 239 242 245 249 252 253 254 260 264 272 276 277 280 282 283 285 288 291 292
56
1 5 9 13 20 22 25 29 33 41 42 49 50 52 53 54 57 58 71 80 83 88 104 110 114 122 128 131 135 140 141 143 146 164 168 172 177 180 183 187 191 207 218 219 223 228 229 230 239 240 243 251 266 286 291 292
59
4 7 11 15 16 38 49 50 51 60 63 68 75 91 93 95 99 106 117 125 137 138 140 141 146 147 151 155 173 175 177 178 181 182 186 187 188 190 192 195 205 211 222 224 225 228 231 235 237 255 262 263 267 269 274 276 280 285 286
65
4 9 13 14 16 18 25 31 33 39 42 50 53 60 62 69 71 74 78 84 88 93 103 104 107 111 120 121 136 139 148 152 153 178 179 181 187 188 193 194 200 205 206 209 218 219 227 228 230 232 234 240 249 251 252 260 268 269 274 276 278 282 288 291 300
63
9 15 18 19 22 32 44 46 55 56 58 64 65 71 76 79 91 96 99 101 104 106 108 109 110 116 118 120 125 127 129 130 146 148 151 154 159 160 164 165 167 178 194 197 200 221 233 236 239 247 258 264 273 277 281 282 287 294 295 296 297 299 300
59
4 14 24 65 68 72 74 76 90 93 100 106 113 114 116 117 123 124 128 132 134 135 143 146 151 153 157 164 165 168 175 188 192 194 196 205 209 212 222 224 229 230 231 233 234 239 251 252 254 255 266 267 268 282 285 286 287 291 296
65
1 6 20 23 24 26 28 37 38 39 40 54 62 66 72 73 75 83 88 90 95 103 104 115 124 126 129 130 132 133 134 136 140 145 147 154 163 171 172 174 177 179 183 187 191 192 193 194 196 204 205 207 223 225 226 228 241 242 249 269 281 282 284 286 297
69
8 10 11 12 13 20 21 22 23 25 30 36 39 54 66 70 71 72 87 90 93 95 99 102 105 109 110 117 121 126 128 133 135 136 138 139 144 148 150 158 163 165 167 170 181 183 187 190 196 211 221 225 226 232 234 235 237 243 244 251 254 263 267 269 271 281 286 288 295
50
7 15 18 19 21 42 44 48 62 64 66 72 84 89 91 97 101 102 104 111 117 121 131 132 135 142 145 149 163 165 172 182 192 197 198 202 208 216 218 221 228 229 232 235 239 251 257 274 275 284
66
3 5 21 29 43 45 48 49 52 61 62 71 78 82 84 86 88 107 115 119 124 128 131 134 137 138 139 140 142 157 159 162 166 171 173 177 181 184 193 195 196 198 203 205 211 216 219 220 221 227 229 231 235 238 242 244 246 255 258 264 267 270 271 293 296 299
69
10 11 13 14 17 25 37 38 55 56 57 58 64 65 67 71 75 80 83 90 92 95 103 105 107 123 128 130 132 137 138 147 150 152 154 158 162 164 167 168 170 173 177 178 182 185 186 191 193 196 199 202 211 215 220 241 245 250 261 263 264 267 268 270 275 280 283 284 300
56
2 5 9 12 15 17 18 21 28 29 33 45 46 56 61 64 68 69 75 79 80 87 103 117 120 126 141 142 144 145 159 164 171 181 184 202 211 214 217 228 230 234 238 250 257 261 270 271 273 276 280 283 287 296 297 299
55
6 10 16 17 21 23 27 34 41 42 43 47 52 69 76 77 78 85 88 89 90 97 104 108 109 123 125 127 135 150 151 155 157 164 166 168 173 188 195 203 209 212 216 218 222 224 229 238 243 256 274 276 280 287 289
71
3 4 6 8 12 26 27 28 30 39 42 43 46 53 55 62 64 67 73 81 84 97 100 101 103 104 107 116 123 124 125 130 133 134 140 148 152 163 167 170 178 196 199 202 208 210 211 212 215 219 220 224 227 229 233 234 240 247 252 261 262 269 271 278 281 284 288 293 294 295 296
74
4 7 14 22 25 31 32 39 40 46 49 53 56 62 66 68 69 72 74 79 81 84 95 108 111 114 115 120 121 122 140 144 151 152 156 157 160 164 169 175 185 187 197 198 201 207 216 217 222 227 228 229 232 235 240 244 245 247 257 258 260 262 264 274 281 282 284 285 286 288 290 292 296 297
55
1 7 14 15 21 27 39 41 45 46 51 64 68 70 72 75 76 79 89 91 92 94 95 96 102 103 122 126 138 140 141 153 155 160 171 172 176 179 180 187 194 198 207 209 218 229 230 231 238 242 244 255 264 267 292
62
3 5 6 22 28 30 31 32 39 57 58 59 67 68 70 80 81 86 89 90 99 100 109 112 113 120 129 130 133 143 157 165 168 171 172 173 175 176 177 178 182 185 193 197 206 213 222 226 228 232 238 247 251 254 257 263 267 280 281 283 287 293
59
3 5 6 16 23 25 30 37 47 53 61 63 73 75 77 87 99 107 114 118 119 127 130 137 138 141 148 151 153 158 159 161 164 165 166 170 180 197 199 203 205 207 218 233 235 246 249 255 256 257 259 264 265 269 275 276 289 295 298
70
3 5 9 20 21 22 24 27 28 30 43 46 50 51 53 55 61 71 75 77 79 80 84 96 98 100 101 102 105 107 121 122 125 126 137 139 140 141 149 152 156 160 163 177 180 181 182 194 195 204 212 215 216 218 219 224 226 232 233 243 247 251 255 264 267 271 276 286 292 297
52
4 6 8 10 13 22 24 28 33 46 58 71 99 102 104 109 112 114 118 123 134 139 140 142 145 160 163 169 173 189 193 194 204 211 212 220 221 229 230 234 238 248 270 285 287 288 291 293 295 296 297 299
44
14 19 20 24 31 36 50 56 58 71 77 81 83 96 106 112 130 136 143 149 156 163 171 180 192 197 201 221 226 229 231 234 235 239 247 252 255 256 262 263 266 270 290 293
52
5 6 13 14 23 28 30 31 38 44 45 66 75 91 92 93 96 102 103 108 109 113 116 118 139 143 149 153 162 176 179 186 204 208 210 214 215 216 219 222 223 228 230 237 241 246 248 281 291 294 295 299
59
3 12 13 20 22 41 43 44 47 53 55 64 65 74 85 111 112 114 116 119 123 128 129 131 134 145 149 152 153 166 169 170 178 179 183 201 204 205 214 216 218 224 227 229 233 236 239 240 243 245 262 269 271 276 278 279 282 287 291
60
1 9 10 15 16 29 34 38 46 53 55 59 62 66 67 68 70 71 77 91 93 96 100 105 107 112 113 114 122 124 126 127 145 149 150 153 156 157 165 170 174 176 182 185 186 189 197 201 211 231 236 238 243 249 267 268 270 280 290 300
61
4 6 8 19 24 30 40 47 55 57 77 79 94 98 108 109 113 114 121 125 130 132 138 139 140 148 149 154 160 171 175 176 179 190 192 194 197 217 228 229 235 238 240 241 243 245 247 248 252 256 261 264 267 269 271 273 279 284 289 290 296
68
2 3 8 14 19 21 27 28 30 33 36 37 38 63 65 66 77 78 88 95 105 109 111 112 115 116 124 125 129 133 139 146 154 157 160 162 164 169 176 180 181 188 193 194 198 200 202 206 208 217 228 230 236 237 240 242 245 247 248 254 262 263 269 271 272 279 291 300
65
1 11 14 16 20 23 26 28 30 39 40 48 54 62 65 75 82 89 91 92 97 110 113 116 120 125 127 128 129 130 131 135 145 146 153 155 157 158 159 170 171 180 192 193 194 198 199 204 206 217 230 232 233 239 240 244 263 268 270 273 274 275 284 296 298
64
6 7 13 21 31 36 37 39 42 43 48 52 53 60 62 63 68 71 83 88 91 92 95 101 107 108 116 126 135 143 145 153 154 161 162 165 166 168 170 174 185 190 193 195 196 199 200 203 207 208 209 225 232 244 246 255 260 263 265 267 270 273 277 292
64
9 26 28 30 35 36 37 39 48 52 56 60 64 66 71 72 80 83 88 100 103 111 120 132 135 136 141 147 153 156 157 162 166 167 169 170 171 175 178 180 185 196 198 199 210 212 214 221 223 230 231 233 246 250 265 270 271 272 275 276 286 288 294 297
63
3 4 12 15 21 23 24 29 33 34 37 42 43 44 51 55 57 58 63 75 76 81 82 86 89 97 99 106 114 117 123 125 130 138 147 153 159 180 183 184 192 196 201 202 209 216 231 232 240 244 251 252 253 255 256 269 272 275 276 284 291 294 296
64
1 3 7 12 17 25 26 28 47 49 52 56 58 62 63 64 66 70 71 79 87 91 96 101 111 124 126 127 128 129 130 135 137 146 147 154 156 161 164 169 172 188 198 199 207 209 227 228 240 241 249 250 258 274 279 281 282 286 292 293 297 298 299 300
49
13 25 42 44 47 48 49 50 55 56 60 64 67 70 73 74 87 93 104 116 118 127 128 129 136 144 147 148 161 162 163 172 178 189 190 195 201 213 222 226 230 238 246 248 252 260 265 288 292
66
5 14 24 26 27 37 39 50 61 63 64 66 68 69 72 80 83 85 92 98 99 103 104 108 112 114 119 124 132 134 136 137 138 140 143 144 148 152 153 154 158 172 173 176 177 185 186 187 197 202 204 213 217 226 227 228 232 235 261 262 264 267 273 275 280 282
59
4 7 11 18 23 25 34 37 44 46 47 52 63 66 68 72 79 80 84 86 88 89 90 92 109 113 118 119 123 130 138 139 141 151 153 160 164 165 166 175 178 183 188 198 207 221 222 225 250 253 254 257 261 271 274 276 291 292 294
82
8 12 13 14 17 20 21 26 28 30 31 35 37 40 44 46 47 52 53 58 62 64 65 72 86 91 94 95 97 100 103 104 107 111 113 118 121 124 126 136 139 142 146 158 164 167 169 171 173 177 178 182 184 194 195 196 197 200 202 203 206 208 213 216 218 222 231 237 245 251 252 255 257 260 263 265 273 278 285 289 292 295
66
7 22 23 24 25 27 30 35 36 41 42 50 56 61 64 69 72 73 78 82 84 95 101 105 107 109 112 113 123 128 132 141 142 150 154 159 163 164 168 170 172 177 178 183 185 190 194 195 198 220 227 229 233 234 239 240 245 247 249 263 266 267 268 274 281 285
56
1 4 9 12 15 17 18 19 20 24 34 35 41 42 63 73 78 82 84 98 99 101 108 112 121 127 130 132 137 141 147 150 152 159 165 167 169 176 177 178 187 188 190 200 202 204 220 245 256 257 261 263 274 295 296 297
54
2 12 13 17 24 32 36 38 53 54 69 72 82 83 93 94 97 98 99 100 103 105 119 120 141 145 147 151 154 162 164 166 175 177 179 184 185 197 199 210 213 215 226 228 236 238 242 255 260 261 265 270 273 287
69
11 19 24 29 34 37 48 50 51 52 58 67 71 72 81 87 89 92 93 94 100 101 106 108 111 113 115 127 139 143 146 151 152 157 158 159 163 165 166 170 173 178 185 187 189 197 204 210 212 219 221 224 227 231 238 241 242 252 254 258 267 274 275 282 289 292 294 299 300
64
6 11 17 23 28 34 38 41 42 46 51 57 60 69 75 85 86 89 93 100 103 105 110 111 116 118 122 124 125 127 130 138 140 160 165 173 178 184 185 186 192 206 208 216 218 222 226 227 229 233 237 241 245 250 253 257 259 268 276 281 287 288 298 300
55
3 7 12 14 24 26 29 34 37 41 42 46 47 51 60 71 79 80 84 87 90 91 115 119 121 122 124 126 129 132 138 143 155 159 163 165 166 172 174 176 179 182 192 199 234 235 242 244 248 253 260 285 286 293 296
60
1 3 11 15 23 25 28 31 33 39 42 53 54 60 61 65 66 70 72 77 86 90 92 96 104 105 107 112 114 115 132 141 143 145 147 154 155 156 162 165 169 170 172 188 190 191 192 214 242 245 254 257 263 265 275 276 286 287 289 294
59
5 10 16 18 19 23 37 38 47 48 49 51 54 59 60 61 64 65 74 88 92 97 99 101 103 110 120 125 137 139 141 152 158 161 163 164 174 178 179 181 188 189 204 205 206 207 229 250 251 253 257 258 259 266 273 274 289 290 293
55
9 16 18 34 37 42 52 53 57 59 62 63 64 65 88 100 102 117 119 121 125 129 140 147 149 153 155 166 167 174 177 181 182 183 193 197 198 199 213 222 230 240 244 245 251 261 263 264 277 285 289 290 294 297 300
63
4 5 11 16 18 24 30 60 62 69 78 81 88 89 91 95 98 99 102 105 106 108 110 114 115 117 118 129 130 137 143 152 153 155 159 161 162 169 171 178 180 182 202 203 208 214 218 228 233 235 251 253 254 264 266 272 279 287 289 294 296 297 300
62
5 9 13 14 17 18 31 37 38 43 51 55 59 62 68 69 94 98 99 104 108 109 120 122 123 127 128 129 131 144 153 156 157 162 165 173 174 175 177 191 194 198 199 202 204 211 216 230 231 238 240 244 247 252 257 259 276 278 283 286 291 297
69
2 3 4 21 35 36 39 40 48 49 51 55 57 63 65 74 79 80 84 88 96 97 99 100 106 109 117 124 125 134 135 136 137 138 140 150 153 155 161 169 179 183 188 189 190 192 194 196 199 200 205 208 218 225 229 231 237 239 243 246 247 256 267 273 280 283 284 286 295
46
5 11 15 25 27 29 35 36 37 39 49 60 69 79 86 94 100 103 115 116 137 141 142 146 147 159 162 165 174 187 189 192 200 206 210 226 235 238 245 254 255 258 261 271 276 286
46
3 23 35 38 44 50 55 59 68 81 89 102 105 106 108 119 121 130 131 147 148 151 152 155 164 175 182 183 190 192 193 194 212 227 228 230 239 248 250 253 264 269 272 277 278 298
68
1 3 6 14 20 21 24 25 32 36 39 47 50 54 56 59 60 61 63 67 80 82 84 86 88 96 101 109 112 127 129 132 135 141 149 150 157 159 168 169 174 181 183 186 189 190 191 199 202 204 214 217 219 222 236 241 242 244 247 248 252 260 272 273 279 286 293 298
57
7 25 39 40 43 44 53 55 62 69 72 75 78 88 91 92 94 103 106 111 117 127 142 152 161 163 167 170 174 182 185 187 189 190 199 204 208 213 217 222 223 228 232 234 246 248 260 263 265 268 273 276 279 284 287 293 298
51
2 6 13 59 68 71 77 84 87 93 102 106 111 116 124 131 134 139 143 144 151 152 154 156 159 165 166 169 175 180 187 188 196 216 218 219 221 223 224 225 234 247 260 268 271 272 274 275 289 293 297
77
4 9 10 11 13 17 22 28 34 38 45 46 48 59 60 61 70 71 74 75 77 84 85 97 100 101 107 108 109 116 125 128 130 131 137 139 140 148 154 159 162 163 164 166 174 175 176 178 181 184 197 205 206 210 214 218 220 224 227 230 236 237 239 242 243 248 253 263 264 265 284 287 289 291 294 296 297
64
11 17 18 21 23 28 29 31 37 54 58 60 68 69 77 86 97 103 111 114 120 123 124 125 126 128 130 133 137 141 145 146 149 152 159 166 180 183 185 192 193 194 207 208 213 214 226 229 234 239 242 245 247 250 253 254 256 259 273 279 285 290 294 298
63
2 4 9 10 11 12 13 16 23 25 27 28 33 39 40 44 48 53 55 57 66 68 78 84 88 98 101 106 107 108 112 113 129 133 138 141 144 162 169 174 183 190 191 206 211 222 223 228 234 235 240 246 247 254 258 259 265 280 281 283 291 296 300
58
5 12 13 19 41 42 43 45 51 53 55 58 59 62 65 69 74 91 92 96 103 118 120 121 129 134 143 150 155 158 162 165 177 178 183 185 189 195 196 198 228 232 233 236 237 238 239 244 246 250 256 258 271 274 279 281 292 300
62
5 9 14 15 21 31 33 34 35 37 38 43 44 54 55 68 71 73 76 82 83 85 94 98 102 106 110 112 113 115 118 119 129 131 139 145 146 149 155 158 168 169 172 177 179 195 207 214 217 220 224 229 234 239 242 244 248 256 264 266 278 297
73
8 9 17 19 22 31 34 35 43 45 49 51 58 67 71 86 89 98 103 107 108 109 111 112 113 118 119 126 131 133 151 155 158 166 168 170 174 175 177 179 187 189 190 191 192 195 203 205 208 211 215 216 220 221 223 226 238 240 246 248 250 253 267 269 278 290 291 292 294 296 297 299 300
62
1 2 16 24 29 30 33 34 35 37 43 47 48 54 59 60 69 72 74 78 79 95 104 108 114 115 119 120 125 128 129 132 133 135 136 141 145 147 149 151 168 177 182 186 189 192 204 205 206 207 209 214 232 244 250 257 265 276 278 280 284 297
51
8 13 24 31 37 41 42 50 55 58 59 61 68 70 81 87 95 100 106 115 123 132 135 140 142 155 156 159 166 171 181 185 186 196 217 220 221 226 228 235 238 247 258 262 263 270 271 276 279 294 296
61
4 12 19 26 27 33 36 52 62 68 71 83 89 91 93 97 99 106 109 114 118 121 123 124 131 134 135 143 146 148 156 173 186 188 189 191 197 202 204 210 212 220 226 227 229 233 239 242 247 248 253 257 261 262 268 269 279 285 293 297 298
56
2 16 17 18 25 27 29 30 34 40 42 47 64 69 77 86 87 89 90 105 106 111 114 120 127 128 132 133 134 153 160 161 164 181 182 184 189 193 194 206 207 208 215 216 217 228 233 241 243 252 258 262 270 281 288 294
49
12 28 35 36 37 59 61 65 72 73 75 79 100 101 103 121 124 126 133 139 141 145 152 154 158 161 166 172 175 177 180 194 196 203 205 208 214 226 228 230 239 241 244 253 256 273 286 292 296
51
5 9 12 26 28 29 32 33 44 45 48 49 57 66 69 74 77 85 88 92 105 110 111 114 120 122 136 153 154 168 173 174 182 184 206 220 222 224 235 237 242 247 248 249 254 255 256 269 281 283 285
54
7 8 15 23 28 34 37 42 53 61 65 79 92 94 95 104 108 109 114 123 124 134 135 148 152 158 166 169 173 179 190 197 209 216 220 224 225 235 237 238 243 258 260 261 264 268 271 275 278 279 287 293 297 300
53
17 18 30 31 35 50 53 54 83 86 90 97 100 110 111 125 128 133 135 139 145 147 149 152 155 161 166 167 169 170 176 177 183 209 217 218 223 227 231 236 237 239 242 250 251 271 272 275 277 284 286 290 293
62
7 9 10 12 13 24 31 33 35 45 51 52 58 77 83 84 96 97 104 106 116 123 128 133 134 147 149 155 159 164 166 168 174 184 187 204 207 210 218 221 222 223 225 229 231 232 235 237 246 247 248 255 262 271 272 276 281 282 290 293 296 297
51
8 16 20 21 35 38 44 45 51 59 69 72 76 81 84 85 87 92 95 107 109 115 139 141 142 158 164 167 174 175 181 184 186 191 201 206 212 217 227 229 230 232 234 236 243 258 261 272 284 289 300
53
7 17 22 27 40 50 56 58 63 71 73 76 78 79 82 85 88 90 95 98 100 102 104 119 124 135 140 148 149 153 162 164 171 175 177 182 184 191 192 196 203 207 209 240 241 243 246 250 260 274 277 279 291
74
2 17 18 26 27 32 34 42 45 46 49 51 53 59 62 77 84 85 86 87 88 94 95 97 99 109 110 116 123 125 126 128 133 141 147 153 154 156 160 161 163 168 171 172 174 176 191 192 194 197 215 216 218 219 220 225 231 233 235 239 242 248 249 251 252 253 262 263 270 278 288 291 295 298
57
5 7 8 9 27 28 30 32 43 52 56 71 76 83 91 93 95 97 104 108 118 128 130 135 137 139 145 146 148 150 163 168 170 171 185 187 188 191 192 194 198 200 203 205 207 214 221 230 233 234 250 269 271 272 276 286 289
55
6 10 18 20 22 23 28 29 33 60 61 66 78 87 103 106 115 125 131 139 143 151 154 160 165 169 172 176 181 182 190 199 200 201 203 205 210 213 221 224 226 229 231 233 237 238 240 252 255 261 264 277 285 291 296
48
7 34 49 58 59 63 71 79 89 95 107 108 114 117 118 130 134 148 150 154 155 157 160 162 163 165 174 177 178 185 191 195 200 201 208 214 215 217 222 223 227 234 238 244 245 270 272 283
45
3 5 8 16 27 33 38 43 52 70 71 74 78 84 92 101 118 122 150 152 153 163 170 171 182 188 193 194 195 206 208 225 233 234 240 241 245 252 254 255 260 274 286 290 300
66
1 4 14 17 19 22 25 26 28 29 38 40 41 42 48 51 52 60 61 62 65 71 72 77 80 81 83 91 93 96 103 108 109 126 132 133 140 141 146 150 164 165 168 182 187 200 201 202 205 206 207 219 221 227 228 231 234 235 246 255 271 273 282 285 293 295
74
1 6 10 18 32 33 45 47 50 52 54 65 69 70 71 73 76 83 84 85 91 92 93 99 100 102 103 108 115 116 124 129 137 139 140 141 144 149 152 166 167 170 175 184 186 190 194 198 200 204 208 211 213 214 220 230 242 245 246 248 249 250 251 261 263 266 274 284 287 296 297 298 299 300
66
4 6 19 20 27 31 40 41 44 47 50 58 66 72 75 79 84 89 94 95 100 102 106 111 115 120 131 132 134 141 143 154 155 160 161 162 163 165 176 177 183 199 201 204 210 212 214 215 219 225 226 229 231 232 236 240 244 250 258 270 274 283 284 292 293 299
58
8 34 38 41 50 53 54 74 76 86 87 88 90 91 96 97 101 102 107 113 114 131 134 136 138 142 143 149 150 151 159 172 178 183 195 200 206 210 211 216 218 223 230 232 253 258 259 260 267 276 278 280 286 288 290 291 299 300
61
2 5 9 10 13 21 23 27 30 35 40 43 46 47 54 55 62 69 71 72 73 76 77 85 91 93 97 107 115 116 120 122 123 135 149 151 155 163 165 178 180 182 191 198 212 215 217 219 231 243 245 248 255 271 275 277 281 285 292 293 297
53
3 4 12 20 25 26 33 34 36 42 44 48 49 50 57 66 67 68 86 87 90 97 100 106 111 114 117 142 143 146 155 159 170 174 180 181 188 190 195 196 199 205 220 226 233 237 242 244 256 262 271 284 295
63
1 2 5 13 14 15 18 23 28 31 32 35 39 43 44 45 46 47 48 61 62 67 70 73 77 78 91 93 99 102 104 116 117 144 150 152 155 158 161 164 171 178 186 187 190 199 210 217 218 222 232 235 237 242 246 249 252 257 262 270 274 280 293
50
8 9 10 24 38 46 54 61 68 72 74 77 79 89 104 105 106 108 109 117 118 124 148 151 161 163 174 194 200 203 212 218 230 235 237 238 244 245 249 253 266 267 270 271 279 281 283 287 294 300
51
1 2 3 4 5 12 24 27 34 46 51 74 76 78 80 103 117 118 119 127 131 134 157 160 168 169 171 178 181 183 184 188 189 190 192 196 201 204 207 210 217 220 224 226 244 256 266 272 295 299 300
69
1 3 5 10 20 24 34 36 44 46 52 57 68 72 78 90 94 97 99 100 102 112 116 117 120 124 125 131 132 135 141 143 147 148 157 167 168 175 182 184 189 190 191 192 196 199 203 211 216 219 221 233 237 239 240 243 246 249 252 254 257 263 270 272 275 287 290 292 295
43
15 16 25 42 43 58 69 74 79 81 87 108 131 132 134 141 153 154 156 160 167 169 177 180 181 188 193 196 197 209 210 212 219 224 229 230 238 239 260 284 288 290 291
65
6 12 14 19 22 25 27 28 33 46 55 56 66 71 72 79 80 83 85 89 91 99 100 104 106 110 117 120 133 150 157 164 166 167 176 180 182 184 185 186 189 196 197 207 208 209 212 226 229 234 238 240 245 246 247 249 260 264 272 277 282 285 289 290 293
51
5 10 14 21 38 41 56 57 59 70 71 73 76 81 84 88 94 101 104 109 114 124 132 135 138 140 142 156 165 172 185 187 195 200 210 215 222 224 229 245 248 257 259 263 268 272 278 279 289 294 297
72
5 8 10 12 14 18 26 38 39 41 43 45 48 55 60 71 79 80 82 84 85 90 93 96 97 99 101 109 114 117 118 123 124 129 134 139 140 141 146 156 160 162 163 169 174 175 182 187 196 198 199 208 210 217 218 223 227 235 245 247 253 256 257 260 265 268 273 277 281 287 291 294
54
5 12 17 27 29 31 37 45 49 52 69 72 73 79 83 86 89 94 107 116 119 124 126 157 169 172 178 179 180 189 195 201 202 209 212 214 219 221 228 231 232 233 241 246 253 265 269 273 278 280 281 282 296 299
57
2 3 7 10 16 26 28 32 44 54 56 59 64 66 77 93 95 98 99 101 107 110 111 122 124 125 126 128 137 139 141 146 148 152 153 166 183 190 191 192 195 197 223 226 236 237 240 244 250 254 256 263 274 279 284 286 292
66
1 7 11 12 21 23 25 29 33 36 37 38 52 59 63 74 76 77 89 91 99 102 109 116 118 122 126 127 133 141 144 145 147 156 160 163 164 165 169 179 180 182 190 197 198 201 204 211 216 221 237 239 241 244 246 247 253 255 258 263 264 279 280 283 286 287
56
2 7 10 12 16 18 20 29 32 33 40 47 63 64 65 66 74 75 80 86 88 90 96 101 102 109 115 118 121 123 125 134 148 150 151 152 158 159 169 170 188 196 197 198 200 231 246 247 250 265 270 281 287 288 292 299
72
6 7 8 21 42 48 53 55 60 67 88 90 92 94 97 101 102 104 105 106 107 108 109 110 115 117 123 125 127 133 148 153 154 161 163 164 168 169 179 180 182 189 196 199 204 207 208 209 210 213 214 218 219 224 231 232 242 243 249 254 259 261 262 271 273 275 278 281 284 288 292 293
76
3 5 7 12 16 17 19 23 24 32 38 45 47 58 60 62 64 69 76 81 84 85 87 89 94 95 96 97 98 105 108 112 118 120 121 123 136 142 144 149 154 157 164 166 171 173 174 186 192 194 196 199 203 217 225 226 228 230 233 234 243 248 251 252 253 260 264 272 276 278 282 286 288 294 295 298
69
2 5 8 10 11 13 18 49 50 52 57 59 60 64 65 77 86 95 99 101 102 104 110 114 115 117 121 127 129 132 134 137 139 140 144 148 154 159 164 165 167 170 177 180 184 187 204 210 215 222 223 227 236 239 249 250 251 256 257 258 261 267 277 285 287 290 293 294 300
54
12 13 14 23 35 38 43 47 49 65 71 72 82 84 85 91 95 102 109 111 113 114 115 120 122 126 130 131 133 136 138 142 145 161 170 173 185 187 189 192 194 195 214 220 238 253 261 263 265 266 276 282 283 295
53
17 27 36 39 46 47 50 54 57 58 77 88 92 93 113 116 120 123 138 145 161 168 171 172 174 177 182 186 189 195 196 197 198 202 209 214 216 218 220 222 226 239 248 267 272 273 278 281 282 287 289 291 292
62
9 16 24 29 31 32 33 42 45 48 58 63 77 80 89 93 96 101 103 106 107 111 113 116 117 118 129 130 134 144 157 158 162 172 184 193 194 196 197 202 204 207 209 214 220 227 228 231 235 236 240 245 246 252 256 257 260 270 271 279 280 281
62
1 12 26 44 49 58 64 68 72 73 74 75 81 84 86 94 97 100 102 118 127 130 135 137 139 147 149 158 159 164 168 171 178 180 183 186 187 190 192 196 205 210 217 223 224 225 238 241 242 243 251 264 265 270 272 274 276 281 291 292 294 297
54
3 14 15 33 34 36 44 51 60 62 67 70 79 85 88 89 96 101 110 116 121 123 126 135 136 138 143 149 150 154 156 161 184 190 191 194 199 201 213 228 230 231 234 248 264 265 269 270 272 275 279 285 288 298
58
5 9 11 15 25 28 29 32 41 42 53 54 58 68 76 78 81 82 84 86 87 94 105 107 110 120 129 132 133 137 143 148 162 163 168 171 176 179 183 186 190 201 214 228 231 233 237 240 243 248 250 258 271 272 279 287 294 300
61
2 3 7 15 18 20 29 31 36 38 40 47 57 58 59 65 80 83 86 93 95 98 106 107 110 121 129 137 141 143 146 162 170 172 173 178 183 189 202 207 209 213 221 223 228 231 237 242 243 251 256 257 258 259 264 266 267 279 284 296 299
70
6 8 12 16 20 21 22 24 28 32 37 38 41 46 47 50 51 54 56 59 64 66 72 73 75 82 98 117 118 121 132 141 146 148 151 160 163 171 177 181 189 196 197 201 204 206 207 212 214 215 224 229 231 234 242 245 247 248 251 254 257 260 267 270 272 281 282 289 290 293
56
2 4 10 15 18 24 29 41 42 44 56 60 67 78 81 83 90 93 97 98 103 104 111 124 125 127 141 146 147 149 154 160 161 168 179 187 188 193 204 205 215 230 232 236 240 245 246 252 255 258 262 272 273 275 284 296
61
12 21 22 25 28 32 33 36 51 53 55 59 65 67 73 75 83 95 96 97 105 108 111 120 121 122 129 132 135 144 145 149 152 157 169 172 180 188 190 194 212 221 224 225 227 229 231 236 237 244 249 252 256 273 276 281 285 293 295 297 299
62
30 32 33 35 39 44 45 52 57 62 63 78 81 82 83 88 89 101 103 105 106 115 117 119 121 129 132 148 149 151 154 156 158 161 165 166 167 179 184 193 210 212 215 216 217 219 223 233 234 237 239 241 254 255 261 262 280 284 291 294 295 296
65
4 7 20 21 32 33 35 36 39 43 44 46 47 49 51 54 65 68 72 83 86 93 95 115 117 121 127 128 129 130 140 149 158 168 171 173 177 178 184 187 191 192 193 195 211 215 216 218 220 225 226 228 233 235 237 238 242 256 264 265 267 271 287 293 294
58
2 3 6 9 11 24 30 35 39 40 46 54 59 78 99 102 105 107 108 112 118 121 124 149 155 156 157 159 160 164 165 166 168 173 179 181 182 187 195 205 210 213 224 229 241 242 248 250 257 259 262 263 270 275 284 290 292 293
64
1 4 5 9 12 14 16 21 30 33 34 35 39 41 50 52 56 68 76 85 92 94 98 99 104 110 112 115 129 133 134 138 143 152 154 157 161 162 163 164 173 174 177 181 182 185 186 192 195 198 205 214 226 230 231 233 239 244 260 273 276 282 284 293
57
1 9 11 21 23 35 41 55 61 62 75 89 95 99 107 118 122 123 126 138 141 144 152 156 160 168 171 175 177 178 180 183 185 189 205 207 216 218 221 223 230 241 243 245 254 260 264 272 274 276 279 280 284 285 289 295 300
57
4 5 7 11 15 18 35 37 50 63 70 72 76 88 96 101 117 123 124 126 139 150 153 156 158 159 162 164 165 172 174 181 186 189 190 200 204 214 217 218 227 230 237 240 245 251 252 256 258 260 267 273 275 279 292 293 298
60
1 19 26 32 42 57 66 72 73 76 77 79 80 81 83 93 95 115 119 123 130 132 135 136 138 139 142 152 157 158 171 174 175 176 179 184 189 193 198 205 209 210 219 227 228 232 236 243 248 249 250 251 261 265 266 272 274 281 286 292
55
6 7 14 15 19 22 25 52 60 66 85 90 104 107 108 111 121 125 131 132 137 140 147 151 152 157 159 165 169 171 186 195 198 205 206 212 215 223 226 229 234 241 243 251 254 258 266 270 273 274 277 278 279 283 293
65
4 7 15 24 33 38 39 49 52 57 58 65 67 72 78 85 92 96 102 108 109 113 114 122 127 135 138 139 140 141 145 151 153 157 163 170 174 179 180 182 185 190 197 204 208 218 219 220 223 239 245 255 265 268 269 275 277 281 283 284 289 290 292 295 300
69
9 11 12 14 16 21 30 39 43 45 51 53 56 58 59 60 70 73 76 80 81 96 101 104 109 116 119 121 133 150 159 162 164 170 171 177 182 184 190 191 200 205 210 212 223 225 228 236 239 245 249 250 252 253 254 256 259 260 261 262 265 267 272 281 282 286 289 291 294
53
1 4 14 22 24 26 29 33 36 52 54 56 68 69 72 79 84 88 89 91 95 101 114 125 134 144 145 148 159 168 172 177 178 191 197 198 209 221 222 231 234 235 243 247 249 250 256 258 259 278 285 294 295
59
19 23 25 39 43 48 53 57 59 65 67 71 84 87 101 105 113 116 119 120 121 124 125 133 135 141 145 160 161 170 172 175 186 188 191 192 193 194 206 208 211 214 216 218 221 223 224 231 234 235 240 249 254 258 272 274 275 281 293
56
3 11 26 28 31 37 42 43 48 49 50 51 56 58 75 79 80 86 90 95 100 104 108 111 125 126 129 130 144 148 154 163 164 180 181 189 193 206 209 214 217 234 241 244 250 254 261 262 268 269 272 273 277 278 288 292
66
6 7 8 10 16 24 29 32 35 40 41 43 46 48 59 68 69 85 92 93 101 103 106 108 109 110 125 133 134 136 138 142 149 156 159 164 166 167 184 187 191 198 200 213 216 219 225 229 230 245 253 255 258 260 261 268 269 270 274 277 279 281 290 293 295 298
48
3 5 15 36 40 43 51 55 61 74 75 77 79 80 94 95 99 111 116 117 118 130 143 158 159 165 166 175 178 181 182 186 187 189 191 192 204 223 225 229 259 260 266 281 290 296 297 299
49
9 19 29 38 41 47 48 49 58 66 69 71 82 85 89 95 100 101 102 116 117 118 132 136 143 154 157 173 178 185 192 200 207 213 237 244 247 249 256 259 260 261 285 288 289 293 294 295 296
60
5 9 10 16 18 20 25 29 35 41 51 65 67 72 74 76 81 85 86 88 95 97 103 104 111 115 117 120 125 131 132 133 139 140 143 144 151 155 158 159 165 166 168 175 178 185 186 187 193 198 207 222 233 244 251 252 267 273 279 285
59
7 21 24 28 50 60 62 79 82 83 88 90 92 97 101 103 108 110 115 124 129 135 146 153 154 158 162 165 175 177 178 179 186 193 202 208 215 223 225 230 232 239 240 244 245 246 249 251 254 257 262 266 268 270 271 272 282 290 298
58
1 3 8 26 33 36 45 55 65 73 80 82 85 87 88 91 104 109 110 111 113 117 118 130 131 138 153 158 163 168 175 177 180 184 186 188 195 208 210 212 218 230 231 233 234 239 241 244 248 249 260 263 269 274 275 278 295 296
59
3 20 32 38 42 44 52 60 63 67 78 80 81 87 93 99 100 104 112 116 117 122 124 127 133 147 150 152 153 155 156 158 160 163 177 178 179 183 197 206 211 221 230 231 237 239 240 251 256 260 262 269 273 281 284 285 286 293 297
68
7 12 17 29 37 38 44 50 57 58 64 75 76 77 78 79 81 83 84 89 91 95 100 106 108 110 118 124 126 127 128 129 134 147 151 152 160 162 171 175 178 185 192 198 199 205 207 208 218 219 224 225 231 234 235 239 241 249 252 253 254 255 258 259 265 282 296 298
66
1 2 10 17 19 22 26 29 31 33 40 43 48 51 53 58 61 66 76 77 81 90 94 96 99 104 107 126 135 136 144 146 149 151 164 169 171 175 178 185 195 196 204 205 216 222 225 231 234 243 246 249 250 254 257 261 284 286 287 288 290 291 295 296 298 300
53
6 8 17 18 19 31 36 43 47 52 55 59 67 70 71 73 74 81 82 93 98 106 109 114 133 137 146 148 150 153 158 160 167 185 192 194 198 219 231 232 237 249 253 259 263 266 274 278 283 287 292 294 296
66
2 4 7 10 17 24 30 34 35 38 41 45 56 67 68 72 74 76 83 85 87 92 98 103 104 106 112 118 123 126 130 131 134 145 148 150 161 164 165 168 180 187 188 198 201 214 217 220 225 235 241 242 243 248 256 259 267 271 272 276 277 279 287 293 295 297
60
1 5 7 18 21 35 38 39 43 44 51 53 56 77 80 81 87 89 94 95 96 99 105 109 112 113 117 118 122 127 135 141 153 159 161 163 167 168 173 175 188 189 202 210 221 227 228 229 230 231 240 244 245 257 259 279 284 296 297 299
66
1 10 18 22 29 32 35 37 43 47 62 65 70 71 74 75 82 83 84 85 87 88 91 92 96 97 118 124 132 139 145 160 163 166 182 183 184 187 202 210 211 214 215 217 222 231 234 240 247 248 258 261 262 263 264 269 270 274 275 279 283 285 290 293 294 295
59
3 12 14 16 17 18 22 29 38 39 41 51 58 63 67 71 72 73 78 92 98 105 110 115 123 125 126 130 132 135 137 138 139 142 147 159 160 163 170 173 176 177 183 184 194 197 200 205 209 217 218 223 227 231 245 256 261 283 289
54
8 10 28 31 33 34 37 44 52 54 66 72 79 81 95 97 101 106 107 126 130 132 133 135 137 148 151 154 156 158 162 164 165 171 179 187 192 196 197 199 200 202 209 215 218 236 237 242 247 251 264 265 269 277
64
6 13 21 24 27 28 30 38 41 44 48 49 55 58 60 63 65 70 72 75 83 85 89 94 98 117 121 124 127 129 130 134 135 140 143 144 152 153 163 164 165 172 179 183 185 195 196 198 199 201 208 209 218 224 226 242 243 246 256 279 288 290 298 299
