100 200
1.0 1.0 1.0 1.0 1.0 1.0 1.0 1.0 1.0 1.0 1.0 1.0 1.0 1.0 1.0 1.0 1.0 1.0 1.0 1.0 1.0 1.0 1.0 1.0 1.0 1.0 1.0 1.0 1.0 1.0 1.0 1.0 1.0 1.0 1.0 1.0 1.0 1.0 1.0 1.0 1.0 1.0 1.0 1.0 1.0 1.0 1.0 1.0 1.0 1.0 1.0 1.0 1.0 1.0 1.0 1.0 1.0 1.0 1.0 1.0 1.0 1.0 1.0 1.0 1.0 1.0 1.0 1.0 1.0 1.0 1.0 1.0 1.0 1.0 1.0 1.0 1.0 1.0 1.0 1.0 1.0 1.0 1.0 1.0 1.0 1.0 1.0 1.0 1.0 1.0 1.0 1.0 1.0 1.0 1.0 1.0 1.0 1.0 1.0 1.0 1.0 1.0 1.0 1.0 1.0 1.0 1.0 1.0 1.0 1.0 1.0 1.0 1.0 1.0 1.0 1.0 1.0 1.0 1.0 1.0 1.0 1.0 1.0 1.0 1.0 1.0 1.0 1.0 1.0 1.0 1.0 1.0 1.0 1.0 1.0 1.0 1.0 1.0 1.0 1.0 1.0 1.0 1.0 1.0 1.0 1.0 1.0 1.0 1.0 1.0 1.0 1.0 1.0 1.0 1.0 1.0 1.0 1.0 1.0 1.0 1.0 1.0 1.0 1.0 1.0 1.0 1.0 1.0 1.0 1.0 1.0 1.0 1.0 1.0 1.0 1.0 1.0 1.0 1.0 1.0 1.0 1.0 1.0 1.0 1.0 1.0 1.0 1.0 1.0 1.0 1.0 1.0 1.0 1.0 1.0 1.0 1.0 1.0 1.0 1.0
19
19 32 45 61 77 88 98 120 123 135 136 143 154 171 172 177 178 179 194
24
3 13 14 15 23 32 35 36 45 56 73 84 85 89 98 115 124 149 151 154 163 179 187 192
16
15 17 22 37 80 104 117 121 124 164 180 187 188 191 193 194
24
4 10 12 15 36 50 69 75 79 84 100 101 102 108 115 122 130 137 169 173 178 191 193 196
23
1 17 24 26 27 40 42 56 64 76 100 105 106 108 116 128 135 164 172 183 186 189 192
25
2 5 16 30 33 35 72 75 78 100 109 111 117 119 127 130 141 155 157 158 169 176 179 192 194
22
7 8 20 23 24 34 45 59 78 80 87 89 110 125 126 130 141 147 155 160 180 186
15
8 27 33 35 39 65 77 89 109 127 134 160 167 183 193
15
1 36 42 43 78 100 126 127 130 138 154 170 173 190 192
22
4 9 24 48 55 57 77 80 84 93 116 117 124 135 139 140 151 159 170 173 174 179
17
14 17 22 57 71 94 98 100 103 104 109 126 132 136 148 158 194
25
19 33 36 38 40 44 52 53 57 85 86 93 107 113 123 149 162 164 173 175 179 181 187 188 196
26
17 23 32 44 75 80 83 86 88 90 98 108 116 128 134 137 146 149 151 152 166 168 170 184 194 200
13
2 4 16 18 23 46 73 79 123 133 161 177 182
14
9 17 45 51 59 71 84 89 123 154 158 170 183 187
25
7 19 33 38 39 60 61 63 67 70 78 80 82 87 90 95 102 104 131 144 151 159 173 175 184
22
4 23 26 30 33 64 81 88 95 98 103 113 114 121 134 137 146 149 152 157 182 186
15
18 19 22 51 70 79 95 112 123 135 139 140 185 188 196
24
22 30 35 47 49 68 69 79 86 102 104 111 114 119 127 133 134 147 148 164 167 176 177 184
18
6 15 27 33 36 59 76 81 84 92 135 140 147 152 159 167 181 195
19
15 19 55 58 71 72 79 80 111 118 135 149 150 151 152 160 161 181 182
20
42 53 59 80 86 89 96 100 126 131 134 145 146 152 160 167 168 174 175 191
18
12 14 29 38 46 57 64 99 119 133 134 137 142 149 157 187 191 193
21
4 22 34 46 56 73 84 101 103 115 116 125 133 135 144 147 148 155 156 158 181
18
6 17 55 64 94 97 98 101 129 149 150 156 157 172 175 184 191 199
16
1 2 5 26 55 57 58 117 133 144 149 154 155 159 164 193
19
9 21 25 34 35 38 56 61 62 82 90 103 111 130 144 173 177 178 198
20
4 5 40 47 48 70 97 111 114 124 125 130 135 146 155 156 165 166 183 195
19
14 42 57 68 73 74 75 80 89 101 113 132 134 135 145 146 153 161 192
17
5 50 61 83 88 102 108 111 115 121 133 141 149 151 153 154 184
23
1 11 35 40 54 75 84 86 90 96 100 107 110 115 119 140 150 162 166 169 178 191 196
15
1 25 45 56 60 65 66 79 106 119 122 124 125 127 184
22
15 19 21 36 37 42 48 60 66 73 74 85 86 94 131 154 164 165 171 191 193 197
15
34 40 45 51 59 86 102 107 117 118 120 136 151 180 197
16
25 29 32 36 46 55 69 105 119 133 139 159 183 187 189 196
14
27 35 72 73 94 97 103 132 133 138 149 153 179 197
20
2 18 41 46 47 56 59 67 71 90 96 102 122 148 159 164 170 186 196 197
18
3 18 37 55 104 108 118 134 136 146 152 153 171 177 178 191 195 197
23
4 12 13 77 86 101 102 113 121 122 132 134 137 141 151 153 157 168 172 181 187 189 193
16
2 18 19 20 24 31 51 57 92 108 112 121 146 172 174 192
16
3 16 21 42 77 79 88 95 98 109 121 131 145 160 186 198
18
14 54 57 59 84 103 116 117 142 143 146 148 152 155 162 164 171 182
19
8 13 20 27 37 54 55 81 93 106 121 135 142 156 165 183 189 192 198
12
46 59 73 93 97 106 122 137 172 178 179 186
24
9 19 27 36 46 62 65 67 72 81 89 94 100 117 121 122 140 143 149 169 179 189 196 198
19
9 15 24 32 43 53 55 63 79 88 94 99 127 134 165 167 183 190 192
28
3 8 9 17 28 31 45 47 50 59 64 76 78 80 82 94 98 101 111 115 138 141 155 170 173 180 193 196
24
11 14 16 17 50 52 68 71 80 85 90 94 98 99 101 102 111 164 173 178 180 188 193 199
26
2 13 28 70 75 77 89 98 100 102 106 111 121 129 131 133 140 144 147 153 160 169 183 184 186 187
17
16 25 42 52 53 63 73 87 91 112 126 127 142 147 155 178 184
18
2 9 19 26 27 42 59 84 87 90 130 134 141 154 165 170 180 185
19
10 64 66 72 73 79 82 98 99 108 125 132 135 138 144 148 187 188 193
24
4 6 7 16 28 29 31 32 38 50 51 71 78 93 103 106 115 129 138 140 157 165 185 197
18
2 17 31 49 69 101 104 106 133 136 138 161 165 168 186 189 193 200
20
6 13 23 32 36 38 50 53 64 82 86 104 115 117 141 154 178 191 193 200
27
4 21 22 28 42 55 61 64 83 84 86 95 109 111 117 119 127 128 135 138 156 159 161 164 165 178 197
21
33 50 57 62 80 81 98 100 111 119 121 134 135 144 148 165 171 175 178 179 189
20
14 29 43 56 67 68 69 78 79 105 111 115 121 122 142 146 149 159 181 187
17
14 18 28 34 41 53 56 61 72 78 91 102 106 124 127 134 160
17
9 32 39 42 65 71 81 98 127 129 130 135 143 148 156 168 194
20
10 26 28 33 57 94 100 108 112 130 139 143 148 153 154 173 176 177 192 193
18
3 14 21 32 38 73 75 77 86 89 93 119 123 125 146 162 179 185
19
11 20 37 45 49 53 59 72 78 90 107 119 120 158 166 167 174 180 196
15
6 15 41 46 49 52 54 87 92 102 143 168 173 178 192
21
12 33 52 62 63 69 86 88 90 93 97 102 127 128 152 169 173 179 180 185 186
23
3 26 28 44 50 62 64 68 80 83 87 95 105 114 122 137 142 155 160 177 186 194 195
24
8 19 21 22 32 35 53 64 71 85 87 95 116 134 142 145 164 171 173 180 183 184 190 193
14
3 21 31 39 66 75 77 89 102 106 111 142 185 195
27
2 7 8 20 25 31 39 49 52 53 65 81 83 101 102 133 143 144 149 152 161 162 167 170 172 178 192
25
1 3 10 13 15 55 58 59 66 73 89 93 98 100 102 104 110 118 139 148 154 158 168 179 186
20
19 31 40 44 46 71 76 79 89 90 93 140 143 152 153 154 156 159 163 168
16
9 10 13 28 29 38 45 52 80 83 106 109 127 145 151 186
22
14 20 23 36 56 71 74 109 111 113 121 133 136 145 146 148 165 167 169 183 188 198
21
3 10 31 40 42 48 54 58 65 88 90 98 100 106 108 116 117 151 171 185 191
17
18 39 63 81 84 86 103 104 138 139 144 145 162 163 175 189 195
13
2 6 10 13 24 66 89 150 169 172 176 184 189
18
4 7 15 18 78 101 105 117 135 152 163 165 167 171 174 192 194 197
20
10 19 21 30 32 49 75 92 112 113 126 144 154 157 159 160 176 182 192 195
23
6 7 14 18 25 28 53 55 69 82 89 92 98 101 114 116 132 141 143 151 156 176 180
24
10 11 14 17 21 34 44 50 51 66 69 70 71 93 95 113 119 135 156 160 165 170 184 189
16
6 8 12 24 25 32 36 69 86 89 91 107 123 146 177 190
25
4 8 15 17 23 24 33 51 54 60 84 96 103 109 124 125 135 156 161 162 174 175 176 192 196
22
11 15 25 28 41 43 52 55 59 69 78 79 98 100 126 136 147 159 170 177 196 198
24
3 14 15 28 35 42 48 55 56 66 68 75 79 96 100 104 120 135 140 143 154 156 161 185
17
2 11 28 34 38 46 52 84 86 100 112 114 115 123 127 132 136
17
1 9 20 26 80 94 108 110 117 120 124 131 157 166 174 178 180
21
1 2 9 24 30 48 51 66 72 75 87 93 94 107 122 127 147 160 193 194 195
18
19 20 26 40 68 80 103 115 121 127 132 140 148 154 155 183 184 188
17
5 9 12 30 37 39 54 71 79 102 121 129 168 171 183 189 200
24
2 6 27 41 48 55 67 69 72 75 83 88 92 97 98 99 105 142 160 162 164 167 171 175
19
14 32 66 76 89 90 113 118 119 132 135 137 166 169 172 174 188 189 191
27
2 16 23 33 35 39 57 64 66 73 76 77 86 97 98 100 104 107 113 131 143 148 158 166 175 176 177
19
1 14 16 23 33 77 79 90 110 111 117 126 133 135 137 156 167 176 185
21
1 7 30 35 47 49 61 64 77 89 92 97 112 117 119 141 157 167 168 179 193
22
5 8 14 17 18 26 41 55 69 71 112 130 144 146 150 152 156 165 170 171 177 194
20
26 33 50 53 58 61 68 70 87 98 99 132 138 144 163 166 171 178 181 189
19
5 11 36 41 50 79 116 120 126 131 142 150 155 161 173 185 187 194 199
16
3 37 66 92 107 110 125 127 128 131 153 164 169 184 196 199
20
3 6 45 54 55 58 107 115 119 121 122 130 133 138 143 162 169 173 188 196
17
7 56 68 72 74 84 87 93 95 96 101 105 114 122 166 177 195
