150 300
1.0 1.0 1.0 1.0 1.0 1.0 1.0 1.0 1.0 1.0 1.0 1.0 1.0 1.0 1.0 1.0 1.0 1.0 1.0 1.0 1.0 1.0 1.0 1.0 1.0 1.0 1.0 1.0 1.0 1.0 1.0 1.0 1.0 1.0 1.0 1.0 1.0 1.0 1.0 1.0 1.0 1.0 1.0 1.0 1.0 1.0 1.0 1.0 1.0 1.0 1.0 1.0 1.0 1.0 1.0 1.0 1.0 1.0 1.0 1.0 1.0 1.0 1.0 1.0 1.0 1.0 1.0 1.0 1.0 1.0 1.0 1.0 1.0 1.0 1.0 1.0 1.0 1.0 1.0 1.0 1.0 1.0 1.0 1.0 1.0 1.0 1.0 1.0 1.0 1.0 1.0 1.0 1.0 1.0 1.0 1.0 1.0 1.0 1.0 1.0 1.0 1.0 1.0 1.0 1.0 1.0 1.0 1.0 1.0 1.0 1.0 1.0 1.0 1.0 1.0 1.0 1.0 1.0 1.0 1.0 1.0 1.0 1.0 1.0 1.0 1.0 1.0 1.0 1.0 1.0 1.0 1.0 1.0 1.0 1.0 1.0 1.0 1.0 1.0 1.0 1.0 1.0 1.0 1.0 1.0 1.0 1.0 1.0 1.0 1.0 1.0 1.0 1.0 1.0 1.0 1.0 1.0 1.0 1.0 1.0 1.0 1.0 1.0 1.0 1.0 1.0 1.0 1.0 1.0 1.0 1.0 1.0 1.0 1.0 1.0 1.0 1.0 1.0 1.0 1.0 1.0 1.0 1.0 1.0 1.0 1.0 1.0 1.0 1.0 1.0 1.0 1.0 1.0 1.0 1.0 1.0 1.0 1.0 1.0 1.0 1.0 1.0 1.0 1.0 1.0 1.0 1.0 1.0 1.0 1.0 1.0 1.0 1.0 1.0 1.0 1.0 1.0 1.0 1.0 1.0 1.0 1.0 1.0 1.0 1.0 1.0 1.0 1.0 1.0 1.0 1.0 1.0 1.0 1.0 1.0 1.0 1.0 1.0 1.0 1.0 1.0 1.0 1.0 1.0 1.0 1.0 1.0 1.0 1.0 1.0 1.0 1.0 1.0 1.0 1.0 1.0 1.0 1.0 1.0 1.0 1.0 1.0 1.0 1.0 1.0 1.0 1.0 1.0 1.0 1.0 1.0 1.0 1.0 1.0 1.0 1.0 1.0 1.0 1.0 1.0 1.0 1.0 1.0 1.0 1.0 1.0 1.0 1.0 1.0 1.0 1.0 1.0 1.0 1.0 1.0 1.0 1.0 1.0 1.0 1.0
29
5 6 30 43 83 105 117 130 137 151 152 157 162 169 178 179 189 190 197 235 237 249 254 262 263 277 284 285 300
22
2 33 74 95 102 104 124 172 190 191 205 211 213 226 228 232 233 234 249 266 281 287
39
11 19 45 46 47 49 50 52 56 66 76 87 96 113 117 126 127 132 134 142 150 171 184 189 196 209 210 213 220 225 230 246 261 265 268 270 287 288 295
33
5 23 40 55 56 59 60 68 69 74 93 96 100 101 141 146 148 149 157 171 215 229 235 242 250 254 260 266 270 288 290 297 299
24
9 11 12 27 30 32 42 64 74 81 129 145 175 184 188 194 212 236 253 255 257 258 275 300
30
14 18 35 36 37 58 64 67 124 127 136 140 142 143 158 159 161 165 166 169 174 177 199 203 222 242 260 265 287 299
38
2 10 11 16 17 32 39 41 53 58 83 91 97 98 104 113 127 136 137 163 169 171 173 177 181 201 205 217 219 220 221 222 228 252 258 272 273 285
37
3 17 22 25 33 40 46 48 51 55 82 85 96 101 140 141 147 155 159 185 195 197 199 202 203 211 217 222 225 236 244 262 265 267 276 277 300
29
1 4 10 33 35 36 61 67 78 94 96 117 124 131 135 141 151 173 181 187 201 211 243 244 249 261 273 275 299
38
3 6 9 14 44 60 69 70 72 74 96 97 106 109 110 112 118 134 144 151 154 165 166 167 169 171 173 174 178 181 189 201 235 249 252 266 277 299
30
12 23 27 30 39 57 63 72 82 84 100 114 127 134 138 139 148 151 166 191 192 198 205 206 208 248 256 293 294 295
30
25 27 38 49 53 57 70 79 98 103 106 107 131 151 152 167 175 187 190 191 194 197 200 212 232 238 269 271 283 287
31
6 27 31 56 57 58 61 67 69 80 84 94 105 124 134 136 154 160 167 172 210 214 216 219 224 225 232 245 273 279 299
38
34 38 39 45 55 58 63 82 85 92 104 109 110 127 131 133 146 150 162 170 175 182 186 187 190 191 207 217 219 225 227 230 231 240 293 294 295 298
42
11 12 29 33 40 42 71 74 79 84 88 93 94 101 106 111 113 133 148 152 153 154 178 187 188 193 199 214 217 236 237 240 245 246 249 253 262 281 286 287 288 300
41
2 9 12 22 27 44 50 51 53 54 67 68 70 74 86 87 97 115 128 129 139 150 156 157 170 177 181 182 189 191 198 201 206 208 239 242 265 289 292 293 295
23
26 33 55 61 77 85 105 136 143 160 174 177 186 198 200 201 224 230 233 236 238 285 295
32
15 21 25 36 38 43 66 68 71 86 106 108 109 110 118 132 136 153 156 162 172 194 202 213 215 216 223 250 274 282 295 297
29
12 14 16 25 33 40 53 61 65 71 72 103 112 114 117 130 148 163 164 173 213 215 219 225 252 259 268 278 288
25
27 35 40 42 53 54 59 61 81 83 97 134 140 142 150 166 191 200 202 227 234 263 270 284 297
33
44 63 64 70 77 87 108 111 112 115 120 130 141 151 153 159 161 174 188 195 206 217 218 229 235 263 266 268 276 285 294 295 297
27
5 22 73 81 103 116 122 123 129 131 160 170 190 206 210 212 223 229 233 235 241 245 248 272 294 296 298
39
5 7 30 31 41 46 51 53 56 72 94 110 119 121 123 134 143 151 153 154 170 174 176 185 196 203 210 224 226 229 245 252 257 262 265 266 275 277 295
25
5 24 31 42 53 83 106 111 112 121 143 145 211 217 218 219 220 225 227 232 236 243 274 282 284
28
11 15 20 38 39 68 77 97 104 121 125 139 143 150 174 192 213 226 228 231 233 238 244 251 270 279 283 295
30
14 36 46 88 89 93 118 121 128 132 133 136 156 162 166 181 183 188 198 211 222 233 250 251 258 267 276 288 290 293
33
7 12 14 15 16 22 25 28 42 49 54 55 56 59 63 112 130 142 145 176 179 199 207 211 217 223 231 239 242 246 251 281 290
33
2 9 15 18 24 25 32 46 64 71 85 88 95 96 99 110 115 118 119 146 147 157 191 206 241 245 256 262 268 277 283 291 295
23
1 6 10 40 52 73 98 109 110 113 122 125 133 141 200 216 233 246 258 266 267 274 290
20
1 8 28 30 40 48 60 64 67 75 80 99 128 194 211 215 219 223 273 289
41
40 44 47 48 50 52 54 57 73 77 79 82 86 99 104 115 119 120 129 138 154 156 160 162 163 169 187 194 201 204 208 210 214 243 253 256 271 274 281 282 285
35
18 33 51 52 59 63 73 75 84 92 95 111 119 121 134 145 154 156 164 167 169 176 178 188 193 209 210 212 218 223 245 262 270 286 293
34
9 39 48 83 89 91 97 98 100 101 106 107 109 125 129 136 163 167 169 170 201 211 212 213 226 235 269 272 276 277 290 291 293 298
34
5 9 11 14 33 34 44 66 67 71 72 88 89 98 117 139 147 150 155 158 160 191 192 194 198 204 225 233 241 249 252 275 292 295
37
6 7 11 18 46 59 72 73 76 96 103 110 116 143 147 162 168 169 172 175 196 198 219 221 228 242 244 260 261 262 264 267 269 281 287 288 290
25
6 9 15 31 42 58 63 68 70 80 84 109 122 157 159 183 195 197 219 225 239 246 251 256 264
27
5 10 26 27 34 36 40 73 90 119 127 134 136 147 158 162 167 175 185 196 198 216 218 247 249 252 253
27
1 13 14 20 21 63 75 80 92 110 120 134 147 151 167 169 173 175 185 199 201 234 237 241 268 271 273
41
2 18 19 27 28 36 62 63 66 78 84 86 91 98 103 106 112 121 143 144 146 149 171 172 183 184 188 195 208 210 212 214 216 239 244 249 255 258 264 271 300
23
7 8 9 47 54 65 71 75 85 86 87 103 134 185 196 227 252 268 271 273 274 286 287
29
4 9 12 28 62 71 76 77 95 99 100 121 122 128 131 141 167 171 175 176 209 211 231 234 259 269 280 295 296
27
7 9 17 18 22 29 41 54 62 83 85 89 124 130 150 151 157 163 182 217 223 237 242 249 262 284 290
21
13 31 56 59 76 81 124 128 131 139 141 152 210 215 251 259 268 271 281 282 286
33
4 5 15 17 25 27 41 58 60 89 95 97 103 104 108 113 118 124 132 158 161 170 176 180 203 210 232 241 250 260 263 276 294
27
10 18 23 29 50 82 120 132 133 135 140 144 176 184 187 188 196 214 225 243 263 270 274 279 280 296 297
25
11 17 20 42 55 65 82 86 87 101 103 104 108 110 129 139 156 157 183 220 230 265 267 277 294
27
15 21 25 49 51 53 61 65 71 74 92 136 138 139 156 193 198 201 205 209 213 226 240 263 270 293 295
31
6 14 32 52 58 77 81 84 100 118 124 134 141 145 148 154 155 163 166 203 208 215 220 240 246 251 267 270 274 281 298
25
20 23 27 31 38 41 57 126 130 134 140 154 163 168 172 196 201 212 214 217 225 253 257 278 286
31
11 15 31 77 78 84 87 96 118 125 132 136 144 146 148 156 165 174 216 226 228 238 239 246 259 262 278 281 285 287 298
40
8 19 25 45 48 64 80 82 84 88 102 106 126 131 146 156 160 164 172 173 175 180 185 194 198 204 209 211 218 228 229 246 247 263 269 270 280 282 286 296
26
28 42 45 48 61 65 85 92 95 96 98 111 130 201 207 211 212 213 214 217 257 262 266 268 274 286
27
1 20 48 65 69 77 79 99 105 144 162 180 181 182 191 196 199 205 209 237 239 268 272 277 291 294 295
33
3 14 17 21 42 44 58 59 60 72 95 107 125 143 147 149 163 166 167 171 182 190 193 203 207 216 219 221 227 247 278 285 297
25
1 2 8 30 45 46 49 78 83 101 120 145 152 154 170 174 177 201 215 242 250 253 255 281 293
34
7 8 15 32 41 42 43 46 49 73 90 95 102 121 149 156 159 187 199 205 213 219 227 241 251 258 259 271 274 279 288 290 298 299
24
10 14 17 18 20 25 50 73 90 123 141 142 144 157 169 179 184 199 206 219 244 282 285 299
28
1 3 27 36 37 41 45 47 48 104 115 122 126 142 145 176 177 201 206 209 222 228 242 251 255 257 262 283
32
7 14 23 25 29 30 72 75 83 87 95 100 107 110 117 155 164 166 207 219 227 230 242 248 250 253 265 273 274 281 288 298
36
4 6 8 17 26 56 58 65 74 77 79 93 108 109 130 140 148 152 158 164 172 174 181 185 192 201 207 227 236 238 246 249 265 266 270 283
32
8 16 27 29 34 39 51 57 69 77 80 86 97 104 105 110 117 132 139 149 155 164 167 172 179 187 188 194 203 215 257 260
27
13 21 28 62 63 65 78 95 110 120 130 131 142 154 169 171 172 173 189 196 198 228 230 283 284 291 294
26
6 14 46 54 63 71 75 91 92 95 97 105 110 116 117 118 129 140 155 181 190 195 197 203 225 254
29
5 6 12 15 17 21 43 82 86 94 103 116 122 130 131 139 152 172 184 201 204 208 232 238 250 255 256 274 298
33
1 25 29 39 45 47 59 61 62 78 83 94 102 114 119 131 145 168 179 190 194 197 204 209 214 232 240 243 259 260 265 283 298
32
15 27 31 44 56 57 68 86 90 93 94 102 112 117 122 127 131 133 137 162 186 217 226 231 236 238 247 253 258 260 273 290
34
4 6 13 29 37 68 73 82 88 96 107 108 120 127 137 144 149 152 155 161 162 199 202 213 215 216 228 236 252 254 255 271 277 298
34
1 3 16 39 48 56 61 62 66 71 77 79 83 107 109 110 121 130 138 146 201 204 212 223 227 235 242 248 253 259 261 269 282 300
35
1 5 16 19 20 23 26 29 36 45 61 77 82 86 110 111 114 115 140 143 155 172 173 176 188 193 230 236 246 250 254 277 279 285 297
19
10 18 24 51 71 77 140 160 163 165 179 189 204 220 228 234 256 283 291
31
16 19 23 27 29 52 64 94 114 116 120 122 134 142 149 179 181 189 208 210 216 238 240 242 269 272 276 277 286 287 300
33
1 5 7 8 27 30 34 39 52 59 83 93 116 117 130 131 143 152 153 177 179 182 201 207 210 216 249 255 261 264 272 275 276
38
16 21 32 33 41 56 64 71 74 76 78 93 105 106 127 139 141 150 152 174 184 189 194 206 207 217 231 239 264 267 273 275 280 285 287 288 298 300
30
21 32 53 79 82 86 90 95 124 154 155 157 161 170 176 178 192 205 222 227 243 244 245 249 253 265 275 286 297 299
30
3 16 20 56 65 85 93 101 104 117 138 154 163 173 174 177 180 181 193 200 210 215 225 235 247 251 261 265 282 299
34
11 27 29 35 38 68 70 75 83 89 113 118 120 129 132 166 176 177 185 186 195 203 205 207 208 216 223 235 265 278 281 290 297 299
31
5 12 23 25 36 47 59 60 83 92 98 100 104 123 140 141 149 154 180 209 219 222 235 237 245 247 255 271 282 288 291
34
6 8 10 28 30 37 42 50 52 53 54 70 77 78 91 96 99 102 106 133 146 164 167 169 176 185 189 202 227 229 234 247 255 274
23
12 28 40 60 62 95 97 137 142 154 159 176 189 208 219 223 230 246 250 255 278 289 294
29
6 21 26 39 55 58 83 87 99 109 110 112 113 137 141 157 159 161 202 204 223 225 231 240 241 252 286 287 292
39
6 13 15 22 45 46 53 54 58 69 72 78 88 101 103 130 134 151 154 155 164 175 177 180 187 189 193 205 225 231 246 252 263 265 270 274 285 293 299
22
22 27 31 33 46 53 80 81 83 93 146 155 158 163 165 193 201 203 225 266 284 290
29
14 19 22 30 40 56 80 89 106 109 114 129 135 144 150 156 157 159 195 206 223 239 251 255 292 293 294 295 298
30
3 22 34 40 45 54 57 68 74 78 83 84 89 103 119 150 163 168 169 170 181 184 186 189 217 226 263 283 285 292
42
3 13 19 20 35 41 46 57 80 83 87 90 95 106 111 119 123 131 135 136 156 165 186 191 201 207 211 214 217 218 237 245 247 249 250 252 271 281 289 297 298 300
36
3 7 8 12 17 30 37 44 51 62 66 71 86 102 108 128 130 132 133 143 144 156 166 172 179 180 186 202 204 212 218 231 232 234 258 265
30
17 18 23 44 45 54 66 76 79 82 99 104 114 118 122 123 126 134 145 150 162 168 175 183 187 257 262 271 288 292
36
1 3 9 32 35 36 38 40 41 48 53 60 68 70 73 74 79 81 83 84 105 131 133 160 169 193 204 208 246 247 249 250 254 266 280 295
25
27 40 44 46 62 68 91 105 106 113 115 117 119 149 153 184 192 199 202 223 246 263 273 288 294
33
19 21 28 46 49 50 51 60 65 75 83 85 107 116 135 139 143 162 163 179 183 200 203 215 217 240 241 265 273 280 284 287 293
23
65 74 78 84 91 92 99 102 111 112 136 153 158 163 174 188 205 228 244 271 278 279 284
31
1 9 20 32 46 50 71 86 89 94 98 102 116 119 141 143 160 163 184 187 188 196 200 218 219 225 229 231 268 274 284
33
1 13 30 55 58 67 68 69 70 74 75 79 99 106 121 124 131 140 151 153 171 173 190 202 208 212 226 241 245 249 257 275 290
37
10 33 35 36 46 50 53 57 59 64 66 69 84 99 110 114 115 116 117 123 132 145 149 150 170 174 181 184 207 209 215 217 219 224 283 288 300
24
14 20 32 36 45 48 56 71 73 119 124 135 145 153 159 165 169 187 192 200 203 216 233 247
31
21 43 68 71 75 77 89 97 99 101 113 114 121 127 134 148 154 156 167 186 187 211 229 236 262 267 271 273 279 287 289
31
19 22 24 29 32 45 70 92 94 99 101 107 109 116 120 129 137 144 157 162 169 224 228 236 238 241 250 266 269 293 294
33
9 14 28 33 34 36 47 48 59 64 87 94 99 111 112 114 121 126 137 138 168 170 178 180 181 182 196 197 204 206 212 238 284
27
2 18 27 32 39 45 46 54 56 69 93 135 140 149 176 187 192 199 201 209 217 232 233 234 237 245 289
24
7 11 21 27 60 76 87 88 89 107 113 119 157 160 167 200 226 229 242 256 274 278 291 296
30
13 16 24 31 32 38 41 54 56 64 65 71 72 75 85 92 98 109 111 117 120 175 176 193 203 228 240 273 276 281
27
2 27 32 40 43 55 60 89 91 95 102 117 123 131 137 138 140 186 195 213 214 217 235 237 243 270 277
32
15 19 36 42 46 59 66 69 70 76 95 123 127 134 137 138 190 206 211 213 225 234 235 252 256 257 272 282 287 292 297 298
28
23 37 47 64 72 74 93 108 111 112 124 127 128 134 147 224 230 243 246 247 260 261 262 267 272 290 291 295
25
41 49 60 62 86 91 98 99 105 106 119 121 149 179 183 188 192 193 204 208 209 228 254 266 296
22
9 11 41 49 75 108 110 137 148 157 160 178 179 186 208 216 217 225 236 237 246 283
31
3 28 32 34 48 58 67 75 81 90 111 114 123 128 143 157 211 213 214 220 222 237 249 251 252 257 271 274 275 277 284
24
1 5 16 28 41 49 52 61 68 70 71 120 127 143 149 150 154 156 159 216 217 224 249 296
17
4 36 43 74 92 110 132 184 199 200 204 212 223 238 248 254 296
34
6 28 33 54 58 78 90 98 105 118 127 132 137 139 142 149 150 153 157 171 186 201 212 217 226 229 233 239 241 245 246 264 280 282
31
9 12 23 31 37 44 45 47 61 89 93 98 111 121 126 163 173 190 203 207 208 216 242 243 244 251 254 255 262 263 286
40
9 12 23 28 37 49 53 64 75 76 78 99 101 116 121 142 145 157 161 163 164 167 169 170 180 187 192 207 208 210 212 232 240 246 251 258 264 281 283 289
37
5 9 17 22 65 66 72 73 78 80 86 90 96 98 108 114 117 134 135 139 155 163 168 169 175 195 196 210 213 223 254 267 274 282 284 286 287
29
1 10 16 25 28 29 42 63 68 100 130 134 144 145 157 166 169 182 186 200 213 219 229 235 258 272 278 282 293
25
2 27 38 59 61 64 75 80 89 119 142 155 159 169 172 183 198 214 223 227 245 259 269 271 275
24
13 73 86 94 98 101 117 122 127 141 150 153 158 161 193 198 210 216 230 242 258 265 277 297
36
16 17 19 20 37 50 52 58 59 67 68 73 74 76 92 123 128 142 147 150 156 161 163 186 188 195 205 216 219 223 226 227 261 263 274 286
27
11 14 15 31 52 68 78 79 92 115 122 148 151 152 164 173 174 175 191 194 205 210 227 236 242 255 279
26
17 22 30 55 56 71 73 77 83 87 101 119 143 148 158 162 167 169 191 214 215 225 235 266 275 285
27
5 23 26 34 48 63 67 104 105 134 143 145 148 156 171 180 186 195 207 214 234 235 238 251 264 293 297
32
1 3 41 74 86 99 100 111 128 129 132 142 148 159 164 168 179 204 206 223 233 234 236 239 244 245 267 270 283 287 290 292
29
26 29 35 36 58 60 69 72 81 86 105 114 126 133 136 138 139 141 150 161 170 175 195 196 212 225 229 231 260
34
12 14 28 41 49 58 60 78 83 85 104 127 139 151 171 179 183 191 196 201 206 214 217 230 233 244 250 253 255 265 266 268 276 295
38
3 11 18 33 40 44 45 48 54 76 83 93 95 103 114 129 130 134 142 152 168 177 180 190 195 196 201 222 234 237 244 247 255 260 277 287 291 296
24
8 15 22 31 52 58 67 87 106 107 124 136 137 145 150 155 191 202 219 241 253 275 289 300
25
52 75 76 110 133 138 145 150 160 165 166 170 191 211 213 223 230 248 251 264 270 277 285 286 291
34
25 31 38 42 58 62 74 81 82 84 96 98 102 107 110 122 149 151 152 153 178 186 190 195 225 233 248 258 268 275 277 288 290 294
28
7 20 21 25 56 62 65 76 78 94 125 126 130 140 150 156 162 179 182 189 200 202 215 234 255 264 265 283
31
3 7 8 10 30 35 41 48 65 68 87 131 146 168 172 178 201 204 209 216 217 222 232 250 252 258 262 274 276 277 296
34
3 9 12 32 38 47 54 55 65 70 75 86 90 92 108 114 120 129 134 140 148 151 165 169 175 192 218 225 238 253 258 259 293 294
35
4 13 18 46 59 67 72 86 87 89 114 124 125 134 153 158 160 166 174 192 194 195 198 207 208 216 226 227 234 239 247 249 272 293 296
31
11 16 21 41 44 47 63 65 71 77 87 98 99 102 120 127 150 160 162 169 170 178 185 200 203 229 245 250 254 272 293
25
10 42 46 65 67 71 84 115 119 128 142 144 168 175 182 189 196 209 211 243 246 248 254 262 289
29
7 19 22 24 25 36 51 52 81 88 103 107 115 125 141 144 148 160 187 212 215 216 218 219 225 228 241 256 300
23
7 16 29 42 50 56 65 69 90 120 122 127 132 148 180 193 215 227 244 245 249 274 285
29
26 28 34 36 46 54 60 79 87 93 97 110 126 132 160 171 172 186 188 190 192 205 226 227 248 253 284 293 294
30
31 37 80 84 91 92 95 96 109 152 154 167 184 194 209 214 229 231 232 233 237 238 240 264 265 271 273 286 287 295
24
4 20 23 48 54 56 74 89 93 96 120 124 132 135 137 143 174 191 213 256 262 269 273 300
24
16 33 40 44 65 68 85 87 90 101 105 118 124 133 151 184 208 227 229 231 244 249 262 266
35
4 9 12 18 25 29 31 39 77 97 110 117 126 132 133 148 157 159 169 171 172 176 198 214 215 218 223 225 227 237 238 240 257 270 275
24
1 11 30 45 68 73 96 132 141 149 163 172 175 187 194 201 217 222 224 237 241 245 281 295
30
11 15 16 21 29 36 37 49 66 73 80 103 108 118 130 131 144 157 177 190 191 209 214 237 254 258 259 261 280 292
20
8 19 29 68 88 90 92 97 100 105 132 133 169 190 191 215 216 278 290 300
35
16 30 56 57 66 73 74 75 92 94 96 100 104 110 123 125 128 164 171 172 180 183 211 217 218 237 242 246 251 255 258 268 278 286 300
38
1 9 23 27 29 37 46 76 78 81 85 94 99 105 118 122 141 145 161 162 168 183 186 193 195 197 198 200 203 209 219 224 230 244 251 274 287 300
30
2 11 14 18 31 37 41 57 71 99 121 123 124 130 136 159 181 214 215 219 221 227 232 257 261 263 266 272 291 298
24
28 30 31 36 50 51 67 70 74 117 132 167 171 199 225 226 227 229 240 251 260 263 266 294
27
26 45 56 57 59 68 73 82 107 121 151 155 160 162 172 174 175 177 184 198 206 244 260 275 291 299 300
33
3 14 18 19 26 40 59 63 67 76 83 96 100 107 113 116 124 139 147 174 175 185 191 198 208 214 230 238 259 262 272 282 297
32
3 29 33 41 53 56 66 108 114 116 121 125 127 128 131 138 152 167 169 178 191 193 217 219 234 235 237 248 254 261 269 290
