150 300
1.0 1.0 1.0 1.0 1.0 1.0 1.0 1.0 1.0 1.0 1.0 1.0 1.0 1.0 1.0 1.0 1.0 1.0 1.0 1.0 1.0 1.0 1.0 1.0 1.0 1.0 1.0 1.0 1.0 1.0 1.0 1.0 1.0 1.0 1.0 1.0 1.0 1.0 1.0 1.0 1.0 1.0 1.0 1.0 1.0 1.0 1.0 1.0 1.0 1.0 1.0 1.0 1.0 1.0 1.0 1.0 1.0 1.0 1.0 1.0 1.0 1.0 1.0 1.0 1.0 1.0 1.0 1.0 1.0 1.0 1.0 1.0 1.0 1.0 1.0 1.0 1.0 1.0 1.0 1.0 1.0 1.0 1.0 1.0 1.0 1.0 1.0 1.0 1.0 1.0 1.0 1.0 1.0 1.0 1.0 1.0 1.0 1.0 1.0 1.0 1.0 1.0 1.0 1.0 1.0 1.0 1.0 1.0 1.0 1.0 1.0 1.0 1.0 1.0 1.0 1.0 1.0 1.0 1.0 1.0 1.0 1.0 1.0 1.0 1.0 1.0 1.0 1.0 1.0 1.0 1.0 1.0 1.0 1.0 1.0 1.0 1.0 1.0 1.0 1.0 1.0 1.0 1.0 1.0 1.0 1.0 1.0 1.0 1.0 1.0 1.0 1.0 1.0 1.0 1.0 1.0 1.0 1.0 1.0 1.0 1.0 1.0 1.0 1.0 1.0 1.0 1.0 1.0 1.0 1.0 1.0 1.0 1.0 1.0 1.0 1.0 1.0 1.0 1.0 1.0 1.0 1.0 1.0 1.0 1.0 1.0 1.0 1.0 1.0 1.0 1.0 1.0 1.0 1.0 1.0 1.0 1.0 1.0 1.0 1.0 1.0 1.0 1.0 1.0 1.0 1.0 1.0 1.0 1.0 1.0 1.0 1.0 1.0 1.0 1.0 1.0 1.0 1.0 1.0 1.0 1.0 1.0 1.0 1.0 1.0 1.0 1.0 1.0 1.0 1.0 1.0 1.0 1.0 1.0 1.0 1.0 1.0 1.0 1.0 1.0 1.0 1.0 1.0 1.0 1.0 1.0 1.0 1.0 1.0 1.0 1.0 1.0 1.0 1.0 1.0 1.0 1.0 1.0 1.0 1.0 1.0 1.0 1.0 1.0 1.0 1.0 1.0 1.0 1.0 1.0 1.0 1.0 1.0 1.0 1.0 1.0 1.0 1.0 1.0 1.0 1.0 1.0 1.0 1.0 1.0 1.0 1.0 1.0 1.0 1.0 1.0 1.0 1.0 1.0 1.0 1.0 1.0 1.0 1.0 1.0
17
1 2 11 23 30 78 102 117 118 119 120 163 175 200 212 249 259
25
4 17 18 51 59 68 70 75 97 111 115 132 138 163 173 186 192 198 201 202 208 232 246 260 268
15
5 34 36 49 62 81 116 132 138 161 194 197 273 292 299
17
8 54 65 79 98 100 116 130 152 155 158 161 164 165 199 201 299
18
8 59 90 91 94 124 130 137 177 181 182 190 191 229 252 270 282 296
12
15 16 41 59 61 90 109 112 183 186 242 297
8
17 25 64 113 190 242 279 282
15
18 35 51 57 58 83 100 143 151 155 160 201 234 245 267
15
16 22 75 79 144 146 149 176 182 224 230 239 240 270 293
18
5 51 101 146 153 162 168 170 171 173 181 196 231 251 252 258 267 268
11
18 65 92 101 156 162 183 233 249 253 254
17
9 47 50 55 113 128 150 156 157 159 174 178 197 215 222 276 286
21
29 30 49 57 86 109 110 115 121 134 195 197 204 237 255 261 264 266 289 294 298
18
26 64 70 77 89 93 138 143 180 188 200 219 224 233 243 260 273 283
17
17 24 35 53 116 129 139 152 164 175 184 208 229 266 267 279 297
16
48 50 72 103 110 148 150 155 164 184 200 241 262 264 284 299
11
2 13 38 39 49 64 92 153 213 218 266
15
1 3 14 109 138 141 143 179 219 230 236 246 254 271 286
20
19 20 22 26 53 55 115 122 129 138 140 161 172 207 231 232 248 276 281 285
5
76 153 190 216 292
13
3 15 18 19 24 66 124 150 152 154 171 214 215
15
8 11 21 29 38 86 118 145 180 249 261 263 274 295 297
12
3 63 73 79 86 180 219 248 249 254 257 291
15
28 55 83 99 111 138 150 199 203 215 224 225 241 271 292
9
64 127 138 157 242 265 281 290 292
10
41 107 110 165 195 212 216 257 267 287
15
42 57 78 120 136 154 171 182 209 230 238 261 274 277 288
14
4 40 49 88 91 113 120 130 160 164 187 215 220 239
16
42 73 81 104 139 144 149 168 179 181 186 214 246 252 277 294
14
10 27 41 44 61 70 158 181 204 221 232 248 256 284
15
70 96 107 136 172 178 179 183 205 238 241 245 257 266 269
12
27 43 82 124 137 169 174 179 205 214 234 262
25
2 7 14 45 50 53 77 91 112 113 125 135 141 157 158 168 170 195 196 205 211 212 213 262 265
12
15 24 44 58 64 103 122 149 171 186 262 297
16
3 35 51 90 134 142 145 150 200 218 229 236 263 275 284 289
11
24 35 82 118 143 146 161 175 190 218 225
15
2 22 31 78 100 108 111 112 189 214 233 242 260 261 266
9
3 17 51 92 139 191 252 257 297
11
13 97 112 131 151 204 207 218 222 239 289
15
28 79 83 93 105 120 133 138 144 149 173 183 198 243 247
13
26 62 122 148 149 151 156 165 188 221 233 235 241
14
24 52 77 117 124 140 164 168 179 189 208 233 247 297
12
23 36 88 104 109 138 151 152 209 265 277 290
13
27 29 67 95 98 141 142 147 174 196 197 221 222
13
63 111 149 178 202 211 219 250 264 266 270 272 296
14
68 73 105 107 110 117 130 170 216 249 267 275 281 295
13
36 55 60 86 99 128 133 150 197 210 215 277 290
13
10 14 24 53 121 134 160 178 216 248 255 258 279
14
11 51 87 99 125 128 132 135 163 201 207 222 251 261
19
5 25 44 55 73 86 130 142 149 170 180 187 235 261 263 270 272 279 285
9
34 52 106 145 167 193 235 258 276
15
7 62 63 94 124 148 177 183 188 214 234 252 253 286 297
14
21 22 46 101 105 110 119 139 154 162 214 234 271 291
14
1 20 24 25 42 60 64 67 119 132 156 180 210 225
12
35 62 74 88 94 179 196 205 214 250 289 291
14
17 70 74 125 165 182 184 194 195 212 214 251 253 272
21
6 10 23 27 39 63 67 79 116 118 137 157 176 180 190 203 247 252 281 288 295
15
22 25 38 46 84 116 133 136 149 166 181 189 222 252 270
17
3 5 16 30 78 124 129 131 160 174 188 195 197 216 241 265 274
13
1 20 28 72 93 108 110 111 117 180 194 268 296
20
1 84 87 90 120 125 132 135 147 169 170 188 200 208 221 229 233 261 291 296
19
88 91 94 104 117 133 134 147 149 165 184 187 190 230 240 258 279 291 297
24
30 36 47 55 61 68 74 78 101 111 117 120 121 124 129 134 149 193 209 225 248 250 273 296
6
20 58 130 138 215 226
16
33 43 58 61 111 134 149 154 174 204 229 239 262 285 286 299
17
11 42 44 60 80 101 107 116 132 141 151 165 180 185 186 270 277
11
3 11 16 47 109 137 189 195 219 243 266
14
1 12 28 46 49 85 113 133 145 158 163 184 231 262
10
35 70 73 93 101 129 164 192 283 291
10
11 14 26 106 120 127 132 178 193 226
20
10 30 74 106 123 131 137 141 145 173 194 207 212 228 241 243 265 271 276 277
12
7 39 48 106 156 176 207 211 229 232 241 242
15
19 30 75 79 106 160 164 180 187 189 206 233 260 274 282
19
2 16 39 49 88 115 140 149 157 158 167 170 180 213 221 241 247 255 264
15
41 82 117 132 150 151 172 203 218 232 242 256 281 287 297
11
22 36 84 91 129 136 223 232 241 253 255
12
22 29 61 123 142 175 200 210 211 217 252 288
10
28 68 105 117 139 176 193 206 269 289
9
81 82 109 139 172 188 225 229 281
10
19 79 85 107 139 141 155 160 164 223
16
4 6 19 22 30 38 56 66 169 187 198 205 251 263 288 293
21
7 64 97 98 103 110 125 126 143 144 157 165 168 171 173 193 199 215 221 270 283
15
20 49 60 66 84 91 95 197 218 233 249 252 272 288 298
18
23 84 85 107 112 117 151 193 198 200 212 226 234 258 270 273 279 280
10
19 49 101 112 133 171 176 180 206 253
13
32 40 52 54 154 180 199 213 233 242 251 276 277
9
33 43 85 89 105 137 140 197 228
11
19 48 53 122 133 166 182 198 205 209 294
12
56 66 71 76 77 91 96 99 130 260 261 280
19
11 25 37 50 53 78 81 114 121 155 168 191 238 246 279 281 285 289 291
14
10 21 49 75 144 191 192 200 205 248 258 266 272 279
17
65 67 69 92 94 95 134 149 169 210 216 247 259 265 283 292 294
8
38 85 141 145 221 238 263 284
14
2 8 19 83 88 103 148 195 203 211 235 275 287 299
18
9 31 55 64 71 72 78 103 130 166 170 173 174 176 182 191 237 295
17
2 37 65 68 74 113 117 132 136 170 183 187 223 231 243 256 284
17
6 26 43 67 78 88 120 123 124 127 133 136 142 154 225 252 279
13
25 29 87 136 140 148 210 214 232 238 259 271 273
15
5 9 35 56 64 66 125 143 158 165 167 175 198 250 277
8
1 48 77 98 193 195 197 267
14
8 26 28 45 92 119 127 141 144 162 176 235 275 292
13
40 47 83 94 108 116 157 170 171 222 225 245 249
19
18 21 32 36 54 67 77 119 127 128 137 144 178 197 201 224 249 282 293
21
11 13 15 33 36 42 108 115 117 139 140 148 153 187 234 249 253 287 288 296 297
10
80 93 97 131 186 199 228 246 293 297
13
83 110 119 125 148 181 183 206 207 223 225 229 272
24
17 27 33 38 47 66 68 98 103 105 111 114 139 151 196 208 213 215 220 229 239 250 266 282
18
17 36 61 65 85 88 97 126 127 141 164 192 205 223 227 230 238 242
21
5 15 22 49 81 89 90 105 111 112 134 158 172 182 208 239 243 266 269 275 288
11
15 51 69 93 97 130 144 207 216 243 298
11
79 114 121 131 172 198 214 262 264 272 280
13
23 45 55 70 72 87 100 123 135 176 192 203 253
12
26 30 35 50 61 73 91 110 122 218 240 290
17
1 53 65 93 95 98 131 161 162 184 187 243 246 269 276 291 293
18
8 38 42 58 64 73 81 91 99 102 114 126 152 176 223 232 236 246
18
3 9 11 17 38 40 57 71 86 108 130 156 183 204 223 240 246 279
9
9 28 69 142 197 203 204 208 240
14
27 36 44 48 60 95 108 127 142 143 169 211 216 291
11
55 94 109 123 125 127 177 185 196 212 219
15
31 32 42 68 109 112 131 198 199 204 208 213 242 279 280
23
1 11 15 20 25 37 39 72 82 88 102 110 111 146 162 185 191 198 200 269 274 279 295
14
39 68 85 89 113 127 147 167 170 185 196 224 259 264
10
28 52 56 68 97 114 171 183 224 296
20
2 4 24 44 59 81 107 119 123 159 160 161 190 201 208 216 238 249 252 253
16
9 48 94 107 120 149 152 153 157 165 166 193 195 199 280 284
15
51 52 62 93 108 113 122 214 215 221 233 240 255 259 264
14
7 11 13 35 71 77 112 149 161 182 184 210 219 247
17
25 44 49 56 66 79 87 122 140 148 149 173 189 205 219 225 272
13
39 56 74 106 110 150 159 208 220 235 258 269 298
13
33 64 68 129 169 178 179 225 239 258 269 294 297
14
11 42 58 67 78 80 134 145 170 185 212 239 251 294
12
19 50 57 70 112 170 192 214 215 238 276 277
21
3 20 26 30 45 59 71 109 116 153 166 175 187 190 196 225 247 250 275 282 298
14
15 33 62 80 95 106 157 164 185 189 198 207 231 264
26
26 40 51 64 81 83 90 126 130 164 166 174 191 194 201 209 210 229 231 235 238 258 262 277 279 296
13
56 63 86 101 148 156 165 189 208 276 286 291 299
14
16 67 82 143 147 220 240 247 252 255 260 261 279 293
18
30 32 70 137 154 159 178 180 185 208 212 222 228 231 238 245 276 291
14
63 65 74 75 102 112 123 164 173 175 219 233 240 286
13
74 75 99 131 154 174 221 245 256 271 273 277 278
15
9 22 45 82 102 104 116 139 164 179 205 222 253 270 281
13
19 32 63 74 77 168 193 199 207 211 225 230 293
22
5 9 20 25 30 46 56 82 121 148 155 170 175 202 203 205 206 218 228 259 270 277
18
15 21 57 78 100 114 116 119 132 134 184 192 203 204 207 246 256 268
14
16 41 48 49 57 101 109 111 161 165 220 229 237 266
12
13 26 94 95 119 140 189 194 205 217 222 271
12
16 52 73 107 149 155 221 230 234 236 288 292
17
15 39 66 87 101 135 144 156 157 191 202 211 235 252 265 270 284
19
29 60 109 127 142 145 153 155 162 170 172 195 197 207 215 220 244 249 284
21
10 12 14 17 22 38 47 51 76 87 104 109 110 117 140 143 181 197 235 282 285
