50 100
1.0 1.0 1.0 1.0 1.0 1.0 1.0 1.0 1.0 1.0 1.0 1.0 1.0 1.0 1.0 1.0 1.0 1.0 1.0 1.0 1.0 1.0 1.0 1.0 1.0 1.0 1.0 1.0 1.0 1.0 1.0 1.0 1.0 1.0 1.0 1.0 1.0 1.0 1.0 1.0 1.0 1.0 1.0 1.0 1.0 1.0 1.0 1.0 1.0 1.0 1.0 1.0 1.0 1.0 1.0 1.0 1.0 1.0 1.0 1.0 1.0 1.0 1.0 1.0 1.0 1.0 1.0 1.0 1.0 1.0 1.0 1.0 1.0 1.0 1.0 1.0 1.0 1.0 1.0 1.0 1.0 1.0 1.0 1.0 1.0 1.0 1.0 1.0 1.0 1.0 1.0 1.0 1.0 1.0 1.0 1.0 1.0 1.0 1.0 1.0
21
4 10 11 13 22 23 27 30 39 44 52 55 60 68 74 77 79 83 86 95 98
15
12 13 19 20 24 28 40 46 48 51 66 85 89 90 98
25
12 17 20 30 33 36 45 47 49 52 56 58 59 67 69 71 73 75 84 85 86 90 92 96 100
14
15 28 40 48 51 53 64 65 77 78 85 91 92 93
27
2 3 8 11 12 14 19 21 32 37 40 44 45 49 50 56 58 61 63 68 69 72 83 92 94 99 100
19
3 10 23 34 40 42 47 50 54 57 65 68 70 73 75 84 85 90 99
19
2 10 21 22 29 38 44 47 50 56 60 61 67 75 76 80 92 93 99
16
11 19 26 30 37 40 50 61 67 74 76 80 81 86 88 92
22
2 5 7 9 11 15 28 29 32 37 38 42 51 58 59 63 69 71 78 82 94 95
23
6 7 8 14 18 21 24 27 29 31 32 42 47 48 51 54 59 64 71 72 78 89 99
24
16 18 20 21 29 37 38 48 52 54 56 57 59 63 78 79 81 85 86 87 93 96 97 98
20
1 2 4 12 15 24 36 37 42 57 60 61 66 77 80 89 92 96 97 98
17
1 7 13 14 36 44 47 48 49 59 60 63 73 79 96 97 98
19
1 3 4 10 13 17 30 35 39 42 44 51 63 67 80 86 88 90 91
20
1 4 13 19 23 38 48 54 55 56 57 59 60 65 80 82 83 91 92 93
17
12 13 19 21 25 27 28 31 34 57 58 61 83 86 88 89 92
22
1 8 12 17 18 19 22 26 33 38 49 50 59 61 70 72 73 74 75 87 91 96
17
11 16 21 22 24 28 38 42 53 54 74 76 82 84 90 93 96
24
9 15 21 23 24 33 35 40 41 42 49 54 59 62 66 67 69 73 76 79 81 85 89 96
17
7 8 11 28 31 37 51 59 66 72 76 79 83 87 90 94 95
21
1 3 4 6 7 16 18 30 31 32 33 41 47 68 75 76 77 83 90 91 100
22
1 3 8 11 12 17 19 21 23 31 50 51 53 61 66 67 71 79 81 89 96 97
24
1 2 3 18 28 30 31 33 35 37 46 49 53 55 60 74 77 78 83 85 86 89 92 95
25
2 4 7 9 12 19 24 30 32 33 34 36 38 44 50 56 59 62 70 72 76 78 89 92 98
18
10 12 15 18 19 21 41 43 47 51 56 57 70 73 77 78 82 99
16
1 6 10 16 29 33 35 37 45 48 62 67 91 92 94 96
24
12 15 25 27 40 41 42 45 46 48 54 55 57 59 60 61 69 72 73 76 84 87 89 100
20
1 4 5 6 10 12 16 26 31 32 43 47 49 51 63 67 69 76 81 88
16
16 18 22 28 29 36 40 42 44 45 49 60 68 69 74 87
24
1 8 9 13 15 25 27 29 30 33 35 37 39 41 42 43 46 53 57 60 73 74 82 94
16
10 14 22 32 35 42 43 52 64 71 74 77 84 90 99 100
15
4 5 16 22 33 41 42 45 58 62 69 72 85 91 94
19
13 26 32 39 43 45 53 57 58 60 69 74 77 80 83 91 95 97 99
16
6 17 19 20 21 27 31 44 49 52 59 63 66 67 70 88
14
7 8 25 29 31 60 62 67 70 73 75 80 84 100
17
5 7 14 17 19 28 40 42 43 45 52 56 81 84 88 89 93
21
4 9 14 16 25 29 36 40 41 47 52 59 61 64 65 66 68 88 93 97 100
19
5 7 10 11 12 15 18 19 23 48 63 65 67 69 73 77 78 88 98
17
4 6 11 17 26 30 44 58 59 64 72 75 76 85 87 88 93
21
4 6 8 12 13 21 32 35 37 45 50 56 58 69 70 77 82 84 87 92 100
27
5 6 7 9 14 17 22 23 27 30 33 34 44 46 54 58 59 60 64 68 72 73 74 77 80 95 100
19
1 3 5 8 20 21 45 46 48 49 50 53 58 64 73 86 94 95 97
13
20 22 27 39 41 44 53 57 63 68 75 83 87
13
9 10 25 32 41 44 46 54 55 73 78 98 99
13
1 2 3 7 10 16 23 30 36 45 49 60 91
24
2 4 5 17 24 39 41 45 46 50 63 66 72 73 74 78 79 81 82 83 84 85 88 95
20
7 15 20 22 23 30 33 40 45 48 54 65 70 71 73 74 85 87 92 94
15
7 18 42 43 61 63 67 71 72 75 81 85 87 93 96
19
4 10 20 23 30 32 36 42 55 58 61 68 69 73 74 78 81 94 99
18
6 10 14 15 18 41 53 54 58 63 68 73 78 80 84 86 96 98
