150 300
1.0 1.0 1.0 1.0 1.0 1.0 1.0 1.0 1.0 1.0 1.0 1.0 1.0 1.0 1.0 1.0 1.0 1.0 1.0 1.0 1.0 1.0 1.0 1.0 1.0 1.0 1.0 1.0 1.0 1.0 1.0 1.0 1.0 1.0 1.0 1.0 1.0 1.0 1.0 1.0 1.0 1.0 1.0 1.0 1.0 1.0 1.0 1.0 1.0 1.0 1.0 1.0 1.0 1.0 1.0 1.0 1.0 1.0 1.0 1.0 1.0 1.0 1.0 1.0 1.0 1.0 1.0 1.0 1.0 1.0 1.0 1.0 1.0 1.0 1.0 1.0 1.0 1.0 1.0 1.0 1.0 1.0 1.0 1.0 1.0 1.0 1.0 1.0 1.0 1.0 1.0 1.0 1.0 1.0 1.0 1.0 1.0 1.0 1.0 1.0 1.0 1.0 1.0 1.0 1.0 1.0 1.0 1.0 1.0 1.0 1.0 1.0 1.0 1.0 1.0 1.0 1.0 1.0 1.0 1.0 1.0 1.0 1.0 1.0 1.0 1.0 1.0 1.0 1.0 1.0 1.0 1.0 1.0 1.0 1.0 1.0 1.0 1.0 1.0 1.0 1.0 1.0 1.0 1.0 1.0 1.0 1.0 1.0 1.0 1.0 1.0 1.0 1.0 1.0 1.0 1.0 1.0 1.0 1.0 1.0 1.0 1.0 1.0 1.0 1.0 1.0 1.0 1.0 1.0 1.0 1.0 1.0 1.0 1.0 1.0 1.0 1.0 1.0 1.0 1.0 1.0 1.0 1.0 1.0 1.0 1.0 1.0 1.0 1.0 1.0 1.0 1.0 1.0 1.0 1.0 1.0 1.0 1.0 1.0 1.0 1.0 1.0 1.0 1.0 1.0 1.0 1.0 1.0 1.0 1.0 1.0 1.0 1.0 1.0 1.0 1.0 1.0 1.0 1.0 1.0 1.0 1.0 1.0 1.0 1.0 1.0 1.0 1.0 1.0 1.0 1.0 1.0 1.0 1.0 1.0 1.0 1.0 1.0 1.0 1.0 1.0 1.0 1.0 1.0 1.0 1.0 1.0 1.0 1.0 1.0 1.0 1.0 1.0 1.0 1.0 1.0 1.0 1.0 1.0 1.0 1.0 1.0 1.0 1.0 1.0 1.0 1.0 1.0 1.0 1.0 1.0 1.0 1.0 1.0 1.0 1.0 1.0 1.0 1.0 1.0 1.0 1.0 1.0 1.0 1.0 1.0 1.0 1.0 1.0 1.0 1.0 1.0 1.0 1.0 1.0 1.0 1.0 1.0 1.0 1.0
28
10 20 35 36 43 46 49 56 59 71 89 101 105 119 124 170 174 198 209 210 229 232 238 251 255 272 273 281
23
32 35 40 46 78 105 113 116 121 138 156 161 172 196 197 205 217 225 237 240 242 248 276
31
20 36 37 44 49 51 61 62 65 70 77 94 121 122 158 168 174 183 188 195 203 204 230 242 246 268 273 274 283 287 294
31
8 25 28 30 34 42 68 75 89 102 105 122 142 160 166 172 175 178 201 217 232 234 239 241 245 247 255 267 281 283 298
27
12 15 28 30 32 37 44 52 78 94 103 131 141 160 161 190 201 209 217 242 246 258 265 269 272 288 300
30
6 12 16 21 23 28 32 35 52 65 71 95 97 103 108 115 120 148 181 193 197 215 221 222 230 247 250 267 275 288
28
6 7 17 19 23 40 48 53 63 83 97 98 125 128 161 165 169 191 206 207 215 226 227 243 253 267 294 295
34
15 17 30 32 42 45 49 55 63 65 69 75 76 90 130 136 156 159 174 175 195 197 199 209 217 224 226 229 239 243 246 252 265 289
40
9 14 28 31 40 45 48 56 57 63 67 69 70 88 103 129 132 134 138 166 170 181 189 190 198 205 208 213 215 219 227 230 245 252 256 277 279 293 295 296
36
8 28 32 35 41 43 60 64 67 70 73 75 95 103 112 118 123 128 144 191 200 205 206 215 238 240 244 252 258 259 266 274 276 279 280 282
23
9 25 26 35 47 53 60 84 98 107 108 111 121 132 146 152 167 198 200 208 219 240 257
31
2 12 20 21 45 61 64 70 73 103 109 115 116 120 121 130 132 140 141 146 161 187 203 237 238 258 268 269 270 271 298
26
3 4 6 7 11 14 19 39 48 49 72 118 132 135 148 180 185 220 240 241 246 250 265 266 277 278
23
8 25 28 41 44 57 70 79 80 87 91 102 105 125 133 227 230 242 243 265 273 287 293
31
5 16 27 59 71 75 86 91 93 94 112 125 128 149 150 151 169 170 174 180 188 189 205 207 221 223 257 273 274 275 277
25
10 22 40 42 48 51 56 66 73 77 99 106 127 129 143 179 183 195 201 230 238 252 290 294 299
32
10 49 53 61 68 91 93 94 95 97 98 100 110 122 125 140 168 177 179 182 183 190 209 221 224 246 259 269 270 280 284 286
33
15 26 44 46 64 80 85 86 97 103 107 115 130 143 151 180 187 197 203 217 218 229 232 241 246 260 264 268 277 278 279 290 299
29
5 14 21 51 68 69 89 98 99 105 146 157 158 172 175 197 201 209 211 213 215 217 226 229 272 285 287 291 293
20
4 28 36 67 86 94 96 107 123 148 157 174 190 193 204 218 228 260 269 291
33
3 5 7 16 39 40 57 59 68 86 92 109 114 125 130 135 160 163 165 172 177 179 225 227 234 235 249 256 259 271 278 293 295
23
5 10 20 33 36 42 82 93 130 134 155 172 195 213 217 221 234 255 258 260 264 268 276
21
2 11 14 29 39 44 60 64 76 108 124 151 153 182 195 229 248 263 269 271 294
32
2 3 10 40 42 74 80 83 92 99 118 122 123 130 138 163 177 180 181 210 224 233 237 248 249 257 258 263 265 277 287 288
38
1 3 5 6 8 20 47 56 68 75 86 90 105 107 121 122 124 140 145 150 164 165 168 169 188 197 216 219 224 225 232 245 248 267 276 278 283 292
20
2 3 38 64 76 84 86 135 146 156 161 166 174 178 187 235 239 259 261 269
21
31 32 33 38 54 56 60 70 74 81 100 124 148 150 211 225 232 242 247 294 295
31
5 7 28 41 43 44 45 48 54 61 67 88 90 95 96 132 138 146 150 185 196 200 203 216 226 244 260 269 280 287 289
29
10 24 44 53 79 85 90 92 95 128 139 142 143 147 149 151 152 156 186 196 211 233 236 237 241 250 253 276 282
23
13 28 29 52 57 58 68 118 149 151 161 172 183 189 195 211 226 249 250 251 275 278 282
31
9 13 64 73 83 90 117 133 142 144 150 153 155 172 174 181 182 197 198 199 200 207 208 212 217 236 237 257 266 288 291
36
12 14 16 32 35 45 48 49 52 54 55 60 68 71 77 94 129 150 159 160 168 173 182 194 212 216 222 251 256 259 260 270 276 294 298 299
39
17 32 37 44 45 53 54 57 58 71 76 77 78 80 90 102 103 104 107 115 117 131 132 142 158 169 175 177 178 182 202 220 226 227 243 253 262 291 292
33
20 26 32 40 48 56 69 72 87 88 99 104 108 110 124 135 140 145 150 151 163 184 200 205 209 230 240 246 270 271 282 288 290
22
3 19 22 33 36 43 62 72 73 107 118 180 202 210 221 224 229 233 256 272 284 293
34
12 17 23 31 38 57 66 69 78 88 92 105 114 123 124 127 154 159 165 168 178 183 195 205 236 242 254 259 270 273 274 277 278 297
28
4 7 12 17 26 33 40 57 59 62 84 99 115 142 149 157 171 173 200 204 211 222 228 229 258 261 278 297
30
18 19 47 48 57 60 62 66 77 80 86 92 93 104 105 114 120 122 142 158 207 210 217 225 232 254 261 276 288 289
39
3 5 16 18 23 24 29 59 64 66 73 80 81 94 103 130 150 160 182 188 189 192 193 207 208 211 215 231 232 240 241 251 262 264 270 273 276 286 299
31
9 21 37 38 56 60 66 93 97 127 128 142 147 153 161 173 183 197 200 210 228 230 241 242 261 262 263 267 275 287 294
38
1 4 13 30 34 38 42 46 52 71 77 78 82 102 110 115 131 134 139 179 181 193 198 199 201 211 215 218 234 246 248 252 267 268 272 273 292 300
33
2 11 18 19 34 38 43 50 56 66 74 80 100 104 113 115 133 134 138 162 170 178 182 208 219 225 226 249 258 259 264 287 293
28
12 42 46 57 58 77 84 115 126 135 154 168 171 189 193 196 198 210 215 234 239 247 250 253 260 269 271 283
18
1 39 43 46 47 96 107 136 178 204 229 230 235 236 239 246 252 281
38
9 23 28 32 50 51 59 63 64 69 72 73 87 89 92 122 139 148 150 169 174 190 204 213 217 219 224 232 244 246 260 261 264 269 273 276 289 293
33
22 24 33 38 40 44 49 50 58 60 88 118 128 134 147 160 161 166 167 187 192 195 203 204 210 232 233 235 240 242 253 274 275
44
6 8 24 43 47 57 62 67 72 87 101 104 105 107 110 121 126 129 131 134 141 148 155 159 160 173 174 183 190 193 194 199 202 207 216 227 235 246 251 273 275 277 282 289
30
13 33 36 48 52 53 57 76 80 92 103 106 113 141 149 150 161 188 198 210 220 229 231 253 258 272 273 279 282 291
35
1 9 22 29 33 34 37 57 73 77 82 95 103 110 112 113 118 127 144 157 168 172 179 180 186 204 213 229 230 245 258 261 278 281 287
25
2 40 43 45 49 59 67 75 91 104 115 119 142 148 149 156 164 171 186 188 190 196 256 260 289
26
1 9 11 12 43 63 64 79 84 88 90 91 105 119 147 170 181 193 209 210 217 220 226 268 269 292
27
3 9 66 87 116 141 164 168 171 178 183 187 199 205 207 210 224 225 226 229 244 273 275 290 292 298 300
23
19 30 42 45 55 62 74 104 108 115 122 138 144 162 205 206 223 241 247 268 272 273 296
25
2 4 17 23 25 37 45 54 69 77 95 99 118 121 206 211 214 221 236 243 264 270 272 292 298
26
8 14 24 26 27 28 30 33 55 87 119 127 131 138 148 155 161 164 166 175 188 247 249 254 279 281
23
19 25 35 37 58 60 61 65 78 105 119 124 132 138 173 184 193 208 215 221 258 271 295
28
6 12 26 48 54 55 67 74 77 78 98 111 121 135 142 152 182 183 187 191 218 229 240 245 264 266 272 285
26
25 42 55 74 77 81 83 84 112 115 125 133 156 163 176 179 194 195 204 228 235 246 251 262 265 288
31
25 77 79 80 106 107 118 120 125 132 144 156 157 158 166 171 182 187 189 211 218 231 250 255 256 257 261 276 288 291 298
27
11 13 26 30 51 94 96 109 117 123 124 125 128 132 136 145 172 211 213 214 238 255 260 271 287 289 296
37
7 51 63 94 98 108 112 127 130 131 133 137 146 183 187 194 199 212 219 221 222 227 228 235 246 249 255 265 266 268 279 280 283 284 285 290 300
33
16 30 35 41 54 62 72 73 82 93 105 107 121 125 140 146 152 159 169 176 179 189 193 194 211 212 224 232 241 265 269 282 299
29
10 21 32 43 51 62 71 86 101 108 121 132 137 145 146 147 155 157 183 184 189 195 202 203 204 209 227 242 271
34
7 8 12 14 34 41 52 78 82 86 88 107 109 116 124 145 146 159 161 170 174 186 199 204 206 213 214 216 218 241 242 248 260 300
32
16 18 19 38 46 48 49 51 52 70 80 97 101 102 103 107 113 121 134 153 162 172 194 195 204 228 250 263 273 274 297 299
35
1 6 15 21 23 30 39 48 56 70 100 105 106 123 150 151 154 163 172 184 215 217 219 224 234 240 249 255 266 269 271 273 278 279 296
37
10 12 14 15 21 22 26 28 47 52 54 71 74 84 96 98 100 103 127 144 147 165 170 172 175 195 199 207 210 230 235 246 266 278 288 290 297
26
1 2 10 12 32 35 36 50 81 92 104 133 156 160 169 176 181 199 240 253 262 276 279 284 296 297
25
2 29 72 75 80 81 106 116 146 149 151 173 201 205 213 222 223 227 228 232 241 269 271 283 288
32
2 10 13 18 19 26 35 36 41 52 99 101 118 120 123 155 175 176 183 195 203 204 214 242 243 248 262 268 272 283 289 300
30
23 37 59 68 80 104 107 122 123 143 146 153 179 186 193 196 206 209 216 217 231 233 249 258 263 266 268 284 293 300
30
14 17 29 31 34 41 44 48 52 61 83 95 106 107 108 116 134 148 152 177 178 180 181 182 216 244 258 274 283 292
26
1 22 23 31 55 58 60 61 75 84 87 106 128 137 139 140 181 189 202 220 241 242 256 259 264 295
34
1 11 20 26 38 42 67 73 74 87 90 98 99 113 114 117 123 134 149 152 167 169 172 202 210 211 214 237 249 254 276 279 294 296
37
7 11 20 40 43 48 49 52 64 67 74 92 110 120 128 132 133 151 153 157 166 167 177 184 196 200 205 220 225 234 247 263 267 268 278 288 297
26
28 42 60 66 75 77 79 102 105 123 153 174 177 194 202 226 227 228 229 230 253 258 280 281 290 294
27
41 49 58 72 75 81 83 91 92 98 105 108 109 130 134 157 169 173 180 233 253 255 260 270 282 284 291
25
2 18 20 30 53 62 69 89 90 93 94 102 133 137 141 159 160 175 194 223 231 258 261 269 281
28
20 29 33 59 69 72 84 95 105 110 117 124 125 133 169 178 185 189 194 199 201 223 232 241 243 245 264 280
27
5 7 29 45 53 76 91 97 99 101 111 123 139 149 160 166 173 179 187 203 213 216 276 277 290 291 292
34
1 4 7 11 35 36 41 69 73 75 79 93 109 117 121 138 153 166 168 194 198 205 235 237 240 248 256 260 262 263 276 279 294 298
28
1 15 26 43 44 46 52 55 56 62 82 92 109 112 123 141 167 169 184 199 204 210 237 238 244 248 291 300
28
5 8 9 15 34 65 76 103 109 113 118 123 160 161 170 176 183 193 200 236 242 259 283 284 295 296 297 299
21
40 101 109 127 132 134 143 160 168 184 202 203 214 226 233 241 257 280 286 293 296
21
14 18 39 45 47 54 87 92 106 112 198 220 225 226 244 253 259 263 274 283 287
29
21 33 37 56 58 103 104 111 114 141 144 148 153 159 161 164 165 187 191 210 221 225 231 233 248 253 264 284 289
29
5 34 46 54 69 72 81 109 114 118 131 137 148 167 169 171 177 193 219 226 242 253 258 259 268 272 279 291 299
30
6 24 30 38 42 48 52 59 60 76 79 101 103 105 129 133 139 150 156 157 161 182 203 212 215 219 234 272 293 297
36
3 5 15 20 22 38 47 72 81 97 103 109 113 115 118 138 159 172 183 192 202 205 218 219 230 231 255 264 275 279 291 294 295 297 298 300
45
5 6 8 13 19 31 32 43 47 53 57 61 73 75 86 94 113 122 126 144 155 157 169 172 175 176 179 180 186 192 193 200 221 224 232 239 243 244 251 252 257 259 260 291 300
33
8 10 58 73 74 75 80 88 92 100 120 159 161 168 169 172 180 184 187 195 197 202 205 212 217 219 232 239 247 249 274 277 298
33
24 33 44 53 70 91 93 97 101 109 127 129 130 131 144 147 168 170 175 185 191 192 193 197 213 217 226 227 230 250 255 264 296
26
2 10 20 22 27 44 75 81 97 107 128 133 140 167 194 198 208 220 229 235 246 256 258 281 282 284
31
1 12 15 27 51 56 68 86 88 90 94 104 115 121 133 137 160 173 174 184 192 199 203 215 236 242 246 267 277 278 296
32
4 13 23 26 36 43 58 59 64 70 78 85 86 99 104 118 125 134 137 145 156 161 168 179 180 181 186 255 263 271 286 289
28
4 18 20 26 33 34 36 42 51 56 71 84 127 130 148 152 170 178 179 192 197 216 230 250 260 287 288 300
29
1 5 23 32 39 74 85 91 98 109 124 126 127 142 156 175 186 217 221 236 247 249 264 274 289 290 291 293 294
34
3 12 15 16 29 33 60 63 66 80 89 95 104 118 124 128 146 149 182 183 195 196 205 209 210 216 221 232 249 256 263 282 288 289
31
5 10 23 25 27 41 55 56 64 68 89 119 125 147 149 151 187 194 198 208 219 224 225 228 237 275 278 279 289 291 300
29
17 19 21 32 38 43 49 53 74 83 86 109 119 123 158 176 179 183 191 194 200 201 219 221 229 234 240 265 289
35
3 12 26 41 56 64 67 73 75 78 98 116 131 132 138 150 151 176 191 193 198 207 216 235 243 245 246 247 258 265 277 287 292 296 298
25
5 31 38 58 71 72 94 97 106 111 113 119 135 139 144 153 158 166 168 206 219 245 252 290 298
36
40 42 58 68 70 75 77 89 94 100 111 120 124 126 128 131 143 157 158 168 185 191 194 215 218 235 241 242 243 260 268 271 291 293 296 299
34
5 11 15 23 28 41 52 55 62 72 81 95 102 108 123 137 141 165 169 198 205 206 207 208 209 221 223 226 232 240 247 287 288 294
35
6 18 22 26 43 45 65 74 85 94 105 131 138 140 145 149 155 156 163 169 174 177 198 223 227 229 230 234 237 248 250 274 278 280 296
30
21 45 50 53 54 60 81 84 95 101 113 116 125 141 143 144 178 179 187 188 200 201 208 210 243 249 253 263 266 286
35
9 19 20 30 39 57 64 73 75 90 95 107 116 125 138 140 152 154 159 169 171 172 176 183 186 194 196 197 210 213 262 271 285 288 289
24
22 31 32 33 44 68 70 72 101 132 141 147 151 152 160 196 212 224 229 235 238 246 268 285
26
19 34 51 56 67 70 71 73 74 86 88 89 136 145 149 169 171 172 179 186 216 218 228 231 260 273
21
27 29 44 78 90 91 101 114 118 119 125 172 185 191 193 211 239 241 250 267 298
34
16 23 27 46 47 57 61 87 88 92 98 118 126 140 141 157 159 165 171 176 189 207 211 224 229 240 246 257 260 275 277 282 290 298
28
13 26 38 43 66 75 93 95 104 110 112 131 147 154 157 176 185 193 200 215 233 237 244 256 293 295 297 298
36
17 29 55 78 80 81 87 93 97 99 102 109 120 122 130 137 140 142 163 166 174 175 180 182 186 196 203 204 205 214 229 257 261 265 266 278
39
18 25 34 39 45 55 66 75 82 89 114 130 140 143 144 148 154 155 159 161 167 169 171 173 193 211 218 228 239 243 247 255 263 266 272 283 287 288 292
36
2 15 28 33 34 44 65 76 93 96 105 106 108 114 115 121 126 150 158 162 193 196 199 202 209 212 223 228 230 232 235 256 276 292 297 299
29
4 10 11 15 27 61 102 106 115 120 124 138 139 152 162 194 208 209 212 218 249 256 268 275 280 284 285 293 298
30
15 16 20 27 39 42 43 56 57 92 95 96 98 101 102 103 112 115 134 145 153 173 194 214 252 270 287 291 292 299
25
2 7 11 27 30 37 45 62 75 87 107 133 153 171 178 180 199 200 205 211 223 224 243 244 256
33
26 41 47 68 74 80 88 100 106 111 115 118 131 135 143 144 153 168 185 211 212 214 218 220 226 229 239 240 262 271 283 290 295
25
58 73 74 80 91 105 114 115 124 126 134 148 149 153 161 188 193 225 250 257 269 272 281 289 292
20
19 43 66 68 71 76 81 101 106 108 132 174 176 188 189 191 194 204 207 256
36
1 20 22 23 27 32 47 49 58 64 68 74 77 84 85 103 104 145 148 165 168 169 170 194 201 202 227 233 236 250 251 265 282 293 294 300
30
5 9 10 19 23 24 33 43 59 85 86 87 95 96 105 108 122 133 141 184 187 203 218 238 244 248 256 260 281 300
33
28 38 53 55 64 68 101 102 105 120 130 157 172 180 185 187 188 190 200 206 207 208 210 214 217 225 241 249 263 274 288 291 297
30
6 7 9 46 50 70 80 85 96 99 105 133 150 151 154 171 175 178 198 229 230 236 238 244 267 273 274 278 279 290
35
18 21 29 39 53 73 93 97 105 113 121 133 134 140 163 170 172 186 187 206 207 208 209 210 216 226 230 235 245 249 271 273 281 285 290
33
10 16 19 31 33 39 41 72 74 79 94 115 116 119 130 133 139 147 168 169 170 187 188 201 208 217 218 223 245 246 279 283 291
35
6 12 21 24 32 34 43 62 63 70 76 77 81 100 111 126 134 137 139 169 176 194 196 212 220 222 225 229 248 254 261 279 280 289 291
42
1 6 11 35 49 50 54 57 65 69 73 85 92 93 94 114 115 121 130 134 139 140 150 173 188 190 202 218 219 220 221 226 234 239 241 244 248 253 255 263 275 286
26
11 13 37 43 62 67 69 73 76 83 85 88 99 115 131 139 140 145 183 188 195 198 210 225 292 299
32
18 26 52 54 79 80 85 129 131 134 139 140 145 147 150 153 162 168 170 179 187 190 211 213 216 220 228 240 276 277 278 294
30
1 18 21 22 27 39 57 67 82 94 134 157 165 177 180 182 183 186 216 227 232 233 253 254 258 259 270 280 292 300
39
6 20 21 29 37 39 61 69 70 93 100 113 115 129 137 140 142 147 154 158 167 179 181 192 208 216 244 248 250 252 257 262 267 268 269 281 283 284 291
26
5 10 23 39 52 64 66 68 81 93 95 97 100 112 114 135 138 143 163 171 172 196 219 237 242 271
34
6 16 19 33 40 54 55 58 66 68 69 80 85 92 99 101 115 135 156 159 166 193 216 218 227 234 240 243 251 258 259 280 286 292
31
5 14 30 41 46 48 59 65 73 75 87 118 123 136 150 161 173 188 200 204 211 221 226 227 231 258 259 264 268 272 279
23
18 37 41 42 58 63 75 76 87 127 133 149 171 185 190 191 203 225 239 240 284 286 298
31
9 22 30 40 48 53 67 75 78 85 86 91 93 98 109 110 124 160 167 176 179 183 185 221 224 238 255 256 284 291 294
31
8 9 29 46 73 89 105 107 112 141 147 149 166 173 201 202 203 212 215 217 220 221 227 233 234 241 252 261 277 287 292
25
3 9 29 30 34 59 63 102 106 110 115 116 121 161 182 183 196 211 212 236 250 276 283 287 300
34
2 6 11 14 15 18 30 31 32 35 41 53 72 92 113 133 145 150 154 160 168 169 172 206 210 236 239 240 254 280 282 288 295 300
30
4 7 19 32 37 45 55 83 84 93 104 107 146 149 153 159 164 177 191 193 207 211 223 229 265 278 280 285 296 299
18
3 6 16 26 72 104 122 130 172 203 204 212 225 245 255 257 285 295
28
9 15 16 18 40 41 49 60 105 119 132 134 136 159 162 163 168 187 190 194 195 209 213 232 239 246 265 280
23
21 30 42 46 55 68 75 108 121 137 178 186 192 217 226 234 237 238 269 287 288 289 295
27
1 3 4 23 40 41 51 72 97 99 107 108 109 113 141 153 160 169 196 215 219 240 246 252 254 256 258
28
8 10 18 19 20 31 79 85 141 150 173 186 212 213 248 250 251 260 272 275 278 281 284 287 291 295 298 300
31
24 27 35 61 64 68 95 97 103 108 114 132 134 145 148 174 189 202 204 209 210 217 218 220 231 256 264 271 286 292 295
35
6 23 26 37 39 54 61 79 98 109 125 145 153 156 171 181 185 188 189 191 193 196 197 213 215 221 226 242 246 248 251 266 272 282 287
33
1 9 16 21 33 40 45 57 67 71 77 82 91 111 115 134 138 147 168 174 181 184 200 206 224 243 249 264 265 270 281 290 295
