50 100
1.0 1.0 1.0 1.0 1.0 1.0 1.0 1.0 1.0 1.0 1.0 1.0 1.0 1.0 1.0 1.0 1.0 1.0 1.0 1.0 1.0 1.0 1.0 1.0 1.0 1.0 1.0 1.0 1.0 1.0 1.0 1.0 1.0 1.0 1.0 1.0 1.0 1.0 1.0 1.0 1.0 1.0 1.0 1.0 1.0 1.0 1.0 1.0 1.0 1.0 1.0 1.0 1.0 1.0 1.0 1.0 1.0 1.0 1.0 1.0 1.0 1.0 1.0 1.0 1.0 1.0 1.0 1.0 1.0 1.0 1.0 1.0 1.0 1.0 1.0 1.0 1.0 1.0 1.0 1.0 1.0 1.0 1.0 1.0 1.0 1.0 1.0 1.0 1.0 1.0 1.0 1.0 1.0 1.0 1.0 1.0 1.0 1.0 1.0 1.0
15
17 22 28 30 33 34 59 62 75 76 77 79 88 90 96
5
14 21 36 48 71
10
10 18 19 54 55 56 66 90 93 94
10
3 6 21 25 28 56 68 70 74 89
10
6 27 34 40 41 49 62 68 83 99
8
2 17 31 32 43 59 71 77
10
5 18 25 33 47 49 64 75 99 100
8
2 4 7 26 30 54 55 67
10
3 13 16 43 45 50 53 60 84 93
4
4 40 54 80
9
5 28 49 50 60 82 87 91 92
13
2 24 26 30 34 43 44 46 48 53 57 80 94
12
2 5 9 28 36 39 44 57 59 80 82 97
4
6 34 38 90
10
4 22 34 41 46 47 48 61 67 100
10
2 4 14 31 34 50 70 73 97 98
9
3 14 53 57 60 65 79 95 96
6
2 23 38 51 70 89
10
10 43 44 49 80 82 83 88 90 100
7
22 29 67 73 75 90 94
9
4 6 16 27 40 56 67 72 92
12
34 35 47 48 53 64 75 76 77 81 87 89
4
18 86 89 95
14
5 10 12 15 23 32 34 37 38 43 50 73 87 88
8
16 22 38 43 50 62 95 100
13
4 8 11 20 28 42 53 54 60 67 75 81 92
11
2 24 25 29 40 52 69 76 79 95 100
14
12 14 25 27 41 64 72 75 78 81 87 90 95 99
12
7 9 15 22 25 41 44 47 48 52 82 86
6
5 14 27 75 78 82
8
2 9 12 18 24 44 80 98
9
9 14 20 23 32 45 54 56 88
9
8 23 24 27 33 63 70 79 98
9
19 37 42 46 51 53 75 91 98
10
12 22 40 42 52 75 86 87 91 100
10
12 14 26 31 37 38 42 46 72 91
7
38 53 56 74 93 95 98
9
1 17 27 32 36 51 54 92 99
15
1 15 16 23 24 30 39 45 51 55 65 75 80 84 95
11
9 17 39 58 65 78 87 89 92 99 100
7
42 64 77 82 92 93 95
12
7 10 16 28 33 34 44 52 61 79 82 96
5
28 67 71 72 76
12
16 25 42 55 61 68 69 78 79 80 88 99
9
8 10 38 39 48 59 77 86 98
5
47 51 72 81 99
9
14 32 36 46 54 59 74 76 79
13
9 30 35 44 47 54 56 62 69 70 87 91 94
7
32 56 62 67 77 80 83
9
16 32 38 46 48 58 62 69 85
