100 200
1.0 1.0 1.0 1.0 1.0 1.0 1.0 1.0 1.0 1.0 1.0 1.0 1.0 1.0 1.0 1.0 1.0 1.0 1.0 1.0 1.0 1.0 1.0 1.0 1.0 1.0 1.0 1.0 1.0 1.0 1.0 1.0 1.0 1.0 1.0 1.0 1.0 1.0 1.0 1.0 1.0 1.0 1.0 1.0 1.0 1.0 1.0 1.0 1.0 1.0 1.0 1.0 1.0 1.0 1.0 1.0 1.0 1.0 1.0 1.0 1.0 1.0 1.0 1.0 1.0 1.0 1.0 1.0 1.0 1.0 1.0 1.0 1.0 1.0 1.0 1.0 1.0 1.0 1.0 1.0 1.0 1.0 1.0 1.0 1.0 1.0 1.0 1.0 1.0 1.0 1.0 1.0 1.0 1.0 1.0 1.0 1.0 1.0 1.0 1.0 1.0 1.0 1.0 1.0 1.0 1.0 1.0 1.0 1.0 1.0 1.0 1.0 1.0 1.0 1.0 1.0 1.0 1.0 1.0 1.0 1.0 1.0 1.0 1.0 1.0 1.0 1.0 1.0 1.0 1.0 1.0 1.0 1.0 1.0 1.0 1.0 1.0 1.0 1.0 1.0 1.0 1.0 1.0 1.0 1.0 1.0 1.0 1.0 1.0 1.0 1.0 1.0 1.0 1.0 1.0 1.0 1.0 1.0 1.0 1.0 1.0 1.0 1.0 1.0 1.0 1.0 1.0 1.0 1.0 1.0 1.0 1.0 1.0 1.0 1.0 1.0 1.0 1.0 1.0 1.0 1.0 1.0 1.0 1.0 1.0 1.0 1.0 1.0 1.0 1.0 1.0 1.0 1.0 1.0 1.0 1.0 1.0 1.0 1.0 1.0
38
11 19 30 32 50 55 58 60 67 70 78 81 93 95 96 105 108 124 129 130 131 134 135 137 144 160 164 168 170 171 177 181 182 183 185 186 193 195
28
6 9 14 26 27 37 44 49 60 69 74 78 89 94 98 109 111 115 120 123 132 143 147 154 167 174 177 183
38
1 6 14 16 20 21 24 26 29 31 33 38 50 51 56 60 61 68 82 98 99 111 116 123 135 139 147 153 155 170 177 181 183 185 190 191 192 200
41
22 24 27 31 33 39 45 48 51 52 58 66 67 77 78 91 98 101 104 105 107 108 111 113 115 119 126 129 134 135 136 143 146 150 152 156 159 163 169 173 176
39
1 2 3 10 18 22 30 32 34 48 54 58 63 68 69 73 81 84 85 96 105 106 121 126 132 146 152 153 166 173 174 177 181 183 187 188 194 197 199
50
11 14 19 23 24 33 34 39 43 45 46 49 56 59 61 63 66 68 69 74 82 84 86 94 102 106 107 115 118 121 131 133 144 146 150 157 158 159 160 163 164 178 179 180 185 187 191 193 194 196
43
10 11 14 18 19 31 44 46 54 56 61 63 66 69 74 75 80 85 90 92 98 99 104 105 108 110 115 125 129 133 134 139 141 144 146 149 152 153 157 178 179 182 192
31
6 12 22 25 26 28 32 33 42 49 52 55 66 70 97 106 107 112 121 146 150 154 163 164 166 169 181 187 189 193 197
48
2 12 15 17 25 28 34 44 50 51 52 57 58 59 61 64 66 69 80 89 90 94 97 98 101 102 104 109 113 117 118 123 135 141 149 160 162 164 170 174 177 178 181 182 188 196 198 199
54
1 7 8 12 21 31 33 41 44 49 50 57 60 61 67 68 71 73 74 75 77 81 82 83 96 98 99 100 101 103 105 106 114 121 122 123 125 128 135 136 137 153 154 155 158 164 171 178 180 181 186 187 192 193
47
1 3 7 12 26 31 32 41 42 55 60 70 77 80 81 84 86 91 96 97 99 100 103 104 108 109 110 111 113 121 127 137 139 142 144 152 153 157 159 167 168 170 173 181 182 195 197
41
5 8 17 20 27 28 34 39 44 58 59 68 72 77 78 87 94 100 107 108 109 114 115 118 121 124 129 132 137 141 142 145 161 163 168 169 170 176 177 189 199
53
7 9 10 12 14 18 24 25 27 28 31 33 34 36 37 44 60 61 70 75 76 77 78 83 93 97 105 117 118 119 131 137 141 143 151 152 153 154 155 156 160 170 172 173 176 177 181 183 184 185 190 195 196
51
7 8 12 13 17 20 23 25 27 28 35 38 41 48 54 55 62 67 69 73 76 86 90 94 97 99 100 101 102 103 110 112 124 129 135 137 141 143 144 145 155 160 161 163 165 173 175 176 179 188 195
46
4 32 40 42 43 54 55 61 64 65 73 77 78 82 89 92 97 103 116 123 124 125 126 131 132 133 138 139 141 142 148 152 155 164 165 166 167 169 171 175 180 183 189 195 199 200
31
7 19 38 41 47 49 59 74 76 80 85 91 98 100 101 103 107 109 116 119 132 133 136 140 143 151 155 156 178 183 196
36
16 23 35 41 42 44 51 55 61 64 69 75 76 80 89 93 106 110 114 121 127 133 137 140 142 148 156 163 169 175 177 179 186 190 195 200
44
2 4 8 19 23 28 29 33 44 46 47 54 59 67 69 72 85 87 95 98 103 109 110 118 119 126 133 134 135 143 149 152 169 170 171 175 180 182 184 187 189 191 193 196
50
5 14 16 23 26 31 38 42 46 47 56 57 58 63 72 81 82 86 90 91 96 97 102 104 105 114 116 120 127 140 142 143 144 145 147 152 155 156 163 165 168 170 175 179 188 189 190 191 192 193
34
3 11 13 20 28 30 39 40 41 47 57 61 71 73 79 84 85 87 108 109 115 118 125 133 143 148 154 156 159 164 166 185 187 198
29
6 12 21 31 43 49 61 64 72 85 86 92 94 101 108 125 132 151 164 167 176 180 181 186 187 188 190 191 200
44
2 6 30 33 34 35 40 41 50 52 56 64 70 76 77 78 80 84 91 93 95 98 100 105 106 108 111 114 128 132 149 154 162 164 174 178 182 183 185 187 192 198 199 200
30
15 22 25 38 45 57 61 70 77 80 96 97 100 106 116 124 128 130 145 153 154 157 162 164 170 173 174 191 198 199
40
5 8 22 24 29 30 31 34 38 42 54 56 60 62 70 81 82 88 98 108 109 111 117 121 122 144 145 146 149 158 160 162 164 167 168 169 179 193 195 199
38
5 6 9 15 22 23 24 40 41 45 50 55 63 64 71 73 85 87 90 92 100 101 114 116 120 129 132 136 145 153 160 161 172 176 177 179 185 190
45
4 8 10 11 13 16 17 22 24 33 37 43 44 52 56 63 76 80 84 92 93 95 99 105 110 111 122 126 139 140 141 143 144 149 152 166 167 170 171 179 182 184 186 193 197
39
9 17 20 22 25 28 37 45 55 57 58 61 62 64 71 78 82 84 90 91 92 99 100 106 116 122 126 127 129 131 132 135 141 145 152 157 174 194 197
45
1 9 10 17 21 25 26 33 38 49 52 54 56 65 70 71 77 81 82 86 90 92 93 111 113 117 121 126 132 134 136 140 150 153 154 160 163 166 170 172 186 188 190 194 198
41
2 8 11 18 36 38 42 52 53 72 77 83 84 85 97 98 107 108 114 116 117 119 122 128 132 133 137 146 150 158 165 168 172 173 176 178 185 189 195 198 200
34
3 12 24 33 60 69 71 74 82 91 92 100 106 108 111 117 120 122 125 143 145 147 150 152 153 154 162 164 169 171 176 180 195 199
35
3 10 12 24 29 33 35 38 45 46 49 66 68 72 74 75 78 86 87 100 102 108 110 118 125 128 135 138 144 148 152 174 176 180 183
47
4 7 9 15 20 21 25 30 36 37 38 42 43 45 50 51 60 63 64 65 67 71 80 86 89 90 93 94 97 98 103 116 119 132 136 147 153 158 167 168 175 191 194 195 196 197 198
40
1 6 9 11 24 25 30 39 42 44 45 66 74 77 78 80 90 99 102 107 109 119 136 138 142 144 145 149 151 153 163 164 181 183 185 191 192 195 196 197
42
8 9 13 19 20 22 28 30 31 32 36 37 45 54 59 60 61 65 77 86 89 93 94 95 96 97 98 105 112 115 124 134 140 148 152 172 173 180 183 187 188 196
42
3 6 9 10 14 17 20 21 26 33 34 38 47 52 58 62 67 71 73 74 80 84 90 93 98 107 109 113 114 116 122 132 151 160 163 164 169 170 174 184 190 194
43
1 3 4 9 13 15 16 28 29 32 47 49 55 62 63 64 66 70 74 77 80 83 84 91 92 96 114 121 125 127 128 129 133 138 139 142 167 173 181 182 185 197 199
36
5 12 18 30 42 44 47 48 50 63 66 71 78 82 85 91 100 103 107 109 114 115 121 124 132 134 136 137 138 148 156 163 175 182 189 196
39
8 10 12 13 14 15 24 28 36 46 47 55 57 74 75 81 95 96 105 107 110 123 124 130 133 136 145 148 161 167 169 172 173 177 179 181 188 190 192
43
5 7 25 47 48 49 51 57 62 70 72 75 80 91 93 94 95 102 105 107 112 118 120 122 123 127 130 131 134 144 148 150 153 157 163 166 175 179 185 187 192 196 197
48
2 6 8 18 21 23 24 25 26 32 37 50 53 55 62 67 72 73 76 78 81 83 93 95 98 100 101 103 105 108 109 113 115 117 118 125 130 145 147 156 164 168 179 182 186 187 189 199
48
6 10 13 16 23 26 27 35 37 55 58 68 73 76 77 80 81 86 89 95 97 100 101 104 108 110 111 114 115 117 124 126 129 132 137 147 148 149 152 153 162 164 173 175 176 184 198 199
42
3 4 6 10 14 15 18 22 45 47 50 53 56 60 61 62 66 69 70 81 82 84 85 88 89 99 108 112 119 125 127 133 134 135 138 151 160 170 172 177 179 192
35
5 18 20 23 24 46 47 74 79 83 86 89 92 93 97 98 108 123 125 126 129 132 134 138 146 148 150 173 176 180 181 182 184 187 191
36
7 12 22 24 25 27 34 35 51 52 57 60 66 69 72 75 82 96 102 103 106 124 129 139 140 147 155 168 176 181 185 187 191 195 196 200
33
3 4 5 10 12 16 17 32 43 48 49 57 58 62 63 82 84 85 87 97 106 109 126 135 136 147 156 168 173 180 183 185 196
37
1 4 10 13 17 18 35 36 41 42 65 75 79 85 88 98 103 106 108 110 117 120 123 133 139 154 157 160 164 170 173 179 182 190 191 193 197
45
1 7 8 15 22 23 24 26 33 56 58 59 65 72 75 77 91 93 99 102 108 113 115 123 124 130 132 138 140 142 143 145 152 158 169 171 172 174 178 179 182 186 188 191 195
50
2 4 5 9 11 17 18 21 22 23 26 28 34 35 36 38 40 43 47 50 53 73 80 81 82 88 92 94 96 98 104 108 109 113 132 136 140 147 148 149 153 157 158 163 164 175 176 177 178 180
39
4 7 17 20 30 37 38 44 50 54 55 57 58 61 67 83 95 99 112 114 116 119 121 123 128 134 136 141 147 148 159 166 170 171 180 183 194 196 197
39
4 7 15 17 24 25 30 33 47 50 55 57 59 78 82 86 91 93 94 99 103 110 113 117 118 127 129 144 147 169 173 179 184 187 188 192 195 197 200
42
9 10 15 18 28 29 32 34 37 46 48 62 63 70 76 81 82 87 89 91 100 102 104 105 114 115 116 131 135 139 141 146 148 152 156 157 161 166 168 180 181 199
42
1 2 8 9 11 31 43 47 49 52 53 59 60 63 64 65 80 86 89 93 99 104 107 108 114 116 118 122 132 135 138 148 155 160 172 174 177 183 185 193 198 199
34
1 18 20 22 23 28 36 44 46 52 55 56 74 77 83 85 92 97 100 112 124 128 132 147 152 153 156 160 169 170 181 187 190 192
37
6 22 26 29 30 31 35 41 43 44 62 70 73 74 87 92 93 97 98 102 109 111 113 116 141 144 148 150 165 174 175 178 180 185 196 197 198
35
30 31 43 45 60 69 71 81 86 87 88 92 95 109 110 119 127 128 129 131 134 135 137 140 141 142 156 159 160 161 162 165 170 176 180
45
3 11 14 26 34 36 45 53 66 67 72 73 77 78 80 81 87 94 96 97 106 108 109 112 114 117 120 123 133 136 138 140 147 148 152 161 164 166 168 171 177 180 189 196 200
42
4 5 6 18 32 34 39 40 41 42 44 49 51 55 61 64 68 72 75 79 85 103 108 109 118 125 126 130 138 139 142 152 154 161 162 168 170 175 182 190 191 192
30
8 25 35 38 54 55 57 59 62 64 68 72 77 80 83 98 114 115 119 124 125 129 136 156 159 161 165 184 192 197
37
2 5 6 17 18 21 22 24 37 43 50 52 57 65 70 74 82 89 90 93 98 107 113 117 119 120 131 133 153 168 173 179 180 185 189 197 199
44
3 4 10 15 23 28 29 31 32 33 34 36 38 50 64 67 68 72 85 91 92 96 109 110 112 116 120 123 124 126 128 131 140 146 147 152 153 158 167 178 182 183 188 193
40
2 5 13 17 26 31 35 41 44 45 51 52 54 57 58 59 62 63 65 66 69 80 100 102 112 118 122 132 141 148 149 158 165 166 177 178 179 181 188 194
53
8 13 15 19 23 24 36 37 40 42 44 48 49 51 55 59 67 68 70 71 77 78 83 88 90 91 93 99 101 105 107 110 111 131 133 140 144 148 149 155 159 163 164 165 168 169 172 178 179 191 194 196 199
42
1 4 10 15 21 27 32 34 39 40 43 45 50 55 56 59 65 72 73 78 81 90 91 92 113 114 116 142 147 148 157 163 167 173 174 184 189 190 191 192 196 199
36
2 4 10 11 12 14 15 19 21 25 27 40 45 47 49 51 54 59 79 80 83 84 86 93 94 95 96 97 111 116 119 122 144 149 167 190
42
1 5 8 17 22 23 31 52 55 60 62 63 70 75 92 94 95 97 108 110 118 119 125 128 134 135 136 140 143 145 146 148 156 158 165 177 179 182 187 190 191 195
39
8 13 14 16 26 34 49 50 54 60 62 66 70 83 85 88 89 95 96 100 102 106 110 111 126 128 132 133 134 137 139 148 153 158 169 170 177 183 198
45
2 5 7 25 26 36 43 44 46 53 54 66 68 69 73 77 79 86 87 95 103 106 111 112 115 116 126 130 136 155 159 161 165 169 170 172 177 179 180 182 185 187 190 197 198
37
5 11 13 14 22 23 27 40 41 47 51 52 61 71 72 74 83 90 92 99 105 123 135 136 142 146 162 164 168 169 170 171 173 178 194 197 198
47
1 8 9 12 17 23 28 30 34 59 62 66 67 71 75 78 80 92 97 103 108 109 116 120 122 127 128 131 132 139 144 146 148 150 152 162 168 169 174 175 180 182 186 191 197 199 200
28
18 40 48 50 56 60 67 77 81 85 91 95 108 120 124 128 133 136 140 141 148 152 161 165 185 188 191 193
51
2 4 11 14 24 29 33 36 40 41 44 45 47 48 57 61 62 63 64 72 79 80 81 82 89 90 93 94 95 97 98 102 106 112 113 123 125 132 136 139 141 146 148 152 153 160 172 179 186 188 198
48
2 3 9 14 19 22 25 26 29 30 43 45 46 56 67 72 74 77 82 83 90 95 101 107 108 110 111 112 116 117 120 122 124 139 144 153 158 159 161 162 169 170 186 194 195 196 197 200
37
2 5 6 13 36 37 43 45 46 48 55 57 64 69 71 76 79 80 85 104 111 126 132 140 149 152 153 154 156 161 162 164 168 173 178 183 191
44
2 3 10 12 21 22 26 36 41 43 46 48 50 51 52 53 65 82 86 87 88 93 100 104 106 110 116 124 125 126 128 131 149 165 166 167 168 172 175 179 185 190 192 194
40
5 6 9 15 21 23 24 28 42 44 46 52 60 61 65 68 72 73 76 84 85 86 89 104 106 117 130 138 142 144 153 160 161 170 174 177 178 183 188 198
43
1 2 9 12 21 25 33 36 39 46 47 49 51 52 58 63 73 78 85 90 93 115 118 123 133 135 139 140 141 142 143 150 154 159 166 173 178 180 185 187 191 195 198
50
2 5 7 11 18 24 27 31 33 38 46 50 53 62 63 64 72 75 77 86 87 90 95 96 99 101 102 107 109 111 118 119 123 127 133 134 137 143 150 152 156 158 164 168 169 171 174 190 192 198
43
2 13 19 22 23 29 30 33 35 37 39 42 46 57 58 77 81 82 83 91 96 102 116 117 124 129 130 139 140 146 148 150 153 154 156 160 167 168 184 185 187 192 200
52
1 3 14 18 25 30 36 37 39 41 44 45 53 58 59 67 68 71 72 74 79 82 87 94 96 101 103 108 115 120 122 124 128 129 132 133 134 138 146 147 151 155 159 164 166 172 173 181 182 184 187 198
43
3 6 13 18 21 26 35 48 49 53 61 65 67 68 70 71 72 73 80 87 88 94 97 100 105 108 117 129 131 132 140 144 155 167 170 175 178 183 191 192 194 195 198
43
5 6 13 17 18 23 26 28 52 56 59 61 62 71 75 78 89 95 96 97 102 111 123 129 139 140 141 145 147 148 155 156 161 164 167 168 171 179 184 190 192 193 200
35
25 29 46 49 53 55 57 59 62 63 72 73 79 84 86 87 88 91 93 94 96 118 119 120 126 135 139 146 155 166 174 176 178 184 186
34
5 7 13 15 26 34 39 55 56 57 64 65 66 68 78 80 87 95 104 113 115 124 127 132 135 150 158 159 167 174 178 179 183 194
40
7 9 23 24 28 29 31 48 49 55 59 68 71 72 75 76 77 79 81 90 93 94 96 103 111 113 120 125 130 131 141 154 158 159 165 176 180 185 186 188
45
7 20 22 32 40 41 52 60 61 68 69 76 78 88 91 97 98 100 110 117 119 120 125 127 129 133 141 142 144 145 152 155 160 168 169 170 172 176 179 180 183 188 190 197 200
33
4 16 17 18 20 30 31 35 54 55 66 71 78 79 88 96 97 101 103 107 114 118 125 130 140 142 151 157 163 170 177 180 193
50
5 16 22 28 29 31 32 33 34 35 36 49 55 61 65 66 75 76 78 79 80 82 84 87 89 90 97 100 109 110 117 120 123 126 130 136 137 139 142 143 145 146 152 154 171 172 173 186 189 195
49
6 10 15 17 18 22 25 30 38 46 52 58 59 61 72 84 90 91 93 95 102 106 115 117 118 120 125 126 133 143 145 147 150 154 157 159 163 164 167 171 174 175 181 187 188 191 192 194 198
45
11 13 16 17 24 29 32 33 36 55 59 60 63 67 69 70 78 81 87 91 95 98 102 103 108 111 116 118 126 129 141 146 147 152 156 158 160 161 174 175 177 182 184 185 191
40
1 9 10 11 15 19 30 35 38 47 57 64 67 75 79 83 85 86 88 92 101 104 106 111 116 137 139 140 143 144 150 156 160 169 170 182 188 192 196 199
54
5 7 14 16 20 21 24 25 27 28 41 47 48 49 50 52 54 55 58 61 63 64 67 71 72 74 76 81 82 86 87 98 105 106 110 117 122 123 133 141 148 149 154 157 160 168 172 173 176 180 191 194 196 197
36
1 8 9 16 19 23 24 31 45 46 47 52 63 79 83 89 93 98 103 105 108 127 128 131 142 145 159 161 162 168 169 171 180 188 190 198
51
3 4 23 29 30 37 38 40 45 50 52 55 56 57 58 65 69 71 75 76 77 80 87 88 89 96 97 100 104 110 115 118 128 129 134 137 139 141 144 148 150 151 152 153 163 164 167 169 175 186 188
46
2 5 16 22 23 34 35 40 48 59 64 65 77 82 84 88 90 97 99 101 106 113 116 117 126 136 140 142 151 152 157 159 163 172 173 175 180 182 184 187 188 190 192 195 196 199
34
5 11 15 22 28 31 33 43 46 48 51 73 82 83 94 98 109 115 117 133 139 144 168 170 174 178 184 186 188 189 190 192 194 200
49
2 6 7 19 21 23 25 27 31 32 40 41 44 46 47 51 54 58 61 62 70 71 74 84 85 92 95 98 109 117 124 125 130 131 132 136 156 159 166 167 169 170 178 179 180 183 184 192 193
39
3 4 5 6 8 11 23 29 33 34 37 54 66 76 94 98 107 108 116 122 124 129 133 134 136 139 147 153 158 161 166 169 170 180 189 192 196 197 200
49
1 10 12 15 17 18 21 30 33 36 37 48 49 50 51 63 64 71 72 73 78 83 85 88 93 96 100 101 108 109 112 117 121 123 127 132 140 151 153 154 159 160 161 162 166 172 177 179 180
39
1 3 5 8 12 24 27 31 44 47 49 61 62 63 64 65 66 68 79 84 89 95 103 105 107 117 118 134 139 140 141 143 146 148 154 157 167 184 190
40
11 22 27 31 33 37 42 46 47 55 63 68 86 89 100 103 104 108 119 120 125 129 130 131 132 133 135 139 140 141 151 154 155 159 160 167 168 172 186 187
