100 200
1.0 1.0 1.0 1.0 1.0 1.0 1.0 1.0 1.0 1.0 1.0 1.0 1.0 1.0 1.0 1.0 1.0 1.0 1.0 1.0 1.0 1.0 1.0 1.0 1.0 1.0 1.0 1.0 1.0 1.0 1.0 1.0 1.0 1.0 1.0 1.0 1.0 1.0 1.0 1.0 1.0 1.0 1.0 1.0 1.0 1.0 1.0 1.0 1.0 1.0 1.0 1.0 1.0 1.0 1.0 1.0 1.0 1.0 1.0 1.0 1.0 1.0 1.0 1.0 1.0 1.0 1.0 1.0 1.0 1.0 1.0 1.0 1.0 1.0 1.0 1.0 1.0 1.0 1.0 1.0 1.0 1.0 1.0 1.0 1.0 1.0 1.0 1.0 1.0 1.0 1.0 1.0 1.0 1.0 1.0 1.0 1.0 1.0 1.0 1.0 1.0 1.0 1.0 1.0 1.0 1.0 1.0 1.0 1.0 1.0 1.0 1.0 1.0 1.0 1.0 1.0 1.0 1.0 1.0 1.0 1.0 1.0 1.0 1.0 1.0 1.0 1.0 1.0 1.0 1.0 1.0 1.0 1.0 1.0 1.0 1.0 1.0 1.0 1.0 1.0 1.0 1.0 1.0 1.0 1.0 1.0 1.0 1.0 1.0 1.0 1.0 1.0 1.0 1.0 1.0 1.0 1.0 1.0 1.0 1.0 1.0 1.0 1.0 1.0 1.0 1.0 1.0 1.0 1.0 1.0 1.0 1.0 1.0 1.0 1.0 1.0 1.0 1.0 1.0 1.0 1.0 1.0 1.0 1.0 1.0 1.0 1.0 1.0 1.0 1.0 1.0 1.0 1.0 1.0 1.0 1.0 1.0 1.0 1.0 1.0
36
1 3 7 16 17 19 21 42 48 52 61 65 78 85 88 93 94 106 110 119 121 127 134 142 148 164 165 166 167 170 174 180 182 184 190 196
38
4 20 42 44 46 48 59 61 73 77 78 80 87 96 99 100 101 102 112 114 124 127 129 130 136 137 139 143 164 165 176 182 183 189 191 196 197 200
33
8 9 12 18 23 29 30 33 41 42 49 68 71 74 76 80 96 113 118 131 136 143 145 149 150 153 158 171 172 185 186 189 194
38
1 4 8 23 24 29 30 38 40 51 54 58 65 68 78 79 83 86 100 101 102 104 105 110 113 122 128 132 142 147 158 160 172 173 185 187 190 196
53
10 15 24 25 37 46 47 55 62 65 68 73 75 79 81 83 84 85 86 88 90 94 96 97 103 105 106 108 109 114 118 119 127 131 132 133 135 138 141 143 145 150 158 159 160 167 168 173 174 175 177 186 191
52
9 13 14 15 17 23 24 28 31 32 38 40 51 60 61 63 67 72 79 91 93 99 100 101 108 113 116 118 123 124 125 131 132 133 137 147 149 150 155 160 163 164 165 167 169 172 179 181 186 189 192 195
35
6 7 9 15 17 18 27 34 37 39 62 71 77 83 90 92 100 108 124 128 137 141 143 148 152 156 158 159 166 168 171 172 176 182 193
35
3 17 23 28 29 32 41 48 51 56 57 58 71 72 75 76 81 82 84 89 101 107 111 114 129 130 137 156 159 161 168 184 186 190 200
39
2 23 24 32 34 35 42 44 50 55 62 63 64 74 77 85 86 95 98 100 104 105 107 109 110 111 115 121 125 129 140 142 148 150 162 175 176 178 187
31
4 16 24 25 26 40 46 47 56 72 73 74 91 99 104 105 109 112 120 121 122 133 134 138 151 155 159 164 182 195 200
40
22 25 38 43 49 65 68 69 73 86 88 89 96 99 101 102 103 104 105 113 118 124 127 132 135 141 144 154 158 160 161 163 167 170 172 175 185 190 195 200
40
4 25 28 29 39 40 44 45 46 58 62 65 68 69 70 72 76 80 81 82 101 107 119 120 124 125 130 133 134 153 160 172 173 176 181 185 186 193 196 197
51
1 6 10 19 25 39 41 49 50 54 58 60 61 62 68 69 70 71 73 80 82 83 88 90 92 95 101 110 120 121 122 125 132 133 134 140 142 143 146 148 152 160 162 163 165 168 171 173 178 186 198
36
7 8 12 14 17 18 19 21 26 30 32 34 45 51 52 70 73 85 95 101 105 106 113 120 123 135 136 141 150 152 153 165 171 174 184 185
47
4 7 10 11 15 20 21 28 29 32 34 37 39 42 46 49 50 58 61 62 71 74 75 77 91 103 114 116 123 128 129 132 139 144 145 149 152 154 157 158 177 178 189 191 193 194 197
38
4 12 17 22 30 34 38 39 43 48 49 50 52 69 70 71 73 76 79 90 96 102 117 127 133 134 146 148 149 152 159 167 176 182 183 188 195 196
41
2 4 18 20 21 28 41 45 54 66 69 71 72 87 91 98 100 105 110 112 126 127 138 139 141 153 155 156 158 163 164 167 175 178 180 183 188 191 192 195 199
41
2 4 7 11 17 18 21 23 27 30 33 35 37 42 47 48 52 53 61 67 72 80 83 104 106 111 116 117 122 129 130 141 158 164 167 171 181 190 191 194 195
34
6 7 9 10 25 39 41 43 49 50 56 71 73 78 82 91 92 125 133 135 137 139 141 143 145 149 160 162 163 169 179 188 192 195
36
10 12 13 14 17 23 25 36 49 55 57 66 67 68 69 78 79 80 93 94 99 105 111 113 114 117 128 133 135 145 154 155 166 183 192 198
36
3 12 30 35 45 47 56 61 69 70 72 90 93 95 97 106 108 109 115 119 125 128 134 136 145 147 152 155 156 165 171 174 179 182 184 198
36
17 18 19 23 29 36 41 47 49 58 65 67 75 78 80 87 89 107 114 115 121 124 125 126 128 130 131 134 144 157 158 173 182 187 190 193
34
1 4 7 17 24 29 37 43 47 63 68 69 73 78 85 90 92 94 109 110 119 133 135 144 147 151 153 166 174 183 187 194 195 197
35
6 11 13 16 33 37 41 45 48 49 50 68 70 71 73 78 83 90 91 110 111 115 117 137 150 153 161 163 174 177 182 188 190 192 199
28
21 35 36 38 57 76 82 89 90 92 97 102 115 121 124 131 133 136 138 140 142 150 167 168 170 194 198 199
40
1 5 7 12 13 17 18 25 26 28 37 42 43 45 48 50 53 63 64 66 68 76 83 99 101 110 111 115 117 125 129 130 156 161 163 167 171 173 176 186
32
4 14 21 22 28 33 48 59 69 72 80 93 95 97 104 111 120 122 124 126 128 131 138 144 151 157 164 171 172 174 194 196
36
2 3 16 19 22 24 32 33 42 45 46 47 58 69 73 75 77 79 87 91 96 102 109 122 137 145 148 149 152 159 167 174 179 180 193 198
42
9 14 16 25 29 37 42 49 52 58 62 70 72 73 84 87 89 96 100 106 114 120 124 129 133 134 139 140 142 143 146 149 152 153 158 171 172 176 178 179 181 192
34
3 6 8 17 19 24 26 32 46 48 60 62 67 71 75 88 90 104 111 127 138 143 158 165 171 176 181 182 183 186 187 190 195 199
43
15 23 24 31 34 42 44 46 47 49 56 59 63 77 82 94 95 101 102 104 107 111 113 114 117 124 125 128 129 136 139 150 160 163 164 165 175 176 179 180 185 191 199
48
1 3 10 11 17 22 24 25 29 30 34 35 38 44 45 55 57 64 65 67 76 77 98 99 100 104 109 115 117 120 124 136 138 140 144 145 148 151 157 160 161 164 173 176 181 188 191 193
41
4 8 12 20 22 27 33 36 45 48 66 69 73 77 89 98 104 105 107 108 112 115 122 126 129 134 141 142 145 146 161 170 181 185 190 191 192 195 196 197 198
50
4 5 13 14 16 17 19 20 25 27 28 31 33 35 38 39 47 48 51 55 57 59 60 69 73 75 80 97 100 101 108 123 124 126 129 131 134 136 141 142 144 145 152 157 172 174 181 182 188 194
37
6 14 28 34 41 46 48 49 65 67 69 79 86 89 101 105 109 111 126 131 137 141 144 148 149 164 172 173 175 178 179 182 183 185 191 195 200
32
9 14 15 16 17 20 27 28 29 31 34 39 50 68 69 86 94 101 110 114 117 123 139 148 167 168 170 172 175 179 188 196
47
3 11 13 18 24 27 28 37 40 41 43 48 53 59 61 62 69 73 77 80 81 89 91 94 108 115 116 122 123 126 138 140 141 143 147 148 156 157 159 163 167 174 183 184 192 194 196
42
3 5 18 23 27 35 38 41 49 50 53 55 57 58 65 76 82 84 91 103 106 112 114 116 118 126 131 136 138 139 141 147 148 149 151 162 167 169 172 182 192 195
43
7 8 10 16 17 18 21 28 32 41 45 52 53 55 57 58 60 72 76 79 80 83 88 96 97 100 102 115 118 121 123 124 128 133 139 142 147 154 183 187 188 190 198
29
3 12 13 33 37 66 74 81 82 99 101 102 104 106 107 111 119 122 127 135 140 142 149 174 177 185 188 191 199
47
4 9 14 17 21 24 26 27 28 31 36 38 40 42 45 48 49 57 60 63 65 68 72 97 100 102 108 112 114 123 127 147 148 155 161 162 165 175 177 178 186 188 189 191 193 197 200
49
1 2 4 11 13 15 17 18 25 26 33 38 39 43 49 54 58 60 70 73 80 81 86 90 104 106 116 122 126 127 134 141 144 147 148 157 159 164 165 166 167 168 169 172 183 185 190 191 200
48
6 19 21 22 25 26 32 36 39 40 41 44 47 61 64 67 74 75 89 96 105 108 111 118 121 123 128 131 134 138 143 144 146 153 156 158 160 162 164 168 170 171 172 180 187 188 189 199
46
1 2 3 8 9 13 18 23 29 32 34 40 41 51 58 63 65 71 73 77 79 84 85 88 89 93 97 98 99 113 115 118 120 121 122 129 134 135 136 140 152 165 168 172 173 193
38
6 9 14 17 18 21 27 36 41 54 62 63 72 81 96 99 101 104 116 118 128 129 132 135 138 144 149 150 153 156 161 166 171 174 178 182 185 196
42
8 10 15 20 33 43 44 47 48 51 63 64 69 70 71 85 87 90 91 93 95 102 112 114 115 128 129 134 143 148 155 160 165 167 168 169 175 179 180 185 194 195
47
1 2 4 7 9 13 15 17 24 28 43 48 52 57 61 62 64 68 71 77 79 89 105 107 112 115 123 135 142 143 144 147 154 156 163 166 167 170 172 174 178 184 186 190 193 195 200
43
6 7 8 9 19 22 25 26 27 28 33 40 42 44 48 52 60 81 84 96 99 101 104 105 108 115 122 126 127 133 135 140 141 142 144 154 164 170 173 181 186 197 200
41
4 6 9 18 19 29 30 32 33 36 38 42 52 54 58 69 70 77 78 81 85 88 93 95 96 100 102 105 109 110 115 129 130 138 142 154 158 159 167 179 183
35
7 13 17 19 20 30 33 42 64 68 71 84 87 95 96 100 116 119 123 127 133 135 141 144 152 157 169 175 177 182 185 189 195 198 200
50
4 10 12 30 36 39 48 49 51 61 71 76 77 79 85 86 90 91 99 102 107 117 122 127 128 134 136 142 143 147 148 149 152 154 155 157 160 162 163 164 165 169 171 173 183 187 188 192 197 198
48
3 9 14 18 20 28 30 32 38 48 49 58 64 65 68 69 77 79 80 82 84 86 90 92 93 99 102 103 106 109 115 116 117 122 125 146 147 152 163 164 167 170 175 177 186 195 196 198
37
4 10 12 18 19 31 37 42 52 56 60 69 76 80 87 92 94 98 113 119 124 133 134 141 144 147 153 155 156 160 161 165 172 178 180 198 200
45
4 5 10 11 16 18 19 20 26 28 31 39 42 44 45 54 58 60 66 71 72 76 83 84 86 89 93 99 106 108 110 113 118 120 123 125 127 134 152 158 167 170 174 180 184
34
8 15 19 21 22 23 32 38 43 46 55 64 65 68 76 86 94 117 122 123 125 127 132 135 138 149 151 152 159 168 173 178 196 200
33
1 8 14 15 23 31 40 49 58 61 81 85 88 91 98 104 108 110 119 123 124 125 132 143 159 162 163 164 172 174 184 191 195
47
4 5 15 23 24 29 30 31 32 34 36 37 41 46 47 49 62 63 65 70 82 88 92 93 106 111 112 118 128 129 133 137 141 153 157 163 164 167 168 175 179 182 184 189 193 196 198
51
3 6 7 9 10 14 20 22 24 30 31 32 34 37 38 39 44 48 53 60 63 66 72 74 83 88 95 96 98 101 103 104 105 112 114 118 119 134 137 143 144 158 167 180 184 188 189 191 193 194 198
36
1 22 23 26 37 45 48 50 56 62 64 76 91 92 94 95 97 102 115 118 119 121 123 131 138 143 148 150 157 163 174 178 187 189 196 199
36
12 16 25 30 33 35 42 43 48 50 52 53 55 60 66 69 73 78 90 97 99 103 104 115 116 117 121 134 157 162 175 177 180 181 184 185
27
10 14 32 40 43 45 50 53 54 57 64 73 81 85 89 112 118 127 146 147 148 159 169 177 191 193 197
35
8 14 29 30 35 38 41 42 50 51 66 70 77 84 93 102 103 105 109 114 130 136 138 139 148 152 166 169 172 174 185 186 191 197 199
45
11 12 13 14 15 16 19 21 22 29 32 37 41 47 66 69 70 71 75 86 92 96 102 106 112 116 119 121 125 127 128 136 138 140 149 161 167 169 171 175 178 188 189 190 193
42
5 7 10 18 20 22 26 29 32 46 50 51 52 58 64 67 74 78 80 81 95 103 112 116 122 125 132 133 135 139 143 162 166 169 175 179 180 182 188 191 193 200
35
2 5 12 17 18 19 21 25 49 52 56 58 59 65 84 85 88 90 107 111 122 132 133 136 140 144 146 156 158 173 175 179 185 189 195
35
6 17 20 26 28 33 37 38 41 45 50 55 56 60 81 85 88 90 98 100 105 109 111 113 114 118 121 133 136 138 156 163 180 187 200
42
4 9 11 23 24 40 44 50 55 58 66 69 70 85 92 99 103 108 113 123 130 132 138 140 141 142 144 145 146 151 155 158 161 162 165 171 172 175 179 186 193 194
40
8 11 20 23 29 31 37 39 42 48 53 58 59 60 84 85 92 96 105 106 107 108 112 116 117 121 139 140 142 148 151 153 158 166 174 176 183 186 187 192
40
2 12 24 27 28 31 33 54 56 59 62 65 68 71 77 79 88 91 94 95 97 103 113 116 118 123 141 144 147 148 151 167 170 183 187 188 190 193 194 197
37
9 12 27 43 47 61 63 68 69 71 73 78 87 90 96 99 107 109 110 112 124 135 136 139 141 144 160 162 163 164 166 169 170 175 177 185 194
36
2 6 7 15 20 23 25 40 44 48 50 58 63 71 85 87 99 102 110 113 123 138 139 141 144 149 151 157 167 170 175 176 191 194 195 197
48
3 5 9 10 14 15 16 20 22 28 34 44 48 53 58 62 64 70 75 76 89 99 103 107 110 112 114 115 117 150 151 157 158 159 165 169 170 176 179 181 182 183 187 188 189 192 196 200
44
5 22 23 25 38 44 46 51 52 57 61 62 63 69 74 82 84 85 87 90 92 93 94 95 97 100 107 113 131 142 143 152 153 155 156 163 164 169 176 193 194 197 198 199
43
2 6 7 10 13 14 15 16 25 26 29 30 33 36 40 47 55 57 64 65 66 73 74 86 100 103 106 109 111 113 126 133 135 137 150 159 162 165 167 181 182 187 200
44
6 7 11 24 27 30 33 43 44 46 51 53 54 59 62 74 78 81 87 91 100 101 105 108 109 111 115 121 123 124 130 132 148 153 156 159 169 170 177 180 182 191 192 197
41
3 6 10 15 19 26 31 36 39 42 44 52 62 67 68 70 73 75 79 83 90 94 101 104 108 112 114 117 118 119 122 127 128 134 151 167 169 172 177 195 198
48
2 4 5 12 15 16 22 23 27 40 41 44 47 49 51 53 54 57 59 66 70 71 81 82 88 90 93 103 118 125 129 131 132 135 136 147 149 153 155 163 166 171 172 178 180 181 186 199
37
6 16 18 25 31 38 50 62 66 67 69 73 80 92 99 106 110 113 118 122 125 129 133 135 139 148 156 158 165 176 179 184 185 186 187 198 199
35
3 19 31 32 35 40 42 44 56 57 67 81 85 103 113 119 120 122 126 134 137 138 139 146 153 154 164 169 174 176 177 184 185 190 191
35
23 24 30 31 35 41 46 47 65 70 76 78 79 90 94 99 102 107 109 111 112 115 128 130 132 134 140 143 144 146 153 161 166 187 199
44
4 5 6 7 13 19 22 24 29 34 43 51 52 54 57 59 65 67 77 79 86 87 91 92 94 99 114 121 123 135 145 155 161 162 167 168 171 172 179 181 186 187 199 200
33
2 10 21 24 38 42 43 50 54 67 69 72 78 88 94 97 104 114 115 118 133 140 141 148 153 156 157 163 166 171 183 190 198
45
4 8 16 21 26 27 29 31 32 36 39 51 55 61 65 66 69 71 72 74 106 107 109 111 119 121 122 127 135 138 139 143 146 147 148 150 153 156 166 170 176 186 187 193 195
35
4 6 11 16 29 49 53 54 56 59 70 76 80 88 89 90 94 99 117 119 121 123 124 125 141 150 152 155 161 164 171 177 190 193 195
46
6 12 13 20 25 29 39 42 51 52 54 55 59 61 72 73 88 89 90 95 97 98 102 109 110 115 116 117 121 132 142 150 152 156 157 159 160 171 176 177 178 194 195 196 199 200
44
1 3 8 12 15 16 19 21 30 32 40 46 53 57 58 78 80 83 87 92 95 101 102 105 112 114 122 123 125 130 131 132 137 140 141 142 151 167 170 173 182 184 187 191
45
2 4 5 11 13 14 15 17 25 31 36 44 61 75 81 83 87 96 97 100 101 106 121 125 128 130 133 143 152 156 160 166 170 171 175 181 182 189 190 191 192 193 194 195 200
34
3 10 11 12 22 24 36 37 45 46 61 69 74 94 98 119 125 135 136 141 142 144 147 148 153 162 166 169 177 183 189 193 198 199
42
2 6 12 15 16 18 29 43 52 54 55 56 60 64 67 69 71 72 79 83 87 92 94 97 100 105 108 122 124 130 134 136 138 140 147 150 151 157 191 192 196 198
40
3 6 7 13 14 17 20 21 30 32 40 50 52 54 61 63 72 79 89 94 96 102 109 118 126 130 140 141 142 149 156 158 160 161 171 172 176 177 181 192
39
3 7 11 12 18 23 24 26 34 40 41 52 60 61 71 73 78 79 81 83 86 98 100 105 109 113 126 127 132 136 146 155 160 161 176 179 181 186 199
37
2 3 4 10 15 19 20 35 44 45 46 48 63 64 71 90 100 114 121 128 129 133 134 136 141 156 157 165 168 172 176 180 184 185 188 195 198
45
1 7 9 19 20 23 43 45 51 54 55 58 60 61 62 72 80 88 94 108 111 113 120 121 122 126 132 133 135 140 143 144 148 165 169 171 174 176 186 187 188 190 192 193 196
34
1 6 13 16 27 33 36 50 53 56 63 65 74 75 76 80 85 95 106 109 113 115 135 136 139 151 152 159 161 168 169 177 178 189
43
2 6 7 13 18 20 25 30 34 35 36 38 39 41 45 49 56 62 69 70 74 77 81 82 86 89 90 94 97 115 144 148 149 152 153 155 162 163 173 177 181 184 192
44
2 4 10 11 12 13 14 23 32 34 36 37 43 44 48 50 53 66 67 68 69 72 73 77 79 84 86 92 105 110 111 115 116 141 142 144 151 153 155 167 181 189 193 197
41
5 9 10 11 12 17 48 52 60 61 69 84 85 86 92 94 103 104 108 109 114 122 123 127 132 140 142 153 154 163 166 170 171 172 177 179 180 182 187 190 198
34
18 26 39 40 49 54 69 71 75 83 87 92 97 100 101 107 108 111 115 118 120 122 142 148 153 157 161 162 167 173 177 183 189 194
36
1 4 6 11 12 16 23 26 29 30 52 53 54 70 77 86 93 106 113 126 129 134 137 144 148 150 152 154 155 156 157 158 177 183 187 199
41
1 13 22 26 28 33 36 39 41 45 46 53 66 67 68 74 81 93 96 102 103 104 116 121 126 127 130 137 144 151 155 159 162 163 171 175 179 183 184 189 194
