50 100
1.0 1.0 1.0 1.0 1.0 1.0 1.0 1.0 1.0 1.0 1.0 1.0 1.0 1.0 1.0 1.0 1.0 1.0 1.0 1.0 1.0 1.0 1.0 1.0 1.0 1.0 1.0 1.0 1.0 1.0 1.0 1.0 1.0 1.0 1.0 1.0 1.0 1.0 1.0 1.0 1.0 1.0 1.0 1.0 1.0 1.0 1.0 1.0 1.0 1.0 1.0 1.0 1.0 1.0 1.0 1.0 1.0 1.0 1.0 1.0 1.0 1.0 1.0 1.0 1.0 1.0 1.0 1.0 1.0 1.0 1.0 1.0 1.0 1.0 1.0 1.0 1.0 1.0 1.0 1.0 1.0 1.0 1.0 1.0 1.0 1.0 1.0 1.0 1.0 1.0 1.0 1.0 1.0 1.0 1.0 1.0 1.0 1.0 1.0 1.0
12
4 6 13 25 26 28 30 36 38 40 86 90
9
18 43 45 47 61 84 88 91 93
8
6 14 18 24 25 31 41 52
9
54 56 66 77 79 83 90 91 92
7
1 39 54 64 76 79 85
15
7 8 13 15 18 28 29 40 42 57 59 74 86 96 99
12
2 12 18 55 58 64 66 71 76 77 98 100
4
38 46 80 84
9
13 15 21 51 68 73 79 81 95
10
2 18 28 63 75 78 83 86 88 94
8
4 17 20 28 36 40 63 91
10
7 21 22 30 39 47 58 74 81 91
9
17 39 44 47 55 74 77 85 100
14
2 13 20 27 37 38 39 56 67 77 89 90 95 98
8
8 29 38 41 45 54 86 93
7
8 12 32 35 64 78 87
7
21 46 49 68 70 89 96
9
2 5 11 13 23 38 54 57 62
10
2 10 19 33 48 60 89 90 94 100
11
13 27 30 32 50 54 61 66 69 74 87
9
15 48 65 66 68 82 86 90 94
9
1 14 23 25 30 65 67 79 86
14
15 21 29 30 34 39 45 52 62 63 71 72 79 80
8
10 25 46 55 72 75 79 84
12
3 7 21 25 39 54 63 67 68 71 80 86
12
1 41 42 45 47 52 56 57 61 68 74 79
7
31 32 40 43 58 69 78
10
21 23 32 35 36 43 48 64 75 99
8
23 33 38 40 41 59 74 84
8
4 9 32 61 71 77 92 99
10
8 14 36 52 53 59 64 67 74 98
8
10 24 57 68 69 77 81 93
11
33 36 42 50 53 54 62 72 87 96 97
10
3 5 10 11 29 32 37 51 58 90
12
6 9 11 37 48 50 60 62 78 86 96 98
12
23 27 30 38 39 52 58 61 68 80 87 93
14
9 11 15 22 24 48 51 52 53 70 75 89 98 100
15
1 3 13 17 30 44 46 61 62 70 79 80 86 87 94
8
2 6 20 44 48 59 62 68
11
1 25 32 40 41 43 46 50 52 73 74
14
3 12 15 16 28 30 33 41 65 71 72 79 92 94
12
4 9 16 18 40 44 47 48 51 65 79 81
11
7 9 15 17 29 55 64 66 86 92 95
10
7 16 19 22 36 52 78 87 91 94
10
35 38 43 46 48 49 58 60 66 92
4
59 63 85 95
9
5 11 13 25 32 38 54 67 79
7
7 10 15 18 28 50 94
4
7 66 71 73
9
6 20 31 79 81 86 90 92 93
