100 200
1.0 1.0 1.0 1.0 1.0 1.0 1.0 1.0 1.0 1.0 1.0 1.0 1.0 1.0 1.0 1.0 1.0 1.0 1.0 1.0 1.0 1.0 1.0 1.0 1.0 1.0 1.0 1.0 1.0 1.0 1.0 1.0 1.0 1.0 1.0 1.0 1.0 1.0 1.0 1.0 1.0 1.0 1.0 1.0 1.0 1.0 1.0 1.0 1.0 1.0 1.0 1.0 1.0 1.0 1.0 1.0 1.0 1.0 1.0 1.0 1.0 1.0 1.0 1.0 1.0 1.0 1.0 1.0 1.0 1.0 1.0 1.0 1.0 1.0 1.0 1.0 1.0 1.0 1.0 1.0 1.0 1.0 1.0 1.0 1.0 1.0 1.0 1.0 1.0 1.0 1.0 1.0 1.0 1.0 1.0 1.0 1.0 1.0 1.0 1.0 1.0 1.0 1.0 1.0 1.0 1.0 1.0 1.0 1.0 1.0 1.0 1.0 1.0 1.0 1.0 1.0 1.0 1.0 1.0 1.0 1.0 1.0 1.0 1.0 1.0 1.0 1.0 1.0 1.0 1.0 1.0 1.0 1.0 1.0 1.0 1.0 1.0 1.0 1.0 1.0 1.0 1.0 1.0 1.0 1.0 1.0 1.0 1.0 1.0 1.0 1.0 1.0 1.0 1.0 1.0 1.0 1.0 1.0 1.0 1.0 1.0 1.0 1.0 1.0 1.0 1.0 1.0 1.0 1.0 1.0 1.0 1.0 1.0 1.0 1.0 1.0 1.0 1.0 1.0 1.0 1.0 1.0 1.0 1.0 1.0 1.0 1.0 1.0 1.0 1.0 1.0 1.0 1.0 1.0 1.0 1.0 1.0 1.0 1.0 1.0
10
52 57 74 106 154 161 167 175 192 193
14
10 12 46 50 54 60 101 104 136 143 144 149 174 189
6
27 38 52 117 180 195
13
6 22 57 73 82 89 96 132 138 142 146 180 182
3
38 148 154
15
26 39 41 57 66 77 80 125 126 130 149 161 175 177 186
7
3 42 107 142 153 177 197
5
44 63 70 94 150
16
5 19 28 35 42 65 66 97 111 112 118 122 139 152 173 182
10
74 89 108 120 121 140 144 160 175 185
11
33 60 63 97 128 134 135 152 189 191 192
9
35 46 52 71 74 98 126 174 189
14
9 18 25 42 45 61 90 103 118 153 156 176 183 186
12
17 48 57 75 112 113 117 141 162 170 181 185
15
16 33 58 74 76 86 115 121 122 126 138 142 143 170 182
13
5 21 29 36 47 63 81 91 105 120 132 134 164
8
34 58 77 130 144 152 164 183
11
18 25 31 39 57 64 68 86 115 139 167
13
12 27 34 49 59 75 80 85 128 137 150 154 177
11
8 14 16 51 55 67 69 120 177 187 191
7
6 43 93 116 130 159 200
9
1 12 14 48 54 63 113 123 139
9
54 66 75 83 94 163 175 184 197
11
14 20 21 31 34 54 65 74 113 139 165
10
29 47 69 70 96 99 133 162 168 191
7
58 86 92 114 115 143 197
9
18 45 78 111 112 117 124 180 197
10
2 17 52 55 68 83 88 148 165 170
7
7 37 89 105 126 184 196
10
14 35 41 63 64 66 103 105 174 183
8
46 53 64 78 102 168 192 198
10
10 32 39 93 118 125 171 185 187 190
13
4 23 24 31 33 81 82 87 117 163 164 198 200
15
42 59 62 65 68 71 74 86 92 93 143 144 147 164 198
18
7 13 23 32 34 41 53 71 74 80 87 93 94 134 149 154 158 187
17
8 15 47 54 89 100 115 116 120 140 145 153 160 162 167 189 190
15
5 6 10 15 18 19 22 37 44 56 79 103 140 180 198
11
52 53 58 79 84 123 126 177 189 195 197
10
14 34 39 63 99 128 135 161 172 184
11
2 9 16 54 60 100 111 150 183 185 200
2
17 70
12
15 37 45 51 52 102 122 154 182 189 192 199
9
52 66 67 70 135 142 146 178 198
12
11 24 25 38 90 98 114 157 167 169 185 198
7
68 115 118 149 163 182 194
9
27 28 30 46 47 93 101 165 167
14
6 14 18 38 56 65 70 83 84 88 139 167 192 200
8
19 31 35 99 136 144 148 186
14
33 42 53 57 67 68 80 106 125 138 141 145 165 182
10
30 36 38 102 127 134 143 153 184 190
9
57 64 92 97 107 127 142 162 188
7
18 34 46 84 88 117 192
9
10 23 24 29 62 86 138 165 193
14
36 66 73 77 78 99 129 147 151 158 162 164 165 170
7
8 22 119 124 142 149 157
12
3 24 36 50 59 67 68 120 135 147 166 195
9
13 18 21 44 67 77 143 161 176
13
7 8 32 38 63 81 101 111 148 149 167 172 181
7
8 11 72 109 114 158 162
13
66 76 88 135 143 148 159 161 169 174 175 188 190
6
4 38 76 100 104 120
12
27 36 47 111 117 139 143 150 155 169 180 194
8
58 61 93 101 116 155 179 184
8
23 53 65 74 83 119 164 190
6
6 7 13 49 140 159
13
20 40 42 49 79 83 126 144 151 184 188 192 199
12
6 34 52 53 92 119 122 123 138 147 154 171
12
15 35 64 67 80 98 116 119 124 156 166 177
8
14 21 136 147 173 174 186 196
11
16 37 39 71 91 103 141 153 163 186 196
14
6 13 23 26 53 90 96 102 112 117 140 152 167 172
9
40 45 47 78 81 107 110 140 141
12
8 95 99 119 121 136 141 147 157 169 182 194
14
2 10 32 34 41 56 63 70 84 110 124 137 139 199
11
3 72 88 97 123 128 145 147 178 190 198
7
50 55 59 60 119 124 175
7
63 69 71 91 123 132 133
14
2 3 7 21 22 65 91 125 153 154 156 166 178 192
11
18 24 40 95 97 109 137 140 141 153 172
17
5 30 55 74 83 103 113 118 124 127 140 147 166 170 172 174 194
11
3 8 26 66 73 98 120 121 124 164 197
9
15 16 23 51 103 133 141 150 173
8
9 25 33 34 64 69 78 171
3
57 179 196
8
19 56 91 142 158 174 179 191
7
8 59 99 126 132 134 157
14
3 52 64 84 93 105 107 111 120 134 140 147 170 192
6
8 87 106 134 151 160
6
7 40 69 70 180 183
12
62 77 83 89 99 102 113 127 136 141 184 187
11
17 55 76 77 91 118 125 129 154 155 184
19
28 31 48 59 60 68 84 91 103 105 111 122 127 131 148 151 164 182 184
17
11 18 38 42 46 73 75 90 97 107 115 119 141 154 167 194 199
8
16 28 36 39 59 63 98 160
12
11 12 14 25 47 49 52 94 108 130 143 170
6
38 98 99 107 111 144
13
30 42 47 72 88 107 109 137 171 180 187 192 199
12
1 10 21 45 54 78 132 133 135 168 178 191
5
24 92 99 137 176
14
26 29 33 34 37 45 59 71 78 88 135 146 162 187
