100 200
1.0 1.0 1.0 1.0 1.0 1.0 1.0 1.0 1.0 1.0 1.0 1.0 1.0 1.0 1.0 1.0 1.0 1.0 1.0 1.0 1.0 1.0 1.0 1.0 1.0 1.0 1.0 1.0 1.0 1.0 1.0 1.0 1.0 1.0 1.0 1.0 1.0 1.0 1.0 1.0 1.0 1.0 1.0 1.0 1.0 1.0 1.0 1.0 1.0 1.0 1.0 1.0 1.0 1.0 1.0 1.0 1.0 1.0 1.0 1.0 1.0 1.0 1.0 1.0 1.0 1.0 1.0 1.0 1.0 1.0 1.0 1.0 1.0 1.0 1.0 1.0 1.0 1.0 1.0 1.0 1.0 1.0 1.0 1.0 1.0 1.0 1.0 1.0 1.0 1.0 1.0 1.0 1.0 1.0 1.0 1.0 1.0 1.0 1.0 1.0 1.0 1.0 1.0 1.0 1.0 1.0 1.0 1.0 1.0 1.0 1.0 1.0 1.0 1.0 1.0 1.0 1.0 1.0 1.0 1.0 1.0 1.0 1.0 1.0 1.0 1.0 1.0 1.0 1.0 1.0 1.0 1.0 1.0 1.0 1.0 1.0 1.0 1.0 1.0 1.0 1.0 1.0 1.0 1.0 1.0 1.0 1.0 1.0 1.0 1.0 1.0 1.0 1.0 1.0 1.0 1.0 1.0 1.0 1.0 1.0 1.0 1.0 1.0 1.0 1.0 1.0 1.0 1.0 1.0 1.0 1.0 1.0 1.0 1.0 1.0 1.0 1.0 1.0 1.0 1.0 1.0 1.0 1.0 1.0 1.0 1.0 1.0 1.0 1.0 1.0 1.0 1.0 1.0 1.0 1.0 1.0 1.0 1.0 1.0 1.0
23
4 8 35 55 69 71 74 83 86 97 122 123 125 126 130 134 137 172 174 176 186 187 196
19
6 13 18 34 36 40 51 61 72 99 106 122 123 137 157 176 178 190 194
15
8 9 14 45 62 94 120 122 123 129 134 142 146 168 195
20
14 35 50 65 83 95 96 97 102 111 144 145 147 159 166 167 174 182 183 191
21
6 13 17 30 31 46 48 49 63 66 75 79 87 96 97 98 102 105 153 166 187
24
24 28 30 38 45 50 55 57 62 63 67 69 80 101 105 118 146 157 158 164 176 179 187 194
16
2 28 36 41 52 58 79 82 86 88 111 152 174 179 182 188
15
21 34 43 44 91 96 100 119 126 130 145 157 166 185 193
19
16 28 31 39 59 61 80 82 84 94 97 102 111 115 141 179 180 183 184
17
11 12 40 47 50 54 68 80 87 90 123 137 160 164 178 194 195
25
11 29 37 59 68 76 78 84 86 88 91 92 108 133 144 146 156 173 178 182 183 192 196 197 199
16
1 6 9 52 91 95 104 127 129 141 153 165 170 181 182 195
18
17 37 45 50 63 64 69 76 81 85 104 105 106 109 114 149 177 186
20
1 11 30 34 70 72 73 74 78 80 84 106 110 118 120 128 144 167 173 186
12
1 5 6 20 45 57 130 140 142 146 185 191
20
16 24 45 47 52 66 73 87 88 91 92 95 99 100 114 150 151 174 178 200
22
25 27 35 44 46 49 50 96 98 100 108 124 129 145 156 157 171 179 182 185 187 197
23
1 9 12 26 35 37 49 55 56 57 66 70 85 111 113 129 140 144 145 151 167 168 173
19
15 23 35 36 54 66 72 76 81 87 93 94 97 129 132 142 164 165 166
19
9 17 28 39 45 71 77 84 95 114 125 143 157 158 165 172 176 178 199
18
17 43 60 83 94 109 112 120 132 141 142 145 157 158 171 175 185 193
15
5 30 53 59 60 74 88 94 98 113 114 119 123 166 192
19
18 42 44 56 94 99 107 111 126 134 155 167 173 174 177 181 189 193 195
11
5 9 18 26 52 65 77 89 97 112 131
25
15 17 20 28 36 40 42 46 51 53 60 80 93 94 99 117 139 144 150 154 159 180 187 189 192
15
3 10 26 72 84 92 96 98 109 119 120 126 131 135 171
15
2 7 14 20 21 51 63 84 88 115 118 126 161 195 197
18
4 7 10 17 69 84 85 113 116 137 152 153 154 157 166 172 189 194
22
2 4 6 24 27 53 65 73 76 85 90 103 111 128 143 145 152 165 169 176 185 194
24
4 5 23 29 64 65 71 74 84 87 101 132 134 138 142 145 146 147 156 175 181 186 187 189
20
21 22 25 30 33 49 61 76 82 93 112 122 126 147 148 156 172 181 185 200
21
3 13 16 20 25 64 66 68 74 75 81 84 86 101 108 111 128 130 139 161 163
20
5 25 29 33 50 66 81 85 92 93 94 97 100 127 137 149 151 161 181 197
32
1 20 23 27 28 36 46 47 53 54 62 66 78 95 97 103 109 110 120 123 126 130 135 138 145 149 157 164 180 182 185 188
13
20 73 80 81 83 100 101 118 151 159 175 196 197
20
5 6 17 24 29 44 53 54 72 82 95 98 101 116 125 128 179 185 189 194
24
7 27 31 43 49 56 63 67 74 86 89 92 93 116 120 141 143 144 154 172 173 182 186 187
24
1 3 7 18 24 29 39 43 59 62 65 70 80 105 107 127 138 147 148 150 152 153 173 191
15
23 32 52 56 59 71 104 107 116 132 144 151 182 192 200
24
2 3 9 22 31 40 50 73 102 106 112 130 137 145 146 152 173 174 176 180 181 185 192 196
21
4 10 16 21 22 37 73 75 88 91 96 109 112 115 130 135 143 144 165 194 199
23
3 8 10 12 17 19 26 32 37 45 50 56 61 69 84 119 120 133 137 141 153 170 190
21
6 33 34 49 51 52 61 72 83 85 87 103 111 126 134 150 160 165 168 175 185
17
8 36 41 51 62 66 69 94 111 113 116 117 123 159 175 182 193
26
15 25 26 28 42 44 46 52 58 68 70 71 75 89 93 94 101 110 114 119 150 156 167 170 190 191
29
13 17 20 21 23 31 43 45 48 63 64 72 73 78 84 95 96 108 113 116 127 132 157 162 165 167 186 187 194
24
5 13 17 18 21 24 28 30 34 35 54 63 76 83 119 120 123 127 135 156 174 196 197 200
18
51 65 74 78 85 107 113 130 143 167 174 178 179 184 187 192 197 199
27
9 10 16 26 27 28 33 40 47 62 81 85 93 96 106 109 120 125 136 154 160 161 169 170 181 188 189
24
25 33 42 43 50 53 61 80 83 86 95 98 107 110 121 126 157 159 172 179 188 195 196 198
20
3 16 24 53 60 67 77 81 99 102 103 128 129 135 136 143 169 182 189 191
17
21 31 55 58 78 80 101 111 123 137 140 142 152 158 175 176 189
18
21 23 32 45 56 57 61 65 72 85 102 121 151 152 160 181 182 197
17
25 28 39 44 45 56 63 106 120 149 151 172 178 180 184 188 191
19
9 29 36 41 51 54 64 69 83 86 122 127 131 137 140 150 165 182 188
23
1 6 20 34 44 51 53 56 65 69 93 121 125 130 131 143 144 147 169 170 171 180 184
24
1 28 35 42 44 52 55 62 78 80 84 94 95 104 110 115 124 134 145 164 171 177 189 195
23
13 18 22 50 62 67 68 73 79 102 111 116 117 120 124 125 150 153 169 170 186 197 198
21
11 13 24 32 43 50 53 66 75 88 94 96 98 101 108 111 123 138 157 182 200
25
7 8 15 17 24 29 43 75 76 79 93 99 102 106 115 117 120 121 140 169 172 174 180 189 193
21
39 45 69 100 103 104 108 118 129 150 155 161 163 169 170 172 180 184 187 192 200
22
33 49 51 66 70 76 78 83 125 132 133 137 155 157 158 159 167 172 175 187 188 195
13
4 10 15 16 35 52 71 123 128 164 180 189 194
21
1 25 52 62 78 82 86 108 131 132 144 147 154 155 158 164 166 176 193 197 198
16
6 7 41 44 66 82 94 117 119 132 136 139 145 163 189 199
17
11 34 44 50 53 69 85 104 139 142 145 147 152 168 175 176 197
19
11 24 40 42 44 49 56 69 90 101 117 127 136 138 144 149 154 187 195
19
10 11 13 15 16 20 28 31 33 65 74 76 122 131 146 154 162 173 199
28
8 12 18 29 33 43 61 64 65 67 74 82 88 89 108 112 123 127 141 144 145 148 157 162 166 192 196 200
20
9 20 21 26 28 29 54 55 62 86 89 96 119 120 121 130 141 166 185 192
18
2 11 14 17 19 24 35 50 65 77 93 101 109 113 153 181 186 195
28
19 22 27 31 32 34 35 40 54 59 67 89 93 106 115 128 133 139 145 152 153 155 162 172 175 189 196 197
22
14 27 40 43 44 59 75 80 92 116 117 119 137 139 140 141 144 150 178 181 189 199
22
2 10 18 20 32 45 47 53 60 80 81 86 96 120 134 136 145 164 177 187 188 192
21
9 12 20 32 33 38 41 60 67 81 95 103 107 108 129 166 169 190 191 196 198
13
21 63 103 119 123 144 148 157 160 165 186 191 198
12
8 10 23 25 32 74 110 113 146 148 152 156
13
7 10 14 45 56 68 71 81 129 136 171 186 198
22
17 20 33 34 36 43 47 48 62 67 74 81 89 90 100 106 117 135 167 175 180 188
24
3 25 42 46 64 81 84 96 98 104 106 107 117 123 124 125 150 160 167 168 171 174 178 187
19
17 42 49 51 59 82 83 103 105 111 114 131 134 153 168 174 175 176 185
16
4 13 60 69 98 102 129 135 143 145 150 157 162 186 187 193
18
42 43 69 94 115 123 126 127 129 131 144 175 180 182 185 192 198 199
24
6 13 20 37 49 67 100 106 108 127 129 133 138 140 150 155 156 157 163 164 165 180 182 186
22
13 28 31 35 36 47 51 55 69 78 86 91 102 108 117 123 127 139 143 163 187 195
21
1 24 46 49 61 64 65 98 99 101 107 114 115 124 129 132 166 168 185 192 195
24
7 13 22 40 41 73 87 89 94 100 103 106 108 109 120 129 133 150 152 157 166 172 197 199
19
1 6 20 27 29 44 49 51 60 66 87 92 99 113 124 133 164 182 193
19
1 7 20 26 27 29 57 61 65 66 83 92 110 112 118 170 178 184 200
17
6 7 15 17 19 22 34 48 49 68 70 78 101 129 134 144 199
13
3 13 36 43 50 53 74 79 106 112 115 149 159
22
12 18 22 43 45 54 56 82 89 94 95 98 100 104 110 122 130 146 173 182 199 200
22
3 18 25 35 38 51 56 57 58 62 63 83 140 152 160 162 173 178 180 186 187 194
18
5 17 35 45 57 62 91 100 112 117 121 143 149 155 158 166 167 194
21
19 20 21 22 26 30 36 63 65 75 94 99 113 131 143 146 151 161 182 184 200
17
3 16 46 52 71 78 82 87 98 106 111 120 137 155 173 175 191
25
10 16 21 36 40 44 45 48 51 56 69 78 89 100 101 108 112 113 115 116 119 129 160 170 177
13
9 32 37 65 71 107 113 118 120 121 135 160 193
14
7 10 20 30 40 44 73 100 126 137 146 163 168 189
19
17 19 31 32 37 49 50 58 73 75 97 120 125 127 132 140 169 178 197
