150 300
1.0 1.0 1.0 1.0 1.0 1.0 1.0 1.0 1.0 1.0 1.0 1.0 1.0 1.0 1.0 1.0 1.0 1.0 1.0 1.0 1.0 1.0 1.0 1.0 1.0 1.0 1.0 1.0 1.0 1.0 1.0 1.0 1.0 1.0 1.0 1.0 1.0 1.0 1.0 1.0 1.0 1.0 1.0 1.0 1.0 1.0 1.0 1.0 1.0 1.0 1.0 1.0 1.0 1.0 1.0 1.0 1.0 1.0 1.0 1.0 1.0 1.0 1.0 1.0 1.0 1.0 1.0 1.0 1.0 1.0 1.0 1.0 1.0 1.0 1.0 1.0 1.0 1.0 1.0 1.0 1.0 1.0 1.0 1.0 1.0 1.0 1.0 1.0 1.0 1.0 1.0 1.0 1.0 1.0 1.0 1.0 1.0 1.0 1.0 1.0 1.0 1.0 1.0 1.0 1.0 1.0 1.0 1.0 1.0 1.0 1.0 1.0 1.0 1.0 1.0 1.0 1.0 1.0 1.0 1.0 1.0 1.0 1.0 1.0 1.0 1.0 1.0 1.0 1.0 1.0 1.0 1.0 1.0 1.0 1.0 1.0 1.0 1.0 1.0 1.0 1.0 1.0 1.0 1.0 1.0 1.0 1.0 1.0 1.0 1.0 1.0 1.0 1.0 1.0 1.0 1.0 1.0 1.0 1.0 1.0 1.0 1.0 1.0 1.0 1.0 1.0 1.0 1.0 1.0 1.0 1.0 1.0 1.0 1.0 1.0 1.0 1.0 1.0 1.0 1.0 1.0 1.0 1.0 1.0 1.0 1.0 1.0 1.0 1.0 1.0 1.0 1.0 1.0 1.0 1.0 1.0 1.0 1.0 1.0 1.0 1.0 1.0 1.0 1.0 1.0 1.0 1.0 1.0 1.0 1.0 1.0 1.0 1.0 1.0 1.0 1.0 1.0 1.0 1.0 1.0 1.0 1.0 1.0 1.0 1.0 1.0 1.0 1.0 1.0 1.0 1.0 1.0 1.0 1.0 1.0 1.0 1.0 1.0 1.0 1.0 1.0 1.0 1.0 1.0 1.0 1.0 1.0 1.0 1.0 1.0 1.0 1.0 1.0 1.0 1.0 1.0 1.0 1.0 1.0 1.0 1.0 1.0 1.0 1.0 1.0 1.0 1.0 1.0 1.0 1.0 1.0 1.0 1.0 1.0 1.0 1.0 1.0 1.0 1.0 1.0 1.0 1.0 1.0 1.0 1.0 1.0 1.0 1.0 1.0 1.0 1.0 1.0 1.0 1.0 1.0 1.0 1.0 1.0 1.0 1.0
15
1 15 47 51 80 98 110 160 187 204 232 266 273 290 293
22
3 11 48 53 59 124 135 145 165 184 193 194 226 237 238 241 264 271 294 295 296 297
13
17 46 49 70 85 105 110 145 149 157 178 253 285
21
16 29 45 48 54 67 75 139 162 169 177 180 190 203 224 227 279 284 286 292 294
18
2 41 68 70 71 75 123 127 161 163 195 201 219 243 261 279 294 298
17
2 3 30 62 145 176 184 191 197 215 219 237 243 250 263 273 300
18
2 5 8 34 101 130 154 159 171 173 191 238 262 267 273 277 283 294
17
34 47 54 85 91 117 139 144 147 149 150 152 185 186 205 240 288
15
8 22 41 57 111 125 134 164 172 188 199 205 225 235 288
11
2 58 88 99 119 128 131 177 206 281 289
21
20 22 31 34 35 93 143 147 158 166 174 178 192 194 195 211 241 293 294 296 297
12
1 19 38 65 114 170 183 220 246 259 264 285
16
12 21 27 33 57 60 124 173 182 189 206 248 249 262 272 280
17
25 37 42 81 90 104 125 150 168 169 182 207 212 213 242 271 295
8
31 32 58 96 129 156 161 299
23
1 17 21 38 43 50 59 94 95 110 115 126 135 149 156 161 172 177 190 212 220 225 244
11
18 82 100 101 119 155 193 241 251 257 266
14
48 66 94 123 127 172 180 197 208 233 235 253 268 286
15
12 14 26 28 30 51 54 55 60 80 124 186 205 231 266
15
12 26 39 41 54 60 99 140 155 160 204 220 226 232 291
11
2 65 67 81 104 129 138 145 232 253 282
17
7 13 59 61 63 65 75 141 150 161 172 187 193 226 247 265 278
10
96 111 126 128 130 136 138 179 265 270
13
8 16 31 36 48 56 67 85 123 185 204 233 287
19
13 37 38 56 81 98 122 132 133 153 181 234 242 247 253 264 268 287 299
8
11 23 50 63 65 125 128 161
22
4 43 48 64 73 88 100 115 122 163 199 210 216 218 240 250 256 258 278 282 292 298
15
11 46 55 94 108 112 127 151 157 166 204 211 215 264 276
15
31 44 47 90 98 106 122 140 203 228 246 262 272 276 280
14
11 47 106 134 161 166 169 179 199 200 219 241 259 283
11
12 23 34 37 47 55 122 201 245 271 294
11
32 47 66 91 108 145 173 208 226 276 284
19
13 24 27 29 34 36 106 127 128 143 148 153 157 161 199 205 248 249 299
13
18 19 53 84 89 133 137 153 228 256 267 271 280
16
4 7 16 17 54 86 115 171 208 224 233 267 271 272 278 294
17
8 17 57 65 69 83 103 112 121 128 159 213 218 223 232 244 264
18
3 13 56 76 86 94 107 109 127 146 156 168 200 223 240 284 287 300
14
2 11 42 103 113 139 160 172 192 214 218 241 249 273
12
32 38 103 110 183 188 194 208 212 227 231 260
16
1 6 9 19 80 121 133 156 175 217 220 233 278 280 292 300
17
23 58 76 91 93 112 125 148 154 163 165 167 174 247 257 272 280
9
18 19 62 125 176 187 233 256 289
17
13 22 24 55 66 86 87 113 130 135 143 174 236 264 273 283 298
13
9 35 37 61 72 86 108 110 118 144 174 206 295
13
5 19 27 33 51 56 61 71 138 218 230 249 264
18
8 66 77 82 101 105 124 147 156 177 179 224 253 254 255 276 279 295
13
40 112 113 135 167 195 222 242 244 245 248 253 298
10
9 105 139 149 160 177 207 234 264 291
14
10 16 32 41 61 67 71 155 158 189 207 227 249 260
18
13 23 36 42 44 52 54 97 112 115 131 185 189 205 217 241 253 265
20
4 14 15 30 34 41 42 50 57 63 66 72 89 117 143 218 225 241 255 271
18
44 51 71 92 111 112 121 124 146 149 185 193 206 229 255 273 286 291
15
18 22 29 32 64 144 154 160 190 204 218 225 228 251 287
16
13 51 56 70 89 94 115 127 156 164 221 223 233 238 265 270
12
36 86 97 121 124 130 142 167 215 241 258 287
19
7 22 36 64 66 75 105 123 144 145 165 166 190 228 231 242 264 269 271
13
23 25 63 79 126 148 152 196 220 228 258 294 298
12
64 67 93 108 123 130 142 181 217 238 239 255
16
33 36 38 63 87 115 134 161 164 180 181 191 216 248 285 291
16
25 47 74 96 103 110 122 144 159 176 208 217 227 246 248 280
10
24 43 66 76 87 88 124 143 203 230
12
2 23 26 38 43 46 124 148 171 178 244 272
16
32 37 69 85 106 158 179 182 226 233 235 241 272 273 283 289
24
7 9 30 46 49 66 67 82 98 134 167 184 186 210 225 238 243 250 263 275 280 288 291 293
25
25 26 29 38 59 63 65 70 81 88 118 120 126 139 167 175 216 233 240 245 255 264 267 286 287
16
12 19 56 97 98 128 187 192 209 210 220 242 255 278 294 295
10
2 24 98 107 112 164 256 259 265 293
18
9 30 45 67 103 106 137 151 190 192 211 216 220 273 278 287 290 295
16
95 128 137 143 147 148 153 170 171 185 192 207 248 276 277 295
14
9 31 33 48 61 82 83 93 148 171 199 277 282 294
13
24 42 43 53 62 88 120 145 190 222 236 239 296
13
44 137 143 153 165 185 211 227 249 260 266 271 281
9
19 42 46 147 158 205 216 225 295
9
41 48 51 68 84 117 122 149 238
19
6 11 22 40 77 83 97 151 152 166 176 177 211 218 230 233 249 260 290
19
2 11 13 82 95 97 139 144 150 157 171 180 189 204 215 216 235 238 292
17
3 10 29 31 40 68 82 100 107 138 167 198 225 246 267 275 300
16
5 15 33 35 41 81 127 129 149 156 164 171 197 220 223 258
19
1 7 18 40 65 125 138 145 150 183 187 202 207 234 253 267 269 278 296
13
19 22 25 38 43 48 155 172 213 222 248 280 299
11
16 89 150 212 216 219 247 268 278 286 291
14
11 13 71 72 85 98 105 173 185 209 215 243 251 297
19
10 40 43 77 85 102 130 132 187 193 199 203 206 223 230 243 271 295 297
14
1 17 30 82 97 98 114 128 144 185 232 251 260 262
19
5 6 8 39 59 63 65 83 87 155 202 221 222 233 234 239 246 279 299
17
10 32 39 41 73 82 98 108 142 159 162 163 164 192 213 222 264
14
5 38 84 92 112 153 162 179 217 224 243 263 285 286
13
12 16 60 112 120 148 151 168 183 187 202 253 295
17
69 84 96 131 158 173 177 179 184 185 217 256 258 266 272 273 291
10
9 23 27 34 153 203 234 236 253 300
10
31 86 101 111 147 153 161 179 236 269
19
10 21 23 75 88 92 130 134 144 159 160 164 166 176 181 196 205 275 284
13
33 91 105 111 115 132 169 179 190 193 249 270 285
15
34 49 67 97 125 132 136 146 169 180 208 218 227 297 298
11
10 35 85 104 119 186 191 206 240 251 263
12
14 16 95 136 145 156 180 236 240 255 263 268
21
9 41 62 67 71 77 106 119 143 158 168 169 174 186 188 224 232 261 282 289 296
14
10 12 13 71 101 127 131 141 220 221 234 242 280 283
18
21 59 62 67 89 136 140 153 157 160 171 186 191 215 229 233 280 281
20
21 44 77 95 108 109 129 177 183 185 187 204 230 242 250 256 267 280 288 300
19
36 51 58 66 73 90 94 135 156 158 164 171 173 175 190 204 229 259 276
13
52 63 77 83 93 146 154 233 244 252 255 270 295
18
12 41 67 75 113 122 124 129 153 194 201 206 214 228 229 234 271 296
17
17 20 22 47 84 153 173 195 205 219 224 233 235 244 256 259 274
15
12 51 64 101 102 103 105 119 147 150 183 190 210 211 228
25
2 3 4 9 33 61 72 83 84 91 95 107 121 123 141 159 169 183 189 193 220 242 254 281 288
17
13 34 40 60 66 74 99 105 152 163 178 188 191 213 216 246 251
16
22 25 31 43 74 80 96 129 145 174 175 181 190 242 258 281
10
21 39 106 124 126 142 145 201 217 296
13
8 37 38 57 60 105 180 195 232 255 278 289 298
13
10 55 73 89 96 106 204 212 216 245 266 292 293
17
2 8 19 37 45 65 134 143 170 194 203 236 238 251 277 280 299
12
80 117 118 130 166 178 184 192 194 195 262 297
13
7 14 15 21 44 58 63 78 94 112 148 223 257
15
53 55 85 112 129 147 186 223 250 265 266 274 286 296 299
16
33 60 74 94 100 139 148 191 203 225 231 263 276 279 280 284
14
6 46 64 87 90 93 176 199 246 247 250 260 264 289
10
13 84 181 196 197 201 215 225 250 270
12
26 93 97 116 139 143 175 181 243 262 275 298
14
33 46 53 55 75 147 154 172 215 247 254 264 270 278
15
22 32 40 41 66 77 95 119 142 147 177 199 231 243 247
14
13 31 53 109 111 135 141 191 195 230 247 262 264 292
20
10 15 29 70 79 82 100 107 115 128 129 131 151 155 163 169 171 211 243 253
17
10 52 58 77 86 93 133 134 146 147 211 226 235 244 248 250 265
7
46 70 157 163 183 194 196
15
12 19 40 75 182 198 200 204 231 249 250 271 275 282 286
16
13 27 42 46 56 64 65 70 86 91 120 154 182 206 274 297
15
30 46 52 90 128 147 177 194 207 225 242 252 262 270 292
15
54 94 106 114 137 146 148 150 151 152 180 186 273 288 291
19
13 26 32 34 47 96 101 102 106 107 119 127 141 149 151 167 191 217 296
17
4 7 33 66 80 101 108 137 144 166 176 223 228 231 247 253 286
18
11 16 20 24 73 92 111 140 141 193 209 212 213 222 232 240 272 277
14
4 5 30 63 80 96 115 147 165 171 188 195 247 271
13
4 24 64 83 88 118 136 164 165 185 214 250 282
17
5 8 17 19 24 144 189 208 228 233 240 247 250 258 274 286 299
12
22 25 29 57 92 128 152 223 280 290 299 300
22
76 111 117 120 127 130 132 139 156 172 174 175 187 198 204 209 229 235 265 274 279 297
15
12 14 44 51 55 63 78 99 126 153 158 172 192 257 289
18
13 74 77 80 106 123 145 151 171 190 216 240 258 259 280 282 290 294
20
11 29 43 53 62 75 93 101 104 109 112 114 139 147 155 161 174 200 212 218
14
26 53 54 100 117 160 167 170 209 246 255 256 264 271
14
7 13 87 104 151 162 181 184 202 207 243 251 253 275
22
12 51 85 98 105 108 111 116 141 168 182 198 207 216 223 226 246 256 266 271 272 279
12
52 125 128 176 187 188 197 267 291 294 296 297
20
3 6 20 57 68 70 77 85 90 152 157 186 189 194 206 221 235 238 245 267
17
40 42 51 73 80 84 100 114 146 151 186 189 221 229 245 252 280
16
16 40 60 68 71 88 121 184 185 187 207 213 226 239 254 277
15
1 5 9 122 144 154 160 177 207 208 209 212 231 276 278
24
29 71 74 75 77 84 102 113 128 143 153 165 169 196 215 222 224 237 251 264 276 282 286 296
17
5 26 50 53 64 74 99 105 110 111 164 166 208 226 228 262 278
