100 200
1.0 1.0 1.0 1.0 1.0 1.0 1.0 1.0 1.0 1.0 1.0 1.0 1.0 1.0 1.0 1.0 1.0 1.0 1.0 1.0 1.0 1.0 1.0 1.0 1.0 1.0 1.0 1.0 1.0 1.0 1.0 1.0 1.0 1.0 1.0 1.0 1.0 1.0 1.0 1.0 1.0 1.0 1.0 1.0 1.0 1.0 1.0 1.0 1.0 1.0 1.0 1.0 1.0 1.0 1.0 1.0 1.0 1.0 1.0 1.0 1.0 1.0 1.0 1.0 1.0 1.0 1.0 1.0 1.0 1.0 1.0 1.0 1.0 1.0 1.0 1.0 1.0 1.0 1.0 1.0 1.0 1.0 1.0 1.0 1.0 1.0 1.0 1.0 1.0 1.0 1.0 1.0 1.0 1.0 1.0 1.0 1.0 1.0 1.0 1.0 1.0 1.0 1.0 1.0 1.0 1.0 1.0 1.0 1.0 1.0 1.0 1.0 1.0 1.0 1.0 1.0 1.0 1.0 1.0 1.0 1.0 1.0 1.0 1.0 1.0 1.0 1.0 1.0 1.0 1.0 1.0 1.0 1.0 1.0 1.0 1.0 1.0 1.0 1.0 1.0 1.0 1.0 1.0 1.0 1.0 1.0 1.0 1.0 1.0 1.0 1.0 1.0 1.0 1.0 1.0 1.0 1.0 1.0 1.0 1.0 1.0 1.0 1.0 1.0 1.0 1.0 1.0 1.0 1.0 1.0 1.0 1.0 1.0 1.0 1.0 1.0 1.0 1.0 1.0 1.0 1.0 1.0 1.0 1.0 1.0 1.0 1.0 1.0 1.0 1.0 1.0 1.0 1.0 1.0 1.0 1.0 1.0 1.0 1.0 1.0
39
2 8 10 13 20 28 31 33 35 45 52 57 62 64 66 68 73 90 91 101 118 121 125 131 132 135 136 151 166 170 171 174 176 177 179 183 187 192 199
43
6 11 12 23 29 32 36 40 42 44 47 49 57 63 65 66 75 79 80 91 93 94 120 125 127 134 135 145 146 147 156 166 169 175 178 180 181 185 188 194 196 197 198
50
2 3 8 9 22 36 41 42 43 45 47 50 52 54 59 62 66 68 69 77 78 82 86 87 93 100 102 104 108 111 113 126 129 135 139 141 143 144 145 150 154 162 165 169 171 186 187 189 192 197
42
1 22 43 46 48 55 58 59 63 67 79 82 85 89 93 97 108 114 115 119 120 126 128 129 133 135 142 145 146 149 157 161 162 168 177 178 182 183 190 193 198 199
38
3 5 6 10 12 22 30 38 43 48 51 65 69 71 78 81 86 96 102 106 108 112 115 117 120 124 136 142 154 158 167 170 173 177 179 185 187 195
49
3 10 16 20 24 27 31 39 40 51 55 59 64 71 84 91 93 99 103 107 108 109 110 112 114 116 117 120 130 133 135 137 143 144 147 150 151 153 158 160 161 163 165 172 178 181 182 184 195
51
2 3 8 12 19 25 31 37 41 47 48 51 56 57 64 73 77 84 87 95 99 100 101 102 103 107 110 116 118 119 122 123 125 135 136 145 151 156 162 166 171 175 179 180 183 186 188 190 191 192 194
45
3 6 8 10 14 24 32 33 36 43 46 47 50 55 63 67 68 88 96 98 101 112 115 116 123 127 135 138 140 146 148 155 156 158 159 160 172 174 178 183 189 191 192 193 196
34
17 25 34 37 40 46 47 51 53 58 64 80 81 89 91 92 93 95 102 106 117 122 128 135 136 146 147 148 172 173 177 194 195 199
38
1 3 4 14 17 18 20 21 29 53 57 69 73 77 78 80 82 84 85 87 89 107 114 122 125 128 143 148 150 152 158 159 162 164 168 170 179 195
38
3 9 14 15 17 19 21 27 32 58 65 66 68 70 79 81 85 95 97 117 122 126 129 133 134 139 152 154 155 157 158 160 161 165 178 186 191 192
37
4 6 9 11 19 23 35 39 44 51 59 80 81 84 87 88 93 95 99 105 112 115 122 125 127 142 145 153 156 158 161 167 172 173 176 177 199
34
4 6 45 55 58 61 64 65 68 77 78 81 95 97 102 103 107 108 111 130 131 145 157 160 162 172 173 176 177 181 188 191 194 200
30
6 16 20 24 26 35 40 49 60 61 67 72 74 84 85 108 124 132 140 155 157 161 163 168 175 177 186 190 192 199
36
1 12 13 19 25 32 34 41 52 54 60 66 71 75 86 87 95 101 104 107 123 129 131 137 144 145 161 168 173 177 180 186 187 189 194 200
31
4 9 14 19 21 31 47 51 68 70 79 81 82 83 91 93 104 107 121 123 130 138 140 147 160 170 173 176 178 182 198
38
5 8 11 18 25 27 39 47 57 65 72 76 78 80 82 86 97 98 99 100 102 103 106 110 116 119 136 137 165 171 173 175 179 182 183 194 196 198
35
2 9 10 35 37 56 58 63 64 68 69 72 79 80 90 99 102 105 109 115 131 138 139 144 156 159 165 169 172 173 175 178 180 197 198
43
3 9 31 39 40 51 53 60 63 68 75 81 84 85 87 94 95 103 105 106 119 122 126 128 132 133 147 157 159 162 165 168 174 176 179 180 181 182 186 189 192 195 199
43
3 4 6 15 16 18 20 24 25 35 37 42 44 46 55 64 66 75 76 77 78 81 83 95 96 98 100 106 112 117 128 130 134 147 149 156 158 173 180 181 182 187 195
48
10 14 19 22 27 38 40 49 53 55 57 59 60 61 69 72 73 80 83 93 96 112 114 116 122 125 132 137 138 143 151 152 153 154 162 163 164 168 172 175 176 178 179 182 183 191 196 200
39
6 11 24 29 45 54 59 61 63 69 72 73 74 77 79 90 93 98 99 108 109 113 118 131 132 133 140 142 143 144 154 161 166 172 176 178 184 193 194
39
10 11 12 17 18 44 48 50 53 54 58 60 63 67 75 76 81 89 103 106 118 130 135 145 153 161 163 164 165 169 174 177 180 182 183 188 189 192 195
37
4 22 24 28 32 33 34 52 70 71 72 76 89 98 101 106 111 114 116 117 118 129 134 135 137 139 145 147 151 154 158 159 167 179 183 194 200
50
2 9 10 17 19 22 26 31 34 40 50 54 57 58 62 71 77 81 88 90 94 95 107 110 116 118 121 124 134 136 139 152 154 155 156 158 160 164 165 177 179 183 185 190 191 192 193 196 199 200
38
3 8 15 17 20 41 43 44 62 66 67 68 72 76 80 84 89 93 94 111 113 114 116 121 125 127 128 130 137 142 165 166 167 180 188 192 194 198
49
1 12 19 22 23 29 34 39 42 45 53 57 59 61 75 78 80 88 92 93 96 99 107 110 119 122 125 127 128 131 135 137 139 143 147 148 149 156 158 166 170 171 172 174 176 180 184 196 198
36
2 6 7 25 27 38 41 42 53 57 61 62 65 67 69 70 79 80 92 97 106 110 114 122 124 127 130 143 147 151 159 160 167 172 175 192
32
19 21 24 25 32 34 38 47 50 77 82 90 92 99 100 111 115 121 124 125 127 128 136 137 138 142 147 152 162 174 179 187
43
4 8 12 20 25 31 36 38 39 46 47 48 60 61 69 71 74 77 84 93 94 98 102 108 115 116 118 119 126 127 152 154 160 174 175 178 183 184 187 188 194 196 197
31
2 4 5 7 8 13 23 47 50 78 93 95 101 111 112 117 118 123 129 139 142 150 155 167 169 178 183 185 190 191 193
34
3 9 12 13 15 28 31 39 40 48 64 65 77 90 93 96 110 114 115 118 120 125 144 150 159 167 182 184 185 186 188 190 191 198
42
14 21 24 26 33 34 35 42 48 61 68 70 72 74 75 83 85 92 93 95 109 123 124 129 138 144 145 149 150 152 162 163 167 172 177 181 184 189 192 194 195 198
37
1 13 17 18 19 30 31 34 37 41 42 54 59 62 84 85 91 100 101 128 129 133 135 137 142 145 147 152 155 159 168 169 171 172 184 187 197
32
1 7 12 29 43 52 53 55 63 67 68 82 86 87 88 89 93 98 113 115 117 122 130 141 156 158 162 174 184 195 197 200
42
5 6 8 9 12 18 22 28 29 35 41 44 47 55 61 68 73 76 83 92 99 101 109 111 113 116 120 121 128 129 135 156 165 166 171 176 177 179 180 188 193 197
53
2 9 10 11 12 34 35 38 41 43 44 48 49 51 53 54 59 60 62 63 72 82 90 91 96 100 102 105 107 108 114 118 128 129 130 135 140 141 148 153 154 156 158 159 163 166 167 170 174 178 181 194 198
45
2 5 7 9 14 16 19 24 33 47 48 51 54 55 57 62 64 65 67 70 72 75 77 81 83 84 89 94 100 103 125 130 144 145 147 150 152 153 158 161 175 177 180 184 187
43
1 6 11 14 16 20 23 25 34 40 44 46 50 55 65 70 78 91 92 93 96 98 106 111 114 116 119 124 125 129 143 144 147 148 149 160 167 172 187 188 190 193 200
22
9 21 22 23 30 32 40 43 60 95 102 116 132 135 139 143 150 167 176 190 191 192
42
2 3 8 10 11 15 23 41 49 59 60 64 69 70 81 84 94 101 102 104 105 110 119 124 125 128 130 136 141 142 144 148 156 159 160 162 165 174 176 180 187 196
41
1 3 7 12 14 20 22 29 68 71 75 76 85 98 100 106 110 116 117 118 124 128 132 133 142 146 148 149 152 156 157 163 165 173 174 178 181 186 190 197 199
38
7 13 18 22 27 30 31 39 40 59 60 61 62 66 81 85 93 94 97 105 106 114 120 126 129 131 132 133 134 138 145 151 157 158 162 165 168 175
41
2 3 12 13 21 22 23 28 41 42 44 46 47 52 63 70 73 76 77 80 88 89 95 103 106 112 115 117 119 120 126 135 143 151 153 154 158 165 169 178 195
54
2 9 15 18 22 23 24 27 28 30 36 44 53 54 59 67 68 72 77 82 88 90 93 95 97 101 103 104 106 108 113 120 122 127 128 129 132 134 147 148 152 153 159 162 163 169 170 171 173 174 177 184 195 199
46
6 7 8 16 22 23 24 34 35 38 47 48 66 67 70 77 79 86 91 98 102 105 106 112 115 118 120 123 134 135 140 145 149 151 163 166 172 173 176 189 193 194 195 198 199 200
32
8 11 15 18 20 27 36 41 43 47 50 71 85 91 94 97 103 119 132 134 135 145 155 164 165 169 172 185 187 193 196 198
41
9 12 14 27 31 33 44 45 47 48 49 55 56 64 67 84 85 88 89 90 93 96 97 100 101 102 103 116 127 141 142 144 146 151 165 168 176 179 194 197 200
32
2 3 16 20 26 28 36 46 50 54 59 63 68 71 84 86 87 103 106 140 141 146 147 151 158 159 173 175 188 194 195 200
31
15 27 35 37 42 43 45 49 51 53 59 73 74 80 98 107 113 125 132 138 142 146 153 155 164 166 168 177 185 186 196
46
4 10 11 16 18 23 31 32 43 44 56 63 75 76 83 88 98 101 106 109 112 115 118 126 127 132 133 138 142 146 147 154 156 166 172 173 176 177 178 180 181 182 185 189 196 197
37
2 7 10 11 12 16 17 21 22 29 34 36 39 62 69 75 76 77 85 88 89 90 107 109 123 124 140 142 147 156 165 167 175 189 198 199 200
53
10 12 17 18 19 20 21 23 25 27 31 32 38 47 53 58 66 67 68 69 76 82 85 86 87 91 93 96 99 105 107 112 114 115 124 130 135 138 142 153 156 157 159 174 175 176 184 188 191 192 193 197 198
39
2 4 8 18 20 30 39 43 49 51 57 62 64 67 78 81 83 93 101 106 110 113 115 118 120 123 127 133 135 137 160 161 180 181 183 184 185 188 192
41
1 2 3 18 20 27 30 31 32 35 38 42 43 45 48 54 58 61 70 73 74 77 86 107 108 110 118 123 127 129 136 139 142 143 154 176 178 187 192 193 197
52
1 3 4 7 12 13 20 24 27 38 39 43 45 47 48 61 62 66 67 68 69 77 79 82 83 84 85 87 90 92 98 100 103 104 113 116 119 124 131 134 140 143 150 154 159 160 164 173 182 185 194 196
38
16 17 20 30 57 62 63 71 75 76 79 80 82 91 96 105 106 113 115 117 119 120 122 127 131 141 146 150 156 158 165 166 173 174 181 186 193 198
32
8 9 13 15 28 30 31 36 60 66 67 71 74 75 78 85 98 106 110 112 119 121 126 127 128 134 135 155 174 178 184 196
42
9 10 11 18 19 25 29 32 40 43 47 52 54 56 58 59 61 62 64 68 70 74 76 84 86 96 98 101 103 107 113 114 116 121 124 126 128 136 161 165 178 180
36
2 14 15 18 28 33 34 42 48 50 55 62 84 85 86 87 92 99 103 106 108 121 126 132 142 153 154 156 160 171 173 176 179 185 189 191
40
1 2 3 7 10 12 13 15 19 25 26 28 32 35 37 44 48 49 61 64 66 85 86 93 106 110 113 131 132 134 135 137 146 153 154 169 174 175 177 190
38
1 2 5 15 18 24 36 37 45 47 54 59 60 68 76 81 88 93 95 105 109 118 121 126 130 131 139 144 150 165 167 170 176 180 185 193 194 197
35
2 7 24 25 27 31 35 40 50 56 57 62 67 71 73 75 84 94 95 107 113 121 123 129 130 139 144 146 152 170 171 191 196 199 200
35
7 9 14 22 24 39 44 47 59 64 67 74 90 100 102 104 106 128 133 134 139 146 156 157 162 163 166 169 170 172 182 184 187 193 195
29
6 11 20 28 33 36 51 52 61 63 64 69 86 95 120 132 135 137 144 155 160 181 184 185 187 190 197 198 199
34
3 11 13 16 25 29 31 38 43 44 48 52 54 58 74 81 89 98 103 105 111 116 121 124 132 163 166 170 178 183 190 193 194 199
41
5 6 9 18 19 23 30 32 33 37 43 44 64 72 76 77 79 80 84 89 93 95 101 105 107 115 117 129 130 132 136 144 157 162 171 174 179 181 187 191 197
52
5 9 13 17 18 20 31 35 37 47 61 63 66 71 74 83 84 86 87 89 91 92 94 95 98 99 102 115 118 127 128 129 130 131 135 139 143 145 146 147 157 165 169 170 180 181 186 190 192 195 196 200
41
5 10 11 24 29 30 32 35 36 49 59 67 71 74 75 76 84 93 98 101 102 103 106 111 112 118 125 129 131 138 150 152 156 160 165 178 181 186 193 196 198
37
4 10 14 16 17 31 33 43 52 60 66 69 71 74 77 80 87 94 95 96 97 99 104 108 110 117 125 135 137 142 147 158 159 162 172 183 187
37
1 4 7 25 26 43 51 53 54 55 58 62 71 77 87 88 92 99 102 105 109 110 111 118 126 132 137 150 154 161 174 175 177 183 190 192 195
42
13 15 19 31 41 45 46 48 50 53 56 62 64 65 68 74 75 82 84 87 90 96 98 105 108 115 130 131 134 141 146 152 154 155 157 158 162 169 172 184 191 194
41
2 3 4 7 9 11 27 32 35 40 41 61 62 63 70 95 103 111 119 120 121 125 132 137 141 145 146 147 151 153 154 157 158 167 170 171 172 175 185 194 200
42
1 17 18 19 25 27 32 40 43 51 57 60 74 76 80 82 89 92 95 102 104 109 112 113 121 123 125 143 149 156 169 170 175 179 181 183 184 189 191 192 195 196
47
4 10 11 15 16 17 18 27 30 32 33 43 46 54 57 58 65 73 74 75 76 78 83 86 89 90 92 98 107 111 113 122 137 138 144 150 154 158 161 166 169 171 182 185 190 198 200
38
6 8 10 22 23 30 31 35 37 50 57 63 65 69 78 83 85 86 87 91 94 98 101 102 115 118 133 140 146 149 150 163 166 172 174 182 183 189
36
20 22 37 48 53 60 63 73 81 87 90 98 103 105 106 107 113 115 118 120 124 127 128 129 138 141 143 146 154 169 179 183 186 192 198 200
40
4 18 24 34 35 41 44 45 48 54 55 69 75 76 78 85 88 106 116 117 118 124 125 136 145 147 148 152 154 155 166 168 171 176 181 183 186 188 195 197
37
5 12 13 16 18 24 28 32 34 36 40 50 53 58 61 64 72 74 76 87 101 103 114 115 116 117 121 130 137 139 142 149 157 166 167 175 199
32
3 13 19 20 26 49 57 59 64 65 67 73 83 89 95 102 112 114 118 126 128 136 137 141 146 151 153 157 159 175 192 198
36
9 13 16 21 23 24 35 55 58 66 69 74 76 85 88 89 93 105 108 116 117 118 122 123 128 138 144 145 148 159 174 176 180 185 186 195
46
6 8 15 20 22 23 25 27 39 45 53 63 70 74 78 83 94 97 101 110 116 117 119 120 121 122 126 131 133 139 141 145 146 148 153 156 157 161 163 171 175 179 180 189 193 199
49
4 5 8 13 18 21 30 31 32 36 39 40 53 57 61 65 69 73 81 84 87 91 93 97 99 102 105 109 110 117 119 121 124 126 127 136 140 142 146 155 162 171 172 181 186 187 197 198 199
41
6 7 16 25 26 28 32 43 44 45 46 58 61 64 65 66 67 75 77 89 103 104 105 110 111 112 121 124 127 138 141 159 169 172 175 180 189 195 196 197 198
40
6 18 19 25 38 40 45 46 52 53 56 57 59 78 83 85 90 94 99 101 109 122 123 126 131 133 134 136 144 149 164 165 170 171 175 182 185 186 189 190
38
6 13 17 22 35 44 49 58 64 68 74 80 87 100 104 111 115 116 122 125 130 132 136 145 148 156 160 161 166 170 174 176 177 186 189 192 198 200
43
16 21 22 23 34 38 40 45 48 54 55 56 71 75 76 83 87 90 93 95 97 102 106 111 122 123 128 132 135 147 154 158 161 162 170 175 180 186 187 191 193 195 200
45
1 10 12 13 16 23 25 32 34 40 46 50 52 63 64 65 70 76 79 84 85 93 98 99 100 103 106 107 114 130 138 140 143 154 157 160 164 168 173 176 178 179 180 183 195
37
2 12 14 19 25 26 31 36 43 44 45 56 62 65 75 82 98 99 106 114 124 128 131 135 141 142 153 154 165 170 179 183 184 185 193 197 199
40
14 17 21 27 28 29 36 37 42 43 44 49 55 58 59 78 90 98 101 106 117 126 129 143 144 146 154 155 158 161 162 163 166 170 171 173 177 181 192 199
38
13 17 27 34 35 36 43 47 53 62 67 70 83 84 86 90 92 94 97 114 125 129 133 141 149 155 156 157 158 173 176 183 185 191 193 195 196 200
41
8 22 24 27 39 40 44 47 52 56 63 75 79 83 84 87 90 91 93 97 98 106 113 124 125 127 129 130 135 141 143 148 162 165 173 185 187 189 191 192 194
42
3 8 9 13 18 19 34 36 38 48 50 51 52 56 57 77 78 79 80 81 89 92 94 95 97 111 134 135 143 144 146 162 164 167 170 185 187 191 192 193 195 199
39
7 8 18 30 37 38 44 59 62 64 67 69 76 79 81 83 84 94 105 109 114 116 123 133 140 152 155 160 171 174 175 177 178 185 187 192 195 197 198
49
2 8 9 14 15 18 19 23 26 30 35 36 38 39 46 56 58 66 68 69 76 91 96 98 99 100 107 111 115 126 127 128 131 132 144 146 147 149 150 152 155 166 170 171 174 176 178 189 197
43
7 8 9 10 12 15 17 20 23 31 32 34 35 47 51 53 59 64 72 79 84 87 92 95 98 100 106 115 116 117 122 127 138 145 150 152 161 166 169 173 174 178 192
39
1 7 9 12 13 24 26 33 34 43 69 74 76 77 78 89 100 102 114 115 116 122 126 129 130 132 134 143 148 153 155 161 168 179 182 183 186 187 188
35
2 5 8 16 25 27 29 37 38 66 69 72 75 78 85 104 106 112 113 114 126 129 137 138 144 154 166 167 169 180 181 185 191 194 200
44
2 5 10 11 12 15 17 23 40 41 48 51 54 55 59 65 69 73 74 76 77 82 85 100 101 102 103 109 120 126 131 134 137 148 152 161 170 171 175 177 181 194 197 199
45
3 11 16 17 19 20 25 31 34 40 45 49 52 57 59 64 65 73 74 75 81 84 87 97 100 109 124 126 128 129 134 135 143 145 150 152 155 164 166 171 174 179 183 197 199
