50 100
1.0 1.0 1.0 1.0 1.0 1.0 1.0 1.0 1.0 1.0 1.0 1.0 1.0 1.0 1.0 1.0 1.0 1.0 1.0 1.0 1.0 1.0 1.0 1.0 1.0 1.0 1.0 1.0 1.0 1.0 1.0 1.0 1.0 1.0 1.0 1.0 1.0 1.0 1.0 1.0 1.0 1.0 1.0 1.0 1.0 1.0 1.0 1.0 1.0 1.0 1.0 1.0 1.0 1.0 1.0 1.0 1.0 1.0 1.0 1.0 1.0 1.0 1.0 1.0 1.0 1.0 1.0 1.0 1.0 1.0 1.0 1.0 1.0 1.0 1.0 1.0 1.0 1.0 1.0 1.0 1.0 1.0 1.0 1.0 1.0 1.0 1.0 1.0 1.0 1.0 1.0 1.0 1.0 1.0 1.0 1.0 1.0 1.0 1.0 1.0
11
4 9 25 33 36 43 48 62 63 68 70
18
2 7 8 9 15 18 27 48 50 59 64 68 70 75 77 87 88 91
14
11 43 48 50 59 71 74 80 83 84 86 87 92 100
23
8 12 14 17 20 26 27 28 34 35 44 47 59 75 76 77 81 90 91 93 96 99 100
20
3 4 6 10 11 13 16 22 23 30 34 46 53 55 62 63 66 72 76 80
21
10 11 20 21 22 32 36 39 52 56 57 61 62 68 70 85 86 87 92 97 99
20
4 11 17 24 26 32 34 38 40 45 48 54 56 60 64 69 73 74 77 92
18
5 14 25 27 33 49 57 64 65 68 71 72 74 75 77 81 87 92
13
18 19 31 32 45 52 56 59 70 75 83 96 98
24
13 22 25 28 33 35 40 42 43 44 62 63 71 72 79 80 85 88 91 92 93 96 98 100
17
6 7 9 16 19 22 23 28 49 56 65 66 70 74 75 84 100
19
3 7 8 9 15 22 28 36 53 58 59 63 66 73 75 81 88 95 96
20
3 6 17 21 24 26 49 52 60 69 73 74 76 77 83 84 87 90 93 94
15
4 6 10 17 19 22 27 28 37 43 67 76 94 96 98
18
4 6 8 9 10 25 37 38 51 59 73 74 76 82 83 85 89 90
15
8 14 36 37 45 54 56 58 65 69 70 77 88 94 99
20
4 11 25 29 33 38 39 56 62 63 65 68 74 75 77 81 85 86 88 93
23
1 3 4 11 12 16 18 19 38 43 54 56 57 64 67 71 74 75 80 85 86 89 92
15
1 3 8 9 15 18 34 37 39 43 55 57 63 86 87
18
5 16 18 26 32 35 36 38 48 54 58 61 64 79 84 85 86 97
28
1 3 5 6 9 20 23 24 31 32 34 37 39 41 48 50 56 61 63 78 80 84 85 88 91 94 96 100
19
2 7 13 15 21 26 30 33 42 44 59 62 69 70 73 79 86 93 94
18
12 16 17 18 22 26 27 32 47 51 54 55 56 59 65 78 87 97
19
1 6 24 29 32 38 53 59 63 64 70 73 84 89 90 92 95 96 100
21
2 4 7 11 13 18 19 25 26 27 31 40 46 59 63 67 68 70 72 75 76
21
1 7 9 11 20 22 24 27 36 47 48 54 56 64 70 74 81 83 85 86 96
22
3 9 31 35 37 46 47 49 50 52 53 60 64 67 69 70 71 73 75 82 91 96
16
6 8 16 19 20 28 29 33 42 48 59 61 64 76 86 97
16
1 17 23 29 33 36 40 46 50 52 73 76 82 85 90 100
23
6 7 11 12 16 19 23 25 28 32 33 39 43 47 48 49 70 72 76 77 91 94 95
11
26 30 33 52 54 57 59 60 64 77 86
18
7 8 11 24 25 34 41 46 51 54 61 62 68 78 97 98 99 100
24
17 19 20 29 33 36 42 44 46 47 48 50 58 60 63 72 76 80 83 92 95 97 99 100
22
5 8 21 26 28 29 33 38 42 52 54 57 59 60 69 81 86 89 90 91 95 98
19
4 5 6 8 21 23 26 33 35 38 41 50 55 68 81 83 87 88 97
20
6 9 10 18 19 21 28 30 31 47 57 64 72 76 81 85 88 92 94 100
27
1 4 5 13 14 15 16 23 34 35 40 43 46 50 53 59 60 62 66 71 73 81 82 83 90 91 99
19
3 7 9 11 16 17 23 29 31 39 40 41 45 51 56 57 59 72 95
22
4 8 16 20 23 39 47 50 53 54 55 57 58 60 65 66 70 74 76 79 93 99
22
2 10 24 28 29 31 49 50 52 55 56 60 75 82 87 89 90 93 94 96 98 100
15
3 8 9 24 30 34 47 52 60 62 65 69 92 96 100
22
1 6 7 10 17 20 22 23 24 26 27 37 39 41 44 52 54 64 86 95 99 100
20
3 5 6 10 17 26 29 35 47 48 54 61 65 68 69 73 81 82 85 99
19
2 8 9 24 26 33 34 37 39 40 41 43 50 53 64 67 72 80 85
18
15 22 26 28 30 31 32 40 41 49 66 72 87 90 91 93 94 98
20
4 5 8 20 26 30 32 50 55 56 62 64 70 72 75 81 85 92 95 100
29
1 2 8 13 14 19 21 25 33 39 41 44 45 51 54 59 61 68 70 71 73 74 82 86 93 94 95 97 98
20
5 8 14 17 23 25 30 50 52 58 61 63 65 73 75 78 84 91 92 99
14
2 6 7 17 27 28 41 43 46 51 62 68 70 98
20
2 5 18 21 23 30 32 37 44 45 47 48 50 53 55 62 65 69 87 100
