150 300
1.0 1.0 1.0 1.0 1.0 1.0 1.0 1.0 1.0 1.0 1.0 1.0 1.0 1.0 1.0 1.0 1.0 1.0 1.0 1.0 1.0 1.0 1.0 1.0 1.0 1.0 1.0 1.0 1.0 1.0 1.0 1.0 1.0 1.0 1.0 1.0 1.0 1.0 1.0 1.0 1.0 1.0 1.0 1.0 1.0 1.0 1.0 1.0 1.0 1.0 1.0 1.0 1.0 1.0 1.0 1.0 1.0 1.0 1.0 1.0 1.0 1.0 1.0 1.0 1.0 1.0 1.0 1.0 1.0 1.0 1.0 1.0 1.0 1.0 1.0 1.0 1.0 1.0 1.0 1.0 1.0 1.0 1.0 1.0 1.0 1.0 1.0 1.0 1.0 1.0 1.0 1.0 1.0 1.0 1.0 1.0 1.0 1.0 1.0 1.0 1.0 1.0 1.0 1.0 1.0 1.0 1.0 1.0 1.0 1.0 1.0 1.0 1.0 1.0 1.0 1.0 1.0 1.0 1.0 1.0 1.0 1.0 1.0 1.0 1.0 1.0 1.0 1.0 1.0 1.0 1.0 1.0 1.0 1.0 1.0 1.0 1.0 1.0 1.0 1.0 1.0 1.0 1.0 1.0 1.0 1.0 1.0 1.0 1.0 1.0 1.0 1.0 1.0 1.0 1.0 1.0 1.0 1.0 1.0 1.0 1.0 1.0 1.0 1.0 1.0 1.0 1.0 1.0 1.0 1.0 1.0 1.0 1.0 1.0 1.0 1.0 1.0 1.0 1.0 1.0 1.0 1.0 1.0 1.0 1.0 1.0 1.0 1.0 1.0 1.0 1.0 1.0 1.0 1.0 1.0 1.0 1.0 1.0 1.0 1.0 1.0 1.0 1.0 1.0 1.0 1.0 1.0 1.0 1.0 1.0 1.0 1.0 1.0 1.0 1.0 1.0 1.0 1.0 1.0 1.0 1.0 1.0 1.0 1.0 1.0 1.0 1.0 1.0 1.0 1.0 1.0 1.0 1.0 1.0 1.0 1.0 1.0 1.0 1.0 1.0 1.0 1.0 1.0 1.0 1.0 1.0 1.0 1.0 1.0 1.0 1.0 1.0 1.0 1.0 1.0 1.0 1.0 1.0 1.0 1.0 1.0 1.0 1.0 1.0 1.0 1.0 1.0 1.0 1.0 1.0 1.0 1.0 1.0 1.0 1.0 1.0 1.0 1.0 1.0 1.0 1.0 1.0 1.0 1.0 1.0 1.0 1.0 1.0 1.0 1.0 1.0 1.0 1.0 1.0 1.0 1.0 1.0 1.0 1.0 1.0
16
21 45 48 100 114 129 149 191 203 210 220 245 258 264 270 286
14
2 14 20 26 67 104 122 124 132 185 187 213 242 257
13
3 7 46 48 75 108 124 160 164 180 215 240 281
10
23 53 62 86 107 142 156 207 211 220
19
43 51 68 77 88 104 108 135 182 184 203 207 224 225 227 240 261 263 293
14
65 82 100 120 128 139 141 165 200 205 226 228 263 267
19
9 34 44 51 54 57 59 62 69 80 97 142 146 150 172 215 255 262 263
16
2 48 54 59 93 95 103 112 157 211 219 240 242 253 258 278
11
23 72 83 130 154 176 219 260 277 297 299
16
8 16 17 22 55 58 115 140 141 145 151 163 191 221 240 247
13
5 63 72 74 110 114 115 123 182 185 198 200 230
11
3 20 37 64 101 137 167 194 198 218 289
17
26 28 63 110 125 136 148 175 189 200 211 220 223 246 266 269 300
18
5 15 59 81 82 97 108 119 137 139 143 145 150 165 194 246 250 255
18
27 117 134 137 144 176 210 213 219 223 227 235 240 248 257 264 269 281
19
52 56 61 102 107 108 114 132 140 167 181 183 190 196 200 213 225 259 265
11
2 5 23 64 87 142 195 215 217 222 272
19
1 37 55 72 77 83 116 125 174 189 215 231 239 244 255 268 274 276 290
12
19 21 76 139 147 156 172 181 219 271 279 283
11
32 55 73 136 152 155 168 212 252 267 273
13
25 70 72 76 122 129 134 161 170 184 210 214 266
21
3 12 18 28 37 38 48 74 91 113 123 143 170 174 184 211 255 281 286 292 300
20
13 50 57 58 73 94 98 122 128 140 147 175 186 209 216 254 265 272 274 275
12
9 30 64 96 109 123 147 180 231 256 276 283
25
14 15 27 36 46 47 49 55 56 80 87 103 129 130 150 179 201 234 253 256 258 279 288 295 300
10
14 45 67 74 118 139 181 244 257 260
14
17 22 44 87 96 127 135 168 195 203 245 275 284 288
15
17 32 65 72 94 97 124 144 153 207 246 259 262 267 269
15
10 23 50 56 83 106 123 125 152 184 186 220 227 242 267
19
19 37 71 78 80 91 130 149 151 161 162 191 198 205 218 222 273 274 279
16
5 27 31 32 38 40 48 103 117 120 184 227 246 251 268 272
15
3 15 33 46 66 92 173 208 235 248 255 276 295 296 298
14
11 14 25 38 52 85 131 224 245 252 288 289 293 300
14
32 45 47 75 78 110 183 187 197 206 222 279 287 296
13
3 11 33 66 85 101 120 145 171 181 199 224 238
22
8 15 23 33 46 49 59 79 85 86 97 116 130 135 142 161 193 204 212 241 263 296
20
4 16 43 82 83 91 99 130 151 167 182 185 221 231 232 243 253 262 274 283
14
22 47 83 109 115 125 127 167 222 249 259 264 267 290
14
12 15 16 22 105 106 128 139 159 161 197 221 240 272
13
16 19 41 73 106 145 167 205 225 236 237 246 284
14
13 41 56 93 104 117 148 167 198 225 242 284 289 293
16
47 56 64 79 88 124 126 136 141 150 170 214 232 243 249 284
15
7 20 21 74 123 179 198 202 237 249 254 260 270 271 285
19
1 31 34 46 47 67 69 106 131 145 146 247 258 261 263 264 270 277 296
24
20 25 31 35 51 68 70 72 82 85 86 99 102 142 144 168 169 203 214 216 231 270 274 281
18
11 15 32 69 76 94 99 128 151 163 173 200 202 220 225 227 275 277
19
5 20 52 87 115 116 117 135 141 149 161 187 196 218 231 256 265 274 297
19
3 31 32 38 43 56 63 74 79 84 108 109 122 186 193 236 240 270 281
9
14 33 84 128 146 183 234 261 277
12
4 20 28 42 78 85 97 150 266 284 296 300
18
20 38 42 80 116 144 149 161 194 195 196 210 237 247 266 282 289 291
14
13 25 35 46 67 126 133 175 231 254 263 271 278 290
12
4 5 33 47 79 120 131 157 170 209 214 280
20
5 34 43 56 58 72 97 105 106 114 120 176 184 190 252 256 261 262 289 292
11
35 49 57 94 102 107 148 194 253 255 272
13
15 35 39 53 89 157 168 182 183 187 207 215 256
15
11 62 76 96 103 106 111 121 134 158 161 241 254 265 295
9
31 53 66 118 174 182 217 227 266
15
31 45 48 50 100 131 187 189 193 196 199 204 210 217 268
11
22 45 51 107 220 243 267 273 282 296 298
10
1 18 56 108 109 110 149 185 190 287
12
22 79 90 131 182 222 245 254 270 276 286 287
12
21 57 58 116 118 120 129 167 234 247 256 275
11
23 33 61 100 127 167 239 263 267 274 287
18
5 10 28 54 78 100 134 140 147 151 177 181 262 265 266 274 286 289
18
50 54 57 66 75 100 103 109 125 131 137 140 181 235 240 244 271 276
15
13 31 56 73 79 82 84 165 194 230 243 266 273 284 298
13
19 33 45 83 84 89 141 158 182 211 217 229 252
15
10 65 73 74 77 83 86 118 124 158 162 178 247 261 278
15
2 8 33 43 101 149 180 197 201 223 244 266 267 273 284
7
24 34 61 160 183 196 232
17
4 6 26 35 105 106 129 134 140 167 198 204 217 220 231 247 282
15
3 5 16 55 76 84 110 143 145 208 209 263 273 292 297
18
48 86 92 116 127 131 132 137 149 181 190 195 223 257 258 267 288 300
13
2 47 68 76 102 143 198 225 247 255 262 274 280
11
24 33 52 97 120 144 173 175 240 253 283
20
1 5 9 17 22 26 57 58 64 115 153 160 162 164 192 193 201 232 246 283
13
10 35 48 79 82 112 147 158 174 179 213 234 244
15
20 33 35 54 102 138 141 142 187 194 199 201 210 235 300
14
21 39 40 50 63 95 100 108 123 124 172 189 195 256
17
13 35 53 62 98 105 114 121 125 138 141 157 160 217 224 241 282
17
23 31 34 103 114 116 128 134 173 177 190 191 213 219 239 255 285
17
10 24 37 47 61 75 86 88 98 102 134 148 157 164 168 193 211
21
6 24 26 32 37 53 67 74 93 125 157 178 212 223 230 251 255 260 265 278 293
14
10 30 46 79 105 118 134 204 220 251 253 280 288 293
18
25 38 47 52 75 133 143 154 169 186 188 204 211 224 233 273 286 288
11
45 111 153 157 164 171 198 213 231 237 293
17
23 26 39 58 60 69 77 129 142 169 184 197 233 266 269 271 300
11
38 39 63 71 107 135 186 189 214 253 295
20
33 79 107 111 131 154 156 158 194 197 207 212 221 222 248 255 272 277 294 298
10
8 114 135 137 146 147 153 170 210 229
20
23 30 38 47 54 59 71 117 167 168 183 208 209 219 224 233 238 241 283 289
11
20 27 58 65 111 138 148 201 250 264 289
22
1 28 35 46 49 74 79 98 99 102 108 123 130 131 149 156 170 238 245 251 260 278
19
5 31 39 72 128 142 144 152 153 169 194 204 226 239 244 250 253 270 282
13
7 67 70 131 134 153 160 175 199 223 232 285 299
12
18 62 107 169 175 199 206 214 223 229 264 296
17
1 18 33 41 61 69 91 117 150 158 166 178 229 230 266 276 278
14
3 33 41 63 88 101 128 134 173 198 201 213 232 235
6
33 86 142 227 254 269
14
8 72 89 123 131 139 164 180 190 236 240 242 260 290
11
30 66 72 99 104 109 159 160 216 272 293
17
11 14 17 50 52 85 112 113 126 142 145 196 214 224 241 255 264
16
1 4 8 35 55 62 78 133 145 168 192 216 233 241 270 276
12
7 8 46 52 105 132 139 248 276 282 287 290
16
21 54 55 64 71 76 87 131 140 159 172 192 239 258 269 284
18
3 31 32 36 62 74 75 84 109 118 121 131 149 158 169 242 257 294
15
9 21 22 54 60 62 141 146 150 186 191 210 216 219 242
16
25 33 99 115 117 128 134 140 141 165 166 180 183 188 207 226
12
6 61 90 113 117 119 165 170 173 207 210 236
16
42 46 75 83 84 108 143 153 162 165 166 187 228 236 274 281
10
41 43 44 47 55 110 142 180 227 271
18
39 64 80 89 98 106 122 156 167 176 235 255 263 274 280 283 288 300
14
28 51 77 91 158 164 178 182 236 255 269 274 283 294
12
1 6 44 105 126 147 153 222 225 246 254 268
11
40 114 140 145 159 192 195 230 256 284 296
23
25 42 65 84 99 104 105 109 114 119 137 145 149 176 180 234 237 240 250 273 277 285 292
17
19 33 44 52 61 78 97 103 117 160 167 222 224 246 249 273 287
8
14 42 93 132 178 234 243 269
16
40 64 66 71 75 81 102 107 110 125 176 179 183 186 207 270
21
21 44 47 86 89 113 114 122 131 138 141 164 172 182 195 199 228 264 269 272 297
14
2 4 14 23 117 123 136 149 154 159 176 178 236 290
12
30 37 42 50 63 92 113 173 182 195 273 286
18
1 7 21 34 65 76 80 135 166 168 171 213 214 218 225 257 279 283
18
22 42 45 80 82 94 138 142 152 154 164 196 213 230 254 255 266 292
15
20 26 31 35 69 81 91 111 160 203 209 217 222 254 285
11
14 71 92 94 132 202 238 262 266 284 298
9
6 25 29 33 62 116 198 242 295
11
20 31 40 57 68 135 138 152 185 186 239
10
12 24 61 111 122 139 182 233 249 288
19
4 18 33 57 63 67 82 101 119 130 141 186 188 209 221 228 241 263 286
21
1 9 19 24 47 64 73 81 85 103 125 193 212 220 233 266 267 277 280 289 297
23
17 20 27 66 67 92 119 131 135 158 170 173 194 197 202 212 226 235 236 249 257 266 292
13
22 33 51 61 87 89 106 130 156 163 205 217 290
23
11 31 33 48 53 72 77 94 99 102 115 123 127 142 148 153 174 189 203 236 263 281 295
16
23 32 64 84 102 169 172 182 193 207 210 236 255 263 287 291
14
10 26 33 50 80 116 144 151 157 211 217 261 273 299
16
26 30 48 63 73 74 96 119 139 142 166 176 183 184 206 271
15
11 12 30 73 102 129 133 147 157 190 228 243 248 251 269
15
29 35 41 92 98 113 117 120 128 136 154 173 247 261 264
15
8 14 52 59 96 114 116 123 131 156 165 203 210 231 240
16
5 32 56 70 72 89 94 127 154 155 175 233 267 282 283 297
15
31 56 70 76 94 101 122 130 161 172 182 213 214 224 252
13
1 7 51 55 86 103 107 121 156 211 227 277 278
12
1 16 31 38 76 93 110 184 222 223 266 268
18
19 47 53 63 72 122 125 130 134 135 138 142 146 167 174 196 256 278
11
13 24 25 62 100 115 133 180 220 273 286
9
22 39 48 51 78 97 157 183 260
17
19 24 37 45 47 55 75 91 98 104 115 116 131 133 215 257 266
15
13 33 57 67 104 106 120 121 137 150 158 182 201 221 241
