50 100
1.0 1.0 1.0 1.0 1.0 1.0 1.0 1.0 1.0 1.0 1.0 1.0 1.0 1.0 1.0 1.0 1.0 1.0 1.0 1.0 1.0 1.0 1.0 1.0 1.0 1.0 1.0 1.0 1.0 1.0 1.0 1.0 1.0 1.0 1.0 1.0 1.0 1.0 1.0 1.0 1.0 1.0 1.0 1.0 1.0 1.0 1.0 1.0 1.0 1.0 1.0 1.0 1.0 1.0 1.0 1.0 1.0 1.0 1.0 1.0 1.0 1.0 1.0 1.0 1.0 1.0 1.0 1.0 1.0 1.0 1.0 1.0 1.0 1.0 1.0 1.0 1.0 1.0 1.0 1.0 1.0 1.0 1.0 1.0 1.0 1.0 1.0 1.0 1.0 1.0 1.0 1.0 1.0 1.0 1.0 1.0 1.0 1.0 1.0 1.0
2
23 73
8
13 16 20 27 35 37 57 64
2
2 20
4
1 60 76 99
6
31 43 49 58 73 99
5
22 30 49 65 92
2
66 82
1
10
5
3 18 26 52 61
5
5 7 21 62 63
5
20 65 78 97 100
3
60 85 90
3
13 24 50
4
1 13 27 85
4
27 29 56 93
3
63 95 96
5
13 29 33 86 94
3
25 70 86
6
5 18 59 61 86 96
6
15 30 44 57 72 74
4
1 22 80 98
1
97
3
39 40 45
8
4 22 26 63 70 74 77 81
3
32 38 80
5
58 77 84 87 91
3
53 88 94
2
54 89
3
31 36 42
1
75
7
7 12 24 27 30 44 88
5
10 17 29 58 90
4
5 24 25 76
4
42 46 48 74
7
28 39 43 61 73 81 83
5
9 18 42 65 97
4
62 77 87 90
4
1 4 27 64
4
7 12 46 49
3
4 56 62
3
23 47 59
2
5 15
8
8 9 17 22 36 46 61 79
5
31 48 56 63 91
9
9 12 16 58 64 75 79 84 92
4
13 30 67 73
5
4 15 25 34 81
3
19 27 92
7
20 47 53 84 86 91 93
5
1 10 30 32 54
