100 200
1.0 1.0 1.0 1.0 1.0 1.0 1.0 1.0 1.0 1.0 1.0 1.0 1.0 1.0 1.0 1.0 1.0 1.0 1.0 1.0 1.0 1.0 1.0 1.0 1.0 1.0 1.0 1.0 1.0 1.0 1.0 1.0 1.0 1.0 1.0 1.0 1.0 1.0 1.0 1.0 1.0 1.0 1.0 1.0 1.0 1.0 1.0 1.0 1.0 1.0 1.0 1.0 1.0 1.0 1.0 1.0 1.0 1.0 1.0 1.0 1.0 1.0 1.0 1.0 1.0 1.0 1.0 1.0 1.0 1.0 1.0 1.0 1.0 1.0 1.0 1.0 1.0 1.0 1.0 1.0 1.0 1.0 1.0 1.0 1.0 1.0 1.0 1.0 1.0 1.0 1.0 1.0 1.0 1.0 1.0 1.0 1.0 1.0 1.0 1.0 1.0 1.0 1.0 1.0 1.0 1.0 1.0 1.0 1.0 1.0 1.0 1.0 1.0 1.0 1.0 1.0 1.0 1.0 1.0 1.0 1.0 1.0 1.0 1.0 1.0 1.0 1.0 1.0 1.0 1.0 1.0 1.0 1.0 1.0 1.0 1.0 1.0 1.0 1.0 1.0 1.0 1.0 1.0 1.0 1.0 1.0 1.0 1.0 1.0 1.0 1.0 1.0 1.0 1.0 1.0 1.0 1.0 1.0 1.0 1.0 1.0 1.0 1.0 1.0 1.0 1.0 1.0 1.0 1.0 1.0 1.0 1.0 1.0 1.0 1.0 1.0 1.0 1.0 1.0 1.0 1.0 1.0 1.0 1.0 1.0 1.0 1.0 1.0 1.0 1.0 1.0 1.0 1.0 1.0 1.0 1.0 1.0 1.0 1.0 1.0
18
13 14 21 25 44 47 52 57 66 75 81 88 93 96 144 150 169 184
19
9 10 22 23 27 51 57 65 85 87 110 120 125 127 146 167 169 178 192
24
9 26 27 31 34 35 41 51 68 97 103 121 125 154 157 164 168 169 175 183 184 186 195 200
16
11 29 33 76 95 97 103 104 115 124 142 150 154 172 179 189
21
21 31 41 45 51 60 79 82 90 97 106 114 125 153 155 162 165 178 179 182 187
19
25 43 48 57 60 68 74 75 76 78 79 82 94 111 122 140 152 178 180
22
30 50 78 82 86 101 103 106 110 111 119 121 124 126 129 147 148 149 171 178 187 189
14
9 25 60 68 69 85 93 102 124 126 132 146 189 197
27
3 7 16 19 22 24 38 39 45 46 70 79 82 90 105 106 109 112 113 117 154 157 158 160 165 186 194
21
8 19 20 22 29 38 43 62 80 118 137 149 157 161 169 172 188 192 193 195 197
32
5 8 9 20 31 33 40 45 46 56 60 63 74 78 79 89 90 103 108 113 115 121 123 129 130 135 141 174 178 181 187 197
16
6 8 28 46 68 82 85 99 117 120 124 128 137 139 159 164
18
4 15 21 51 74 90 121 127 131 141 147 153 157 185 187 195 196 197
22
35 36 40 52 54 60 63 77 79 105 114 130 141 142 147 164 165 176 181 182 194 196
27
20 30 33 44 46 53 65 66 67 69 83 88 99 102 111 117 123 129 131 143 161 162 165 174 177 188 197
13
25 37 41 45 52 81 87 93 115 140 142 166 179
20
7 31 32 55 63 67 70 74 75 81 88 117 118 127 134 167 175 196 199 200
22
7 9 18 26 35 52 71 74 81 88 89 90 96 103 105 120 131 150 158 163 165 187
24
4 10 11 21 22 23 27 28 33 34 43 46 59 66 70 95 97 99 100 108 109 145 148 177
19
10 13 32 33 37 63 70 77 83 103 113 114 115 117 141 174 180 192 195
21
5 10 11 15 26 31 35 51 57 77 81 122 128 134 135 153 158 159 169 173 184
22
14 23 32 35 51 56 57 58 62 65 79 84 97 111 119 125 136 153 173 178 182 199
18
2 7 16 24 28 36 53 59 92 124 125 153 157 161 173 174 181 188
21
3 14 17 20 30 38 40 67 96 111 134 140 147 154 156 160 164 177 178 188 199
24
7 15 24 29 31 33 40 53 58 61 64 69 78 85 119 137 138 155 156 169 186 187 191 198
10
54 74 77 83 126 129 150 152 173 176
18
2 14 22 25 28 56 59 74 80 108 127 135 145 151 168 188 194 197
24
5 11 21 47 49 50 58 71 73 76 96 99 112 118 119 134 137 139 140 143 146 147 167 172
17
7 19 35 38 39 42 46 74 89 103 106 107 117 118 145 156 189
18
2 8 12 38 40 41 43 50 80 101 128 134 136 147 149 151 165 171
32
7 10 13 16 19 20 36 40 44 56 59 69 71 81 83 102 105 116 119 121 140 155 157 159 170 173 180 185 186 187 189 199
20
10 13 16 24 52 70 78 101 104 120 122 135 150 156 161 162 165 179 185 193
18
13 24 31 41 42 60 63 68 82 93 110 119 121 148 151 161 165 192
13
1 9 52 73 80 83 96 117 128 166 178 182 184
19
8 17 33 40 47 64 68 75 82 89 103 113 129 130 163 165 173 184 191
21
1 16 20 37 53 55 66 72 74 80 82 94 100 104 105 111 119 136 166 176 177
17
28 37 40 41 51 66 68 80 105 110 112 126 130 159 160 179 180
27
7 14 19 25 30 46 60 77 87 88 107 110 113 127 131 133 135 149 153 155 179 181 182 189 192 194 197
16
1 3 9 14 45 47 88 97 130 136 142 148 151 171 180 190
17
20 48 51 52 96 97 120 127 130 149 151 156 157 159 162 182 186
16
15 22 27 39 41 44 89 108 114 122 123 133 158 185 197 200
23
5 11 26 29 42 58 75 81 95 96 98 103 121 126 131 140 143 159 164 174 180 188 195
24
4 15 25 28 37 50 51 52 96 97 106 121 123 132 141 153 163 167 171 172 173 180 182 196
19
4 17 22 37 44 59 65 68 81 105 111 121 122 125 131 138 149 150 163
20
3 23 33 35 62 65 87 126 135 141 145 148 149 150 156 162 171 174 177 186
20
16 17 30 37 48 50 59 89 92 107 127 129 131 147 152 156 164 173 175 176
21
6 15 27 51 58 62 66 95 98 116 132 133 134 152 157 160 162 166 167 179 183
19
6 24 32 43 62 68 70 71 72 82 98 99 154 160 162 165 184 190 193
27
13 29 32 39 44 45 46 50 54 55 69 88 91 96 101 113 117 133 136 141 151 160 183 190 191 192 195
24
10 16 24 26 29 32 56 57 59 63 69 81 82 90 96 115 116 123 124 161 166 167 169 170
23
4 7 15 20 39 63 67 71 73 89 92 94 98 101 103 108 123 149 152 161 171 197 200
19
25 37 45 47 65 66 70 77 91 99 114 115 118 165 170 171 178 186 188
23
7 14 17 18 21 24 26 53 61 62 67 73 98 100 115 132 142 144 146 147 169 177 181
19
2 4 9 25 29 54 81 93 95 124 125 164 167 168 180 181 185 190 192
23
8 18 21 58 62 65 66 74 76 92 104 108 115 118 120 133 137 138 143 149 154 181 185
16
11 29 36 46 108 113 115 117 127 130 133 141 156 159 188 191
22
2 22 23 25 35 37 60 61 68 75 82 105 117 119 121 130 133 134 156 173 177 194
17
11 38 56 79 87 93 102 104 111 125 156 157 162 172 173 185 191
25
2 12 18 19 53 83 91 92 94 95 101 109 110 120 131 138 145 148 158 160 166 168 177 184 198
19
4 10 21 23 25 32 38 50 68 87 92 100 108 115 140 141 158 162 187
21
4 11 20 36 43 45 54 57 59 65 82 86 93 104 109 120 127 154 161 190 199
17
35 37 72 75 81 84 88 91 93 103 112 118 130 152 155 176 194
14
3 13 25 86 93 109 143 149 150 155 157 174 178 192
25
1 7 40 55 61 74 77 82 87 91 95 98 109 115 123 125 129 146 163 174 184 189 193 195 198
20
6 16 33 39 40 44 54 62 70 83 90 96 104 112 127 137 140 157 159 198
16
1 20 29 39 41 57 65 74 111 124 134 138 170 175 183 188
19
3 21 28 31 47 87 95 111 122 130 135 143 148 154 161 164 186 187 200
18
16 25 31 32 34 39 56 63 64 71 96 116 129 166 176 186 190 193
14
2 20 42 47 70 89 131 132 135 139 155 166 175 185
24
4 11 20 23 26 44 72 76 79 85 91 109 129 151 158 160 162 163 174 175 182 184 190 191
20
20 30 32 56 65 71 82 85 91 110 125 130 137 151 155 166 171 175 184 192
25
2 5 7 13 29 31 32 33 35 39 49 59 70 71 72 83 93 101 112 114 127 137 141 155 198
15
2 23 37 52 53 55 64 111 117 125 126 141 180 187 193
18
3 14 21 68 92 94 100 102 108 111 138 142 147 149 158 160 163 185
23
3 9 55 61 65 71 86 92 102 106 111 113 135 142 153 156 161 167 173 181 184 192 197
21
2 12 25 31 33 48 50 69 77 78 99 101 102 116 148 153 164 176 189 196 198
21
2 3 4 16 18 31 33 34 36 62 70 87 98 99 101 116 121 128 145 191 192
23
14 15 24 27 30 40 41 73 75 79 89 101 111 126 129 134 156 169 181 182 188 194 195
19
5 7 33 67 73 74 76 78 85 89 99 112 114 116 122 175 183 195 197
27
3 10 17 18 21 32 37 51 58 64 74 87 89 105 113 118 137 138 141 160 178 180 189 191 192 196 197
23
15 16 20 32 33 44 47 52 53 61 68 72 80 85 104 116 119 127 168 172 180 194 198
23
6 11 12 21 56 73 87 88 90 94 122 129 134 139 144 146 156 172 176 180 182 185 186
17
1 2 16 28 43 54 61 81 86 98 111 137 139 159 160 190 200
25
4 17 22 23 26 27 28 35 38 41 44 55 63 64 75 76 100 104 108 123 134 138 171 187 198
30
1 15 25 30 33 35 36 37 39 42 45 49 65 71 76 78 80 83 109 112 122 139 160 165 169 171 173 180 188 195
22
4 10 12 18 22 41 45 78 85 86 97 99 111 129 134 137 156 157 172 178 188 198
21
1 3 20 27 31 32 35 40 59 71 103 128 138 149 153 162 167 178 192 194 200
19
24 50 56 80 87 110 112 118 124 126 128 150 168 174 179 181 186 196 198
16
11 12 17 28 73 94 96 104 106 108 110 119 130 161 162 174
19
40 42 55 61 69 71 74 78 88 92 104 110 111 125 130 149 161 170 173
20
17 37 40 41 78 94 96 97 103 123 127 128 129 132 138 142 145 164 168 178
10
41 46 59 63 91 102 111 127 129 149
14
13 44 47 49 76 95 105 145 163 176 178 181 183 194
16
4 27 29 37 38 44 57 65 70 92 96 117 120 125 145 189
23
24 27 29 38 41 48 56 65 74 80 82 98 101 102 122 132 133 136 142 157 165 181 200
13
16 18 31 36 37 94 115 131 137 151 174 177 196
22
2 22 24 36 50 73 74 89 91 93 98 113 118 121 123 130 144 158 164 183 185 193
27
2 5 8 9 16 24 27 28 33 68 73 76 83 97 101 104 116 118 119 130 139 169 182 185 186 187 193
24
34 36 37 51 52 73 79 80 83 96 107 109 114 135 139 143 148 151 153 155 156 160 195 199
23
5 11 13 21 25 34 47 59 65 69 75 76 82 88 107 114 118 122 142 153 185 189 198
