100 200
1.0 1.0 1.0 1.0 1.0 1.0 1.0 1.0 1.0 1.0 1.0 1.0 1.0 1.0 1.0 1.0 1.0 1.0 1.0 1.0 1.0 1.0 1.0 1.0 1.0 1.0 1.0 1.0 1.0 1.0 1.0 1.0 1.0 1.0 1.0 1.0 1.0 1.0 1.0 1.0 1.0 1.0 1.0 1.0 1.0 1.0 1.0 1.0 1.0 1.0 1.0 1.0 1.0 1.0 1.0 1.0 1.0 1.0 1.0 1.0 1.0 1.0 1.0 1.0 1.0 1.0 1.0 1.0 1.0 1.0 1.0 1.0 1.0 1.0 1.0 1.0 1.0 1.0 1.0 1.0 1.0 1.0 1.0 1.0 1.0 1.0 1.0 1.0 1.0 1.0 1.0 1.0 1.0 1.0 1.0 1.0 1.0 1.0 1.0 1.0 1.0 1.0 1.0 1.0 1.0 1.0 1.0 1.0 1.0 1.0 1.0 1.0 1.0 1.0 1.0 1.0 1.0 1.0 1.0 1.0 1.0 1.0 1.0 1.0 1.0 1.0 1.0 1.0 1.0 1.0 1.0 1.0 1.0 1.0 1.0 1.0 1.0 1.0 1.0 1.0 1.0 1.0 1.0 1.0 1.0 1.0 1.0 1.0 1.0 1.0 1.0 1.0 1.0 1.0 1.0 1.0 1.0 1.0 1.0 1.0 1.0 1.0 1.0 1.0 1.0 1.0 1.0 1.0 1.0 1.0 1.0 1.0 1.0 1.0 1.0 1.0 1.0 1.0 1.0 1.0 1.0 1.0 1.0 1.0 1.0 1.0 1.0 1.0 1.0 1.0 1.0 1.0 1.0 1.0 1.0 1.0 1.0 1.0 1.0 1.0
10
5 22 23 27 29 106 133 139 153 185
11
6 66 80 97 106 110 166 174 176 187 198
9
27 41 63 79 88 97 156 189 197
5
8 33 36 58 95
13
25 28 47 54 74 85 105 147 152 154 161 162 169
12
10 19 21 53 66 71 114 150 151 152 167 186
9
3 20 37 82 88 143 168 188 189
16
3 17 21 22 30 50 65 79 106 115 126 139 146 151 167 185
10
19 43 66 75 92 121 134 152 185 196
8
10 20 76 78 100 137 169 171
9
30 62 66 77 123 128 156 180 196
12
6 11 14 25 34 65 101 121 126 156 180 182
11
20 32 45 51 62 77 88 104 186 195 200
11
2 4 36 40 89 97 126 153 156 163 182
5
29 51 68 141 179
14
19 21 31 64 68 105 110 141 154 160 176 188 197 199
10
9 75 79 81 129 142 163 171 174 191
5
107 111 119 124 171
7
19 50 53 92 95 105 187
7
30 41 50 95 120 162 174
11
39 75 83 84 86 104 138 146 151 160 162
9
1 31 128 135 157 163 184 186 193
10
22 35 41 42 76 146 150 161 166 181
10
15 35 49 85 129 144 176 179 187 196
2
18 68
12
9 12 42 52 68 99 114 116 131 146 149 199
15
2 7 12 26 34 74 81 120 121 123 131 166 180 192 198
12
16 97 104 119 125 128 133 141 155 160 167 176
10
25 39 54 61 119 125 145 153 198 199
12
25 44 89 94 107 116 120 122 133 135 142 194
9
18 26 39 97 139 154 168 191 193
13
2 12 21 29 86 101 122 123 136 147 159 183 198
14
4 20 21 26 30 34 60 69 97 142 164 170 184 197
8
17 66 72 103 109 114 118 187
10
3 4 36 59 74 99 137 164 171 181
8
6 17 36 71 78 117 157 176
10
6 24 48 49 92 97 101 107 146 168
11
38 41 43 71 72 82 86 91 137 163 165
12
7 16 19 81 85 125 142 147 148 149 150 196
16
33 47 73 80 88 91 109 117 124 131 151 168 188 189 195 199
10
9 75 96 97 113 122 137 146 149 184
14
2 9 14 16 22 40 43 44 50 95 105 128 178 199
13
14 35 61 80 87 93 94 112 127 150 165 176 187
7
58 65 84 98 176 192 195
10
46 67 75 90 93 129 134 156 165 190
11
7 18 35 38 48 69 75 80 94 116 151
10
35 47 59 68 75 76 85 116 154 169
10
16 58 60 77 87 97 98 137 151 168
13
12 45 62 91 108 148 151 156 161 173 183 194 199
8
6 32 40 43 84 87 126 185
14
17 18 36 39 49 65 77 81 96 100 105 130 186 199
12
17 35 59 63 75 102 103 140 146 168 185 197
7
29 39 62 107 126 170 194
7
5 37 52 62 71 143 170
6
5 34 130 166 170 180
10
3 16 20 69 111 113 123 157 169 181
10
51 70 80 102 133 140 176 178 183 186
10
2 44 56 74 76 87 89 102 146 187
5
27 109 126 139 158
16
10 27 32 35 53 69 92 121 129 140 144 149 156 157 169 173
10
12 28 35 39 90 117 123 161 162 172
8
71 115 131 138 148 162 171 184
5
17 42 54 70 187
8
38 85 103 115 147 183 190 197
7
8 15 81 103 182 195 199
7
19 62 118 131 146 170 197
6
22 66 73 83 116 187
7
42 64 120 141 164 175 194
12
50 52 53 98 109 116 122 131 133 147 162 178
8
41 54 83 84 97 99 106 153
11
39 91 101 121 124 125 142 154 186 192 198
5
59 87 90 162 188
10
9 12 15 50 68 72 74 95 138 153
13
7 26 33 40 51 54 60 68 74 141 154 175 187
10
26 71 79 86 89 104 121 124 125 153
8
52 71 91 97 102 145 159 164
3
77 147 194
16
4 30 66 71 72 78 82 107 121 126 128 156 160 180 184 199
9
7 11 89 126 144 152 165 180 189
7
8 16 35 68 150 160 192
9
5 8 26 68 104 141 145 173 182
11
6 33 46 47 62 122 128 140 161 178 179
7
46 48 97 143 167 172 184
12
13 79 81 85 123 128 131 135 136 142 157 181
7
35 40 46 64 94 97 184
10
4 5 23 25 36 37 39 102 105 148
9
22 54 61 70 75 134 139 145 174
10
12 13 21 28 44 52 98 125 145 157
15
4 7 10 23 49 57 66 67 71 93 105 111 134 184 186
13
2 9 11 20 37 59 72 80 97 108 170 173 182
12
33 39 46 53 57 63 88 98 103 114 128 173
12
44 54 89 95 103 125 135 142 145 147 154 157
15
6 16 64 69 79 84 90 98 111 113 156 165 191 192 195
10
3 62 71 86 93 94 119 122 152 177
9
17 18 31 38 99 134 138 146 148
4
43 45 59 102
11
10 18 26 31 34 85 92 94 103 112 173
10
9 21 48 56 110 142 153 167 188 191
10
36 46 67 77 107 126 129 136 140 154
14
8 24 44 50 95 123 132 137 139 144 156 157 185 190
