150 300
1.0 1.0 1.0 1.0 1.0 1.0 1.0 1.0 1.0 1.0 1.0 1.0 1.0 1.0 1.0 1.0 1.0 1.0 1.0 1.0 1.0 1.0 1.0 1.0 1.0 1.0 1.0 1.0 1.0 1.0 1.0 1.0 1.0 1.0 1.0 1.0 1.0 1.0 1.0 1.0 1.0 1.0 1.0 1.0 1.0 1.0 1.0 1.0 1.0 1.0 1.0 1.0 1.0 1.0 1.0 1.0 1.0 1.0 1.0 1.0 1.0 1.0 1.0 1.0 1.0 1.0 1.0 1.0 1.0 1.0 1.0 1.0 1.0 1.0 1.0 1.0 1.0 1.0 1.0 1.0 1.0 1.0 1.0 1.0 1.0 1.0 1.0 1.0 1.0 1.0 1.0 1.0 1.0 1.0 1.0 1.0 1.0 1.0 1.0 1.0 1.0 1.0 1.0 1.0 1.0 1.0 1.0 1.0 1.0 1.0 1.0 1.0 1.0 1.0 1.0 1.0 1.0 1.0 1.0 1.0 1.0 1.0 1.0 1.0 1.0 1.0 1.0 1.0 1.0 1.0 1.0 1.0 1.0 1.0 1.0 1.0 1.0 1.0 1.0 1.0 1.0 1.0 1.0 1.0 1.0 1.0 1.0 1.0 1.0 1.0 1.0 1.0 1.0 1.0 1.0 1.0 1.0 1.0 1.0 1.0 1.0 1.0 1.0 1.0 1.0 1.0 1.0 1.0 1.0 1.0 1.0 1.0 1.0 1.0 1.0 1.0 1.0 1.0 1.0 1.0 1.0 1.0 1.0 1.0 1.0 1.0 1.0 1.0 1.0 1.0 1.0 1.0 1.0 1.0 1.0 1.0 1.0 1.0 1.0 1.0 1.0 1.0 1.0 1.0 1.0 1.0 1.0 1.0 1.0 1.0 1.0 1.0 1.0 1.0 1.0 1.0 1.0 1.0 1.0 1.0 1.0 1.0 1.0 1.0 1.0 1.0 1.0 1.0 1.0 1.0 1.0 1.0 1.0 1.0 1.0 1.0 1.0 1.0 1.0 1.0 1.0 1.0 1.0 1.0 1.0 1.0 1.0 1.0 1.0 1.0 1.0 1.0 1.0 1.0 1.0 1.0 1.0 1.0 1.0 1.0 1.0 1.0 1.0 1.0 1.0 1.0 1.0 1.0 1.0 1.0 1.0 1.0 1.0 1.0 1.0 1.0 1.0 1.0 1.0 1.0 1.0 1.0 1.0 1.0 1.0 1.0 1.0 1.0 1.0 1.0 1.0 1.0 1.0 1.0 1.0 1.0 1.0 1.0 1.0 1.0
28
48 54 56 72 74 77 79 91 125 126 132 165 166 168 182 183 203 205 212 246 249 250 259 263 275 282 288 299
33
17 36 47 48 62 63 69 72 93 94 101 111 136 144 155 160 163 168 171 173 178 187 195 198 200 225 233 242 245 251 271 282 291
37
8 10 14 18 26 29 33 35 47 54 55 61 64 75 103 104 122 128 133 134 141 145 149 150 151 168 188 197 231 237 254 256 260 261 281 285 299
32
14 16 18 19 37 44 49 53 63 66 74 86 87 101 114 121 133 161 176 186 201 212 225 229 233 235 260 269 272 282 286 287
31
24 27 31 45 55 68 75 99 108 113 127 137 157 162 182 186 188 194 199 202 225 244 248 251 256 257 260 284 294 296 300
26
17 23 28 43 44 55 58 79 90 104 105 128 130 132 135 136 143 155 173 184 203 244 247 278 283 291
29
25 28 41 49 61 63 70 80 95 96 98 113 133 160 174 177 190 195 208 215 232 237 241 249 259 262 267 288 292
31
23 34 35 37 66 71 73 80 104 111 115 130 148 151 160 177 180 186 188 192 203 216 233 244 248 251 259 263 273 275 290
28
9 11 12 20 47 66 85 92 97 114 124 131 150 151 156 158 197 198 205 209 216 218 228 237 243 272 283 289
30
1 3 37 41 50 88 118 124 127 131 135 147 158 159 165 169 176 187 202 204 216 225 233 248 252 260 270 274 287 292
37
2 20 25 48 49 55 65 72 73 128 143 155 159 164 166 180 184 194 196 201 202 213 221 222 230 238 241 243 253 263 264 268 277 279 283 285 293
26
25 30 35 42 59 65 101 110 114 128 146 148 152 167 170 173 180 198 202 218 235 251 255 261 278 289
28
6 14 19 20 21 25 27 34 54 62 67 94 128 150 152 168 174 177 186 206 221 222 231 234 237 249 275 297
35
1 6 11 13 19 20 29 33 35 41 44 45 46 53 70 91 103 105 120 128 129 139 140 156 196 201 208 209 213 214 223 225 258 271 274
31
2 14 15 22 46 50 55 69 79 88 109 110 111 148 149 152 161 172 175 179 181 199 203 209 211 224 228 230 240 243 282
27
3 4 35 47 51 53 61 63 73 83 98 161 163 168 179 193 200 209 217 219 231 252 256 272 275 284 295
31
8 39 40 45 61 64 71 76 92 99 107 108 120 149 169 171 192 193 197 204 205 215 227 234 237 268 272 282 286 287 296
27
1 12 13 15 21 25 26 28 60 75 76 101 111 122 135 154 164 169 171 185 193 197 221 253 266 268 274
28
5 33 35 66 71 77 82 90 104 111 118 122 146 149 167 185 189 203 210 216 218 226 236 240 245 250 272 280
31
14 18 24 30 39 47 59 61 72 105 106 108 109 132 141 146 202 203 216 222 226 238 241 253 267 270 275 279 280 288 300
29
13 26 48 52 71 90 102 123 141 147 157 158 175 193 194 206 215 223 235 236 245 256 257 263 265 266 270 279 286
30
2 6 10 18 24 34 35 38 52 64 81 82 95 113 123 128 141 145 147 162 166 176 203 206 219 221 232 241 256 299
26
5 25 63 65 97 103 119 121 138 139 141 148 152 154 161 173 179 189 215 221 227 228 241 244 263 292
29
3 10 37 40 49 56 60 87 91 99 111 127 136 151 153 156 179 185 189 195 197 199 200 226 239 244 272 276 288
23
16 19 47 52 56 73 76 78 79 143 169 171 172 189 228 247 250 258 265 268 278 286 290
32
3 6 11 15 17 50 54 76 79 82 83 92 99 102 104 108 109 151 157 163 169 172 201 211 214 233 256 258 273 274 282 283
35
4 22 23 29 32 48 54 89 91 111 119 126 133 136 139 153 155 194 198 201 207 209 218 222 228 233 236 240 248 250 265 266 271 286 295
24
13 20 29 45 47 79 86 89 92 124 137 155 158 160 162 164 169 186 198 213 239 278 286 298
34
2 4 10 20 33 35 39 47 50 54 67 73 77 88 99 102 118 121 126 140 147 157 170 173 176 188 220 227 253 273 278 283 291 294
31
4 20 53 57 60 68 82 84 87 88 100 117 126 144 162 169 170 191 201 205 206 210 233 242 245 259 264 286 293 299 300
27
17 51 59 71 91 93 98 104 121 133 138 157 170 181 192 204 206 220 242 251 252 256 258 262 282 283 299
33
2 28 35 64 71 74 85 88 98 117 118 120 121 133 168 178 181 187 192 204 219 225 234 243 244 249 253 254 259 262 280 286 288
35
10 13 23 36 39 43 44 47 49 55 60 68 101 103 110 114 132 147 155 171 172 181 184 194 201 219 226 240 252 254 255 257 266 284 287
30
15 38 52 65 70 73 77 83 86 99 100 155 159 166 187 199 203 214 216 221 222 234 242 251 260 263 264 267 272 277
27
13 30 33 40 43 58 65 79 102 114 124 155 162 166 178 184 185 205 207 216 224 232 244 267 276 282 294
29
13 21 22 27 31 46 61 64 73 99 109 111 121 125 127 132 139 157 172 195 199 200 234 235 238 242 264 278 286
26
11 41 45 58 61 62 82 89 99 105 113 120 154 157 159 179 181 182 185 199 222 243 267 268 276 278
24
9 21 73 75 89 92 113 116 149 161 175 178 183 200 204 207 233 235 239 240 252 259 267 300
32
7 33 54 59 67 70 97 101 104 105 113 126 152 163 165 172 176 180 189 217 229 234 239 242 248 260 263 268 295 296 298 300
24
30 52 54 63 73 110 117 134 154 159 181 189 227 234 238 242 248 259 277 279 282 288 297 299
33
9 10 17 20 24 36 40 51 60 61 79 94 107 116 127 130 133 134 137 144 145 153 174 212 214 242 246 253 272 280 281 283 289
31
6 11 23 24 36 43 46 59 63 101 106 114 119 123 136 140 147 149 171 179 186 188 190 212 219 223 257 270 271 282 294
29
18 43 44 45 51 67 74 94 98 99 108 135 153 174 186 191 193 196 221 223 228 230 234 241 262 263 275 280 295
29
28 40 47 49 58 59 66 70 81 87 97 99 109 155 175 188 197 206 212 218 219 220 242 267 270 275 286 287 292
38
6 45 50 56 60 63 65 74 86 87 91 96 100 101 106 108 119 134 141 159 168 170 186 191 195 203 221 230 232 243 252 269 271 274 275 279 285 299
33
6 12 13 14 18 29 38 48 52 64 85 89 103 114 127 138 169 182 184 185 189 193 233 242 249 256 268 271 274 294 295 296 298
31
13 16 17 22 39 45 52 61 69 75 84 103 105 115 119 130 147 173 176 189 194 197 199 224 225 226 239 267 286 293 296
32
4 6 10 17 19 31 48 55 74 76 77 82 87 105 134 142 146 147 149 174 183 195 204 206 209 215 218 236 270 287 291 296
21
30 34 46 52 67 115 120 131 139 157 159 160 167 175 179 180 193 208 236 242 275
23
4 21 22 25 30 37 53 61 72 110 125 131 142 149 151 185 241 244 247 250 275 286 296
33
12 13 20 29 66 67 94 97 100 119 120 137 138 163 170 175 176 187 202 220 227 230 236 238 247 250 263 264 269 276 278 291 297
27
6 8 18 36 40 44 48 89 120 136 148 160 169 171 172 173 210 229 243 253 254 256 259 266 268 288 292
36
11 19 37 59 62 64 67 69 81 95 109 114 123 130 148 153 154 155 156 163 185 201 213 218 221 222 230 234 245 247 253 259 283 287 299 300
29
11 17 19 24 38 50 58 107 111 138 144 148 149 170 184 202 203 206 211 224 228 232 235 250 259 260 275 290 294
28
5 9 14 15 27 34 55 76 101 105 106 107 127 146 148 156 172 175 177 192 202 209 246 252 259 262 279 290
27
18 25 35 38 43 51 79 81 96 103 120 132 136 161 164 174 195 197 210 218 227 263 275 281 286 296 297
23
8 10 28 32 47 54 68 87 98 154 163 165 166 199 215 221 229 231 267 285 286 290 295
29
4 10 18 27 33 48 54 74 81 85 86 111 113 129 141 157 163 189 193 198 205 211 216 218 236 255 272 287 297
25
6 29 30 31 48 57 86 92 93 95 107 110 128 131 156 159 169 180 205 233 253 279 282 286 298
23
16 32 35 41 75 83 86 90 99 101 119 127 139 143 158 184 188 191 192 207 244 281 282
35
13 26 28 36 45 54 57 59 109 122 144 148 155 158 164 167 174 176 177 187 189 222 238 241 251 256 260 262 263 265 286 294 295 296 298
27
13 17 19 27 28 39 45 66 84 87 89 90 115 154 161 169 170 204 214 219 220 223 245 249 266 268 271
18
2 18 19 88 107 109 114 160 164 184 193 210 214 250 252 268 270 282
30
2 3 8 71 72 75 80 82 84 92 93 108 114 131 151 196 200 205 206 212 229 240 265 267 269 272 276 279 284 294
22
42 62 68 71 88 90 116 130 133 145 172 192 209 214 217 233 234 241 253 259 260 290
32
8 11 18 19 41 48 49 69 81 82 92 96 104 122 129 130 136 140 141 147 159 163 185 202 209 228 251 252 267 269 273 276
35
8 14 21 33 52 74 79 80 82 94 98 107 114 139 142 146 159 169 175 184 190 192 196 197 203 223 231 233 246 248 252 280 282 291 300
19
15 21 40 54 85 101 109 139 213 218 226 234 243 254 258 263 265 278 299
24
19 29 46 55 62 88 102 121 143 146 155 178 192 197 200 202 229 241 257 261 272 285 291 294
34
3 9 16 28 30 36 46 52 57 66 107 108 121 126 133 146 154 162 166 175 179 193 199 201 224 229 238 249 264 272 281 283 285 297
25
5 42 53 64 68 95 119 122 127 134 143 148 175 177 186 188 190 202 213 216 240 241 257 274 283
37
9 12 32 38 51 61 62 65 70 74 86 89 92 94 100 106 144 147 154 173 178 179 180 182 201 203 210 224 243 249 262 269 271 275 279 284 292
29
18 29 33 57 78 80 85 117 130 140 154 172 175 181 184 206 208 215 219 225 238 260 265 266 270 281 283 295 296
27
21 51 54 101 107 108 115 122 135 144 155 159 166 174 189 190 208 219 221 229 238 252 253 267 277 288 291
30
36 47 54 55 62 64 69 72 73 80 86 95 98 130 154 158 172 184 185 200 204 235 236 238 258 263 272 280 287 295
26
5 7 54 76 98 106 116 118 134 150 151 160 166 173 187 189 191 193 199 216 222 235 241 260 277 293
28
11 13 20 36 42 69 92 93 96 100 114 125 132 138 152 154 181 203 204 205 210 232 242 260 263 264 268 280
30
4 9 11 12 20 23 39 52 56 64 68 82 86 87 92 106 115 185 198 200 208 222 223 225 230 249 268 286 294 298
37
6 13 20 25 31 35 37 40 42 44 50 52 53 64 94 102 106 122 129 143 146 158 161 194 205 207 212 214 234 240 242 257 278 279 286 287 289
27
9 22 31 43 51 65 90 94 112 120 121 128 129 160 161 173 175 184 187 198 214 216 226 236 240 250 294
29
2 10 13 15 25 41 42 53 77 88 104 105 107 128 129 172 201 222 228 237 240 243 253 255 262 265 281 282 288
44
2 6 9 16 21 23 24 30 45 46 52 54 64 68 101 104 110 111 112 118 123 132 151 160 163 173 177 179 191 200 205 207 227 228 229 233 235 236 245 257 259 268 278 283
27
9 19 53 62 67 70 95 133 139 147 153 155 185 190 191 193 224 228 229 231 234 235 241 243 283 285 289
19
4 16 37 51 74 98 101 107 122 148 164 175 223 241 258 266 274 279 295
27
20 23 28 29 43 70 86 87 102 110 113 115 130 157 170 185 187 203 223 224 226 241 245 257 264 265 270
25
19 32 33 58 65 80 82 93 107 110 119 138 154 159 167 175 181 189 224 253 254 277 290 293 296
31
5 19 31 36 50 57 61 71 73 76 77 89 92 106 136 150 158 163 174 178 180 184 195 212 223 227 252 254 290 295 300
28
2 38 42 44 57 62 72 79 81 88 92 105 132 152 153 159 161 171 185 191 198 230 240 246 260 280 288 297
26
17 20 50 51 70 93 107 125 134 140 150 154 159 182 190 191 197 204 209 220 225 230 232 250 275 276
24
9 14 33 45 51 60 66 107 111 125 137 144 147 149 167 177 199 202 204 210 223 267 284 297
23
4 13 34 44 63 67 91 100 140 151 156 165 178 185 198 219 233 237 263 266 285 286 299
22
5 25 41 62 69 79 88 112 122 136 138 157 185 189 215 217 244 246 250 281 283 286
32
1 9 11 14 18 42 67 100 116 119 122 126 127 132 133 134 143 165 182 195 200 201 211 212 231 232 259 262 279 286 290 293
29
18 26 35 52 59 60 72 77 86 92 97 108 109 144 145 159 178 188 193 200 202 213 249 251 252 260 272 292 294
35
7 20 22 29 50 58 60 88 89 93 102 103 104 122 148 165 171 176 180 195 204 208 216 235 243 258 260 265 276 277 279 281 289 293 298
35
3 5 45 60 68 70 96 97 103 111 114 115 116 120 125 135 137 154 159 161 164 166 170 182 192 209 215 253 255 258 263 272 285 294 295
32
12 13 16 22 27 37 51 52 54 92 110 117 118 133 144 145 153 167 168 189 212 224 229 239 245 250 259 272 287 289 297 299
36
20 27 43 51 63 66 69 71 72 100 109 117 126 127 133 157 166 179 183 186 188 190 199 213 222 232 238 241 257 263 270 271 288 291 293 296
27
5 20 21 30 46 59 70 77 91 96 98 106 166 167 175 179 201 221 222 248 257 264 269 271 282 289 293
31
4 7 16 30 37 51 56 72 75 85 107 120 122 123 125 133 140 149 161 165 176 181 193 194 198 203 207 211 236 254 264
32
8 14 33 57 65 73 78 84 106 109 110 115 140 148 151 155 167 168 170 171 180 187 190 217 225 234 241 245 264 288 293 298
21
5 7 22 25 34 55 57 60 71 91 103 105 165 168 208 215 266 273 280 288 297
26
1 16 66 72 76 87 96 103 109 110 114 128 141 144 145 148 154 168 180 228 232 234 237 251 256 288
32
3 14 31 50 52 53 74 76 77 85 87 110 120 124 127 129 136 167 179 202 223 249 250 266 272 277 282 286 290 291 294 296
35
4 10 28 40 48 55 68 74 76 90 99 104 109 128 133 159 161 173 174 177 192 196 202 208 215 220 236 237 240 253 257 268 275 279 294
24
9 10 18 48 54 64 79 86 90 136 152 161 166 172 174 192 193 197 198 217 218 247 280 282
35
3 4 24 26 39 42 44 47 51 52 57 59 61 66 80 82 91 100 102 108 109 111 133 135 141 145 179 206 223 227 239 244 265 272 273
36
5 11 22 24 44 47 49 50 65 84 109 118 119 127 128 169 176 177 178 186 189 191 200 202 216 223 236 256 262 265 266 273 274 279 287 298
28
3 10 27 58 67 73 76 80 84 101 110 123 128 137 149 182 184 195 205 212 215 224 226 229 236 273 278 295
26
5 10 16 22 56 73 84 106 125 154 156 157 170 173 184 187 197 217 229 246 247 255 256 261 262 300
34
2 3 6 19 25 42 51 58 65 66 81 84 91 103 108 148 151 153 160 165 170 183 187 199 205 214 219 240 243 245 248 266 272 288
25
23 24 40 43 78 82 88 98 105 138 144 151 164 178 185 191 195 196 265 271 275 283 292 297 300
38
5 13 22 28 34 46 56 74 76 79 95 111 119 121 131 153 157 163 178 182 190 194 195 225 227 228 232 236 243 244 251 261 263 265 285 289 290 293
31
19 25 26 42 78 84 105 112 120 122 142 145 148 150 162 168 172 179 183 187 191 194 220 228 230 242 245 268 280 287 300
34
16 22 31 46 56 78 84 85 106 109 119 127 128 139 140 144 158 169 170 183 187 189 191 194 215 216 217 222 224 239 247 252 262 285
38
3 19 22 24 26 46 54 63 79 87 91 105 107 110 113 130 131 154 157 164 172 178 182 187 189 194 196 204 212 216 223 228 249 258 282 286 295 300
18
12 73 78 87 93 97 100 117 120 122 150 192 219 238 239 280 290 291
28
13 15 16 23 37 40 42 70 75 95 106 134 146 160 199 200 216 223 245 252 255 257 263 265 283 291 292 300
27
15 24 37 55 60 98 127 130 135 147 170 172 184 201 219 240 241 245 246 249 250 273 283 288 290 298 299
29
21 31 33 38 52 57 61 71 99 110 115 120 127 133 140 149 168 179 197 206 215 241 243 246 248 251 257 264 282
37
6 9 12 14 15 30 33 44 61 65 67 69 81 84 95 100 101 105 125 154 181 196 218 219 234 238 240 243 253 270 271 273 287 289 294 296 298
26
7 10 20 32 50 88 93 98 113 116 120 122 128 139 148 151 184 187 192 212 249 256 261 267 275 299
24
5 35 51 52 54 57 66 68 94 116 134 158 168 174 192 200 237 240 242 254 258 273 296 297
44
3 13 14 22 25 34 35 42 51 55 61 70 102 104 106 126 128 131 134 135 142 144 145 152 171 189 195 202 203 211 212 213 216 235 242 245 252 264 269 270 274 288 293 297
35
21 35 49 59 60 63 69 81 85 87 91 93 110 126 127 128 129 132 135 143 167 170 175 186 203 218 225 236 238 260 283 292 296 297 298
26
4 19 38 47 78 86 108 111 112 130 131 137 138 158 174 176 180 187 204 229 248 255 272 279 287 293
28
7 8 25 53 55 56 74 75 86 103 107 124 130 156 157 159 164 166 169 207 211 213 223 242 243 249 253 269
32
1 26 43 52 62 73 82 89 90 95 98 114 116 122 128 131 138 152 158 170 174 196 203 218 219 222 229 234 254 265 273 276
28
1 6 13 15 28 31 69 70 76 98 111 113 132 140 148 175 199 201 206 222 223 235 239 240 249 260 286 293
23
3 4 12 26 64 68 86 93 95 107 108 164 181 185 189 203 208 227 228 258 276 286 298
30
1 2 29 34 36 38 50 60 71 89 90 94 104 109 128 148 154 161 176 185 186 188 200 217 225 236 243 263 277 297
23
6 7 25 26 43 56 63 68 76 78 125 129 160 162 163 195 200 204 207 257 262 289 293
28
3 18 19 26 34 39 47 52 58 62 80 87 90 104 105 123 133 140 153 155 158 166 195 204 238 265 278 292
34
3 9 37 65 68 74 76 83 84 87 100 111 112 125 131 133 136 142 149 157 161 171 174 177 195 197 201 225 227 229 230 247 256 288
23
13 19 20 34 47 53 64 69 92 94 101 120 122 141 163 176 178 183 216 225 228 260 281
28
22 38 39 55 64 101 111 112 118 125 127 147 157 165 177 184 185 198 200 208 209 210 224 256 267 277 283 300
41
1 5 6 10 14 15 30 33 37 40 41 71 74 77 78 84 85 92 117 119 129 136 142 146 149 164 176 190 222 232 235 246 248 260 261 265 270 275 277 291 299
34
24 25 54 68 74 94 96 104 105 113 124 125 139 145 160 164 165 201 210 228 229 231 232 237 239 246 249 256 265 267 276 277 278 296
30
4 7 12 18 30 38 46 48 52 55 65 78 110 126 128 129 137 154 155 175 179 197 215 234 240 248 253 278 283 293
30
1 5 16 22 27 32 34 36 65 75 88 106 112 127 129 142 164 184 192 209 217 243 245 255 258 275 276 282 290 295
23
1 3 9 21 53 73 85 114 115 120 121 123 136 141 142 150 175 204 216 218 279 283 299
31
2 10 19 45 50 71 80 83 90 98 108 123 135 141 150 158 170 175 181 190 193 208 214 229 230 231 250 276 282 295 298
21
5 15 35 55 59 71 75 90 110 128 141 159 186 196 208 227 240 243 257 285 295
32
24 28 46 56 58 71 72 73 79 86 98 99 100 113 126 131 133 144 151 161 171 172 186 190 193 239 250 253 267 269 272 294
31
1 9 11 25 32 33 77 79 80 88 96 100 107 124 125 127 140 148 149 151 172 174 188 198 201 203 206 235 249 253 298
35
3 17 38 46 52 64 68 106 109 124 139 140 147 150 159 163 167 168 174 178 181 217 220 221 228 239 247 250 254 264 266 277 285 288 292
38
1 7 10 12 19 78 89 109 111 113 118 134 137 140 145 168 169 173 177 179 184 194 207 221 240 245 247 251 259 266 267 269 270 274 280 285 290 292
24
2 15 27 29 33 42 98 101 127 132 154 165 168 174 177 194 198 225 243 250 261 264 282 299
29
2 9 10 46 56 62 69 71 73 83 88 117 119 123 130 131 132 136 137 140 183 196 198 223 228 245 275 278 293
34
6 14 17 25 31 34 37 44 54 64 65 76 79 89 91 96 102 111 117 132 156 169 183 186 195 235 236 237 251 264 277 280 287 292
