100 200
1.0 1.0 1.0 1.0 1.0 1.0 1.0 1.0 1.0 1.0 1.0 1.0 1.0 1.0 1.0 1.0 1.0 1.0 1.0 1.0 1.0 1.0 1.0 1.0 1.0 1.0 1.0 1.0 1.0 1.0 1.0 1.0 1.0 1.0 1.0 1.0 1.0 1.0 1.0 1.0 1.0 1.0 1.0 1.0 1.0 1.0 1.0 1.0 1.0 1.0 1.0 1.0 1.0 1.0 1.0 1.0 1.0 1.0 1.0 1.0 1.0 1.0 1.0 1.0 1.0 1.0 1.0 1.0 1.0 1.0 1.0 1.0 1.0 1.0 1.0 1.0 1.0 1.0 1.0 1.0 1.0 1.0 1.0 1.0 1.0 1.0 1.0 1.0 1.0 1.0 1.0 1.0 1.0 1.0 1.0 1.0 1.0 1.0 1.0 1.0 1.0 1.0 1.0 1.0 1.0 1.0 1.0 1.0 1.0 1.0 1.0 1.0 1.0 1.0 1.0 1.0 1.0 1.0 1.0 1.0 1.0 1.0 1.0 1.0 1.0 1.0 1.0 1.0 1.0 1.0 1.0 1.0 1.0 1.0 1.0 1.0 1.0 1.0 1.0 1.0 1.0 1.0 1.0 1.0 1.0 1.0 1.0 1.0 1.0 1.0 1.0 1.0 1.0 1.0 1.0 1.0 1.0 1.0 1.0 1.0 1.0 1.0 1.0 1.0 1.0 1.0 1.0 1.0 1.0 1.0 1.0 1.0 1.0 1.0 1.0 1.0 1.0 1.0 1.0 1.0 1.0 1.0 1.0 1.0 1.0 1.0 1.0 1.0 1.0 1.0 1.0 1.0 1.0 1.0 1.0 1.0 1.0 1.0 1.0 1.0
40
5 7 13 20 25 32 37 44 45 47 52 56 57 64 66 77 80 82 83 85 89 92 101 120 126 142 143 147 159 163 165 166 168 169 175 178 183 195 197 200
38
3 10 13 16 18 22 27 28 33 37 39 41 45 50 53 56 59 72 76 93 94 95 97 101 107 125 127 128 133 134 135 138 141 159 165 169 171 186
46
7 8 10 16 19 21 38 40 41 47 48 50 63 69 70 76 80 83 90 93 96 97 104 107 108 110 111 117 127 131 138 143 144 146 147 153 164 166 172 175 178 181 184 187 189 190
42
1 4 6 7 25 32 33 34 36 42 45 49 54 58 67 73 76 79 82 83 84 90 91 92 101 105 111 115 117 122 127 131 132 141 154 159 164 166 169 186 187 190
34
6 9 16 19 22 24 29 32 40 45 51 59 61 68 78 87 89 90 93 101 104 107 109 116 117 119 126 127 140 145 148 171 185 196
43
1 5 9 10 17 20 22 29 32 35 46 52 59 61 64 66 74 75 82 85 93 95 99 105 112 115 118 122 126 128 132 133 138 144 145 150 155 160 161 166 173 185 200
33
6 8 11 13 32 37 40 45 49 53 55 56 57 73 75 77 79 90 96 97 106 108 111 129 135 151 158 163 168 172 187 190 198
39
8 10 11 12 20 22 27 29 35 48 51 53 54 58 61 70 72 82 103 106 107 108 109 115 116 120 132 136 140 141 146 149 159 160 163 175 179 193 195
38
3 9 13 15 30 42 44 48 49 53 55 58 63 68 71 86 94 100 103 118 123 126 145 146 149 157 164 166 177 178 182 183 184 185 187 192 193 195
46
5 7 11 15 16 18 19 25 29 36 44 49 54 79 84 93 94 97 102 106 107 108 111 113 116 119 124 125 129 133 134 135 136 139 141 142 143 145 153 156 161 180 183 192 194 199
51
5 6 11 15 17 25 26 28 29 32 33 42 45 52 53 55 58 62 64 65 67 75 81 82 84 91 96 104 105 107 111 113 118 119 121 122 124 135 140 145 149 151 157 161 167 168 176 180 193 197 200
40
11 21 34 38 39 40 46 49 51 53 66 67 71 75 79 85 87 93 101 106 108 110 113 117 127 134 143 145 149 156 161 170 172 176 178 179 183 192 195 196
40
3 5 13 18 20 38 39 41 44 48 53 62 64 66 68 70 78 83 84 90 91 97 104 105 113 127 130 134 135 137 142 148 150 154 156 175 176 188 199 200
45
3 8 10 18 19 28 29 30 31 40 42 49 63 65 74 76 83 88 97 98 108 116 124 125 127 132 133 136 142 144 149 150 151 165 167 168 171 172 178 189 190 195 196 197 198
45
6 14 26 27 28 30 31 32 34 38 40 41 52 57 59 60 63 64 66 76 80 84 100 110 115 116 120 131 132 133 134 141 142 148 149 153 154 170 176 178 180 181 183 188 190
35
3 16 22 23 25 26 31 33 35 37 43 50 53 59 64 66 69 70 73 86 90 92 96 105 111 121 123 131 140 154 155 166 171 182 189
40
1 3 9 10 14 16 30 42 49 53 58 61 62 70 74 78 79 82 83 84 88 90 95 96 107 108 111 116 121 123 128 131 140 141 159 160 174 183 185 188
38
1 4 17 19 20 23 36 42 53 56 60 61 68 73 78 80 83 100 109 118 126 131 133 134 149 153 158 162 164 170 187 188 190 191 193 194 195 196
39
7 22 24 29 34 41 43 47 49 66 67 77 81 86 87 97 98 119 121 127 130 135 139 141 144 149 156 157 162 165 170 173 179 188 189 191 193 197 200
36
1 9 10 13 18 20 27 31 32 38 40 43 49 51 55 57 70 73 76 94 113 117 123 128 146 147 151 156 160 165 169 176 181 184 192 196
35
1 2 5 18 19 30 35 36 42 47 49 52 61 63 73 74 81 91 106 125 126 128 129 146 154 155 158 167 172 174 179 185 187 192 194
42
7 9 18 20 25 26 28 33 34 36 42 54 55 69 83 85 87 88 91 98 103 105 114 117 118 124 126 128 129 134 138 141 142 145 149 156 159 161 165 186 190 197
34
2 7 14 15 18 24 26 51 65 73 80 82 86 96 99 108 115 116 128 132 134 142 146 147 150 152 169 170 171 181 183 190 195 198
39
8 9 17 20 30 31 57 62 70 75 78 79 88 94 104 105 110 111 117 118 119 120 123 133 144 151 162 163 166 172 173 183 184 185 189 193 196 198 199
35
5 16 17 26 27 29 36 38 39 57 58 63 65 69 83 87 89 90 97 105 112 115 116 118 119 120 144 145 147 159 164 175 184 186 199
39
6 12 17 21 29 36 38 42 50 53 54 57 58 59 60 65 69 81 82 88 90 108 112 123 128 134 138 140 143 153 157 158 173 176 180 184 187 190 198
42
2 11 19 20 21 27 29 30 36 37 39 42 51 52 53 61 65 69 75 83 85 97 102 104 105 108 124 131 133 136 142 143 149 152 157 158 161 181 184 186 192 199
39
2 5 11 21 27 36 39 47 50 52 55 63 65 76 83 84 89 91 92 94 99 105 108 112 116 124 127 130 135 146 153 157 160 161 164 165 174 179 184
32
9 13 21 25 28 42 46 53 58 64 66 74 77 79 97 104 108 110 115 123 125 135 136 139 143 145 152 161 162 177 185 194
38
2 5 6 11 15 27 39 44 51 53 56 71 74 81 82 86 87 89 96 103 105 108 110 113 117 123 129 130 142 145 148 166 168 171 175 178 179 193
37
7 10 12 18 20 26 27 32 40 47 51 58 61 69 70 81 88 95 98 99 101 110 111 127 138 149 154 156 158 159 171 172 178 181 183 190 191
43
1 4 13 14 15 26 27 29 33 38 39 43 46 51 55 56 59 65 79 81 85 86 89 91 93 100 104 110 111 122 125 131 132 146 151 168 180 181 182 183 191 192 193
35
9 10 12 24 25 42 47 54 57 64 66 67 68 75 77 78 80 83 85 89 92 95 99 100 103 113 115 119 146 153 178 182 187 195 196
38
10 13 15 18 21 24 27 29 38 40 50 61 62 65 66 75 77 83 84 85 90 93 103 104 115 130 132 133 135 138 141 146 149 151 157 177 186 192
36
7 17 21 24 27 28 29 35 47 56 58 63 66 68 75 80 81 83 86 87 95 97 100 115 120 131 133 138 150 154 155 156 161 177 188 193
35
7 20 36 41 43 49 51 52 54 56 60 67 68 70 71 81 90 94 101 102 119 121 133 141 142 149 155 172 173 179 182 188 190 199 200
44
3 6 8 9 17 18 20 23 24 25 36 42 43 62 76 78 80 81 83 93 96 110 114 122 129 130 136 137 149 150 151 156 163 165 167 168 171 172 173 180 181 184 190 195
43
10 11 12 22 23 28 32 33 38 42 56 57 60 62 66 70 81 83 88 94 96 99 101 102 105 107 117 122 131 135 143 146 155 164 165 171 176 178 180 184 192 194 199
35
2 11 20 22 34 44 48 49 53 58 62 63 68 75 85 109 111 114 115 121 122 124 125 126 135 139 143 149 167 168 171 185 186 196 199
39
3 5 9 16 25 29 36 52 57 58 63 65 66 67 75 77 80 86 99 104 105 107 114 118 128 129 132 134 135 143 144 148 149 154 163 164 169 192 199
28
4 5 16 22 28 47 59 60 68 69 75 98 106 108 123 124 134 139 140 144 149 152 156 164 170 185 192 199
37
3 4 16 17 20 33 37 45 47 48 51 54 61 75 76 78 83 86 87 95 99 104 112 114 124 125 130 141 148 162 164 165 169 170 196 198 199
46
2 4 10 21 26 31 32 39 42 49 50 52 63 70 74 76 77 93 97 101 102 109 118 119 125 126 127 129 131 133 135 143 146 150 153 159 163 166 172 178 180 186 187 197 198 199
41
13 16 17 18 22 27 36 37 38 47 57 58 59 60 62 66 71 73 74 93 102 108 109 121 126 129 137 139 144 146 154 162 163 169 170 179 182 185 188 192 200
44
6 8 21 24 27 34 35 45 53 54 55 60 64 65 69 73 75 79 92 99 101 107 110 123 125 126 128 131 137 141 145 150 155 158 161 166 169 178 183 186 189 191 194 198
37
3 14 16 17 21 34 38 42 47 48 50 53 55 57 59 60 71 75 78 83 84 98 101 103 129 134 135 141 148 149 158 164 167 170 173 184 196
44
20 28 34 42 48 54 58 64 68 74 75 78 79 81 84 88 90 94 99 100 112 113 117 122 124 125 127 131 133 137 141 147 153 156 162 166 172 173 185 187 189 190 193 196
32
5 6 14 18 19 31 40 51 52 64 66 67 69 74 77 83 110 111 112 121 125 134 156 168 178 185 187 188 191 195 199 200
48
4 9 20 22 29 32 38 40 41 44 51 52 53 59 61 68 70 71 75 77 90 91 92 93 105 106 108 109 111 115 118 125 126 129 131 135 136 144 154 158 165 170 176 185 191 196 197 199
39
1 6 7 15 23 25 29 54 55 58 63 67 71 81 86 91 92 98 104 105 109 114 120 124 135 137 139 145 146 147 148 149 150 154 155 157 160 174 199
38
7 11 15 20 27 32 35 36 44 46 49 57 65 67 71 72 82 88 89 91 111 117 118 120 123 132 137 147 150 154 157 158 161 162 169 178 198 199
41
1 8 11 14 17 18 19 22 30 34 43 51 56 60 62 70 76 78 80 81 82 83 89 90 95 103 116 118 121 132 133 137 142 145 151 167 169 172 175 186 197
45
2 4 7 19 20 28 31 33 35 45 55 57 58 60 66 71 74 77 89 90 91 98 100 102 107 131 132 134 135 143 145 148 151 154 157 158 162 164 165 172 173 176 179 182 183
44
6 8 10 15 16 19 34 36 42 44 48 52 61 64 67 68 69 70 71 73 75 82 92 93 97 98 100 109 110 112 113 124 135 137 141 145 150 151 173 177 180 181 189 194
39
9 15 24 40 46 53 56 60 61 62 63 75 79 84 88 92 99 103 108 109 110 115 120 137 144 146 147 150 153 155 166 167 168 172 177 188 190 193 199
40
8 15 27 28 37 40 46 48 56 59 60 66 74 75 81 83 87 88 108 115 116 118 123 130 131 136 137 150 152 153 154 156 159 168 169 174 176 180 193 194
35
1 3 9 13 14 16 21 28 41 69 71 74 77 78 83 88 93 101 108 111 112 119 123 126 130 132 134 136 141 158 163 179 183 188 191
37
5 6 7 9 11 13 16 18 22 27 31 33 36 48 57 60 64 94 97 106 113 119 121 126 134 154 157 163 168 169 170 173 177 182 183 196 198
43
5 7 15 19 21 25 29 33 36 38 44 48 50 51 68 70 71 89 97 110 111 116 117 121 122 123 130 133 135 136 138 140 141 143 150 157 165 166 167 172 176 177 186
36
2 11 19 21 29 35 41 42 45 49 60 69 70 71 78 82 86 87 100 102 103 112 113 118 126 128 129 131 134 148 152 153 155 170 194 196
34
2 13 14 19 28 30 36 37 40 47 53 56 62 65 68 73 75 79 82 84 87 112 119 137 147 151 154 169 171 175 184 185 190 198
40
3 5 8 9 12 17 26 32 33 57 58 62 66 68 71 72 84 90 92 93 100 103 113 117 130 131 137 145 146 147 148 149 153 158 174 179 188 194 198 199
37
1 4 5 6 7 21 23 27 32 34 41 43 53 56 57 59 89 91 98 100 108 123 124 126 130 131 136 137 145 154 155 159 179 184 186 190 197
47
6 11 16 18 22 32 38 39 40 42 46 47 49 50 52 54 62 66 72 73 76 79 80 83 84 94 98 105 108 114 118 119 126 132 134 135 139 143 146 151 166 167 176 189 194 195 197
45
3 5 6 8 9 13 18 20 27 37 38 40 43 48 51 52 53 65 67 73 77 83 93 94 99 106 113 116 118 121 124 128 132 137 138 142 152 154 162 163 182 183 186 187 192
51
1 12 18 22 26 28 30 36 48 50 55 57 63 64 65 68 73 76 78 82 83 84 89 91 93 96 103 105 112 114 115 117 120 122 125 127 132 144 145 146 154 157 159 161 162 170 181 184 185 188 200
37
6 11 17 23 28 31 35 48 62 63 69 86 89 98 103 108 115 118 119 132 145 149 151 152 155 156 162 164 166 167 168 171 173 175 179 185 196
47
4 12 14 20 22 33 42 48 51 52 53 65 66 67 73 81 82 83 97 104 106 107 113 115 116 124 134 139 140 144 145 148 152 153 155 158 161 162 165 173 174 177 179 182 186 188 191
37
2 3 13 18 21 23 24 44 50 52 67 73 78 90 97 99 111 112 113 122 126 127 130 137 138 151 154 160 161 169 170 177 180 184 186 192 194
39
1 3 17 25 28 31 37 41 62 72 73 82 84 100 110 113 116 118 119 120 124 131 134 136 143 148 152 155 160 164 169 171 173 180 187 190 196 199 200
47
1 4 6 8 13 27 29 37 51 55 56 58 61 62 69 74 81 83 87 88 89 92 100 103 109 112 117 122 126 136 138 143 144 148 151 152 154 160 164 170 174 175 178 181 184 190 191
26
6 14 27 36 37 44 46 51 55 65 74 89 105 128 136 137 147 148 155 156 166 170 178 184 185 187
36
19 20 24 29 34 40 45 47 48 51 53 59 63 64 79 80 81 83 87 117 119 128 132 133 145 149 151 158 159 161 168 177 178 196 199 200
40
7 8 16 22 28 31 32 39 43 47 53 55 58 59 66 68 76 80 84 85 87 91 93 105 111 115 119 126 132 133 142 153 157 160 167 173 185 186 198 199
36
4 7 8 29 31 37 49 53 55 58 60 63 70 75 77 83 95 102 103 112 115 123 138 141 150 155 161 163 171 173 174 181 187 193 195 200
40
2 3 5 6 9 13 14 17 36 37 42 53 59 61 68 70 72 83 85 90 91 92 106 116 127 128 134 142 146 147 154 163 166 177 183 186 187 190 194 198
44
9 13 17 23 25 27 33 34 35 46 55 56 58 59 67 71 73 74 76 78 84 94 95 107 110 112 120 127 139 140 142 149 156 162 163 165 173 176 178 182 190 194 197 198
46
5 6 8 10 19 27 37 39 41 42 43 44 45 47 51 55 67 71 76 77 81 82 84 93 94 97 111 118 120 121 122 123 135 137 147 149 153 157 163 166 169 171 176 180 190 198
34
10 11 15 19 23 28 33 34 39 48 60 64 69 72 78 80 98 100 101 104 108 109 110 115 129 157 160 162 167 177 181 189 192 195
50
4 8 11 14 15 23 26 29 30 33 35 44 46 51 54 60 66 67 73 82 83 93 100 101 106 109 111 112 115 116 122 123 131 132 137 145 147 148 151 155 162 168 169 172 174 177 179 182 184 195
35
4 5 6 8 14 17 24 26 29 33 36 37 55 61 62 63 68 73 76 78 85 96 98 106 110 113 114 117 131 135 141 145 161 167 195
33
10 22 26 34 35 42 50 61 69 72 73 77 85 87 89 93 101 105 111 116 126 133 135 136 137 146 153 156 159 169 181 197 200
42
5 6 10 11 13 16 20 36 39 42 44 56 57 62 64 68 78 80 85 88 92 102 103 109 110 113 122 129 136 140 143 152 155 165 172 177 180 181 187 189 191 195
44
3 6 13 16 21 24 25 30 32 52 53 64 65 72 75 78 86 95 98 100 101 112 113 115 116 118 122 131 140 143 144 145 147 149 151 162 163 165 170 181 183 191 193 194
37
6 9 11 16 19 24 32 36 48 61 68 71 72 78 93 94 96 110 113 116 118 120 123 131 136 137 139 142 155 165 168 171 172 177 181 183 186
43
14 16 19 23 29 30 31 32 35 37 38 40 46 52 61 63 64 65 82 83 95 96 99 104 113 121 133 139 140 142 146 147 156 157 160 169 171 181 189 190 196 197 200
25
21 27 30 31 32 41 49 53 63 65 76 88 90 91 99 119 122 134 138 140 173 178 182 187 190
35
1 4 7 8 10 13 22 24 26 31 41 55 63 66 68 70 73 75 77 78 89 100 102 105 107 111 125 131 156 165 168 173 178 186 187
31
4 5 12 15 29 36 59 60 62 66 74 78 80 82 84 91 98 100 103 106 107 109 112 119 136 140 151 153 172 180 191
22
1 6 9 33 34 43 44 46 54 67 74 87 94 108 125 134 137 156 159 162 168 176
37
4 19 28 30 41 47 48 56 58 61 66 71 74 86 97 101 102 108 110 112 121 122 124 126 130 151 160 162 165 167 170 173 175 183 184 185 195
47
8 16 17 20 26 29 31 37 38 40 42 45 49 50 53 62 63 71 72 74 78 80 81 93 95 104 106 107 119 128 136 148 151 153 154 160 163 164 169 171 175 177 179 180 196 197 200
53
1 4 9 16 28 30 31 33 37 41 42 43 46 51 52 56 58 66 72 75 78 80 85 87 93 94 101 103 107 108 114 117 124 125 128 130 131 132 133 139 141 151 155 156 159 161 162 171 172 173 186 193 200
43
1 3 10 12 20 21 26 33 44 48 58 61 62 72 76 81 84 91 104 108 110 124 127 129 130 131 140 143 145 150 153 154 155 156 159 172 174 180 181 192 194 198 199
34
3 8 12 14 22 41 42 47 50 55 56 61 66 67 69 76 78 81 82 88 105 121 122 139 152 157 161 167 170 171 172 176 187 200
32
3 8 24 34 36 40 44 49 57 64 72 75 77 81 96 98 105 107 111 121 129 139 143 148 157 159 160 168 170 178 188 191
41
5 22 27 28 30 32 37 38 39 51 54 60 62 65 67 69 70 73 74 87 92 99 108 112 115 119 123 127 129 139 143 146 158 167 174 186 188 192 196 197 200
36
2 18 26 28 33 41 63 64 65 70 77 84 88 102 103 107 112 117 125 130 131 132 137 138 150 152 154 158 159 162 164 170 176 192 198 199
49
8 13 19 25 29 32 37 48 52 54 56 64 69 73 74 82 83 84 89 100 103 107 108 113 118 119 127 130 131 133 134 138 140 145 147 150 154 155 156 163 164 171 179 181 183 184 186 191 195
48
2 10 11 13 18 23 37 40 42 44 46 47 56 61 64 73 74 77 80 82 83 85 91 108 112 116 118 126 134 137 139 140 143 144 146 149 151 154 156 165 166 170 173 176 190 192 199 200
