100 200
1.0 1.0 1.0 1.0 1.0 1.0 1.0 1.0 1.0 1.0 1.0 1.0 1.0 1.0 1.0 1.0 1.0 1.0 1.0 1.0 1.0 1.0 1.0 1.0 1.0 1.0 1.0 1.0 1.0 1.0 1.0 1.0 1.0 1.0 1.0 1.0 1.0 1.0 1.0 1.0 1.0 1.0 1.0 1.0 1.0 1.0 1.0 1.0 1.0 1.0 1.0 1.0 1.0 1.0 1.0 1.0 1.0 1.0 1.0 1.0 1.0 1.0 1.0 1.0 1.0 1.0 1.0 1.0 1.0 1.0 1.0 1.0 1.0 1.0 1.0 1.0 1.0 1.0 1.0 1.0 1.0 1.0 1.0 1.0 1.0 1.0 1.0 1.0 1.0 1.0 1.0 1.0 1.0 1.0 1.0 1.0 1.0 1.0 1.0 1.0 1.0 1.0 1.0 1.0 1.0 1.0 1.0 1.0 1.0 1.0 1.0 1.0 1.0 1.0 1.0 1.0 1.0 1.0 1.0 1.0 1.0 1.0 1.0 1.0 1.0 1.0 1.0 1.0 1.0 1.0 1.0 1.0 1.0 1.0 1.0 1.0 1.0 1.0 1.0 1.0 1.0 1.0 1.0 1.0 1.0 1.0 1.0 1.0 1.0 1.0 1.0 1.0 1.0 1.0 1.0 1.0 1.0 1.0 1.0 1.0 1.0 1.0 1.0 1.0 1.0 1.0 1.0 1.0 1.0 1.0 1.0 1.0 1.0 1.0 1.0 1.0 1.0 1.0 1.0 1.0 1.0 1.0 1.0 1.0 1.0 1.0 1.0 1.0 1.0 1.0 1.0 1.0 1.0 1.0 1.0 1.0 1.0 1.0 1.0 1.0
18
14 16 34 37 46 80 85 86 93 108 124 162 168 169 176 177 182 185
20
19 47 48 61 65 66 67 76 97 131 132 146 158 167 172 182 188 190 195 198
21
9 11 19 25 31 45 51 62 63 83 86 95 101 105 107 109 110 143 148 158 166
17
1 4 26 27 37 50 53 82 84 88 96 120 126 135 178 195 197
15
11 12 30 34 42 61 65 97 102 143 155 161 163 184 199
21
5 22 33 36 38 47 54 76 97 106 127 132 143 145 148 151 157 171 173 177 183
21
4 7 26 39 41 48 49 58 64 74 95 110 116 122 135 138 139 146 161 193 195
15
5 30 43 49 65 66 72 78 79 91 108 119 129 134 197
20
4 17 21 40 47 50 65 72 74 88 95 106 115 122 130 140 164 167 194 195
18
3 50 61 75 85 92 96 103 108 120 126 132 133 145 147 149 189 197
30
1 5 10 11 22 26 33 35 44 46 49 58 65 73 88 94 96 98 105 112 115 134 149 159 165 172 175 179 194 197
16
10 17 18 29 40 49 51 66 74 93 110 117 154 161 185 188
21
15 33 34 61 62 70 76 77 81 84 90 95 97 102 125 135 137 138 149 152 197
22
2 9 31 40 49 69 74 82 83 91 98 119 120 141 151 153 163 168 180 189 192 196
21
12 19 20 27 48 56 59 71 75 93 98 102 105 110 118 141 145 167 182 183 195
20
2 9 10 12 13 37 54 93 94 103 111 113 118 127 135 138 142 147 177 181
15
34 43 47 49 56 65 75 95 101 112 118 121 166 186 198
28
2 5 7 9 21 25 27 31 41 59 77 81 96 101 104 110 112 113 115 122 127 128 130 143 151 154 172 193
25
5 6 10 29 31 53 54 56 57 73 84 99 105 125 152 154 158 166 169 171 187 189 192 196 197
12
29 73 74 77 78 89 92 118 156 157 158 186
27
3 4 6 8 10 16 18 19 45 74 88 90 112 115 122 125 127 139 145 151 157 162 173 183 192 194 197
23
1 4 7 9 11 35 42 73 79 83 86 87 106 131 146 147 151 161 169 182 183 190 200
24
2 21 31 35 38 42 43 59 71 77 88 120 125 150 154 156 168 169 174 179 181 182 187 191
19
7 24 40 41 52 59 62 65 68 82 103 105 107 108 149 150 151 177 194
15
6 11 34 42 62 69 100 114 132 140 146 154 177 187 196
23
11 15 22 29 38 44 55 65 75 90 105 113 136 137 145 152 160 163 173 174 179 191 199
23
2 17 27 50 58 69 74 75 84 89 124 130 141 148 151 155 159 170 180 188 192 194 199
18
5 15 16 25 28 56 81 87 91 99 106 110 116 158 172 179 195 196
26
7 18 21 45 46 62 71 72 78 89 92 94 96 103 110 125 133 136 141 144 151 159 168 179 185 189
21
21 28 29 58 59 69 79 104 122 123 131 142 151 152 156 163 170 173 174 193 199
26
4 6 7 21 24 29 31 38 39 52 62 66 86 106 127 143 148 150 152 158 159 162 165 170 178 200
27
26 34 46 60 64 66 69 70 72 76 83 92 93 99 106 110 117 118 133 148 164 168 179 182 192 196 198
19
7 10 19 21 32 41 44 46 53 58 80 99 110 142 151 159 170 180 185
20
5 8 9 14 17 26 37 39 42 48 65 127 140 142 143 148 170 176 178 186
22
19 22 25 38 45 48 78 81 82 86 102 109 110 134 137 144 145 147 149 188 191 194
16
18 20 29 44 54 89 125 138 147 166 171 174 176 184 196 198
17
7 35 57 59 60 76 91 102 132 135 137 138 174 176 181 192 197
17
4 15 29 42 45 51 53 54 60 77 79 101 135 137 140 185 195
21
16 22 43 47 59 83 90 91 98 103 111 114 119 130 145 174 181 189 191 198 199
19
26 48 75 76 84 91 111 112 118 125 127 138 139 151 154 156 160 171 188
22
11 19 25 37 39 46 52 57 58 122 138 140 149 151 152 155 158 160 183 197 198 200
21
3 5 14 23 35 43 61 65 70 71 118 123 125 144 145 149 151 160 171 181 192
20
3 15 17 53 58 76 87 98 103 106 112 121 137 147 168 170 173 184 196 199
21
21 25 28 29 31 38 39 48 53 55 71 80 94 97 112 119 139 162 167 188 198
16
37 52 60 105 106 109 115 128 140 144 156 171 174 176 181 192
16
12 19 27 80 83 93 95 137 142 165 170 172 176 177 181 187
17
1 19 36 50 55 69 96 113 115 121 139 140 155 167 169 183 197
17
7 10 16 18 21 36 45 64 111 121 123 145 162 165 183 188 196
25
11 20 25 30 37 48 49 68 77 88 91 99 105 108 130 132 133 138 145 154 161 169 184 185 200
19
13 19 27 34 52 71 77 79 116 128 135 137 140 143 149 164 181 196 198
20
5 17 18 28 55 60 73 116 128 133 145 152 155 156 165 166 173 191 195 197
17
2 33 34 35 44 48 53 58 75 84 93 103 137 139 143 166 198
12
7 37 46 63 84 91 115 122 128 164 181 189
19
10 13 19 52 54 70 76 90 111 116 155 159 170 171 174 193 195 199 200
24
13 25 26 30 35 36 38 48 59 63 75 92 93 122 128 145 148 149 158 160 167 184 189 191
25
5 16 30 36 49 50 52 58 64 77 81 91 93 107 110 115 116 140 147 164 166 181 191 193 197
19
8 14 26 37 57 70 82 86 90 105 120 122 130 132 133 170 190 195 197
21
7 11 12 14 24 33 36 37 41 54 57 90 91 102 109 111 139 172 177 199 200
27
6 9 11 24 33 43 46 72 77 88 91 102 104 106 111 121 123 133 151 153 154 160 164 176 185 187 198
24
21 46 53 58 74 81 95 96 98 112 123 124 137 143 149 153 154 155 161 165 185 187 188 191
25
9 16 22 26 33 41 46 48 56 57 58 62 63 76 92 125 127 132 145 158 168 174 185 187 199
26
1 6 7 15 21 23 31 32 37 63 76 77 78 95 98 101 110 122 123 137 152 174 187 192 193 194
11
41 48 93 117 120 147 160 163 170 184 187
26
15 26 29 33 40 47 60 69 77 99 105 116 117 124 131 141 142 144 149 151 153 180 182 190 195 197
26
5 7 13 27 29 34 37 39 44 46 48 49 67 79 82 99 111 119 132 135 145 147 158 160 181 182
15
8 16 23 28 44 46 52 66 88 135 136 142 153 184 197
20
1 7 24 30 34 59 62 79 106 120 133 134 136 150 153 167 169 184 190 197
20
21 34 40 41 53 73 97 106 120 137 141 151 152 159 163 174 177 178 188 189
21
1 10 24 25 33 57 63 83 84 95 101 102 114 125 138 155 164 166 186 190 194
19
18 42 47 53 68 79 101 108 127 131 132 134 138 147 157 169 173 179 195
12
3 11 35 45 49 59 65 96 112 134 144 190
16
8 12 24 27 43 45 53 59 83 85 102 116 123 132 136 160
20
15 21 24 31 33 41 46 89 96 100 122 130 135 136 158 172 180 192 194 200
13
1 27 54 58 64 71 81 82 96 111 129 164 171
19
13 15 16 37 45 67 97 103 121 124 134 143 149 168 173 192 196 199 200
20
7 17 30 50 51 60 66 79 80 86 90 93 111 113 134 142 172 176 180 185
23
5 8 9 14 25 67 75 78 79 82 86 87 93 99 109 123 140 143 158 173 176 192 197
13
14 23 83 95 105 107 108 117 155 172 180 182 186
18
39 54 56 89 93 95 96 106 108 127 132 141 146 169 173 175 176 187
17
8 14 23 30 54 80 81 89 109 110 115 136 144 147 165 172 193
18
18 33 41 58 62 67 95 97 109 129 140 162 170 172 188 191 196 199
18
10 14 17 21 34 62 98 106 107 110 113 121 125 131 140 143 164 191
23
2 9 11 25 26 46 51 62 64 69 79 87 92 110 114 121 135 138 148 167 174 179 186
26
2 4 22 24 29 30 37 45 57 80 81 88 89 110 112 117 118 135 145 156 161 169 171 172 196 200
26
8 18 24 25 36 59 81 82 86 102 106 108 113 122 133 134 145 155 164 172 174 175 177 195 197 198
17
2 4 13 46 48 54 56 67 77 80 95 96 98 109 134 136 145
12
6 13 20 33 37 62 76 107 132 149 159 193
20
6 13 14 20 31 43 49 78 87 104 116 130 138 153 162 165 178 181 189 199
19
8 25 32 45 46 66 73 84 88 99 101 106 134 139 140 144 176 181 190
18
13 27 34 51 63 70 99 100 103 111 118 125 140 142 150 163 193 195
19
3 15 17 40 41 44 46 53 60 67 69 88 96 99 124 157 180 185 199
26
2 6 22 27 32 33 36 39 57 84 88 89 97 103 107 110 112 132 135 143 163 172 187 188 191 192
19
5 10 19 26 30 33 40 53 72 74 95 101 130 140 157 161 176 191 196
21
5 8 25 30 54 62 72 76 88 94 96 110 118 143 163 175 176 177 181 185 198
18
9 12 24 28 40 58 77 84 89 109 133 140 146 150 171 172 193 197
18
19 27 32 47 49 58 68 85 86 89 95 118 130 139 143 161 177 193
15
10 15 17 31 75 79 82 90 92 106 111 137 169 173 193
21
9 10 12 13 18 30 34 48 49 52 58 73 78 79 82 96 147 155 180 192 196
23
2 4 26 29 30 35 52 63 71 72 77 83 94 95 119 123 144 147 167 187 190 197 198
17
24 52 58 77 92 103 119 120 151 161 169 173 176 190 191 192 199
