150 300
1.0 1.0 1.0 1.0 1.0 1.0 1.0 1.0 1.0 1.0 1.0 1.0 1.0 1.0 1.0 1.0 1.0 1.0 1.0 1.0 1.0 1.0 1.0 1.0 1.0 1.0 1.0 1.0 1.0 1.0 1.0 1.0 1.0 1.0 1.0 1.0 1.0 1.0 1.0 1.0 1.0 1.0 1.0 1.0 1.0 1.0 1.0 1.0 1.0 1.0 1.0 1.0 1.0 1.0 1.0 1.0 1.0 1.0 1.0 1.0 1.0 1.0 1.0 1.0 1.0 1.0 1.0 1.0 1.0 1.0 1.0 1.0 1.0 1.0 1.0 1.0 1.0 1.0 1.0 1.0 1.0 1.0 1.0 1.0 1.0 1.0 1.0 1.0 1.0 1.0 1.0 1.0 1.0 1.0 1.0 1.0 1.0 1.0 1.0 1.0 1.0 1.0 1.0 1.0 1.0 1.0 1.0 1.0 1.0 1.0 1.0 1.0 1.0 1.0 1.0 1.0 1.0 1.0 1.0 1.0 1.0 1.0 1.0 1.0 1.0 1.0 1.0 1.0 1.0 1.0 1.0 1.0 1.0 1.0 1.0 1.0 1.0 1.0 1.0 1.0 1.0 1.0 1.0 1.0 1.0 1.0 1.0 1.0 1.0 1.0 1.0 1.0 1.0 1.0 1.0 1.0 1.0 1.0 1.0 1.0 1.0 1.0 1.0 1.0 1.0 1.0 1.0 1.0 1.0 1.0 1.0 1.0 1.0 1.0 1.0 1.0 1.0 1.0 1.0 1.0 1.0 1.0 1.0 1.0 1.0 1.0 1.0 1.0 1.0 1.0 1.0 1.0 1.0 1.0 1.0 1.0 1.0 1.0 1.0 1.0 1.0 1.0 1.0 1.0 1.0 1.0 1.0 1.0 1.0 1.0 1.0 1.0 1.0 1.0 1.0 1.0 1.0 1.0 1.0 1.0 1.0 1.0 1.0 1.0 1.0 1.0 1.0 1.0 1.0 1.0 1.0 1.0 1.0 1.0 1.0 1.0 1.0 1.0 1.0 1.0 1.0 1.0 1.0 1.0 1.0 1.0 1.0 1.0 1.0 1.0 1.0 1.0 1.0 1.0 1.0 1.0 1.0 1.0 1.0 1.0 1.0 1.0 1.0 1.0 1.0 1.0 1.0 1.0 1.0 1.0 1.0 1.0 1.0 1.0 1.0 1.0 1.0 1.0 1.0 1.0 1.0 1.0 1.0 1.0 1.0 1.0 1.0 1.0 1.0 1.0 1.0 1.0 1.0 1.0 1.0 1.0 1.0 1.0 1.0 1.0
19
5 17 54 60 73 86 104 118 126 165 199 202 206 217 229 245 257 262 295
32
3 7 10 21 28 31 36 49 54 74 75 88 94 115 129 150 165 177 182 191 195 196 208 210 219 222 246 254 263 269 273 281
25
9 20 74 85 94 100 114 127 128 130 136 145 149 155 156 165 202 210 223 235 251 260 271 274 300
33
5 13 21 62 64 65 108 116 124 128 133 135 145 154 163 168 170 184 199 203 209 213 214 235 242 252 259 261 280 289 292 295 298
25
18 38 66 67 89 96 105 120 140 141 144 149 183 184 188 201 208 212 215 259 262 263 265 289 300
34
7 8 26 29 60 65 71 74 78 86 88 92 97 139 145 154 155 159 166 168 172 180 185 191 193 200 236 248 264 273 276 277 279 295
32
1 28 30 36 44 62 71 88 89 102 159 160 165 168 180 185 195 197 202 219 222 227 236 242 243 248 261 265 274 276 277 286
30
2 21 26 38 41 56 63 65 66 73 86 96 106 111 115 116 118 127 129 178 180 200 203 204 227 240 246 256 293 298
27
7 14 16 21 30 38 60 72 106 120 129 130 146 149 152 167 176 184 203 237 238 239 241 257 272 276 285
35
2 11 31 44 53 64 65 85 94 106 117 121 130 148 164 175 187 189 197 200 205 209 213 223 227 240 244 257 267 268 271 277 281 291 294
26
18 56 67 88 89 108 110 113 124 137 157 159 187 195 196 211 213 235 241 246 252 254 257 267 276 299
29
3 11 38 47 62 80 81 99 103 121 127 128 131 132 138 163 167 188 208 212 231 236 242 243 246 250 256 279 300
34
23 30 32 35 47 51 58 61 64 80 86 111 115 124 127 132 141 145 159 169 170 171 184 190 203 216 222 232 236 239 245 281 288 292
33
6 10 16 20 22 42 54 69 78 87 107 109 118 128 131 135 137 143 152 155 176 182 198 201 207 217 220 230 237 246 276 292 300
38
4 13 14 15 35 36 51 53 64 70 77 88 91 96 98 106 107 118 121 125 131 154 161 181 185 227 235 236 237 240 260 272 273 274 276 279 285 286
31
10 22 26 38 45 49 64 66 85 101 107 111 112 126 151 185 187 195 207 212 224 234 240 251 254 255 263 268 271 272 293
27
31 37 41 42 45 50 57 58 82 89 103 106 107 118 127 130 152 197 209 216 218 228 242 253 258 278 298
26
5 7 8 12 16 18 19 28 57 64 90 94 95 109 118 126 139 171 172 195 198 210 229 252 253 268
26
13 16 40 50 53 55 59 62 69 72 95 101 131 134 136 141 145 174 197 200 216 230 260 274 288 293
34
5 11 13 19 38 42 85 87 97 98 103 116 151 162 163 165 174 178 181 188 193 195 201 204 208 211 228 238 249 271 290 293 297 299
35
12 16 19 23 25 27 37 44 46 48 71 74 76 88 93 112 114 116 125 126 127 139 142 169 187 191 194 199 215 247 248 265 286 293 300
34
3 6 12 22 42 47 63 67 68 73 85 95 103 104 121 142 157 158 161 167 176 184 196 202 203 209 218 226 236 245 277 278 281 294
27
21 25 40 45 72 97 98 111 126 127 141 145 165 169 178 185 186 190 211 215 235 238 247 266 285 296 298
30
14 34 50 51 58 76 78 109 113 117 120 132 138 141 142 148 162 165 185 192 213 223 227 228 252 264 272 280 291 296
33
5 24 28 33 38 67 77 78 80 83 96 103 107 150 151 156 159 175 178 179 181 183 184 192 209 215 220 227 228 232 237 245 295
29
8 12 16 25 34 46 63 74 83 97 99 105 109 119 140 142 148 163 168 171 182 207 208 215 222 249 274 276 288
28
7 9 10 16 21 24 34 38 57 79 86 93 112 128 137 150 163 170 187 203 213 233 244 250 278 287 289 290
38
6 23 25 35 49 50 63 66 78 90 91 104 106 111 115 117 122 125 145 146 151 167 179 188 192 195 214 218 223 224 232 260 273 282 291 292 294 297
24
6 17 27 28 40 64 83 100 108 110 111 150 188 197 205 208 214 219 236 247 257 273 275 292
25
9 31 36 42 45 50 64 90 126 146 150 154 160 166 174 178 231 241 246 257 273 275 295 298 299
22
21 50 57 67 83 96 115 139 150 152 167 183 186 193 195 198 201 231 240 261 272 300
33
6 12 37 45 46 58 69 96 105 106 108 118 131 144 149 152 154 166 179 183 186 197 202 206 219 228 241 252 271 277 290 298 299
32
13 32 34 35 41 50 56 59 63 80 95 110 118 120 122 129 133 136 147 150 161 197 198 202 214 215 247 249 253 256 271 272
28
26 35 36 39 46 64 97 99 126 134 170 176 177 178 181 189 197 204 221 231 240 243 251 267 273 281 291 293
19
24 33 39 51 56 57 62 82 89 95 111 134 146 157 174 210 282 287 300
23
68 82 99 106 107 115 120 125 160 166 208 218 223 241 244 250 273 274 276 278 281 287 297
32
3 5 21 33 53 57 60 62 66 68 80 87 97 98 108 118 134 137 144 154 155 159 189 191 225 229 235 257 263 278 286 294
30
1 2 6 32 36 49 50 60 65 95 105 121 140 141 146 156 160 176 180 188 196 200 206 208 217 231 233 275 290 294
31
1 12 18 41 47 50 52 55 76 83 88 90 96 98 101 105 111 113 138 147 180 185 195 212 238 247 258 268 283 291 298
30
5 7 29 33 38 42 72 76 78 80 82 92 105 107 120 121 122 124 129 146 177 194 196 213 224 230 261 263 293 294
30
5 6 35 41 54 55 62 66 72 84 115 118 119 125 133 148 152 174 176 183 188 199 220 233 250 256 258 259 276 280
18
19 20 23 32 37 72 88 111 114 130 151 171 207 233 277 289 290 297
23
16 37 43 53 54 56 62 83 101 114 125 126 128 135 155 180 183 195 229 235 244 250 261
33
11 25 26 27 28 30 41 47 62 76 86 88 100 102 109 149 164 169 172 184 188 213 218 226 234 253 259 263 270 275 282 283 285
25
11 15 32 37 48 54 65 71 80 85 100 106 109 118 125 136 139 184 199 215 216 243 248 257 261
29
10 22 28 36 48 49 52 54 63 66 68 79 81 102 106 131 136 159 181 201 205 213 225 240 241 244 254 264 296
33
6 12 17 24 30 40 49 50 58 59 70 74 76 82 93 101 105 114 126 127 133 138 140 156 169 201 202 213 245 261 269 291 299
27
24 25 28 35 36 43 57 64 72 73 97 103 110 134 136 145 158 175 193 201 207 208 214 243 266 283 290
35
2 4 6 19 33 35 47 58 73 83 96 133 145 152 156 159 162 173 179 185 194 212 214 221 235 252 258 260 270 277 293 294 295 298 299
36
7 12 16 28 32 34 35 44 83 94 99 101 110 112 122 128 132 148 155 157 165 169 170 181 182 183 184 199 200 212 219 256 276 283 288 296
32
20 26 32 50 51 54 58 61 67 70 73 76 92 94 99 104 109 134 136 161 169 173 191 195 196 201 235 239 246 251 290 295
29
5 7 11 24 36 42 44 45 60 98 111 130 141 145 153 154 155 164 165 176 180 188 198 250 262 269 274 278 285
34
9 26 27 33 38 43 44 45 56 71 83 92 100 105 110 111 117 131 133 137 174 177 199 200 216 223 241 250 283 287 290 292 295 300
26
24 27 32 46 71 85 94 97 120 122 128 139 153 154 170 187 205 212 225 233 239 253 258 277 281 296
32
2 32 40 41 53 71 73 77 81 83 85 98 133 134 144 182 187 203 209 220 227 230 233 239 242 243 255 273 282 297 299 300
42
1 2 6 8 9 22 23 36 41 45 47 59 73 74 86 95 99 108 138 142 143 144 167 178 194 202 207 222 224 228 230 234 235 255 262 263 271 280 288 292 297 300
33
2 6 14 29 35 46 72 77 93 100 114 127 138 142 143 148 149 178 181 206 207 211 213 216 222 251 252 253 265 276 285 292 294
33
2 22 23 25 49 58 62 73 75 95 102 113 120 125 128 146 155 163 167 196 220 232 238 241 242 258 264 265 276 283 290 291 294
31
33 35 41 47 69 90 100 109 120 131 137 146 168 181 192 211 219 225 226 235 236 239 243 245 248 250 257 258 264 274 283
35
11 16 23 26 28 49 53 54 57 66 67 68 69 91 96 104 109 113 120 145 174 202 203 221 232 249 252 258 265 270 285 292 295 298 299
30
8 13 31 36 57 58 65 72 79 101 108 115 117 133 158 159 192 195 199 200 215 243 264 267 271 277 278 282 286 300
23
18 29 49 50 53 67 82 100 111 121 139 144 151 158 169 171 186 202 204 217 250 259 284
32
2 4 12 26 39 45 56 62 69 77 90 94 96 104 106 118 119 139 147 173 175 176 206 208 236 242 253 263 277 279 289 298
37
1 2 6 12 14 54 56 72 75 101 105 114 134 137 143 149 152 163 168 173 178 183 186 195 196 220 222 227 238 239 243 249 254 262 282 285 290
28
6 8 14 16 18 37 63 90 95 101 103 114 124 147 154 158 161 177 185 191 224 226 238 260 267 280 282 287
26
4 15 20 34 52 54 55 67 76 86 92 110 112 115 121 138 166 184 192 203 205 226 238 242 245 252
36
14 19 22 44 58 60 64 66 81 83 113 120 147 148 158 162 165 170 175 186 188 192 196 201 203 205 232 241 244 249 251 255 257 262 273 293
33
20 25 30 36 38 41 45 47 50 69 70 91 97 104 106 109 127 131 150 151 166 171 174 184 207 217 219 228 248 262 265 275 292
18
23 29 34 39 42 50 130 134 153 184 193 196 207 235 252 254 279 281
36
4 5 13 19 37 44 45 64 81 91 94 101 116 118 124 126 149 180 182 195 218 221 225 227 233 240 241 245 254 256 258 260 276 278 287 299
29
1 4 5 16 17 23 24 47 51 58 88 102 112 119 120 134 150 153 186 205 206 220 226 228 245 262 266 290 291
33
7 47 62 63 99 103 105 108 136 139 145 154 156 159 163 168 177 182 186 228 233 234 240 241 252 257 261 262 271 272 278 282 292
29
8 10 17 39 40 46 62 84 89 97 100 113 117 137 152 156 160 165 173 177 180 181 185 189 199 208 252 257 276
45
3 7 8 16 40 49 52 62 78 79 85 86 91 95 97 103 121 128 130 131 157 171 176 178 179 180 181 186 190 201 208 214 221 237 245 247 263 267 268 282 283 287 292 298 300
24
2 5 8 9 15 22 23 28 44 62 69 103 104 131 163 203 211 222 228 261 272 277 294 298
38
2 6 12 20 29 57 59 67 74 85 104 107 109 123 129 130 146 154 160 167 174 175 176 178 184 186 199 213 214 217 233 235 241 248 249 263 297 300
25
1 8 27 53 56 61 77 83 85 91 92 113 120 137 165 169 175 187 204 209 215 243 255 267 273
28
6 7 18 43 48 52 62 63 92 98 99 100 102 109 130 133 156 159 176 200 216 229 230 238 250 272 284 286
33
1 10 28 31 37 46 47 51 52 57 60 79 92 127 148 151 155 163 166 188 191 196 203 219 221 238 247 259 267 269 271 289 292
38
1 3 24 29 38 46 51 59 70 74 89 91 128 130 135 142 146 149 150 151 153 154 162 163 164 173 189 191 193 207 219 220 247 253 264 284 286 295
33
11 31 40 46 48 53 66 67 68 69 74 80 81 86 89 90 93 95 121 125 155 156 163 179 227 229 235 258 260 264 280 289 290
32
6 24 34 47 64 75 77 90 104 106 113 140 152 159 170 171 182 184 214 226 229 242 243 257 260 263 274 282 284 290 295 300
24
12 22 35 39 53 73 76 81 118 123 129 149 168 176 178 211 227 233 244 247 258 263 271 280
31
2 22 24 26 42 43 50 56 80 88 99 103 112 119 121 134 146 147 153 154 157 158 179 204 209 215 223 258 261 266 284
36
11 13 20 28 52 75 77 79 83 86 99 100 104 105 110 112 166 178 179 190 201 219 234 235 245 247 251 253 256 272 273 278 284 288 290 297
34
3 4 9 13 14 19 41 52 68 70 80 99 107 109 110 111 138 142 152 176 190 191 199 203 220 223 231 238 251 264 275 276 287 294
27
6 13 14 25 32 35 42 47 83 85 123 134 148 150 154 167 175 181 191 197 228 239 246 251 255 271 289
31
11 28 45 49 63 66 79 90 91 102 120 122 131 156 162 166 176 179 184 188 209 212 214 219 247 259 269 273 281 283 300
24
6 21 32 53 60 82 90 114 123 151 155 172 175 203 206 228 230 261 262 273 277 279 281 294
36
6 23 35 42 43 46 54 56 72 109 116 126 135 148 161 162 163 174 180 183 196 202 215 217 229 234 241 242 248 253 261 264 266 280 291 296
39
8 10 22 30 31 38 54 77 78 85 90 91 102 110 116 124 133 151 155 159 167 180 183 190 194 199 204 206 226 230 238 248 250 252 255 257 268 277 300
27
8 13 20 35 42 46 58 67 69 77 93 103 115 121 125 152 157 163 189 191 213 238 253 267 279 286 288
31
7 12 21 41 55 57 70 79 108 109 113 141 186 191 195 200 221 223 227 233 241 246 248 250 254 255 259 271 278 281 299
23
3 29 36 37 44 65 77 95 113 115 125 135 149 173 196 217 229 239 250 273 277 288 294
29
18 35 43 52 60 69 70 77 124 138 141 153 159 162 164 171 182 187 194 196 208 219 222 239 242 265 286 294 297
25
5 20 27 34 36 37 40 44 47 54 78 104 106 146 171 182 185 208 211 215 230 249 259 291 298
46
4 10 20 28 31 35 37 39 49 73 77 83 86 97 100 101 108 111 119 128 130 147 150 153 175 189 199 205 220 224 225 228 233 237 244 245 254 260 264 266 268 274 280 288 293 294
29
6 7 14 15 18 23 26 40 54 55 56 64 76 77 101 110 139 165 173 175 217 220 236 238 244 250 259 285 289
30
15 18 39 53 62 67 75 116 130 137 138 139 141 152 156 159 167 171 175 178 186 188 195 199 215 222 229 264 291 299
28
6 16 27 39 47 53 54 55 71 83 108 111 127 130 144 158 159 171 174 183 195 201 229 233 248 278 287 299
27
2 5 6 11 13 37 41 43 50 69 118 120 123 169 178 181 190 207 208 224 233 243 251 275 286 293 296
25
14 16 17 26 30 39 41 44 92 95 104 106 110 113 114 115 179 197 204 208 229 254 272 297 300
33
10 19 49 60 73 81 82 109 119 138 162 163 170 174 176 192 208 210 215 217 222 223 226 232 249 251 260 266 281 282 287 291 299
27
11 19 39 59 69 87 93 102 117 145 156 169 171 177 188 193 206 207 214 254 272 282 285 288 294 298 300
30
1 17 21 39 81 87 91 93 96 97 99 101 108 109 118 156 167 198 209 219 223 241 242 245 250 253 258 262 266 267
30
17 25 32 50 61 68 69 74 81 97 107 121 127 154 155 158 161 162 200 222 223 227 229 235 267 270 272 283 286 288
29
11 16 32 37 61 66 76 83 97 98 100 148 152 158 160 162 182 186 188 196 201 206 211 213 221 227 247 283 299
24
2 12 39 45 47 70 82 83 91 92 105 110 115 130 139 170 200 206 217 218 231 243 253 270
30
9 18 29 42 52 53 62 89 97 109 119 131 134 139 152 156 157 181 190 203 217 221 231 240 253 265 266 273 289 295
31
2 25 27 36 38 66 109 119 133 138 150 152 165 167 172 180 186 187 188 198 201 210 218 228 244 247 252 273 275 288 292
36
2 6 7 12 27 35 77 80 83 86 88 101 110 127 132 136 144 147 149 150 152 153 159 168 170 181 221 223 226 229 233 240 255 258 265 296
30
2 10 24 30 40 48 52 58 85 90 109 129 130 134 140 147 157 168 178 203 223 228 246 256 264 268 270 274 296 300
21
1 11 15 25 45 54 60 86 109 113 126 180 190 201 220 226 234 244 246 252 273
28
16 18 22 43 57 85 104 107 108 110 114 123 142 143 146 174 181 197 207 217 239 242 261 267 269 271 272 298
18
6 9 25 38 59 84 96 101 106 165 169 190 211 224 227 263 288 296
23
2 10 13 16 78 100 105 111 125 131 139 157 192 207 230 238 249 258 265 282 287 291 294
34
5 11 22 26 31 35 37 40 52 62 63 85 89 107 109 141 161 173 175 185 190 194 200 216 220 231 240 246 248 255 266 268 285 300
30
9 16 72 100 101 103 108 113 114 117 122 123 132 133 135 146 157 165 167 177 207 219 222 240 247 255 259 266 276 284
30
17 23 24 26 30 45 46 68 73 76 95 109 119 130 144 168 177 180 181 189 213 223 228 244 257 281 284 290 292 295
34
2 4 5 10 19 28 29 38 47 48 71 87 88 113 122 131 136 138 145 153 159 168 170 175 180 189 212 218 228 238 251 257 262 285
29
2 6 55 56 59 90 129 130 139 145 163 167 174 179 200 208 214 215 220 221 240 241 248 254 263 265 266 268 289
37
3 29 32 33 44 62 75 80 94 96 99 123 126 130 134 144 154 156 158 167 170 172 175 195 199 202 205 216 218 219 237 243 254 255 257 270 297
24
1 18 23 29 38 55 62 82 111 123 124 139 166 173 179 206 226 244 259 263 275 279 291 298
22
3 7 50 55 63 80 87 95 96 107 123 155 175 182 191 237 247 263 282 285 287 294
32
4 8 16 23 46 55 71 79 88 91 94 97 107 112 125 137 144 147 148 154 155 157 162 173 187 189 212 219 222 261 278 284
34
9 13 18 40 42 58 82 88 97 98 120 129 132 138 143 146 151 152 162 168 173 202 222 226 242 249 250 261 273 274 281 288 290 291
23
1 7 34 84 94 97 114 116 117 120 125 135 156 167 171 179 196 201 204 216 242 256 289
30
5 23 35 64 77 97 100 104 113 124 131 132 134 135 169 192 200 201 204 206 208 220 221 230 232 233 247 258 267 274
39
11 14 31 45 50 67 69 74 77 78 86 89 102 103 117 128 132 142 143 153 155 164 168 171 180 184 187 193 205 218 220 223 225 240 249 250 277 296 298
39
13 36 38 44 56 59 65 71 72 75 77 80 84 86 90 121 126 129 147 171 172 177 181 182 183 195 202 207 213 219 220 225 249 260 269 270 285 294 296
34
9 24 27 32 35 50 65 70 74 75 76 107 114 134 168 170 181 183 184 189 198 199 209 221 224 227 231 247 262 277 278 280 283 290
29
35 44 45 47 59 62 75 77 83 91 105 119 137 145 159 169 176 182 183 188 206 218 224 234 239 253 255 259 279
27
24 34 37 38 45 66 90 94 138 144 163 201 206 220 221 231 232 237 248 257 266 271 282 285 287 291 300
38
18 21 36 38 47 48 49 50 52 60 64 68 71 73 75 84 85 105 110 125 128 143 164 172 180 186 191 197 227 229 234 248 252 255 258 282 286 289
31
1 2 22 34 39 44 50 56 93 119 125 139 153 156 170 177 180 191 203 211 213 227 232 245 249 257 258 264 267 277 286
35
17 35 51 57 68 74 78 87 95 101 114 138 151 164 171 191 193 195 203 210 215 216 217 219 228 233 237 240 241 250 252 264 272 279 291
30
4 6 10 12 17 64 71 80 88 89 112 126 127 133 136 137 138 153 158 172 173 182 203 211 213 214 215 224 240 265
39
6 7 25 28 50 53 59 62 66 72 78 79 80 85 87 111 115 133 139 143 145 146 158 161 162 175 189 191 220 225 226 230 250 254 258 277 279 281 287
35
8 16 20 25 30 31 39 45 55 62 66 74 91 92 97 118 139 140 142 149 150 152 161 163 177 184 226 232 247 275 289 293 294 297 300
46
30 45 50 51 66 68 78 79 80 94 101 102 103 105 106 111 113 124 127 139 147 149 155 158 172 174 175 180 185 186 188 193 194 195 199 201 217 252 263 264 266 268 269 277 279 291
35
16 18 37 38 47 58 62 65 70 87 92 103 126 132 139 147 150 157 165 174 176 181 183 207 212 216 228 232 256 264 265 284 286 293 295
29
5 13 19 24 47 77 81 92 108 114 115 126 127 133 156 176 180 181 184 191 196 199 208 212 219 223 231 239 285
30
4 15 18 25 32 34 35 40 55 57 64 98 115 123 144 158 178 219 232 234 239 244 264 266 269 277 280 288 294 299
27
5 16 30 51 61 88 91 116 117 132 141 148 158 164 173 192 200 218 228 230 233 238 252 256 263 265 297
27
5 12 14 18 23 32 37 61 82 84 92 96 97 162 170 190 198 206 223 224 228 248 271 274 279 286 291
30
2 17 33 37 65 70 86 87 96 105 107 138 142 158 160 164 177 184 198 200 201 207 216 220 225 237 264 269 292 298
36
16 44 47 54 61 64 70 73 78 89 96 106 110 115 123 156 162 166 172 176 196 197 208 217 220 224 229 234 235 248 250 252 265 291 292 296
32
10 13 23 24 28 37 53 57 59 60 77 83 134 143 145 148 149 152 161 168 173 174 177 183 200 201 225 235 257 264 293 299
25
6 13 30 40 50 87 109 122 126 128 130 146 162 166 180 184 186 188 192 193 194 221 251 253 278
26
7 26 53 70 72 83 84 108 130 134 147 176 181 187 190 197 203 212 214 225 227 231 257 263 275 281
