50 100
1.0 1.0 1.0 1.0 1.0 1.0 1.0 1.0 1.0 1.0 1.0 1.0 1.0 1.0 1.0 1.0 1.0 1.0 1.0 1.0 1.0 1.0 1.0 1.0 1.0 1.0 1.0 1.0 1.0 1.0 1.0 1.0 1.0 1.0 1.0 1.0 1.0 1.0 1.0 1.0 1.0 1.0 1.0 1.0 1.0 1.0 1.0 1.0 1.0 1.0 1.0 1.0 1.0 1.0 1.0 1.0 1.0 1.0 1.0 1.0 1.0 1.0 1.0 1.0 1.0 1.0 1.0 1.0 1.0 1.0 1.0 1.0 1.0 1.0 1.0 1.0 1.0 1.0 1.0 1.0 1.0 1.0 1.0 1.0 1.0 1.0 1.0 1.0 1.0 1.0 1.0 1.0 1.0 1.0 1.0 1.0 1.0 1.0 1.0 1.0
16
5 15 21 23 26 27 40 52 53 58 67 74 78 80 81 96
26
1 2 8 12 18 22 25 28 29 30 32 34 35 49 52 57 59 63 67 71 72 79 80 84 90 95
20
5 21 23 24 27 32 33 52 55 57 59 62 63 70 73 80 82 83 92 99
23
1 5 15 16 18 20 21 24 30 41 43 47 55 65 72 73 76 77 80 87 95 97 98
26
4 9 11 13 19 23 24 36 39 41 43 44 46 48 49 53 56 64 69 70 75 78 82 86 88 98
23
1 6 8 18 25 34 44 50 52 53 58 61 69 74 78 79 81 85 87 89 90 91 92
20
4 7 8 9 14 20 28 31 32 38 43 45 46 54 58 61 62 83 87 91
23
3 4 6 12 14 15 16 19 20 28 29 32 35 39 46 48 54 68 87 91 92 93 95
21
1 6 9 10 12 30 31 33 45 49 52 54 67 70 72 80 82 86 87 90 93
24
3 7 9 15 23 26 33 35 39 56 57 63 64 67 71 72 73 74 81 84 90 91 95 97
21
3 6 17 18 22 26 30 37 42 43 53 54 55 58 61 62 64 65 70 72 97
25
7 9 17 20 22 26 37 39 43 45 46 48 50 53 54 58 65 68 69 74 77 81 82 97 98
14
2 17 19 30 37 45 46 48 49 50 69 71 79 97
19
4 13 14 24 28 34 35 37 48 71 73 77 79 80 85 91 93 95 97
13
5 25 38 41 43 48 55 57 61 78 90 94 100
18
2 10 18 20 35 47 55 56 61 64 66 71 75 79 83 88 96 98
24
4 24 25 26 28 30 41 43 44 45 46 48 52 53 56 57 60 61 65 68 70 71 72 82
16
3 12 15 18 19 24 29 44 50 54 62 65 69 84 99 100
20
2 3 5 8 12 19 20 24 32 45 50 61 68 70 72 79 85 87 90 91
14
5 9 10 12 18 34 38 42 51 58 77 83 96 98
22
4 11 14 17 18 19 21 24 25 28 37 41 45 51 68 72 79 87 90 93 96 98
19
6 7 15 19 25 26 28 29 32 39 53 60 74 76 83 85 94 96 98
25
3 4 7 9 17 24 32 35 42 47 50 58 60 62 69 73 77 79 81 86 93 95 96 99 100
18
16 17 21 34 37 38 39 41 46 53 71 75 80 81 88 90 96 98
20
13 15 16 17 26 27 39 40 41 60 64 66 73 75 76 81 85 92 96 98
22
5 7 15 18 22 24 30 34 40 49 52 55 59 60 63 67 68 75 81 83 91 97
26
1 3 6 13 20 22 23 25 26 33 36 49 52 54 57 68 70 71 74 75 77 83 84 87 95 96
10
11 17 23 26 28 44 51 58 66 92
17
12 13 14 18 20 36 37 41 43 46 47 52 65 68 83 89 97
22
1 7 14 19 21 22 27 43 46 47 52 54 66 67 68 75 78 80 86 91 94 95
21
7 9 14 18 19 24 30 33 37 40 42 60 64 70 76 78 79 84 94 97 98
18
4 7 11 18 32 35 43 49 51 56 57 73 86 89 91 92 95 97
19
3 5 9 18 22 25 34 44 52 56 57 74 84 85 90 94 97 98 100
17
7 9 12 27 34 39 41 47 52 56 58 59 62 68 73 78 98
26
1 2 3 9 10 18 20 22 26 27 34 36 40 61 65 66 67 68 73 79 82 85 86 87 88 89
11
1 3 18 20 27 34 39 52 72 88 97
17
2 3 4 6 14 36 43 55 56 58 59 74 81 86 89 95 96
26
2 13 14 23 27 28 29 30 33 36 37 46 49 54 55 60 61 64 65 68 71 75 85 87 88 93
29
5 7 9 12 13 14 15 22 25 26 35 46 54 56 57 59 64 70 71 73 77 78 79 82 83 85 87 88 100
22
8 10 15 22 26 30 31 34 35 36 42 43 45 47 50 62 67 74 87 88 92 99
17
3 8 15 18 22 23 26 37 49 58 61 69 71 74 75 89 98
20
1 2 4 10 12 18 25 29 36 41 49 66 76 77 78 81 85 89 91 95
26
2 4 17 26 30 36 40 48 50 53 54 55 57 68 69 70 76 77 81 87 88 91 93 95 98 100
17
5 12 34 41 42 43 45 48 57 62 71 72 78 85 92 94 95
18
2 9 13 18 23 38 42 44 46 49 52 58 65 67 80 82 86 92
28
2 5 6 8 12 20 21 25 28 31 32 35 38 39 43 47 49 57 59 60 62 70 72 78 81 84 88 96
22
4 8 14 22 24 31 40 43 53 54 60 66 72 75 79 80 82 86 89 91 95 96
18
11 12 27 32 33 34 42 52 60 72 73 79 80 86 87 90 93 97
17
8 9 19 23 26 36 66 72 75 81 82 84 85 86 93 95 100
17
3 5 12 35 52 63 65 70 76 80 81 82 86 87 93 95 96
