50 100
1.0 1.0 1.0 1.0 1.0 1.0 1.0 1.0 1.0 1.0 1.0 1.0 1.0 1.0 1.0 1.0 1.0 1.0 1.0 1.0 1.0 1.0 1.0 1.0 1.0 1.0 1.0 1.0 1.0 1.0 1.0 1.0 1.0 1.0 1.0 1.0 1.0 1.0 1.0 1.0 1.0 1.0 1.0 1.0 1.0 1.0 1.0 1.0 1.0 1.0 1.0 1.0 1.0 1.0 1.0 1.0 1.0 1.0 1.0 1.0 1.0 1.0 1.0 1.0 1.0 1.0 1.0 1.0 1.0 1.0 1.0 1.0 1.0 1.0 1.0 1.0 1.0 1.0 1.0 1.0 1.0 1.0 1.0 1.0 1.0 1.0 1.0 1.0 1.0 1.0 1.0 1.0 1.0 1.0 1.0 1.0 1.0 1.0 1.0 1.0
3
32 38 68
4
8 32 70 87
5
14 57 65 71 88
6
2 29 49 55 82 98
7
22 24 37 42 43 74 81
4
5 17 40 77
5
7 12 15 16 72
4
2 57 65 67
1
49
1
1
4
55 80 83 89
10
5 27 44 51 53 54 61 75 86 97
3
16 56 100
6
18 19 40 50 58 82
5
17 20 56 95 98
5
19 48 51 67 98
5
4 55 81 91 93
6
54 80 83 88 92 95
5
21 29 40 69 91
5
6 17 59 97 98
6
18 28 53 72 92 95
6
3 5 9 42 50 65
6
2 25 59 65 83 93
11
13 28 50 62 64 65 68 69 74 88 99
6
22 47 53 59 91 99
5
3 41 48 72 84
5
3 26 36 44 82
5
17 27 37 42 95
8
6 17 39 55 64 69 81 89
4
61 75 79 86
9
19 23 25 56 67 88 94 96 99
6
29 40 57 60 63 85
6
50 52 69 73 79 89
8
3 18 23 24 32 48 61 79
8
3 14 32 43 44 61 77 100
5
5 8 15 47 66
3
12 28 92
5
3 26 44 60 85
5
19 38 42 53 79
4
5 10 20 81
4
22 25 84 97
6
1 11 50 58 67 74
2
49 96
6
19 31 33 57 59 64
2
4 80
8
40 54 64 78 79 81 84 92
5
11 12 20 78 90
5
5 42 73 78 92
3
6 34 46
8
2 13 30 55 58 69 73 94
