100 200
1.0 1.0 1.0 1.0 1.0 1.0 1.0 1.0 1.0 1.0 1.0 1.0 1.0 1.0 1.0 1.0 1.0 1.0 1.0 1.0 1.0 1.0 1.0 1.0 1.0 1.0 1.0 1.0 1.0 1.0 1.0 1.0 1.0 1.0 1.0 1.0 1.0 1.0 1.0 1.0 1.0 1.0 1.0 1.0 1.0 1.0 1.0 1.0 1.0 1.0 1.0 1.0 1.0 1.0 1.0 1.0 1.0 1.0 1.0 1.0 1.0 1.0 1.0 1.0 1.0 1.0 1.0 1.0 1.0 1.0 1.0 1.0 1.0 1.0 1.0 1.0 1.0 1.0 1.0 1.0 1.0 1.0 1.0 1.0 1.0 1.0 1.0 1.0 1.0 1.0 1.0 1.0 1.0 1.0 1.0 1.0 1.0 1.0 1.0 1.0 1.0 1.0 1.0 1.0 1.0 1.0 1.0 1.0 1.0 1.0 1.0 1.0 1.0 1.0 1.0 1.0 1.0 1.0 1.0 1.0 1.0 1.0 1.0 1.0 1.0 1.0 1.0 1.0 1.0 1.0 1.0 1.0 1.0 1.0 1.0 1.0 1.0 1.0 1.0 1.0 1.0 1.0 1.0 1.0 1.0 1.0 1.0 1.0 1.0 1.0 1.0 1.0 1.0 1.0 1.0 1.0 1.0 1.0 1.0 1.0 1.0 1.0 1.0 1.0 1.0 1.0 1.0 1.0 1.0 1.0 1.0 1.0 1.0 1.0 1.0 1.0 1.0 1.0 1.0 1.0 1.0 1.0 1.0 1.0 1.0 1.0 1.0 1.0 1.0 1.0 1.0 1.0 1.0 1.0 1.0 1.0 1.0 1.0 1.0 1.0
4
90 123 128 158
9
28 52 55 107 124 134 175 195 200
10
23 40 53 62 64 79 80 91 92 141
9
24 85 132 159 160 176 180 192 195
7
67 69 80 125 137 183 191
8
17 22 25 79 91 94 108 119
13
13 27 28 34 44 52 57 85 133 151 166 180 191
4
28 96 116 179
14
5 15 44 74 88 92 103 104 105 136 148 151 182 183
4
52 77 89 105
21
2 14 19 43 58 69 80 87 98 114 123 126 129 130 132 137 151 163 181 189 199
10
40 51 62 65 85 111 132 139 183 194
11
29 38 49 52 77 89 98 121 134 193 200
4
25 36 97 111
4
41 89 124 175
6
15 18 52 83 108 135
14
3 10 19 30 72 97 134 138 145 153 176 189 192 195
9
22 42 54 80 90 132 144 168 186
8
33 74 81 82 101 124 155 171
10
22 32 42 78 91 129 140 145 176 188
5
26 105 134 144 145
10
8 93 115 118 148 153 166 170 184 198
12
3 6 37 52 82 87 109 112 121 145 146 195
9
31 47 48 73 105 148 167 188 200
13
1 18 34 71 76 85 88 102 114 167 172 173 193
5
71 73 92 96 109
8
2 12 20 67 146 152 177 188
9
24 85 106 139 153 154 157 166 197
6
12 111 135 152 167 199
7
67 85 103 128 141 175 189
12
4 11 23 37 41 72 95 97 99 151 178 193
12
14 28 52 86 90 99 100 110 125 165 173 179
5
13 35 57 94 141
12
3 8 25 44 58 126 150 155 170 186 187 196
7
10 27 56 83 114 116 192
15
1 2 41 79 87 97 99 133 140 142 154 166 169 175 196
9
44 59 92 114 139 150 169 195 197
6
20 31 54 83 178 187
12
5 40 57 80 88 105 114 148 165 186 189 196
10
6 12 45 51 85 137 141 148 181 186
8
11 41 61 64 75 115 153 184
8
26 31 41 45 67 77 115 176
10
5 11 42 52 74 81 104 166 188 189
7
27 38 45 112 147 158 165
8
1 5 26 46 100 146 177 189
11
21 28 46 55 99 122 133 142 151 186 190
15
13 22 32 48 63 65 70 72 82 118 120 129 157 172 175
6
31 35 55 165 171 182
11
4 30 36 45 83 121 148 151 194 195 197
11
16 24 34 37 58 108 160 161 162 178 184
10
24 36 46 64 75 96 111 118 121 180
7
33 100 102 117 119 146 193
11
7 28 44 84 97 115 130 156 157 158 159
8
46 61 88 89 136 140 182 200
9
26 37 103 113 130 141 163 175 190
7
5 63 64 141 178 186 189
8
32 77 81 84 140 148 155 191
8
34 36 69 132 137 140 165 180
11
30 67 72 76 83 91 115 156 183 188 192
7
10 64 82 139 161 173 179
7
52 85 115 128 132 144 194
12
2 13 18 37 74 85 114 123 126 174 182 197
8
86 104 105 119 127 129 145 182
11
8 38 52 55 84 140 149 162 165 167 187
8
14 16 42 62 70 154 188 191
8
33 51 78 80 92 138 146 159
11
63 76 92 102 118 122 142 154 161 163 179
11
3 9 21 25 60 65 98 139 178 194 200
12
2 31 96 126 132 144 147 148 174 191 193 200
10
5 15 25 40 41 76 126 151 191 197
6
50 69 87 104 110 171
10
6 24 54 79 89 113 165 173 176 177
7
112 121 135 153 166 174 188
21
20 21 23 38 60 87 95 97 102 103 105 109 140 142 144 146 150 169 173 178 188
11
18 63 69 71 77 82 87 113 131 154 156
7
15 17 38 41 79 162 169
7
41 96 106 118 146 164 180
10
28 37 68 81 85 102 121 129 150 181
3
14 97 140
6
35 56 101 167 196 197
6
1 3 33 63 75 126
7
15 34 38 40 147 165 192
12
1 6 15 42 60 69 79 116 122 129 168 188
12
5 27 42 53 68 91 114 149 159 163 192 198
11
14 24 29 33 84 96 103 104 126 187 200
7
56 110 157 168 173 183 198
11
25 67 74 88 100 110 137 157 176 194 196
9
24 35 76 105 130 179 188 189 194
7
2 20 27 108 110 134 138
7
2 23 76 88 93 151 181
8
3 4 28 40 56 96 110 175
11
12 36 92 109 123 137 140 141 149 158 185
5
110 153 159 161 177
9
4 35 39 42 60 66 111 159 175
12
58 84 85 91 96 110 136 139 148 152 175 193
9
44 47 51 71 154 162 168 196 197
12
9 54 58 90 105 106 112 149 150 161 173 185
17
9 20 44 48 54 83 90 92 128 141 145 146 148 167 179 187 188
8
5 24 39 71 91 131 146 179
8
51 110 131 135 146 156 166 193
