150 300
1.0 1.0 1.0 1.0 1.0 1.0 1.0 1.0 1.0 1.0 1.0 1.0 1.0 1.0 1.0 1.0 1.0 1.0 1.0 1.0 1.0 1.0 1.0 1.0 1.0 1.0 1.0 1.0 1.0 1.0 1.0 1.0 1.0 1.0 1.0 1.0 1.0 1.0 1.0 1.0 1.0 1.0 1.0 1.0 1.0 1.0 1.0 1.0 1.0 1.0 1.0 1.0 1.0 1.0 1.0 1.0 1.0 1.0 1.0 1.0 1.0 1.0 1.0 1.0 1.0 1.0 1.0 1.0 1.0 1.0 1.0 1.0 1.0 1.0 1.0 1.0 1.0 1.0 1.0 1.0 1.0 1.0 1.0 1.0 1.0 1.0 1.0 1.0 1.0 1.0 1.0 1.0 1.0 1.0 1.0 1.0 1.0 1.0 1.0 1.0 1.0 1.0 1.0 1.0 1.0 1.0 1.0 1.0 1.0 1.0 1.0 1.0 1.0 1.0 1.0 1.0 1.0 1.0 1.0 1.0 1.0 1.0 1.0 1.0 1.0 1.0 1.0 1.0 1.0 1.0 1.0 1.0 1.0 1.0 1.0 1.0 1.0 1.0 1.0 1.0 1.0 1.0 1.0 1.0 1.0 1.0 1.0 1.0 1.0 1.0 1.0 1.0 1.0 1.0 1.0 1.0 1.0 1.0 1.0 1.0 1.0 1.0 1.0 1.0 1.0 1.0 1.0 1.0 1.0 1.0 1.0 1.0 1.0 1.0 1.0 1.0 1.0 1.0 1.0 1.0 1.0 1.0 1.0 1.0 1.0 1.0 1.0 1.0 1.0 1.0 1.0 1.0 1.0 1.0 1.0 1.0 1.0 1.0 1.0 1.0 1.0 1.0 1.0 1.0 1.0 1.0 1.0 1.0 1.0 1.0 1.0 1.0 1.0 1.0 1.0 1.0 1.0 1.0 1.0 1.0 1.0 1.0 1.0 1.0 1.0 1.0 1.0 1.0 1.0 1.0 1.0 1.0 1.0 1.0 1.0 1.0 1.0 1.0 1.0 1.0 1.0 1.0 1.0 1.0 1.0 1.0 1.0 1.0 1.0 1.0 1.0 1.0 1.0 1.0 1.0 1.0 1.0 1.0 1.0 1.0 1.0 1.0 1.0 1.0 1.0 1.0 1.0 1.0 1.0 1.0 1.0 1.0 1.0 1.0 1.0 1.0 1.0 1.0 1.0 1.0 1.0 1.0 1.0 1.0 1.0 1.0 1.0 1.0 1.0 1.0 1.0 1.0 1.0 1.0 1.0 1.0 1.0 1.0 1.0 1.0
31
5 10 27 33 37 50 55 70 84 89 96 116 126 141 150 155 171 172 173 188 189 192 195 197 203 218 236 239 281 287 296
35
15 34 45 55 69 102 104 108 117 120 121 127 135 144 149 151 158 164 165 172 177 179 180 198 209 215 217 225 228 229 237 242 243 253 275
29
13 14 21 37 45 53 65 67 73 77 79 85 89 91 101 111 131 142 159 182 189 203 209 219 220 242 275 291 300
25
1 18 20 22 37 43 45 58 70 71 101 102 107 111 117 122 155 157 182 194 218 229 242 251 281
22
5 21 33 36 82 90 99 146 150 166 173 201 202 218 253 256 262 268 270 275 298 299
24
7 40 41 48 57 95 101 116 119 127 140 144 151 161 169 178 193 198 200 203 205 223 258 285
31
5 22 30 46 72 75 86 92 94 100 121 123 152 160 169 176 179 186 189 195 202 214 220 222 236 245 251 262 271 287 300
37
3 5 18 48 54 55 60 64 65 74 79 80 84 94 99 113 143 149 156 164 181 184 185 197 202 203 214 216 224 236 242 245 264 267 275 296 297
32
3 8 19 45 65 69 78 79 81 94 101 114 135 151 164 170 171 181 191 201 205 214 216 239 250 256 270 286 289 293 296 299
27
8 10 24 29 42 54 58 94 101 115 117 118 138 141 156 163 169 186 200 223 232 239 241 278 282 299 300
31
8 15 55 64 66 76 86 95 97 100 110 127 137 139 154 162 164 176 187 188 204 229 240 241 244 256 257 267 269 274 285
37
7 12 20 25 28 38 43 58 60 65 67 87 89 91 134 139 157 160 161 167 170 172 173 177 186 188 191 204 217 232 245 247 256 258 271 274 300
22
3 31 36 60 69 91 96 99 123 150 161 165 195 198 207 216 217 242 262 276 288 291
20
13 22 48 68 72 86 93 163 166 196 207 210 215 222 237 243 274 275 291 294
27
10 37 49 56 59 74 90 106 110 128 131 168 169 191 192 196 217 238 243 261 266 277 282 294 297 298 299
28
34 46 52 53 58 75 81 86 108 113 114 168 175 180 181 184 204 214 216 229 232 242 243 248 249 264 270 297
37
7 10 20 23 33 38 39 47 54 61 78 80 88 96 103 113 117 118 123 145 154 161 182 183 188 189 206 217 235 237 242 252 254 258 275 285 297
28
13 24 42 63 66 72 79 99 111 119 137 154 156 162 164 205 210 212 217 225 226 242 251 262 279 281 284 293
33
3 10 34 56 62 73 87 90 91 95 104 108 121 122 133 165 168 198 199 202 235 237 243 254 264 266 267 280 284 290 294 297 300
41
17 19 22 28 29 42 44 45 51 72 94 96 101 110 114 124 127 128 130 134 154 170 171 203 210 221 228 229 236 248 262 263 270 274 275 282 286 287 288 293 298
29
18 31 44 54 55 65 70 71 100 103 131 132 147 159 161 164 177 203 205 207 225 226 228 253 256 259 289 295 297
32
8 17 58 64 65 94 98 117 131 132 139 142 147 154 165 167 172 177 179 201 202 212 213 227 258 260 264 265 276 278 289 291
33
3 9 10 17 27 32 43 64 89 98 110 120 125 134 146 161 167 172 173 174 193 203 204 205 213 214 223 239 261 267 269 271 297
26
5 10 17 27 41 58 60 61 72 88 90 155 165 167 172 178 187 200 212 223 232 244 252 276 281 286
28
19 26 31 53 74 95 96 101 103 111 128 141 147 159 161 183 187 192 193 196 207 230 241 242 245 259 267 276
30
18 19 21 26 27 30 52 55 59 64 74 76 79 92 106 110 134 150 159 161 194 216 221 229 231 232 236 238 254 293
24
16 22 35 51 58 118 135 159 170 177 187 188 189 197 203 210 232 244 251 269 270 275 276 289
26
1 9 55 61 117 120 129 135 145 175 191 207 213 216 228 232 235 239 249 250 257 258 268 280 292 296
34
12 16 41 48 59 63 66 87 100 104 116 127 133 143 154 171 175 192 194 195 197 215 222 231 234 238 245 253 259 263 267 290 292 299
36
7 10 15 26 32 39 48 61 62 65 75 78 85 100 127 138 141 155 181 185 186 192 216 222 234 238 242 252 255 259 267 268 270 275 284 288
32
2 14 17 22 30 31 35 56 57 60 72 98 108 110 131 147 153 158 183 211 212 213 219 221 228 252 260 271 276 278 287 295
37
2 3 10 11 13 15 16 23 34 83 88 91 95 99 104 109 130 137 145 158 159 170 173 179 183 188 212 221 246 249 251 255 261 265 273 283 297
31
6 28 35 56 62 100 107 126 134 161 165 172 173 195 202 206 211 215 216 233 237 240 245 246 251 254 270 272 279 293 298
29
9 18 20 24 58 71 76 80 91 94 106 110 126 134 135 156 158 162 176 181 185 202 263 264 266 271 276 288 293
25
6 38 49 64 95 102 150 152 161 164 168 182 204 208 221 222 223 227 237 238 248 250 251 256 280
33
1 6 12 26 37 38 41 44 45 57 69 92 102 112 114 116 141 151 154 160 173 193 207 222 224 236 238 251 252 254 260 276 296
32
10 12 25 26 29 78 85 86 92 95 96 107 109 110 131 134 137 151 153 178 179 183 184 198 212 229 237 245 248 263 287 299
28
7 11 36 58 74 77 83 93 106 110 122 135 152 155 163 170 174 197 210 217 224 233 235 238 266 267 280 285
27
2 25 40 60 65 76 82 84 102 111 125 143 144 147 153 157 162 169 184 190 202 206 243 253 268 270 290
23
4 7 11 13 21 33 55 57 107 139 145 152 168 171 173 208 211 234 237 263 268 271 281
35
2 6 7 21 25 28 34 45 48 50 52 56 60 64 94 98 110 128 132 144 145 159 184 191 212 218 225 236 237 240 246 251 272 282 292
34
7 8 26 27 32 36 40 41 65 70 81 97 103 105 111 117 125 154 158 169 173 189 197 206 227 236 238 241 257 258 272 290 297 300
35
26 31 37 47 53 56 64 66 73 107 116 131 132 139 145 147 149 165 168 170 175 186 198 202 206 220 238 244 253 255 261 280 290 293 295
30
13 14 63 75 78 90 96 100 101 133 138 152 159 168 172 177 178 183 193 204 212 226 228 230 244 264 268 269 289 291
35
6 23 27 58 63 68 75 79 81 87 106 108 115 120 121 122 131 146 156 171 180 191 198 205 208 223 240 244 249 277 282 284 286 290 298
33
4 24 25 29 31 33 36 37 45 82 88 98 110 118 120 122 139 145 147 154 157 160 161 181 186 210 211 221 227 239 265 274 277
34
3 10 25 29 46 74 80 82 87 90 96 99 102 106 109 113 115 119 122 140 156 163 187 196 205 216 232 235 244 247 250 268 278 289
33
23 24 30 51 52 63 72 76 85 86 88 94 103 107 113 118 121 141 142 145 147 154 161 183 189 192 219 225 238 239 250 270 279
33
16 25 29 37 42 45 47 48 53 54 79 82 86 91 101 108 114 118 123 127 128 138 142 156 171 172 189 195 205 233 259 271 296
30
1 5 25 29 35 56 60 66 68 84 91 121 129 131 134 138 146 152 156 158 161 163 169 170 196 223 231 252 281 285
28
2 13 37 38 43 53 57 59 63 77 90 91 94 108 114 125 133 140 143 149 152 153 194 206 229 274 289 290
31
25 37 43 50 57 59 68 91 109 112 133 142 145 149 152 153 157 162 173 180 183 186 198 203 216 226 247 251 257 264 277
41
2 5 7 13 25 26 27 44 47 49 58 61 63 64 68 74 76 85 87 99 107 125 128 134 149 153 154 165 168 170 173 183 231 245 248 262 270 281 286 295 299
34
8 34 38 52 56 58 60 67 83 88 89 93 96 102 106 107 118 137 146 162 164 193 198 204 213 223 228 233 237 240 241 259 276 284
31
10 29 33 34 38 40 45 59 80 82 102 108 111 112 133 177 180 181 182 194 207 212 213 238 249 258 259 280 284 290 294
32
23 31 35 51 63 66 73 88 90 119 121 126 133 136 160 171 181 189 195 208 214 232 235 236 241 243 259 262 264 276 284 285
29
1 20 29 33 34 35 47 57 66 79 89 100 104 109 119 132 175 183 187 196 208 234 240 268 279 284 285 292 294
27
11 13 21 39 40 48 70 86 99 102 112 130 138 146 151 155 158 169 185 202 214 221 230 246 267 275 278
27
6 15 24 72 89 107 111 114 125 131 134 135 143 165 182 199 225 226 235 259 266 270 279 281 282 286 300
33
10 12 29 38 43 48 59 64 66 70 72 76 79 84 93 105 108 114 133 149 159 177 182 189 226 240 241 242 246 250 274 276 283
28
5 10 11 27 49 50 62 63 69 73 88 107 114 120 125 152 156 163 178 190 196 231 236 242 251 270 277 288
29
17 29 45 50 51 52 55 73 79 80 95 98 101 106 110 111 123 133 170 172 175 195 212 217 224 233 271 279 288
25
3 11 30 36 38 48 64 69 97 108 118 130 139 144 150 151 154 158 178 192 199 230 244 271 290
27
43 53 79 84 89 94 99 101 127 142 154 156 173 181 191 207 211 234 249 251 252 267 276 277 282 296 300
30
8 11 24 51 65 84 95 98 109 115 133 139 147 156 174 177 179 190 195 211 231 241 246 253 255 268 282 284 296 300
26
8 25 37 40 43 51 56 66 78 129 151 159 170 175 184 194 209 225 229 236 245 254 258 276 284 296
29
4 8 9 12 29 52 54 66 85 87 88 99 101 102 104 137 143 197 199 210 216 220 226 245 263 264 277 293 295
34
2 5 14 16 24 37 41 54 55 65 82 92 96 129 133 154 155 162 172 176 202 205 212 218 225 233 236 241 247 250 257 262 265 269
26
5 11 67 75 85 97 112 121 147 152 165 172 173 174 176 200 204 218 233 243 247 275 278 286 291 292
22
25 29 79 82 123 126 154 157 162 184 185 188 191 196 199 200 213 226 248 277 283 300
33
1 11 65 86 87 96 104 108 116 123 132 134 138 153 156 163 170 172 175 180 192 198 203 208 213 246 257 268 272 276 284 287 297
21
12 17 40 47 51 87 89 95 108 132 140 161 207 219 233 235 261 265 271 272 283
26
9 10 13 15 72 80 87 105 107 115 126 133 134 150 151 165 175 183 184 211 217 226 237 255 275 284
25
2 22 23 49 82 90 109 120 140 143 144 164 166 173 181 206 211 217 218 264 267 269 273 275 280
34
4 6 15 17 18 22 26 28 31 41 46 53 58 83 84 97 98 139 149 179 182 184 209 210 212 215 217 218 237 246 251 275 285 298
32
1 2 21 42 45 48 53 57 70 83 84 87 89 91 92 104 118 126 135 148 150 161 185 187 195 200 239 248 264 284 287 289
32
4 20 24 40 47 58 62 73 79 110 118 125 153 158 165 166 173 223 225 230 242 245 253 255 259 263 264 268 274 282 292 297
28
23 24 29 30 36 61 79 102 119 122 126 131 137 165 175 211 215 232 240 242 243 251 255 258 268 271 281 284
29
7 18 23 45 48 58 61 69 95 100 101 109 129 135 146 156 159 164 180 202 223 227 228 233 247 251 252 283 298
27
43 50 54 61 85 97 119 128 143 156 162 190 201 212 217 223 247 251 257 258 260 261 266 275 285 294 298
32
29 31 42 44 56 65 71 78 80 84 91 95 112 135 154 159 173 176 182 186 187 198 221 232 234 243 256 260 267 287 288 298
31
11 21 44 51 57 66 75 91 93 97 102 116 117 124 144 155 161 164 185 198 202 210 215 235 241 263 274 277 279 280 298
31
3 16 17 20 22 29 45 64 70 85 92 106 108 115 125 126 147 155 175 188 217 225 240 242 247 266 268 269 273 284 298
38
7 11 14 16 32 47 54 60 70 95 99 113 116 120 125 134 142 151 168 178 179 189 190 197 198 205 207 210 213 234 243 251 255 266 271 288 295 298
28
5 12 22 26 42 50 71 106 110 122 123 130 131 142 143 163 165 180 191 196 208 209 212 263 266 269 275 280
36
2 4 10 12 31 45 62 79 87 104 105 111 114 120 141 151 161 165 173 185 187 189 193 194 195 205 216 220 223 226 247 258 259 264 270 280
21
7 15 45 51 94 137 146 150 152 159 176 210 225 228 238 263 264 267 287 299 300
31
10 15 22 33 39 40 56 67 77 80 90 93 94 106 107 129 143 144 155 189 201 212 234 249 250 251 252 253 266 287 293
42
9 12 14 17 19 20 23 28 30 47 69 80 89 90 99 101 105 107 114 125 147 151 154 157 159 175 180 194 197 216 221 222 232 239 244 248 257 271 281 287 288 291
35
6 19 22 25 33 35 50 53 61 75 86 113 117 122 129 131 138 146 156 168 177 182 185 191 204 249 255 258 259 282 289 290 291 292 300
32
5 16 34 40 65 78 79 96 113 123 131 132 141 148 153 166 172 173 192 194 209 211 214 224 244 254 266 271 275 295 297 298
37
8 11 12 17 19 23 29 32 56 60 64 73 74 81 95 103 104 131 132 138 159 161 164 173 193 220 224 231 238 243 245 246 250 254 275 278 286
25
15 35 37 56 73 82 85 89 90 108 114 121 134 138 153 159 161 178 179 211 228 249 266 267 294
35
1 3 6 8 11 13 14 25 35 52 53 57 76 77 79 103 155 171 200 207 208 217 247 250 258 266 271 273 274 278 279 282 286 288 293
27
47 70 75 83 96 104 107 126 130 138 141 144 148 151 168 169 179 181 188 199 208 213 217 255 277 280 287
31
3 5 27 31 41 42 53 62 64 73 77 79 87 109 114 115 119 121 146 152 180 183 185 192 193 204 209 230 235 264 282
27
12 14 17 22 56 60 63 82 88 89 95 97 98 115 118 136 143 160 166 188 232 251 263 270 274 278 285
20
5 36 51 61 89 97 115 135 155 171 181 206 216 217 223 240 260 268 275 300
24
17 22 37 48 49 63 68 82 83 85 95 99 119 160 164 183 208 246 263 268 281 283 291 295
17
13 30 95 124 131 143 153 201 205 230 237 247 250 252 263 265 289
33
1 6 17 27 44 45 46 66 70 73 77 94 105 109 122 129 132 133 144 153 167 170 181 185 193 205 208 231 241 267 277 284 297
32
38 41 47 59 68 73 84 91 97 105 106 109 117 123 143 146 148 166 169 180 198 206 208 211 236 239 243 257 264 273 275 292
22
13 55 72 73 94 99 113 145 157 159 160 212 220 230 248 250 272 273 279 280 281 283
28
1 13 18 22 28 29 39 42 44 59 60 62 83 91 99 111 118 122 163 168 177 186 187 197 218 283 285 290
37
2 8 10 12 14 28 33 39 45 61 83 103 132 138 144 151 154 160 161 163 171 189 197 198 205 208 215 225 228 230 239 260 262 280 282 294 295
34
2 7 13 24 31 34 57 59 67 85 100 112 113 122 125 136 160 164 181 186 237 251 270 272 274 277 278 282 284 285 290 295 296 297
27
5 16 51 72 76 85 92 98 101 102 108 128 151 167 168 172 175 204 229 230 237 249 268 274 275 277 298
23
1 22 32 34 65 69 72 102 106 123 125 134 150 151 177 213 225 230 237 260 285 286 298
33
23 37 43 45 49 59 62 71 76 97 100 117 130 139 142 161 169 171 181 190 201 203 208 221 235 243 255 258 278 279 284 289 298
27
14 42 67 70 72 74 81 87 91 99 122 123 137 138 153 164 165 216 227 234 237 243 245 267 277 283 298
35
8 10 23 36 46 49 50 57 60 70 81 88 90 91 110 118 138 139 141 152 168 172 178 183 191 228 242 247 254 255 270 275 278 298 299
29
23 26 59 68 75 76 80 88 94 104 122 130 147 153 163 164 171 184 202 214 220 232 234 261 271 278 280 291 298
32
30 53 54 58 65 68 87 89 97 98 112 120 137 139 142 144 146 153 157 167 181 183 196 198 225 230 243 252 254 290 295 297
31
22 37 45 53 61 64 69 82 92 94 100 125 128 134 143 145 159 165 183 185 187 191 198 213 223 228 236 243 245 291 295
30
12 21 22 24 36 37 38 47 49 52 95 103 107 150 158 164 192 197 198 212 216 219 220 224 228 231 250 256 287 300
28
2 23 42 45 58 61 64 65 72 93 96 120 141 144 147 158 166 169 178 184 201 207 210 215 225 253 293 294
30
15 22 37 40 61 80 83 87 94 102 104 106 108 109 113 123 155 163 166 170 197 199 216 219 224 249 254 271 286 293
23
4 28 45 53 79 80 85 114 125 131 135 138 148 151 204 205 206 228 229 249 252 270 276
32
3 6 10 13 14 25 35 49 67 94 97 102 107 142 143 149 156 185 186 193 198 199 204 227 238 248 252 269 275 277 289 292
29
7 18 21 25 30 37 61 64 84 85 98 143 152 172 178 183 188 193 198 200 205 213 229 252 253 269 270 283 294
49
2 6 17 19 20 23 33 36 39 64 65 74 88 91 101 105 106 112 114 119 121 127 134 141 142 148 154 172 175 177 192 199 206 208 216 217 226 231 243 259 261 265 268 270 276 277 287 292 298
29
1 11 56 60 73 81 84 85 89 93 96 105 123 140 143 151 154 191 195 202 229 241 246 255 260 275 289 291 292
31
1 14 18 20 22 32 49 51 70 78 85 90 103 104 112 113 116 125 138 150 157 192 196 200 218 250 258 277 290 297 300
30
12 24 60 71 72 78 89 92 100 101 106 113 116 126 132 134 136 146 165 176 180 181 212 213 214 227 228 232 265 280
29
4 5 8 18 31 46 56 62 64 81 83 93 111 116 136 139 140 156 177 203 207 211 214 215 226 232 241 263 274
30
21 28 38 43 44 78 79 87 89 113 128 130 137 140 143 146 156 184 187 195 200 203 204 218 224 242 257 274 287 299
29
8 13 33 34 35 38 44 49 51 67 80 83 87 93 98 114 117 124 125 133 185 189 203 211 219 222 246 260 293
30
2 14 39 40 43 69 77 80 82 86 95 97 115 130 137 140 144 159 161 164 186 194 219 225 237 238 245 266 273 278
30
3 4 8 27 36 45 50 52 72 74 94 96 126 128 144 145 156 159 164 176 187 200 223 230 243 244 250 267 288 292
29
2 25 31 37 60 62 70 71 76 78 80 101 104 107 168 179 181 182 202 217 218 222 240 253 255 258 267 276 291
26
38 93 101 123 138 154 158 160 174 181 185 204 216 220 229 233 236 250 254 275 278 287 290 291 297 300
28
3 6 12 18 20 22 50 55 60 66 95 100 101 116 119 153 170 175 179 197 198 200 213 221 235 244 247 276
33
15 19 24 31 35 48 51 55 80 135 140 143 150 154 159 176 179 190 193 196 216 228 238 241 244 245 253 257 261 274 275 291 293
34
1 6 22 29 40 55 74 87 94 116 123 124 138 155 159 171 177 195 202 222 224 225 226 228 232 239 245 255 260 271 273 276 283 288
34
19 20 23 24 25 37 91 93 95 109 114 117 121 132 145 161 163 174 184 190 195 208 213 216 226 228 231 260 267 269 271 274 278 298
31
6 10 13 24 28 51 62 67 71 76 77 79 114 133 137 149 151 152 168 180 187 193 194 196 216 244 247 250 272 274 289
33
2 8 14 15 17 19 40 46 48 52 66 70 73 80 87 109 125 130 159 160 172 177 179 192 196 198 201 213 220 247 262 264 294
28
7 17 30 41 52 66 73 104 116 122 129 136 144 148 177 178 179 180 185 189 192 198 200 212 228 261 282 290
40
51 64 69 91 102 109 110 113 135 139 140 149 151 156 158 160 169 173 195 209 214 216 222 232 238 240 249 252 259 260 261 272 273 276 277 289 294 297 298 299
24
10 36 39 41 52 68 80 89 99 104 109 128 131 141 202 203 208 210 217 220 249 268 273 279
29
7 34 35 39 48 73 77 92 98 118 119 127 130 131 145 146 174 178 179 180 188 216 226 256 266 282 287 289 300
27
3 10 24 62 75 78 83 86 91 136 154 158 166 193 204 206 219 220 223 225 250 255 260 263 266 268 278
35
53 56 62 64 69 71 81 83 87 93 97 100 101 104 126 141 142 143 144 152 158 162 179 185 206 213 222 239 240 243 246 252 254 265 284
29
8 17 27 28 54 69 96 101 115 137 146 153 157 163 166 167 172 180 191 206 211 231 241 243 250 254 265 297 300
28
3 18 59 68 76 77 80 104 122 125 132 165 167 176 203 213 231 232 233 248 252 256 270 271 277 284 285 287
28
10 12 16 34 46 73 83 84 91 116 133 138 153 154 174 199 226 239 241 244 248 260 275 283 286 292 296 299
28
21 42 43 48 52 84 99 101 111 113 123 141 146 148 161 162 164 173 199 204 207 209 252 255 265 277 281 289
31
11 14 34 50 52 53 61 64 83 87 98 110 120 128 134 146 159 161 164 165 172 187 195 211 226 237 239 263 266 277 298
28
6 8 28 49 52 54 62 83 135 140 145 152 153 166 167 175 208 228 229 234 236 240 256 260 266 269 278 300
30
7 8 15 17 25 69 79 86 95 107 110 114 127 130 135 154 178 185 214 225 227 235 236 255 261 263 269 293 298 299
