150 300
1.0 1.0 1.0 1.0 1.0 1.0 1.0 1.0 1.0 1.0 1.0 1.0 1.0 1.0 1.0 1.0 1.0 1.0 1.0 1.0 1.0 1.0 1.0 1.0 1.0 1.0 1.0 1.0 1.0 1.0 1.0 1.0 1.0 1.0 1.0 1.0 1.0 1.0 1.0 1.0 1.0 1.0 1.0 1.0 1.0 1.0 1.0 1.0 1.0 1.0 1.0 1.0 1.0 1.0 1.0 1.0 1.0 1.0 1.0 1.0 1.0 1.0 1.0 1.0 1.0 1.0 1.0 1.0 1.0 1.0 1.0 1.0 1.0 1.0 1.0 1.0 1.0 1.0 1.0 1.0 1.0 1.0 1.0 1.0 1.0 1.0 1.0 1.0 1.0 1.0 1.0 1.0 1.0 1.0 1.0 1.0 1.0 1.0 1.0 1.0 1.0 1.0 1.0 1.0 1.0 1.0 1.0 1.0 1.0 1.0 1.0 1.0 1.0 1.0 1.0 1.0 1.0 1.0 1.0 1.0 1.0 1.0 1.0 1.0 1.0 1.0 1.0 1.0 1.0 1.0 1.0 1.0 1.0 1.0 1.0 1.0 1.0 1.0 1.0 1.0 1.0 1.0 1.0 1.0 1.0 1.0 1.0 1.0 1.0 1.0 1.0 1.0 1.0 1.0 1.0 1.0 1.0 1.0 1.0 1.0 1.0 1.0 1.0 1.0 1.0 1.0 1.0 1.0 1.0 1.0 1.0 1.0 1.0 1.0 1.0 1.0 1.0 1.0 1.0 1.0 1.0 1.0 1.0 1.0 1.0 1.0 1.0 1.0 1.0 1.0 1.0 1.0 1.0 1.0 1.0 1.0 1.0 1.0 1.0 1.0 1.0 1.0 1.0 1.0 1.0 1.0 1.0 1.0 1.0 1.0 1.0 1.0 1.0 1.0 1.0 1.0 1.0 1.0 1.0 1.0 1.0 1.0 1.0 1.0 1.0 1.0 1.0 1.0 1.0 1.0 1.0 1.0 1.0 1.0 1.0 1.0 1.0 1.0 1.0 1.0 1.0 1.0 1.0 1.0 1.0 1.0 1.0 1.0 1.0 1.0 1.0 1.0 1.0 1.0 1.0 1.0 1.0 1.0 1.0 1.0 1.0 1.0 1.0 1.0 1.0 1.0 1.0 1.0 1.0 1.0 1.0 1.0 1.0 1.0 1.0 1.0 1.0 1.0 1.0 1.0 1.0 1.0 1.0 1.0 1.0 1.0 1.0 1.0 1.0 1.0 1.0 1.0 1.0 1.0 1.0 1.0 1.0 1.0 1.0 1.0
30
4 14 15 25 27 35 59 61 66 68 72 73 90 107 139 149 161 165 176 188 191 194 210 227 231 240 241 261 283 296
39
17 27 28 31 41 45 46 52 75 79 82 84 89 99 100 101 102 110 112 114 119 131 151 159 170 175 177 194 205 207 239 261 263 267 269 275 282 284 290
28
2 3 16 39 59 83 87 91 92 94 114 140 143 144 158 169 177 181 211 231 246 266 281 285 286 287 296 299
29
3 6 9 72 77 82 95 121 130 145 157 161 162 164 178 181 185 189 194 196 200 209 240 245 252 254 258 271 272
29
4 7 14 31 35 36 46 70 90 96 103 113 125 145 151 172 180 202 204 205 208 222 237 249 250 259 262 265 291
32
5 11 13 20 29 34 35 38 101 118 123 131 135 149 157 172 186 192 201 230 233 237 239 247 252 254 257 258 271 278 285 300
22
16 18 41 44 46 100 108 118 120 130 133 137 138 152 153 180 215 224 252 262 267 284
39
3 6 14 19 24 25 40 43 45 48 49 56 68 72 75 86 87 96 107 118 141 147 149 154 171 174 177 188 192 198 199 205 220 230 263 266 273 279 281
20
51 54 67 74 77 107 141 160 163 166 172 179 187 206 246 253 271 287 290 295
30
2 15 19 31 41 57 60 81 85 86 89 97 101 102 109 114 134 136 141 145 151 179 201 222 233 235 250 287 290 296
31
1 12 14 48 56 62 67 89 104 111 119 120 143 154 156 171 176 184 188 198 211 213 230 238 241 243 245 252 272 292 300
32
5 7 14 23 34 37 39 58 84 94 96 106 128 139 151 153 163 168 184 190 193 202 209 216 224 231 250 269 276 278 282 288
27
11 15 22 34 61 68 71 89 91 108 115 125 151 180 181 184 201 210 226 237 242 244 257 274 279 280 285
27
29 33 65 66 73 77 79 91 96 104 106 115 136 139 149 152 174 184 188 190 202 216 217 244 253 254 297
30
9 23 26 38 42 59 72 79 84 99 100 102 107 122 123 142 155 160 177 185 192 194 220 225 227 239 250 254 267 276
29
2 18 24 32 35 40 48 57 71 73 78 82 85 91 100 104 138 144 153 169 180 184 192 212 230 234 235 240 245
37
3 16 25 41 50 54 55 62 69 74 85 100 114 131 137 139 141 142 150 164 166 176 182 186 189 194 241 242 253 255 256 259 267 278 282 285 295
36
4 7 8 16 33 35 39 41 42 49 50 58 87 102 112 144 145 150 152 153 164 165 170 174 178 180 217 228 232 237 239 245 263 267 293 295
32
9 11 15 29 31 36 42 49 52 54 57 61 68 74 80 91 100 148 149 156 166 174 177 190 192 197 200 244 245 264 267 273
25
5 12 36 45 48 61 67 78 79 117 131 133 145 154 167 174 201 211 223 224 234 258 264 267 297
34
3 21 30 41 55 74 79 81 91 96 114 116 122 134 151 164 174 190 216 219 220 221 231 232 240 246 257 260 264 269 283 288 291 300
35
1 2 8 23 26 27 29 35 37 38 57 62 71 72 74 75 80 93 98 123 125 145 150 174 177 183 184 190 198 216 248 251 277 278 285
36
7 9 13 23 25 28 29 35 40 45 47 52 63 75 83 84 98 99 115 163 164 170 176 192 194 203 215 223 244 271 282 283 287 288 290 295
26
14 17 20 57 64 80 82 86 109 134 140 153 164 189 191 211 224 232 236 238 242 245 254 296 299 300
24
2 28 33 46 47 57 84 85 109 141 198 209 218 233 240 252 256 262 270 273 278 280 291 293
21
15 40 45 55 68 89 100 114 126 127 130 139 164 179 204 213 218 225 248 273 277
31
3 12 19 22 24 26 31 38 45 55 63 68 76 77 86 100 121 127 170 177 178 183 194 205 257 263 271 272 278 280 294
40
2 4 22 24 25 28 40 44 68 77 83 99 105 114 127 128 131 134 151 175 184 185 200 203 208 216 217 222 228 229 231 237 245 249 252 264 281 294 297 300
19
12 14 18 32 33 86 90 91 106 112 113 115 193 225 248 249 271 281 289
32
27 31 37 38 44 52 58 65 80 84 98 99 119 123 132 140 150 174 183 196 205 211 232 234 239 255 258 274 289 294 298 299
27
19 30 33 40 51 56 58 59 63 68 113 119 124 142 149 168 170 193 205 221 231 243 265 280 282 292 299
29
3 8 30 32 40 47 48 67 83 115 139 143 170 171 172 180 181 183 188 219 227 231 245 266 268 271 274 283 300
21
3 23 25 29 46 68 77 125 127 130 159 173 179 190 208 213 244 253 257 272 273
41
4 6 8 9 18 36 37 47 51 53 55 71 75 92 114 124 125 137 144 147 150 151 152 155 165 191 193 200 204 208 220 232 234 236 237 239 253 262 276 279 286
28
11 12 20 21 25 64 66 68 69 84 87 109 113 120 122 136 142 147 149 153 164 165 190 195 200 242 271 298
42
3 5 10 14 20 33 38 48 49 55 58 70 71 78 91 128 132 134 137 141 142 154 157 161 164 170 171 176 182 185 186 202 213 220 225 229 235 237 238 251 261 299
17
3 9 15 21 65 69 72 82 135 148 156 163 181 195 204 246 281
28
16 18 22 23 31 32 43 44 48 54 55 72 120 131 137 156 164 182 205 214 229 250 257 264 265 266 294 299
28
4 11 20 33 34 35 37 49 62 95 97 106 112 115 124 133 169 176 203 221 226 227 243 247 249 273 291 294
26
1 49 51 67 69 71 75 81 94 130 131 141 147 165 167 174 177 192 200 207 215 268 270 276 284 298
30
17 20 36 40 60 63 66 69 82 84 90 98 112 138 146 149 169 171 173 178 193 194 200 201 224 230 257 260 265 273
30
1 9 13 20 23 26 40 43 47 52 65 111 115 121 132 139 141 146 181 194 227 237 244 253 254 260 262 273 279 297
36
27 38 45 47 78 82 84 98 103 109 122 159 171 172 194 201 205 216 219 222 230 232 240 242 258 262 264 266 273 275 280 281 283 284 287 297
39
20 32 47 57 58 60 65 81 88 90 100 104 132 138 139 141 146 149 163 165 167 170 176 177 183 188 192 193 196 210 213 216 226 237 242 248 270 273 288
30
8 9 12 18 19 29 30 32 59 67 88 93 101 107 110 132 150 170 198 217 242 248 250 259 267 268 272 291 292 296
37
4 7 13 15 16 19 27 36 51 52 71 77 89 93 96 104 110 112 113 127 130 131 132 140 148 149 151 184 186 214 220 227 234 261 273 279 293
25
17 18 41 76 78 84 85 108 109 134 136 140 144 146 174 175 182 197 202 215 241 281 283 284 287
20
2 5 9 19 77 100 105 157 181 193 196 202 210 211 235 237 243 266 273 298
28
1 11 18 47 64 71 79 97 100 105 128 129 136 141 146 157 169 188 201 202 219 222 237 245 266 278 293 300
36
8 16 26 33 35 44 53 69 78 79 83 91 106 116 121 122 123 125 139 144 145 148 156 157 169 181 193 209 223 225 232 237 239 254 275 296
33
2 5 9 29 34 48 54 55 63 64 81 83 95 101 102 118 122 147 180 190 193 203 204 205 219 231 242 250 255 273 274 280 290
37
2 15 20 28 46 53 55 62 85 95 96 128 139 142 150 156 159 166 170 172 173 175 180 187 199 201 210 218 220 222 227 229 232 252 259 266 274
32
7 10 13 27 29 33 59 95 99 115 119 132 152 170 175 177 193 217 218 229 236 239 241 245 246 247 249 273 274 277 279 289
30
15 22 28 61 76 93 111 116 131 137 141 142 152 162 163 194 200 204 216 226 230 235 259 268 272 276 281 285 293 296
30
21 34 54 58 69 84 106 115 132 137 152 156 159 171 213 214 218 219 220 233 244 249 250 258 269 281 284 288 289 295
31
26 38 62 63 78 79 84 87 96 98 103 104 110 113 118 127 136 138 157 174 195 201 213 233 234 235 245 258 276 278 288
25
14 16 26 52 60 62 102 108 111 132 134 138 140 145 162 172 196 200 202 244 251 253 265 269 281
35
5 6 15 21 50 58 62 74 84 86 95 115 123 137 148 165 170 191 198 203 209 211 215 238 241 246 247 252 263 267 268 273 280 289 292
25
2 8 21 27 44 71 84 105 108 116 117 129 132 168 169 172 179 180 227 237 238 245 256 262 263
33
3 16 34 36 37 45 46 87 90 94 95 96 108 135 156 157 179 184 187 189 195 223 224 225 226 229 235 239 240 260 269 286 295
26
16 22 32 65 81 82 90 101 104 107 125 135 155 169 171 175 184 202 208 209 231 241 242 258 266 283
37
12 20 28 32 43 49 60 63 73 77 95 96 98 102 110 124 127 159 164 171 180 192 198 201 208 209 210 212 219 222 238 242 248 275 278 285 294
25
25 30 46 50 52 76 82 103 117 142 143 163 166 169 184 202 216 217 231 233 254 272 284 289 290
33
1 18 26 34 36 43 45 63 70 76 84 112 121 126 128 148 159 171 172 178 180 190 197 209 212 221 242 255 264 267 271 275 285
28
2 4 16 21 32 53 69 72 73 90 97 100 120 121 125 149 166 199 245 248 249 250 259 262 266 272 278 294
32
21 23 35 47 50 51 68 88 97 102 109 135 142 161 165 176 187 198 212 218 224 230 237 238 247 250 260 262 276 285 291 295
28
7 21 24 42 56 63 71 72 77 81 94 98 101 103 106 107 122 149 154 161 166 189 222 230 242 247 250 277
41
21 25 28 37 52 66 71 72 76 78 79 81 89 93 107 115 119 128 135 140 147 159 164 175 176 183 189 199 206 218 228 229 235 240 252 258 264 268 280 285 291
39
12 13 27 53 66 81 85 86 87 108 110 111 115 117 118 129 133 148 154 157 162 163 164 170 173 178 179 182 198 206 210 216 219 221 226 258 279 285 290
26
6 13 32 45 50 53 74 125 132 137 186 188 197 198 201 207 210 225 226 233 234 258 264 269 272 299
29
1 5 15 39 44 48 56 86 91 98 105 108 111 122 126 136 176 193 194 209 218 234 236 249 253 264 265 293 298
21
11 15 28 45 51 69 96 99 110 124 139 143 167 169 179 228 242 257 270 272 280
27
2 4 9 24 27 39 59 67 85 105 118 152 162 169 195 203 210 217 229 234 235 240 242 253 265 290 294
25
28 32 42 54 61 77 108 114 117 119 139 140 144 150 181 193 195 225 228 234 238 246 247 272 274
31
11 19 24 34 57 62 67 83 94 100 123 129 132 152 173 175 176 220 238 241 245 250 252 258 260 265 268 270 271 287 299
26
18 28 49 57 68 74 109 114 119 123 125 126 132 133 135 140 149 191 198 214 234 245 252 260 272 274
29
18 19 30 31 50 53 71 94 113 125 131 132 133 151 152 159 169 173 183 184 195 204 210 220 236 245 275 281 298
35
8 9 11 18 27 29 39 43 51 61 65 69 80 84 99 105 110 114 116 117 160 163 189 193 196 200 201 220 223 227 229 259 276 287 289
25
5 9 13 14 82 115 124 130 139 151 161 169 201 207 209 210 222 225 233 248 258 275 276 280 284
31
9 22 24 36 41 53 59 67 69 80 94 107 108 110 118 134 147 148 177 183 201 203 215 216 220 243 244 250 256 269 271
24
17 24 46 49 56 63 83 88 141 151 154 171 181 197 200 231 240 258 261 263 279 282 286 287
26
52 69 79 82 88 109 123 126 129 135 146 157 169 188 189 194 198 212 213 222 227 234 251 274 277 298
29
9 39 40 46 50 63 71 77 78 80 100 122 125 138 140 151 152 159 166 172 180 188 212 214 237 248 269 288 292
32
18 26 38 47 66 83 95 96 104 108 112 113 119 125 126 128 133 147 167 189 199 217 218 227 235 241 251 255 268 274 275 285
25
11 17 40 41 59 61 64 67 73 90 127 130 140 147 150 156 169 179 202 234 236 264 268 285 293
19
15 20 42 49 57 75 78 80 110 116 124 141 157 162 198 252 275 279 296
31
1 4 7 10 72 83 91 94 124 131 132 138 145 164 176 184 195 208 209 211 230 236 246 261 267 279 282 284 287 292 295
24
2 35 43 70 85 115 122 128 139 144 146 159 168 183 197 207 217 221 229 236 237 244 263 278
24
17 22 51 52 55 58 97 110 112 114 135 139 152 166 176 181 189 201 248 251 254 275 279 294
30
2 8 15 35 41 46 51 54 90 131 136 137 145 152 173 190 196 209 210 212 214 220 221 229 238 243 248 252 262 298
29
24 32 57 84 86 95 105 108 127 133 137 146 164 175 184 185 204 216 218 225 226 237 240 252 257 278 287 290 292
33
9 14 24 29 36 40 59 75 76 85 94 100 104 109 115 131 133 135 141 150 187 189 190 199 208 226 246 250 258 264 271 295 300
28
4 6 9 32 60 69 76 78 79 89 95 96 97 103 127 145 148 161 178 200 216 224 245 247 256 274 286 297
25
21 29 40 62 63 78 86 89 103 142 153 158 164 177 180 186 199 204 221 236 256 263 264 292 298
33
3 23 37 42 47 56 62 63 64 77 84 100 104 107 140 146 151 156 181 188 197 198 208 210 217 225 230 243 250 251 269 278 292
28
8 12 30 40 55 60 61 65 91 98 107 108 120 125 148 159 169 176 178 202 209 218 219 276 280 282 286 299
38
1 29 31 39 67 69 76 78 87 104 113 119 136 152 154 158 161 162 168 174 180 181 188 190 194 211 219 232 235 238 240 243 257 261 262 273 283 294
28
7 14 17 38 40 48 51 56 95 99 109 119 133 139 140 143 166 171 193 198 211 213 235 253 257 266 271 288
26
14 24 27 28 29 55 59 60 65 66 68 79 87 91 115 122 125 148 199 201 202 234 250 266 291 292
31
9 19 22 26 31 34 41 49 51 55 56 67 72 86 112 123 124 162 189 198 206 212 215 219 229 235 250 260 289 291 298
35
6 8 12 15 20 32 43 76 79 85 89 98 111 113 120 124 132 140 159 167 190 199 204 213 235 241 248 252 255 267 269 281 284 285 297
35
7 9 12 19 20 22 26 40 52 66 81 82 84 90 111 127 130 142 156 176 188 191 196 200 208 228 229 236 238 245 249 250 255 288 298
34
27 48 50 53 55 64 67 71 73 75 78 80 83 92 95 97 107 139 143 149 186 188 190 192 209 229 235 237 244 255 261 267 280 290
26
4 17 31 65 72 95 101 108 115 124 125 143 151 163 173 186 187 202 230 235 245 248 269 272 273 297
32
5 38 40 56 62 68 82 83 87 88 95 101 116 121 126 134 147 172 179 194 215 224 238 243 244 245 248 274 279 283 289 299
26
2 5 9 34 44 63 99 116 118 122 133 134 174 179 182 191 205 207 248 257 258 261 268 274 278 299
29
2 12 18 20 29 49 50 62 70 78 88 92 96 104 111 129 133 146 147 152 153 160 172 181 187 205 217 276 292
37
28 36 44 49 54 57 61 64 80 88 89 94 99 102 109 110 116 118 138 143 157 178 189 201 202 208 211 214 222 231 232 234 266 276 283 296 300
25
7 13 14 25 33 60 72 79 86 99 100 113 119 132 140 142 175 221 232 241 254 260 266 277 285
34
4 8 11 16 24 27 28 58 62 69 75 82 97 101 111 115 127 133 159 172 174 185 209 214 217 244 254 255 259 261 263 292 295 300
25
19 22 35 36 48 54 75 95 103 121 123 149 163 195 202 217 221 230 249 264 269 271 283 290 299
32
21 35 53 66 67 80 83 85 88 107 116 119 125 135 139 143 144 162 172 174 175 184 185 207 211 216 233 236 246 253 255 294
30
1 5 10 63 66 78 91 93 97 100 108 111 117 123 129 137 157 159 164 165 167 173 201 222 225 232 249 285 289 300
34
18 27 36 55 58 68 69 84 96 102 107 123 138 139 141 142 148 149 154 162 166 171 198 199 211 222 232 244 248 249 269 282 290 294
29
6 8 37 58 72 86 90 92 97 99 109 114 122 123 135 136 140 142 157 173 177 184 235 237 261 265 267 279 293
28
28 48 68 82 111 123 139 181 186 204 211 224 226 228 252 253 254 261 263 268 275 277 278 279 285 293 294 295
37
8 9 39 46 55 58 63 69 85 88 92 98 102 103 114 124 130 132 134 151 157 163 169 170 195 202 213 217 235 241 244 246 249 257 262 264 290
25
4 9 28 43 54 58 61 91 137 149 152 154 161 163 169 175 186 187 196 214 237 240 247 262 273
24
9 17 29 31 39 48 142 146 150 152 157 168 169 203 204 209 224 226 264 269 272 284 285 286
34
8 20 37 40 49 55 56 63 78 84 89 91 92 107 114 126 132 143 164 168 175 178 179 183 209 221 254 257 263 266 271 277 283 287
22
18 21 28 31 42 57 74 110 112 134 161 165 167 169 175 221 227 252 253 266 271 290
29
10 16 35 36 54 75 104 142 153 156 159 161 164 203 217 220 232 235 241 252 257 260 267 271 281 285 291 295 296
33
4 12 18 20 49 66 68 69 71 109 116 131 140 151 157 158 159 172 210 212 215 221 226 235 252 254 264 273 278 287 288 289 300
33
5 19 24 34 44 49 51 71 89 92 102 105 123 139 140 156 164 184 198 203 210 220 225 227 242 248 260 262 266 275 279 289 298
28
10 14 30 39 52 71 79 84 94 99 109 115 116 120 145 162 163 167 172 175 184 191 194 233 237 252 255 263
23
22 30 41 44 47 66 68 71 79 91 94 116 117 124 180 185 236 247 249 254 270 276 290
33
8 14 16 17 34 35 50 55 60 70 86 89 96 129 146 148 166 167 173 183 195 199 207 211 214 217 240 254 260 264 271 282 283
26
3 22 56 68 70 74 102 106 118 126 129 140 143 150 158 164 180 222 223 227 234 240 255 268 276 286
27
6 7 15 42 45 51 56 57 69 74 108 110 129 156 178 190 191 198 212 216 218 220 229 247 267 278 298
25
3 4 12 15 19 23 39 46 52 84 88 97 117 135 153 189 210 211 215 230 237 244 255 257 264
28
3 7 9 50 57 63 64 86 91 92 139 145 149 155 178 187 202 203 208 211 222 231 235 247 278 288 297 300
27
8 9 11 42 80 85 91 113 119 137 138 140 157 163 167 169 175 189 190 192 207 231 234 236 269 280 281
32
13 16 34 45 59 63 65 67 74 95 96 101 131 135 146 150 168 198 212 237 251 256 257 260 261 264 269 271 272 278 281 291
32
16 22 50 62 63 98 106 109 113 119 123 129 131 134 146 152 173 179 180 184 192 205 224 233 242 243 254 267 268 290 294 297
33
15 17 21 34 43 62 63 74 75 78 91 96 99 102 105 106 108 115 117 118 142 152 165 169 186 222 226 235 243 255 258 274 281
34
1 5 22 32 33 37 40 68 73 83 87 89 101 102 112 123 148 153 165 176 184 194 195 201 220 230 232 261 268 272 275 277 289 295
42
2 5 11 16 37 41 51 53 59 67 74 91 98 102 105 117 126 133 135 141 155 158 166 169 182 183 223 227 237 244 245 260 266 270 272 285 286 288 290 291 295 297
28
6 20 23 29 36 45 53 67 68 81 105 108 109 111 126 158 159 160 199 216 223 227 268 276 277 284 291 298
37
2 7 10 17 30 32 48 54 62 76 79 86 107 124 139 148 152 158 173 178 180 188 191 196 205 207 228 229 252 255 258 264 266 269 273 293 298
25
6 21 26 27 43 50 57 74 80 90 101 109 112 120 123 139 142 149 189 193 216 226 230 246 253
25
14 19 20 36 48 76 79 88 104 132 134 136 149 157 195 198 205 209 218 221 230 234 246 273 291
22
6 39 72 76 78 91 101 114 115 128 144 149 156 180 184 188 205 220 249 272 276 295
32
2 4 23 28 31 40 59 84 110 113 115 127 130 139 145 159 162 171 173 174 197 227 232 236 239 253 257 264 267 291 294 295
23
25 26 34 40 48 59 73 76 79 86 87 95 104 166 168 211 226 237 239 266 268 290 298
34
19 40 43 48 54 63 71 79 85 92 101 108 119 121 135 143 159 166 183 198 208 211 230 231 241 249 256 257 260 261 263 272 285 294
31
12 13 26 41 42 52 67 77 81 97 99 123 135 146 149 154 156 163 164 192 213 245 254 267 269 271 277 278 280 293 300
32
2 10 13 29 31 41 78 84 89 105 133 135 136 140 144 153 156 161 169 178 184 185 205 226 230 231 252 281 284 285 286 296
17
17 25 27 35 44 98 120 126 131 144 146 174 211 217 229 264 289
28
6 16 22 36 49 58 77 99 100 116 122 133 136 159 161 174 181 186 188 198 205 218 222 234 238 250 253 283
35
30 39 47 51 55 58 60 62 66 70 75 94 100 104 105 117 127 137 139 153 154 161 192 200 205 209 217 227 231 232 239 242 254 255 289
