150 300
1.0 1.0 1.0 1.0 1.0 1.0 1.0 1.0 1.0 1.0 1.0 1.0 1.0 1.0 1.0 1.0 1.0 1.0 1.0 1.0 1.0 1.0 1.0 1.0 1.0 1.0 1.0 1.0 1.0 1.0 1.0 1.0 1.0 1.0 1.0 1.0 1.0 1.0 1.0 1.0 1.0 1.0 1.0 1.0 1.0 1.0 1.0 1.0 1.0 1.0 1.0 1.0 1.0 1.0 1.0 1.0 1.0 1.0 1.0 1.0 1.0 1.0 1.0 1.0 1.0 1.0 1.0 1.0 1.0 1.0 1.0 1.0 1.0 1.0 1.0 1.0 1.0 1.0 1.0 1.0 1.0 1.0 1.0 1.0 1.0 1.0 1.0 1.0 1.0 1.0 1.0 1.0 1.0 1.0 1.0 1.0 1.0 1.0 1.0 1.0 1.0 1.0 1.0 1.0 1.0 1.0 1.0 1.0 1.0 1.0 1.0 1.0 1.0 1.0 1.0 1.0 1.0 1.0 1.0 1.0 1.0 1.0 1.0 1.0 1.0 1.0 1.0 1.0 1.0 1.0 1.0 1.0 1.0 1.0 1.0 1.0 1.0 1.0 1.0 1.0 1.0 1.0 1.0 1.0 1.0 1.0 1.0 1.0 1.0 1.0 1.0 1.0 1.0 1.0 1.0 1.0 1.0 1.0 1.0 1.0 1.0 1.0 1.0 1.0 1.0 1.0 1.0 1.0 1.0 1.0 1.0 1.0 1.0 1.0 1.0 1.0 1.0 1.0 1.0 1.0 1.0 1.0 1.0 1.0 1.0 1.0 1.0 1.0 1.0 1.0 1.0 1.0 1.0 1.0 1.0 1.0 1.0 1.0 1.0 1.0 1.0 1.0 1.0 1.0 1.0 1.0 1.0 1.0 1.0 1.0 1.0 1.0 1.0 1.0 1.0 1.0 1.0 1.0 1.0 1.0 1.0 1.0 1.0 1.0 1.0 1.0 1.0 1.0 1.0 1.0 1.0 1.0 1.0 1.0 1.0 1.0 1.0 1.0 1.0 1.0 1.0 1.0 1.0 1.0 1.0 1.0 1.0 1.0 1.0 1.0 1.0 1.0 1.0 1.0 1.0 1.0 1.0 1.0 1.0 1.0 1.0 1.0 1.0 1.0 1.0 1.0 1.0 1.0 1.0 1.0 1.0 1.0 1.0 1.0 1.0 1.0 1.0 1.0 1.0 1.0 1.0 1.0 1.0 1.0 1.0 1.0 1.0 1.0 1.0 1.0 1.0 1.0 1.0 1.0 1.0 1.0 1.0 1.0 1.0 1.0
57
2 3 4 5 11 12 17 19 34 45 56 63 71 74 81 84 91 97 101 106 118 128 130 132 133 136 152 157 162 167 177 186 188 204 208 209 225 226 237 244 246 247 248 251 257 258 264 268 269 279 281 284 290 291 295 296 298
53
5 9 14 16 24 29 37 39 44 46 59 64 78 82 85 92 106 117 118 135 140 141 146 148 150 153 161 175 177 183 191 192 196 202 204 206 217 226 237 243 244 252 253 256 257 261 269 274 276 290 293 296 298
50
1 11 12 13 14 21 27 28 45 55 62 70 78 82 83 86 90 93 98 101 112 119 127 129 134 140 145 147 159 179 193 209 217 219 222 224 247 250 252 254 256 258 261 264 265 269 271 296 298 299
66
2 4 5 13 17 20 24 36 43 46 48 49 50 53 63 65 67 68 69 73 74 75 77 79 86 88 93 97 99 104 105 108 110 116 124 130 132 133 139 146 158 163 172 175 176 177 182 186 187 190 216 217 222 228 230 235 238 245 249 251 260 279 282 287 289 297
68
5 6 7 12 15 17 28 32 43 51 52 55 58 59 86 93 100 107 108 110 111 113 114 121 122 126 128 130 141 143 147 148 149 151 155 156 166 170 172 184 196 202 203 209 210 213 216 220 237 241 242 243 244 247 249 250 255 262 266 269 272 278 284 288 289 294 295 300
70
7 14 16 17 18 23 28 29 32 33 34 39 48 49 51 60 61 62 63 64 81 92 94 96 100 101 115 116 117 118 125 126 130 132 135 137 150 159 166 170 171 176 183 194 200 202 206 208 209 211 227 231 232 233 238 245 248 252 253 254 255 257 262 263 266 267 282 283 289 297
60
2 3 7 9 11 12 16 21 31 32 33 37 52 72 76 78 79 82 88 92 93 96 99 102 107 114 116 133 135 137 142 155 161 166 167 174 175 182 186 204 206 210 212 214 219 237 245 249 251 259 268 269 270 272 280 282 288 289 295 300
66
2 9 12 16 24 28 38 42 43 44 59 60 63 64 67 72 73 74 75 80 97 98 101 106 120 122 123 125 128 136 138 142 146 147 153 156 160 165 166 168 170 171 174 184 189 196 197 199 200 213 229 230 236 244 248 251 259 265 274 276 279 285 291 293 295 297
62
9 13 14 17 20 24 28 33 41 45 52 53 62 74 76 86 96 97 100 104 115 116 119 122 140 145 146 156 159 161 166 170 184 186 191 194 197 202 203 204 207 220 221 223 224 227 229 231 233 237 244 247 252 263 272 277 278 286 289 290 294 298
65
2 4 16 19 21 24 30 41 49 59 60 73 74 78 81 82 90 92 93 94 97 103 107 108 109 115 118 119 120 126 127 128 136 139 140 141 146 147 148 150 153 160 162 192 198 203 212 221 228 230 240 241 249 255 259 261 262 263 276 279 281 292 293 296 299
63
13 19 20 23 26 31 33 34 45 52 60 61 68 69 80 81 83 84 93 96 105 113 115 131 134 136 146 147 150 155 158 165 166 167 170 171 180 182 183 184 186 188 200 204 206 207 215 224 226 231 233 234 240 247 248 261 277 278 283 285 287 288 291
58
4 22 27 29 36 39 41 43 45 47 49 52 53 58 65 72 83 86 87 90 94 96 101 103 119 128 132 134 137 142 144 147 181 182 187 194 196 204 205 225 226 228 232 234 235 238 245 247 250 251 259 265 266 272 278 280 290 297
58
9 17 19 26 36 37 40 44 46 47 50 51 75 77 84 86 87 90 95 98 100 104 106 112 119 122 126 127 128 142 144 157 164 168 171 173 174 183 185 192 193 201 213 217 218 229 240 241 242 244 272 273 274 276 278 282 283 289
54
9 14 43 46 54 56 59 67 71 79 80 82 87 90 95 107 108 119 120 125 130 132 141 142 151 159 164 165 166 181 182 185 186 193 194 195 197 200 205 213 224 231 232 241 250 259 266 274 282 284 287 292 299 300
57
7 12 22 23 28 30 35 37 44 59 60 63 66 72 83 84 96 98 100 101 105 107 113 128 132 134 137 138 139 146 147 149 165 170 174 204 208 210 224 226 230 235 243 244 250 257 262 264 269 271 277 285 290 291 292 295 300
66
2 4 5 10 14 21 28 41 43 45 52 53 56 60 68 71 75 88 89 90 96 99 105 110 118 121 126 129 138 147 148 158 160 167 171 172 179 180 183 189 192 193 196 200 202 211 224 225 226 231 232 238 246 249 252 265 269 273 276 279 282 283 284 287 289 299
64
2 9 10 17 22 30 31 34 48 55 57 58 63 67 80 83 85 88 89 91 92 102 113 119 123 124 128 134 143 145 148 151 152 160 165 166 172 174 176 182 183 184 189 198 200 201 211 213 215 216 221 235 239 243 254 259 260 267 268 270 281 283 298 300
55
4 6 9 17 18 19 20 26 37 41 46 50 55 60 66 68 72 73 74 107 116 119 124 129 133 138 140 153 159 163 167 174 180 184 187 190 194 197 198 211 218 220 221 222 239 241 256 262 263 264 270 280 287 290 292
66
21 23 27 33 39 40 42 44 49 55 57 59 60 63 65 69 76 78 80 81 85 88 98 99 108 115 118 119 125 128 148 149 153 154 156 161 164 167 176 179 180 181 187 188 191 196 202 220 225 230 234 237 242 245 254 260 262 263 268 274 282 287 288 289 297 298
68
3 4 5 11 21 22 25 29 31 38 39 40 43 44 46 51 52 55 58 60 78 81 91 101 107 111 119 121 132 133 135 138 144 145 151 169 170 175 176 186 191 192 196 198 199 200 202 205 213 225 232 236 242 244 248 256 257 260 266 268 269 271 273 274 278 280 295 298
55
3 7 16 19 40 44 50 62 64 70 79 82 84 86 97 100 102 105 106 107 108 110 113 119 124 130 131 139 158 171 174 191 198 202 205 209 213 214 224 229 234 239 246 247 249 253 265 267 269 273 275 276 277 282 288
52
1 29 31 38 44 48 49 55 63 64 69 71 79 101 107 110 111 114 126 130 132 142 151 159 166 180 190 195 207 209 210 211 215 216 218 219 222 226 230 237 241 245 246 247 250 252 256 259 274 282 295 297
64
2 3 14 17 18 21 26 30 37 48 51 52 53 66 68 69 71 73 74 75 78 80 82 86 93 100 102 117 122 124 130 137 139 144 145 152 155 158 161 171 175 180 183 191 192 203 220 223 234 236 240 241 245 250 251 259 260 264 267 273 274 276 291 293
64
1 3 4 21 23 37 43 44 49 56 58 61 69 72 86 88 99 102 105 106 108 113 123 147 148 150 152 156 165 176 180 184 185 198 205 207 210 212 216 217 221 222 223 225 227 230 235 237 238 240 247 248 253 262 264 266 267 268 275 280 286 290 293 298
54
4 13 23 35 39 41 44 51 53 54 56 58 59 61 65 68 70 71 72 80 82 83 101 105 108 109 117 125 129 139 161 170 177 180 181 193 195 197 201 203 204 218 234 237 247 264 266 268 270 275 279 285 287 298
58
2 23 27 29 32 40 41 42 49 50 53 54 62 65 77 79 80 83 98 99 102 105 116 123 130 131 134 140 147 163 164 167 168 175 179 185 187 188 190 204 205 212 213 215 233 241 246 260 265 267 271 273 275 276 286 290 295 299
62
2 4 7 10 15 18 25 43 46 48 50 53 55 62 66 75 95 96 111 112 117 120 125 128 130 134 136 144 147 153 154 160 161 165 171 174 179 182 185 186 187 193 201 204 206 210 211 214 219 220 232 234 237 240 242 257 260 263 276 283 289 292
66
1 4 9 13 15 16 17 19 24 36 45 49 51 52 72 76 79 81 82 85 93 97 103 104 108 110 111 112 115 119 124 133 138 140 146 154 156 157 159 162 169 176 183 186 187 189 194 196 197 212 213 223 225 227 229 241 250 251 262 276 281 285 286 287 291 296
51
4 15 16 25 26 27 28 38 42 50 53 58 80 81 89 103 125 126 132 134 136 141 144 146 152 162 171 172 177 180 181 189 193 195 197 198 215 219 226 237 242 246 251 253 265 266 271 280 283 292 300
68
1 9 18 20 25 26 33 35 37 38 39 44 55 56 59 70 72 74 79 81 82 83 84 85 92 101 109 111 112 115 117 118 121 124 126 142 143 148 164 165 170 175 178 180 182 188 192 195 213 214 219 223 241 244 255 256 265 267 269 270 275 277 279 283 288 289 297 299
74
2 5 7 15 18 20 22 25 33 34 36 40 41 45 46 49 50 53 56 62 71 76 77 83 87 88 91 105 106 112 116 118 121 122 123 129 133 138 145 151 155 156 160 161 164 172 173 181 184 202 205 208 222 225 226 229 237 242 245 247 249 250 255 257 258 261 263 267 268 276 279 282 290 293
54
3 5 12 14 19 20 24 44 52 53 55 58 65 66 67 68 75 80 88 103 112 113 128 129 134 137 139 142 158 164 176 184 189 192 197 203 204 210 214 218 219 220 221 223 225 226 229 244 260 262 275 283 287 300
68
8 19 31 32 43 47 49 52 56 61 75 79 80 86 87 92 99 104 105 109 110 115 116 118 121 135 136 137 141 143 145 146 148 151 156 160 171 172 173 175 176 180 185 193 201 207 210 212 226 228 230 231 239 240 242 244 248 262 270 274 276 277 280 282 283 288 291 294
71
3 6 7 8 12 15 17 18 32 40 43 44 47 49 57 73 75 80 84 96 97 106 110 111 115 121 125 128 133 141 149 162 163 165 167 169 180 183 188 189 199 200 204 206 209 218 219 220 223 226 229 230 231 234 245 246 248 252 256 259 263 272 276 280 284 288 290 292 296 297 300
49
9 12 14 18 22 28 30 31 35 66 80 83 90 97 98 102 110 118 119 125 126 133 135 144 146 147 151 156 160 166 167 176 179 188 189 193 200 204 213 223 236 237 245 248 254 262 281 292 297
66
2 3 8 10 13 19 24 26 29 33 36 41 52 58 59 63 68 71 73 79 84 90 101 117 123 125 130 139 141 144 151 152 156 170 172 173 175 180 183 184 187 189 202 205 210 218 223 227 229 230 235 241 245 248 256 260 266 267 268 274 281 282 288 290 292 293
66
5 24 31 37 44 45 50 58 59 60 63 73 74 94 101 109 115 119 122 123 125 126 134 139 141 145 148 149 166 169 182 185 188 189 191 200 202 211 212 225 231 235 237 249 251 254 256 259 261 262 263 265 270 271 274 275 276 277 281 282 283 284 287 290 292 295
69
8 22 25 29 30 38 41 43 48 56 64 67 70 79 81 82 96 102 103 104 108 111 114 122 123 126 127 128 134 136 137 138 141 148 149 159 164 167 171 172 173 181 189 195 196 200 207 211 215 216 217 219 220 221 236 238 245 246 247 248 252 260 274 276 283 285 294 295 297
54
3 17 19 20 43 50 55 58 60 61 63 65 72 76 84 89 93 94 99 111 118 125 127 128 131 132 133 137 141 147 154 172 178 187 188 193 196 200 201 202 214 218 220 227 235 239 240 245 250 259 263 278 285 291
60
8 9 11 17 18 27 32 33 43 44 46 47 55 61 65 68 71 76 80 81 88 91 92 99 102 110 113 114 117 131 135 137 143 149 157 158 166 180 182 183 185 190 192 193 196 206 209 214 217 221 222 227 235 244 260 270 271 284 296 300
50
39 42 45 57 58 66 67 68 69 73 76 77 81 89 92 93 96 98 103 111 127 130 131 133 147 162 164 165 170 183 184 188 195 208 209 214 220 227 252 253 254 262 269 273 274 275 279 290 291 297
66
1 8 20 30 39 41 43 48 51 52 64 75 79 85 86 89 92 93 95 96 97 99 108 109 110 114 116 119 122 124 134 143 147 148 150 152 154 157 159 160 164 169 172 175 179 185 187 190 191 193 195 197 212 226 232 241 245 250 255 261 267 273 277 283 291 300
53
2 4 11 15 16 20 27 28 32 36 44 48 49 57 64 67 78 79 92 97 102 107 110 114 116 119 127 133 135 143 145 146 159 181 194 196 204 214 215 219 221 223 236 243 246 250 257 260 262 269 272 284 295
59
3 4 5 9 19 20 21 25 34 44 48 54 56 59 64 78 81 86 95 96 97 100 101 106 111 115 121 127 130 136 138 139 141 143 146 148 150 151 154 158 162 166 168 189 195 201 203 210 216 218 231 238 242 247 254 269 277 284 293
51
3 11 24 31 32 46 51 52 55 65 70 71 73 83 84 87 94 96 103 108 112 113 135 148 171 175 177 185 189 192 193 198 200 201 204 207 208 231 236 241 242 243 244 246 249 253 272 274 283 291 297
55
4 6 7 18 23 37 38 40 49 50 58 66 69 71 83 86 88 94 96 104 105 115 118 120 130 139 143 155 158 161 168 169 170 173 175 181 182 189 190 198 199 204 215 228 235 236 246 249 251 257 258 260 270 285 298
63
8 9 12 14 16 17 18 21 29 32 34 37 44 46 48 51 54 57 61 64 74 80 100 108 112 116 120 122 124 130 145 149 161 166 183 185 192 204 205 215 218 219 221 223 224 227 228 229 231 235 247 250 265 267 269 270 278 283 289 293 294 296 298
76
3 5 7 8 28 39 40 42 43 44 45 48 50 55 57 59 62 64 69 73 84 86 88 99 101 109 116 120 121 122 124 125 128 130 133 137 141 150 159 169 171 177 179 182 186 189 191 193 196 198 199 204 206 213 218 224 226 241 242 246 250 252 256 257 258 260 271 272 273 278 282 284 286 288 291 293
67
3 8 10 11 14 15 17 18 19 23 27 28 31 36 41 49 56 58 59 68 69 79 81 83 84 86 93 98 115 117 129 133 150 156 160 170 175 178 180 193 196 197 199 207 209 210 211 215 216 217 224 227 229 234 237 244 246 251 253 256 266 267 275 281 289 294 296
62
1 5 8 10 15 16 17 18 26 30 33 34 43 58 69 71 72 75 82 91 94 95 105 112 126 133 135 153 154 156 160 161 170 171 176 195 196 198 206 217 219 220 221 225 227 229 231 235 236 238 239 240 253 257 259 267 274 282 283 293 297 300
55
2 3 12 16 18 24 34 35 37 38 42 44 48 57 62 64 65 66 74 81 82 83 85 86 87 88 96 98 102 105 120 122 125 126 127 134 137 151 172 173 178 181 184 194 221 234 242 247 258 271 272 273 287 291 296
46
5 6 23 36 61 66 68 85 88 89 100 101 106 114 117 129 143 148 149 151 158 160 161 163 176 182 188 191 207 208 210 214 219 231 238 248 250 256 271 273 275 279 287 293 297 300
68
2 5 8 11 14 15 18 26 28 30 37 38 47 50 74 76 79 97 102 103 112 113 114 116 118 126 127 133 138 139 141 144 151 161 162 163 164 167 168 172 176 189 190 192 194 197 199 207 208 217 219 220 223 225 230 236 238 239 241 242 243 250 251 260 261 273 277 286
51
9 15 16 19 21 31 37 40 43 45 47 52 60 70 75 76 77 79 81 85 86 87 100 104 123 124 129 133 134 137 140 141 144 146 148 179 180 184 196 197 208 216 225 232 239 246 254 263 271 279 300
54
1 7 9 13 35 38 39 40 43 45 48 54 57 66 67 77 79 91 93 95 97 103 109 125 130 135 137 142 147 148 149 151 159 163 184 185 187 193 196 198 208 213 242 244 246 256 269 273 275 287 293 297 298 300
65
5 7 9 12 21 23 26 27 32 38 39 49 60 67 68 69 74 81 83 88 90 95 96 98 100 110 112 119 121 133 142 143 148 151 153 156 160 163 165 168 170 180 183 184 202 208 217 234 235 241 242 243 244 249 253 254 260 261 279 285 287 288 290 296 298
78
11 18 20 23 33 38 41 44 47 48 50 52 53 55 57 59 72 76 79 83 84 86 96 99 104 105 109 122 123 124 137 138 140 142 151 154 155 158 159 160 165 166 173 175 177 178 187 189 191 195 199 200 207 210 213 215 216 220 231 235 241 242 243 246 247 249 250 254 255 259 268 269 270 272 279 288 294 299
62
9 12 15 28 30 32 40 46 47 48 55 58 59 61 66 67 76 82 85 88 89 91 102 103 111 117 121 122 128 132 138 141 144 146 155 160 172 176 180 181 186 187 193 197 206 208 215 221 222 227 229 238 239 240 242 254 258 263 264 266 274 283
73
4 8 9 21 25 26 27 32 37 38 40 47 48 49 56 57 59 64 66 69 70 73 77 78 84 89 91 92 93 95 103 104 105 108 111 117 125 126 132 139 143 147 151 159 171 172 185 193 196 207 212 217 218 219 221 222 223 228 231 234 243 244 246 259 267 268 271 275 276 287 290 292 295
60
14 18 20 39 41 44 51 52 54 58 61 63 71 73 78 82 86 89 94 95 99 103 107 110 114 125 134 150 152 154 164 167 172 176 189 191 195 196 198 204 208 210 218 224 229 231 235 246 250 252 253 258 264 268 272 273 276 282 285 292
59
8 9 22 27 46 47 60 68 71 73 83 84 94 95 98 99 105 111 114 115 116 121 123 130 132 143 150 154 156 166 170 182 185 189 194 203 209 217 223 228 229 231 237 238 246 251 253 255 257 260 263 265 267 276 278 282 283 284 287
52
2 7 13 18 32 33 45 52 55 59 63 65 66 77 81 83 97 98 100 101 103 110 117 118 122 127 136 149 154 166 168 171 173 176 180 185 188 191 192 204 212 224 230 239 243 247 254 259 262 265 276 291
55
7 8 10 11 13 22 45 51 63 81 87 95 99 101 105 115 117 121 124 128 130 132 144 148 149 150 158 160 162 166 168 177 182 189 193 214 215 217 219 222 223 226 232 235 236 245 247 249 250 261 271 273 274 284 292
60
5 8 10 11 15 18 25 26 31 37 41 43 50 52 55 60 62 65 71 72 73 75 77 80 93 96 104 105 117 124 141 145 155 159 165 169 172 174 176 179 180 189 193 196 200 204 221 224 233 237 238 244 248 254 255 281 283 284 294 295
48
2 3 8 12 14 23 27 28 33 55 66 70 73 79 89 92 96 98 105 116 117 118 127 135 136 137 165 175 176 180 183 190 209 212 214 227 234 236 242 251 259 261 263 269 271 279 283 293
63
5 7 8 11 14 16 22 27 30 36 42 47 53 55 59 65 72 77 79 81 83 94 103 116 117 118 120 121 130 133 146 150 166 171 175 177 178 179 185 187 188 192 194 203 204 209 210 216 221 226 227 237 239 243 252 256 260 262 269 274 292 299 300
50
13 17 20 29 33 34 45 46 55 56 63 66 67 70 72 75 83 87 100 106 115 117 124 128 140 143 154 160 168 172 174 184 185 188 190 199 207 219 221 231 241 247 252 253 256 261 266 277 280 281
59
10 14 16 17 19 22 29 33 38 40 43 44 52 53 56 64 66 69 76 78 79 82 86 89 93 97 100 117 121 123 124 135 137 140 148 157 168 170 176 184 187 188 190 192 194 221 223 229 234 239 243 245 257 260 276 287 293 298 300
51
3 9 10 19 29 32 46 49 52 57 59 61 62 63 70 71 77 85 89 94 103 111 126 128 133 141 146 154 157 165 167 170 194 207 213 216 225 226 231 232 235 241 242 244 257 263 265 278 287 291 292
52
3 5 6 9 28 31 33 37 40 46 49 53 61 71 73 75 79 96 101 107 117 118 128 135 150 156 157 169 176 177 179 185 205 207 208 209 212 214 217 218 224 228 230 242 247 258 262 264 269 277 279 290
55
4 17 20 23 31 37 39 40 41 50 53 55 61 66 75 80 87 89 96 103 105 110 111 125 126 139 149 152 153 155 157 161 162 163 168 169 172 178 179 182 209 212 220 221 248 250 252 253 269 273 279 282 287 296 297
66
9 10 11 15 17 20 23 34 44 49 57 60 61 62 65 67 72 77 87 92 97 98 102 103 104 107 111 112 114 118 123 132 133 136 139 140 153 159 163 164 168 174 176 182 187 201 202 205 207 216 219 220 224 228 231 233 239 242 243 247 248 255 267 285 292 299
73
3 11 12 21 25 29 30 34 38 42 50 59 61 64 68 75 86 97 100 105 112 122 123 124 126 129 130 131 139 142 147 151 154 156 157 164 170 172 173 175 178 186 187 189 195 200 202 213 216 219 222 223 229 233 234 239 240 242 244 246 247 254 255 259 260 261 265 267 268 271 279 291 292
65
6 10 21 32 34 39 41 42 43 51 70 73 75 79 80 91 96 100 106 107 110 117 138 140 152 153 158 160 165 167 175 180 189 193 194 196 197 198 208 211 213 214 216 230 232 236 238 239 248 252 253 254 255 261 262 264 267 268 277 278 281 284 285 290 300
66
3 6 10 16 19 28 38 42 45 52 55 58 64 72 75 81 84 90 91 98 100 101 104 109 118 119 122 126 127 130 134 137 143 149 151 158 162 163 170 175 183 185 186 188 189 193 195 198 200 206 214 218 223 237 240 241 243 244 248 260 261 267 271 278 296 298
73
2 8 10 11 16 19 22 27 28 31 33 39 43 46 47 56 58 62 63 64 72 73 76 86 87 88 92 96 99 100 101 103 104 110 125 139 141 142 148 156 160 170 173 176 180 183 185 188 190 193 195 208 215 217 218 220 225 227 228 234 236 240 241 243 252 253 257 273 275 282 283 286 293
54
6 8 11 12 13 31 32 33 45 47 48 55 59 60 63 70 78 84 85 95 101 105 115 118 120 128 139 140 142 152 153 163 170 172 173 180 200 208 210 213 215 219 220 223 231 239 253 267 268 272 281 286 297 299
60
3 11 14 22 28 39 40 44 48 58 60 61 66 70 75 82 87 89 91 92 94 96 108 109 110 112 113 116 121 127 129 131 132 136 141 147 157 163 166 169 177 189 191 194 202 208 213 214 228 230 233 234 237 248 258 268 275 279 293 296
74
3 6 7 12 14 16 20 21 31 35 36 39 42 48 52 54 57 58 60 62 63 66 69 73 84 93 103 109 112 114 116 120 124 135 136 139 143 148 157 173 179 180 181 182 185 186 189 193 197 200 203 204 207 210 211 221 224 225 229 234 243 244 247 249 253 254 264 266 269 278 281 283 293 299
61
1 2 5 7 11 12 18 22 27 37 40 48 50 63 65 85 90 91 94 97 98 104 120 121 125 126 140 146 156 161 163 165 170 172 174 183 186 189 193 195 197 207 210 219 224 225 237 241 244 246 250 263 271 274 276 277 279 286 291 293 294
59
5 13 18 20 23 24 26 37 49 52 57 80 83 85 87 88 93 95 98 99 100 109 111 118 146 153 155 158 159 164 168 175 176 179 183 185 186 195 203 215 217 219 233 237 238 239 241 246 250 256 260 264 266 270 273 282 286 294 298
56
2 23 24 29 35 38 39 44 46 49 56 62 99 104 105 110 117 118 122 133 135 136 142 146 149 157 159 164 169 171 174 178 195 201 210 213 217 220 224 226 229 242 243 253 256 257 270 271 280 281 285 290 292 294 296 297
55
2 15 18 21 22 23 24 25 31 47 55 62 77 87 89 95 99 107 113 118 119 134 139 146 151 152 161 164 166 174 175 179 181 183 184 186 189 196 203 205 206 208 209 224 228 231 233 237 241 247 267 268 269 275 290
53
7 15 17 24 33 34 36 42 47 48 62 63 65 83 84 109 113 118 128 138 141 143 144 146 163 169 171 180 183 188 189 191 199 205 213 221 222 225 227 230 232 234 236 247 258 265 274 275 279 283 286 291 297
58
6 17 19 23 25 26 27 39 42 44 46 67 69 78 84 104 116 117 124 127 132 138 139 140 141 142 143 153 154 155 156 158 159 164 165 172 175 179 193 198 216 222 226 235 243 244 246 249 250 257 261 262 264 278 281 289 291 297
72
5 6 12 22 24 27 37 41 45 47 50 56 57 62 65 73 74 76 84 86 90 92 95 97 99 104 108 111 116 121 124 127 130 135 137 146 151 154 155 160 169 172 180 182 183 188 196 201 207 209 210 214 221 222 224 234 236 237 241 242 244 261 262 263 266 280 283 286 291 295 296 298
69
1 5 7 14 15 19 21 23 25 26 28 31 34 42 50 58 61 62 64 71 76 80 83 89 98 101 104 105 107 109 118 123 128 134 141 142 154 166 167 173 174 175 176 180 194 199 203 205 206 209 215 219 221 229 230 231 234 235 236 247 255 257 260 268 285 288 292 294 298
43
1 4 10 11 12 18 23 26 36 39 41 47 49 54 98 102 112 122 123 126 130 131 145 148 155 157 161 169 205 219 223 227 241 244 245 266 270 278 280 281 287 288 294
55
1 3 13 23 30 36 44 47 48 49 53 67 75 76 77 78 80 82 89 103 107 111 120 123 131 136 145 150 157 159 169 172 176 196 200 201 217 228 230 233 238 240 241 243 250 256 257 274 284 289 291 293 294 297 300
55
1 3 6 10 24 32 33 37 46 50 54 58 76 77 80 98 100 101 104 107 113 115 116 119 129 139 142 146 147 152 157 158 161 170 171 180 182 187 201 207 209 212 214 215 220 226 229 230 234 258 261 272 282 284 287
63
10 16 19 32 35 36 38 40 45 52 53 60 61 63 64 69 72 77 79 83 91 95 98 106 119 126 127 128 129 133 138 141 148 159 161 169 170 171 177 181 192 194 197 205 211 226 227 231 234 247 251 258 270 274 282 283 284 285 286 287 292 293 299
51
3 4 5 9 12 13 19 23 32 37 64 85 87 94 95 97 109 115 118 149 150 153 163 166 178 180 181 182 184 187 189 192 201 203 217 219 220 222 226 229 230 233 242 243 251 256 265 274 278 285 300
62
3 27 31 32 47 49 50 52 55 68 71 72 89 95 101 102 106 113 119 121 133 134 135 136 139 145 146 148 159 160 161 165 171 174 179 187 188 191 193 196 197 198 200 204 208 217 218 224 233 236 238 250 259 265 266 273 279 286 289 292 296 298
54
6 11 19 28 29 41 53 66 67 69 76 86 91 93 101 103 106 108 114 121 126 127 129 134 156 162 167 173 176 177 179 184 187 192 201 208 209 220 221 223 226 252 264 269 270 274 276 278 283 284 290 291 292 293
51
1 4 6 9 20 29 34 37 41 49 51 52 65 69 72 78 91 96 102 107 111 117 127 133 134 152 160 167 172 174 182 183 185 190 192 203 208 217 218 223 224 230 235 239 245 254 257 259 266 286 289
61
3 10 19 20 21 28 29 33 40 45 51 56 58 61 66 68 73 80 82 91 94 113 114 118 120 122 128 133 147 150 166 170 172 173 185 198 202 206 207 209 211 216 217 222 223 228 237 240 241 242 244 248 257 267 271 275 278 290 293 295 296
60
2 12 14 18 19 21 22 31 32 34 39 42 54 55 57 58 62 67 74 82 84 90 99 107 110 114 128 143 144 149 150 155 160 165 172 174 180 181 187 199 206 210 212 213 214 237 242 246 247 251 252 265 268 270 272 277 279 286 297 298
59
2 9 12 21 23 30 35 52 54 59 62 66 67 68 72 81 88 90 92 97 99 101 104 133 134 135 137 138 152 153 154 156 162 171 179 182 183 185 194 197 202 203 205 208 216 228 232 235 239 251 252 254 260 272 274 276 279 290 300
72
3 23 26 27 28 38 41 46 48 52 56 57 65 68 69 75 82 83 90 92 93 97 111 114 117 119 120 137 139 140 143 151 153 156 165 166 167 168 177 178 189 190 191 197 199 202 204 205 207 210 216 218 220 226 231 243 249 258 261 264 266 268 275 276 278 279 283 285 290 291 294 299
76
1 8 9 22 26 30 33 40 41 43 47 57 60 64 70 74 77 80 82 84 88 97 98 114 115 120 123 131 132 135 139 144 148 153 156 160 162 164 166 172 175 176 177 179 182 183 192 193 195 197 199 205 209 217 219 221 227 232 233 239 248 255 258 260 264 266 267 269 270 271 276 281 285 290 296 300
65
2 14 15 21 24 31 41 46 47 48 50 54 57 58 59 60 63 67 71 72 75 76 82 83 84 85 88 100 102 106 123 130 133 134 144 149 150 153 155 162 163 177 181 182 189 190 191 207 213 222 232 237 245 248 252 256 257 263 266 270 271 276 281 283 294
56
9 26 35 36 41 48 49 52 60 62 68 72 79 83 85 86 91 101 110 125 127 142 162 168 172 177 181 185 187 193 199 205 207 208 212 220 222 228 229 230 231 234 235 237 238 258 259 262 264 266 267 277 282 296 298 299
64
12 18 21 25 33 40 42 43 46 54 57 61 63 67 72 80 87 95 100 103 104 105 111 112 115 117 119 121 135 136 138 148 159 161 162 164 171 172 176 180 183 188 196 198 199 201 203 206 208 217 228 231 241 242 247 249 267 269 275 276 286 287 290 291
72
3 10 11 18 19 26 28 39 40 49 50 56 58 61 62 65 67 69 72 77 79 104 120 124 125 128 148 159 169 170 175 177 178 179 180 181 183 184 188 193 194 197 202 204 205 210 215 218 224 226 227 230 231 232 235 238 239 244 252 255 262 271 274 275 278 280 282 287 288 291 292 294
70
2 3 6 8 14 16 27 33 39 43 47 56 57 58 59 63 64 65 67 69 70 74 78 79 82 83 84 85 88 97 104 106 113 117 118 120 133 138 139 145 146 147 150 163 168 171 185 187 191 192 194 199 206 208 219 223 226 228 230 255 258 260 261 262 277 279 281 294 298 300
56
7 12 19 21 25 27 29 32 33 37 38 48 51 54 59 63 67 77 80 82 94 95 96 108 116 117 123 132 133 135 139 142 143 146 149 158 160 162 168 175 180 192 199 203 209 219 237 240 249 254 256 259 262 265 272 277
64
7 9 11 12 13 18 19 22 23 24 27 28 46 50 55 57 72 74 75 79 87 98 101 108 110 117 127 128 134 136 139 143 153 156 159 167 175 183 185 188 199 204 207 213 219 220 224 225 229 233 235 239 242 254 257 265 267 282 284 285 288 292 296 300
73
3 9 13 15 26 27 30 39 40 44 49 52 61 74 83 87 89 90 101 107 108 109 110 112 116 118 120 122 126 130 133 147 151 153 157 160 161 170 171 172 176 178 183 184 188 192 196 198 200 201 206 207 210 211 220 222 223 226 231 234 235 236 244 249 256 267 270 271 275 278 286 288 292
61
12 24 27 29 31 34 38 42 46 53 54 58 81 85 99 101 104 108 111 115 117 119 121 129 130 131 137 143 146 149 150 160 162 166 174 182 189 190 192 193 195 204 205 208 213 223 224 228 235 236 242 246 251 262 264 266 268 274 279 284 291
66
10 12 19 20 22 26 39 40 43 49 58 65 72 74 87 96 99 103 111 112 113 119 120 122 125 133 138 150 164 166 167 169 173 177 179 181 198 200 201 205 206 215 219 221 226 229 232 235 238 240 241 245 247 248 251 252 256 257 262 263 264 275 276 292 294 297
48
5 19 40 47 51 52 56 57 64 73 80 94 99 104 124 137 165 176 180 183 196 208 209 211 214 227 230 232 235 240 244 248 249 255 257 262 266 269 270 271 277 279 280 283 291 293 297 299
54
12 15 22 24 26 27 32 34 37 42 55 57 66 74 88 93 94 96 99 107 108 112 113 118 124 130 140 144 146 149 151 152 156 172 179 186 189 192 195 200 215 219 247 248 261 264 269 271 275 279 281 285 288 296
54
4 11 15 28 35 42 47 51 63 67 74 75 76 77 81 89 91 92 101 110 111 131 132 135 146 153 156 157 159 162 169 170 177 179 184 185 197 209 214 221 228 229 232 248 254 259 263 274 278 281 283 291 292 300
71
6 7 24 26 33 38 39 42 45 47 48 54 58 63 66 71 77 78 79 87 94 96 100 107 114 115 138 145 148 151 161 162 163 167 170 173 184 189 196 197 206 213 214 217 218 219 222 223 229 234 236 243 244 252 261 262 265 266 268 271 277 278 280 283 287 292 293 294 296 297 298
46
3 9 22 24 27 31 35 38 43 44 47 60 74 76 89 114 115 127 128 129 140 142 147 149 160 164 168 172 178 180 183 185 190 214 220 222 226 235 237 240 268 277 291 292 293 297
60
3 7 8 9 10 16 24 28 40 43 52 55 60 64 68 69 77 80 89 94 108 111 122 127 133 139 141 155 158 159 167 169 171 176 181 182 185 188 196 199 202 203 204 212 224 227 229 231 237 244 247 265 274 278 279 282 286 287 290 292
60
2 3 4 6 18 20 21 27 30 41 54 59 72 79 84 99 100 103 107 129 130 131 133 140 148 151 154 161 162 163 165 166 188 189 193 194 200 204 205 211 212 214 215 220 225 229 231 232 233 234 235 238 248 250 253 258 273 285 291 297
58
11 18 19 20 26 29 37 47 51 56 66 68 69 75 77 94 97 101 103 104 110 113 116 117 121 126 127 128 133 141 148 152 159 160 163 164 173 181 184 186 189 192 193 197 199 205 209 210 211 223 225 236 249 273 276 285 294 298
47
18 21 22 27 31 33 37 46 64 70 73 85 86 96 102 107 112 113 141 144 150 156 159 173 180 185 188 189 190 193 196 200 211 216 217 226 229 244 248 257 258 268 269 274 277 279 292
59
9 10 13 16 34 38 39 44 52 59 63 65 66 78 93 97 98 101 107 108 112 121 129 133 141 143 148 155 158 164 169 174 181 183 186 197 198 203 204 211 216 218 219 231 235 243 246 253 258 261 262 276 283 290 293 294 296 298 300
62
2 6 13 16 17 23 25 33 35 43 49 50 54 57 61 69 78 80 93 103 106 110 114 117 125 132 136 137 138 148 151 153 154 155 156 161 162 170 171 173 178 194 207 215 224 228 229 241 245 246 248 250 256 259 263 267 270 273 280 292 296 297
59
9 10 15 17 18 20 23 26 33 42 44 52 53 58 65 68 69 74 80 85 90 91 95 106 117 119 122 129 133 136 142 145 153 161 164 173 192 196 199 200 204 219 220 223 231 234 235 241 249 253 256 259 266 271 274 275 277 283 297
65
5 8 16 17 18 19 21 22 24 32 44 49 57 68 69 79 81 88 91 92 94 95 102 111 118 125 129 131 134 144 145 149 150 158 166 169 180 182 185 186 187 203 206 209 212 213 214 224 226 230 235 244 254 255 257 258 265 266 267 268 275 282 290 295 296
56
4 15 29 35 37 48 52 55 58 62 63 67 72 75 78 80 81 90 92 100 111 112 113 116 120 123 129 130 138 142 149 150 155 156 177 183 184 185 190 195 197 199 200 202 206 209 210 213 217 247 251 266 278 287 291 298
55
4 18 27 38 48 57 63 66 73 78 84 85 95 99 101 102 105 111 125 130 131 132 137 148 153 158 162 174 181 184 190 197 202 203 208 210 216 220 222 247 248 251 256 265 267 269 278 280 281 290 293 295 297 298 299
53
7 19 23 27 30 33 36 46 52 57 59 61 78 84 85 98 104 109 118 119 131 144 149 156 158 160 161 171 172 178 186 187 200 201 205 206 217 223 224 229 250 258 264 265 266 267 269 273 285 286 297 298 300
61
2 6 14 27 31 37 41 48 49 52 65 67 71 81 90 91 99 111 112 116 126 127 128 131 132 133 136 140 154 156 158 159 160 161 165 167 175 178 184 188 190 204 209 217 239 242 243 249 253 256 257 262 270 277 279 280 283 287 290 297 299
63
2 3 21 39 49 53 67 68 77 90 92 96 102 111 112 122 129 138 139 141 149 150 152 156 157 164 165 174 178 185 187 191 193 195 196 199 205 212 216 219 220 221 226 230 236 238 244 247 248 250 252 253 263 265 268 277 278 286 287 288 292 294 298
65
5 6 7 10 16 34 35 39 40 57 60 70 73 81 95 97 98 102 104 106 108 114 115 124 125 126 130 133 138 142 158 171 176 178 181 182 183 191 193 197 214 215 217 221 222 227 228 229 232 249 252 254 258 260 267 269 273 284 287 289 290 294 297 299 300
58
11 13 16 23 24 25 29 31 42 63 67 71 72 74 76 83 89 91 93 96 98 109 115 119 125 127 129 133 137 143 147 152 155 157 164 173 177 184 190 204 207 208 211 215 217 230 233 239 242 250 253 259 262 267 271 282 286 296
57
1 14 17 35 37 45 53 64 67 74 76 77 95 98 99 100 103 105 117 120 123 131 132 136 137 140 141 142 154 160 161 167 171 181 186 187 192 196 199 202 209 217 224 235 239 242 246 252 255 265 267 277 283 287 294 298 299
68
1 8 9 13 14 23 27 28 42 48 51 53 54 56 63 66 81 83 85 93 97 98 100 111 119 127 133 135 136 141 148 150 153 155 156 160 161 163 170 174 176 181 184 186 187 192 193 201 205 209 215 216 222 225 229 233 245 249 250 258 267 271 274 294 295 296 297 300
50
6 7 14 21 24 26 31 40 41 49 50 52 54 59 65 68 72 82 83 85 88 95 96 101 109 134 146 151 154 166 167 170 175 185 188 193 196 210 221 222 224 228 241 253 258 272 282 297 299 300
65
5 8 13 15 20 22 25 27 36 42 45 54 57 61 62 67 68 73 75 85 93 98 99 105 117 125 127 130 134 147 148 149 151 155 158 159 163 181 183 184 193 205 212 220 221 228 241 242 243 249 253 254 256 265 270 271 272 274 283 285 288 290 293 296 300
58
9 10 23 25 32 51 52 64 66 82 87 92 93 99 101 108 113 116 119 124 127 128 133 134 137 141 147 148 158 160 162 164 166 187 189 190 195 199 200 205 219 221 228 229 241 246 251 252 261 266 267 269 275 279 283 290 292 296
56
6 7 14 16 18 33 37 40 45 46 53 60 77 84 91 95 97 98 103 104 106 117 119 139 145 154 160 163 168 182 192 197 199 203 204 206 211 214 217 220 225 228 238 243 245 246 248 259 270 273 276 280 281 288 295 296
71
4 7 13 14 22 24 43 44 45 58 59 67 70 71 76 77 79 81 83 91 93 97 98 101 102 103 107 108 112 113 121 126 131 133 135 137 149 151 157 158 163 169 186 187 192 193 194 197 207 210 211 222 223 225 230 232 234 237 243 249 258 260 262 267 272 273 283 285 286 292 296
67
2 5 8 13 19 20 29 42 47 49 59 70 87 92 99 102 103 114 125 129 131 133 140 146 150 154 156 157 160 165 167 169 172 174 179 180 181 182 190 196 205 206 211 212 214 217 218 219 220 222 229 230 249 261 263 268 272 274 275 276 281 282 287 289 293 294 300
58
6 13 15 16 20 22 28 32 37 38 39 58 59 61 66 69 81 83 84 85 87 95 97 98 102 106 112 121 126 131 134 140 164 165 167 168 170 172 177 191 196 201 203 209 210 220 222 237 244 247 253 255 261 270 271 280 285 297
54
1 10 18 21 44 46 57 59 70 73 82 86 87 90 97 99 111 114 118 119 129 134 140 147 156 161 163 167 172 193 195 200 201 208 209 211 221 224 226 228 234 239 240 245 249 250 254 256 272 276 278 280 290 299
56
6 8 11 16 25 26 30 32 34 43 45 61 63 68 72 73 75 94 101 106 112 119 129 140 142 145 148 149 151 152 157 163 176 177 178 179 182 184 190 200 201 202 205 208 212 220 232 235 238 242 268 272 275 282 287 292
61
4 27 28 41 44 45 48 49 53 56 64 66 68 72 73 77 84 89 96 98 104 114 118 131 133 135 136 137 138 145 147 160 165 168 169 176 177 182 183 186 189 191 193 194 205 206 208 214 220 226 227 229 236 240 241 256 257 259 265 285 293
47
8 16 17 23 33 37 41 50 59 61 62 67 77 78 84 88 95 100 101 108 110 128 138 143 144 145 147 149 150 161 162 174 193 205 215 218 219 222 234 237 239 246 249 281 282 294 300
62
1 21 23 33 44 52 53 61 69 72 76 88 91 101 103 107 117 118 119 123 125 129 132 139 141 142 144 154 157 163 165 171 180 183 194 196 197 198 199 201 203 206 209 214 221 222 226 227 230 251 253 256 259 266 267 270 272 275 280 285 287 293
53
8 11 25 29 40 46 51 55 68 73 74 97 102 109 114 116 121 128 131 141 159 164 167 169 173 187 189 191 198 200 201 205 207 221 222 223 224 229 230 232 233 234 236 245 246 251 258 268 271 286 292 297 298
53
8 18 20 23 32 33 47 51 64 66 71 78 85 97 98 107 110 113 125 132 134 135 139 144 146 149 151 159 179 180 185 189 194 203 213 217 223 226 233 246 253 254 257 269 270 275 278 279 281 284 286 296 298
63
8 11 15 17 21 26 33 34 37 43 52 56 58 64 69 74 83 84 86 101 112 115 116 117 122 127 129 131 132 144 148 154 164 166 168 170 171 178 182 183 185 188 197 201 202 203 208 213 216 220 221 240 245 265 266 267 276 278 283 288 290 292 296
55
13 16 19 24 32 35 39 46 47 50 58 69 73 87 105 109 113 124 130 138 142 143 146 150 169 175 183 188 192 200 208 216 223 224 227 228 231 233 238 239 243 246 251 252 253 255 259 261 262 264 267 273 287 288 290
66
3 15 22 23 25 29 34 35 37 46 48 53 65 66 74 85 88 89 97 99 103 104 112 122 132 133 142 144 149 158 159 162 166 170 174 175 178 193 199 205 210 214 217 219 221 223 237 245 253 255 256 268 273 274 275 276 281 282 284 287 289 294 295 296 299 300
63
3 4 20 27 28 32 39 42 43 46 47 59 60 79 85 93 96 105 107 116 117 121 123 127 130 133 134 145 155 164 172 177 178 182 187 192 195 216 217 219 228 230 232 233 241 252 255 258 262 266 269 270 272 274 276 280 282 285 286 289 292 297 299
