100 200
1.0 1.0 1.0 1.0 1.0 1.0 1.0 1.0 1.0 1.0 1.0 1.0 1.0 1.0 1.0 1.0 1.0 1.0 1.0 1.0 1.0 1.0 1.0 1.0 1.0 1.0 1.0 1.0 1.0 1.0 1.0 1.0 1.0 1.0 1.0 1.0 1.0 1.0 1.0 1.0 1.0 1.0 1.0 1.0 1.0 1.0 1.0 1.0 1.0 1.0 1.0 1.0 1.0 1.0 1.0 1.0 1.0 1.0 1.0 1.0 1.0 1.0 1.0 1.0 1.0 1.0 1.0 1.0 1.0 1.0 1.0 1.0 1.0 1.0 1.0 1.0 1.0 1.0 1.0 1.0 1.0 1.0 1.0 1.0 1.0 1.0 1.0 1.0 1.0 1.0 1.0 1.0 1.0 1.0 1.0 1.0 1.0 1.0 1.0 1.0 1.0 1.0 1.0 1.0 1.0 1.0 1.0 1.0 1.0 1.0 1.0 1.0 1.0 1.0 1.0 1.0 1.0 1.0 1.0 1.0 1.0 1.0 1.0 1.0 1.0 1.0 1.0 1.0 1.0 1.0 1.0 1.0 1.0 1.0 1.0 1.0 1.0 1.0 1.0 1.0 1.0 1.0 1.0 1.0 1.0 1.0 1.0 1.0 1.0 1.0 1.0 1.0 1.0 1.0 1.0 1.0 1.0 1.0 1.0 1.0 1.0 1.0 1.0 1.0 1.0 1.0 1.0 1.0 1.0 1.0 1.0 1.0 1.0 1.0 1.0 1.0 1.0 1.0 1.0 1.0 1.0 1.0 1.0 1.0 1.0 1.0 1.0 1.0 1.0 1.0 1.0 1.0 1.0 1.0 1.0 1.0 1.0 1.0 1.0 1.0
10
5 28 58 67 116 128 137 155 167 182
12
11 19 21 33 34 43 80 112 125 157 164 196
12
19 20 22 29 50 62 116 143 179 187 190 192
13
9 11 56 59 62 63 66 85 89 93 116 129 138
12
2 11 40 47 49 80 103 119 125 147 180 191
11
20 22 66 132 138 151 153 170 177 186 194
7
1 29 59 106 124 182 190
13
3 21 33 52 59 64 72 74 86 97 163 173 180
16
6 15 35 50 56 58 74 97 112 128 133 140 148 172 182 190
5
51 67 76 93 143
5
43 128 160 188 192
7
31 52 69 90 136 139 165
9
11 32 58 82 83 137 155 157 158
8
18 25 30 34 44 97 114 144
10
20 38 47 63 91 94 112 154 193 197
11
2 6 26 50 55 57 104 136 142 178 199
14
33 38 62 65 67 71 76 135 157 175 178 182 199 200
7
55 69 92 109 176 194 197
9
28 30 52 112 116 117 160 175 199
12
8 9 27 53 66 74 90 100 116 161 165 188
10
31 57 78 91 92 97 111 115 141 191
11
17 33 63 80 122 140 151 165 173 188 189
6
5 119 124 129 151 157
10
9 54 80 142 150 160 169 174 183 190
9
12 27 32 47 63 98 99 138 167
13
12 19 25 35 62 67 75 87 122 123 130 141 182
7
34 54 112 151 157 158 178
8
35 43 70 73 111 118 127 156
11
13 16 43 46 56 59 84 90 165 168 190
8
12 20 48 86 91 95 131 192
8
42 45 49 70 91 106 116 125
11
6 43 78 83 108 109 129 134 169 184 193
8
9 31 40 77 117 154 162 164
9
4 34 85 114 134 137 155 157 158
12
1 15 61 75 90 96 113 118 119 136 151 162
15
14 21 22 31 56 60 66 73 75 96 106 160 171 193 198
5
13 29 77 80 178
7
9 26 37 48 52 126 136
9
51 52 62 69 79 83 120 131 184
10
44 86 90 93 98 121 146 160 192 195
15
9 32 41 47 49 50 52 54 80 128 135 138 158 181 183
11
20 27 79 88 95 110 122 135 159 170 191
13
26 35 45 48 63 80 105 169 171 172 180 191 193
7
45 46 73 101 111 174 199
12
55 59 87 103 106 108 133 157 165 174 177 190
9
3 5 14 55 92 123 143 183 192
8
10 24 103 141 154 157 175 198
8
26 36 119 151 166 184 186 190
7
9 33 103 127 134 164 168
11
10 32 44 59 62 63 79 147 165 174 178
11
5 33 37 47 64 121 153 164 166 176 197
10
8 41 50 95 102 133 141 181 189 195
13
5 25 28 36 40 47 66 78 86 148 151 155 186
7
36 45 94 100 118 164 173
9
1 18 54 57 76 78 92 97 196
15
3 4 27 70 77 84 87 100 108 138 154 166 176 183 188
15
37 40 44 65 66 85 92 103 111 123 136 138 161 167 193
6
5 46 76 114 146 175
12
5 24 29 47 72 81 110 124 127 153 159 182
7
29 84 86 95 145 150 151
8
26 35 67 86 87 160 163 186
20
27 41 51 57 66 81 91 98 112 120 130 139 141 145 149 165 185 191 193 196
9
24 96 97 108 159 181 191 193 194
11
42 57 99 129 131 143 148 151 158 159 181
7
29 32 84 86 94 104 125
13
2 19 22 23 65 84 93 102 115 122 133 182 188
11
2 6 67 95 112 113 124 140 156 166 173
14
8 12 31 34 49 51 58 68 79 82 94 98 101 196
14
2 31 65 87 95 102 112 135 142 146 152 159 180 200
11
3 13 16 37 46 90 96 103 131 138 168
5
90 103 117 145 186
13
31 33 38 55 82 103 105 113 123 134 161 178 179
13
8 28 29 34 72 78 97 141 157 163 170 175 180
7
5 56 63 78 88 146 151
9
19 31 34 71 74 102 133 159 164
9
6 18 87 100 102 107 144 151 178
13
23 63 66 72 79 103 121 138 146 170 183 190 193
13
33 55 59 65 82 94 101 104 109 145 146 155 181
13
1 24 27 33 46 70 88 94 102 133 166 175 192
6
11 82 91 139 153 168
8
1 29 41 50 52 118 149 169
11
14 20 94 109 141 168 180 184 188 194 197
7
12 32 63 84 127 129 192
8
8 42 52 66 80 87 88 90
9
63 73 76 97 103 111 119 140 155
15
2 20 35 43 67 69 70 75 78 96 115 117 132 134 165
8
17 66 81 86 102 111 155 184
15
7 15 45 64 81 90 95 98 122 129 153 154 175 180 196
12
2 17 24 28 39 42 94 95 156 173 186 192
6
13 18 35 85 102 184
10
31 33 74 106 114 138 140 150 169 187
12
1 6 23 38 42 70 75 89 100 157 173 197
11
50 64 78 110 114 132 136 147 155 177 190
16
15 16 17 20 36 46 77 88 90 119 125 127 129 134 163 172
9
32 38 70 71 73 77 83 170 178
9
20 51 88 95 116 128 133 145 182
11
25 34 44 48 61 69 71 124 151 156 170
13
12 18 39 40 49 66 84 89 121 136 153 167 168
11
28 41 46 47 52 82 101 144 148 149 199
14
3 4 22 78 82 106 124 139 140 159 165 167 178 195
