100 200
1.0 1.0 1.0 1.0 1.0 1.0 1.0 1.0 1.0 1.0 1.0 1.0 1.0 1.0 1.0 1.0 1.0 1.0 1.0 1.0 1.0 1.0 1.0 1.0 1.0 1.0 1.0 1.0 1.0 1.0 1.0 1.0 1.0 1.0 1.0 1.0 1.0 1.0 1.0 1.0 1.0 1.0 1.0 1.0 1.0 1.0 1.0 1.0 1.0 1.0 1.0 1.0 1.0 1.0 1.0 1.0 1.0 1.0 1.0 1.0 1.0 1.0 1.0 1.0 1.0 1.0 1.0 1.0 1.0 1.0 1.0 1.0 1.0 1.0 1.0 1.0 1.0 1.0 1.0 1.0 1.0 1.0 1.0 1.0 1.0 1.0 1.0 1.0 1.0 1.0 1.0 1.0 1.0 1.0 1.0 1.0 1.0 1.0 1.0 1.0 1.0 1.0 1.0 1.0 1.0 1.0 1.0 1.0 1.0 1.0 1.0 1.0 1.0 1.0 1.0 1.0 1.0 1.0 1.0 1.0 1.0 1.0 1.0 1.0 1.0 1.0 1.0 1.0 1.0 1.0 1.0 1.0 1.0 1.0 1.0 1.0 1.0 1.0 1.0 1.0 1.0 1.0 1.0 1.0 1.0 1.0 1.0 1.0 1.0 1.0 1.0 1.0 1.0 1.0 1.0 1.0 1.0 1.0 1.0 1.0 1.0 1.0 1.0 1.0 1.0 1.0 1.0 1.0 1.0 1.0 1.0 1.0 1.0 1.0 1.0 1.0 1.0 1.0 1.0 1.0 1.0 1.0 1.0 1.0 1.0 1.0 1.0 1.0 1.0 1.0 1.0 1.0 1.0 1.0 1.0 1.0 1.0 1.0 1.0 1.0
51
1 5 6 10 13 16 21 26 28 32 33 39 45 50 51 52 55 65 66 69 75 80 88 89 90 103 112 118 121 122 125 126 130 136 138 141 142 149 151 159 165 166 170 174 180 182 183 187 197 199 200
34
2 7 16 38 40 43 51 53 54 55 60 63 68 69 72 78 79 81 84 87 88 89 90 93 104 105 128 142 155 161 176 177 190 193
34
6 8 12 14 18 20 44 52 53 68 80 83 88 90 93 117 118 120 123 128 144 145 152 154 155 156 158 165 170 172 181 190 198 200
42
2 4 6 24 26 30 34 36 37 52 53 55 59 63 66 69 70 75 81 92 93 98 102 104 113 114 122 127 134 138 141 149 153 156 160 165 167 170 176 184 190 191
29
2 4 7 15 19 25 43 73 82 86 88 92 95 102 104 120 125 130 136 137 141 144 156 167 176 179 181 183 196
28
1 2 8 14 17 21 39 84 92 94 101 107 121 128 140 142 145 149 157 158 160 165 170 183 186 190 191 200
39
1 4 13 18 25 26 29 33 35 37 49 63 64 73 76 80 81 91 92 94 99 109 118 121 122 128 134 140 151 156 159 161 174 178 179 185 192 193 200
31
1 2 15 19 20 37 44 51 55 65 77 78 90 95 99 105 106 111 114 116 117 123 148 149 151 157 158 159 163 164 180
49
1 14 17 18 19 27 28 30 31 34 41 46 47 49 52 56 57 59 65 66 69 72 73 76 79 81 82 89 96 97 99 105 108 113 114 124 131 135 139 148 160 167 169 171 172 174 183 184 199
44
7 10 13 16 19 20 23 27 30 32 46 53 62 63 70 73 75 76 79 89 96 123 124 126 127 130 131 137 149 150 151 152 159 161 162 163 167 170 172 177 178 194 195 196
43
1 3 5 8 25 40 41 42 48 55 59 69 73 78 81 83 90 98 101 103 104 106 115 118 126 127 130 137 139 143 144 145 147 149 151 157 162 170 177 186 190 193 196
52
9 18 21 27 37 40 42 43 45 47 48 51 59 63 66 67 70 74 80 83 84 85 87 101 103 105 106 114 117 121 125 126 131 133 137 141 145 147 150 151 154 158 160 162 163 175 184 192 195 197 198 200
34
4 15 17 18 31 38 43 44 59 60 67 68 71 72 77 79 82 86 94 95 109 115 130 142 143 147 154 162 168 180 181 186 196 199
41
16 21 26 29 45 47 51 53 58 63 65 68 75 81 84 85 89 91 98 112 114 120 123 133 135 144 145 153 158 163 165 167 169 182 183 184 185 186 191 193 197
36
13 16 23 31 34 44 52 53 54 57 63 67 80 86 87 91 95 96 101 111 118 124 125 147 150 156 158 159 160 166 180 182 185 186 195 198
45
3 8 14 15 28 31 37 41 44 53 54 59 72 73 82 87 89 91 93 95 96 99 106 107 113 115 124 127 134 135 141 143 145 146 149 162 163 165 173 179 180 181 182 184 198
45
1 8 14 24 37 38 40 43 44 51 67 68 70 74 78 80 90 93 96 100 104 105 112 123 133 137 144 147 156 162 166 167 170 174 175 177 178 180 181 184 187 188 189 194 195
35
1 3 4 10 15 29 34 40 53 57 60 63 75 79 82 84 88 100 101 102 117 128 132 137 139 144 145 151 153 163 172 175 195 197 199
37
2 6 7 12 14 16 17 20 23 26 29 32 34 37 46 47 55 66 72 105 106 123 127 130 135 137 139 140 143 147 150 159 160 170 178 185 193
26
2 16 17 36 44 50 52 59 64 71 75 79 86 92 96 97 103 104 113 125 131 156 160 166 169 193
36
9 18 20 23 26 45 49 52 53 58 59 60 75 83 89 90 97 101 102 105 107 108 126 128 130 133 137 149 153 160 173 178 182 192 193 199
32
20 23 26 28 33 38 39 41 59 60 62 68 69 73 75 90 97 108 111 114 116 123 125 133 135 141 156 157 162 164 181 200
28
1 9 36 38 42 58 70 71 76 79 80 81 97 125 129 133 135 150 156 161 163 166 172 175 181 186 189 192
33
8 9 25 39 42 47 50 51 56 57 60 64 68 69 71 81 91 92 95 99 106 110 128 132 143 154 159 164 171 178 188 191 196
39
22 24 27 29 36 40 41 50 61 85 92 99 100 101 107 112 117 119 121 125 126 128 129 148 155 160 161 162 168 171 174 177 180 188 189 190 192 198 200
37
3 7 9 15 17 20 30 32 41 44 52 71 76 79 83 89 96 99 100 106 112 113 118 119 122 125 128 139 140 144 148 152 157 163 172 176 196
42
1 4 6 25 26 43 45 46 58 60 68 72 74 79 80 86 88 96 103 104 106 110 113 114 115 125 130 133 136 142 143 154 160 163 164 171 182 189 190 195 197 200
42
9 17 23 28 36 40 43 47 59 60 61 66 67 68 72 74 75 90 97 102 111 112 115 116 117 130 139 145 150 156 167 168 170 174 176 179 187 192 193 194 196 199
40
3 5 7 9 17 23 34 47 69 71 83 87 92 93 100 113 121 129 135 138 143 148 149 151 157 158 160 162 163 166 174 177 186 187 188 190 193 195 196 200
46
4 7 25 27 28 36 39 46 50 54 58 61 74 75 76 77 92 103 106 108 111 115 116 117 118 124 129 142 144 147 149 154 155 161 162 164 168 170 172 174 182 185 190 191 194 197
52
2 8 23 26 27 28 29 32 33 36 40 42 49 52 54 55 57 59 61 68 80 87 95 96 107 112 120 123 124 131 132 133 137 151 154 155 157 161 163 167 176 178 180 181 184 185 186 189 191 193 194 195
33
1 2 14 17 19 26 33 40 41 52 56 66 73 80 84 98 102 107 108 126 130 131 144 149 150 151 159 164 167 170 178 190 193
42
2 5 10 14 17 22 24 35 37 41 42 43 58 59 63 68 69 70 71 72 74 77 78 81 84 93 96 107 114 120 121 124 127 128 137 139 154 155 179 181 188 200
50
4 13 16 17 22 25 30 31 32 40 41 42 45 61 62 64 68 72 74 83 84 97 109 110 112 118 124 127 128 137 140 143 144 152 165 166 167 168 169 170 171 173 174 184 187 188 192 193 196 197
41
2 4 6 7 15 22 24 26 36 44 47 58 61 63 73 79 84 86 95 105 110 112 113 114 117 133 134 139 147 148 150 151 152 158 162 175 185 187 190 191 199
47
1 3 12 18 23 25 29 32 36 37 54 57 59 63 66 75 78 80 83 87 88 93 118 123 126 132 134 136 140 141 144 146 149 151 154 156 159 169 172 176 180 184 185 191 192 196 197
41
1 2 4 10 11 20 22 27 35 37 39 42 46 51 53 54 75 82 85 93 95 103 106 114 116 123 127 128 130 132 138 144 145 149 152 163 164 166 169 175 180
44
1 8 10 26 30 35 38 39 50 58 64 66 69 71 79 86 87 90 99 100 102 104 109 117 118 127 128 129 130 139 140 141 158 161 162 165 166 168 170 178 181 182 185 196
49
3 5 14 20 21 22 23 32 39 41 42 43 44 46 55 56 69 77 87 90 92 94 97 99 106 108 109 114 115 120 126 127 136 147 151 153 155 159 167 173 174 176 185 186 189 191 193 198 200
26
9 22 23 24 25 44 56 61 70 75 79 82 98 99 115 122 125 127 132 137 141 150 154 173 192 193
31
2 14 26 27 29 33 35 36 50 58 62 77 78 84 86 88 92 96 104 117 126 137 144 148 154 159 161 167 176 178 183
38
2 9 13 17 24 25 26 29 36 44 48 55 61 70 72 74 82 84 95 111 113 131 136 152 158 161 164 167 168 177 178 187 189 192 193 195 197 199
38
3 7 9 14 15 21 22 29 43 46 47 55 61 70 72 74 79 81 84 99 103 108 111 112 119 123 131 134 144 160 169 171 174 179 180 185 186 200
41
3 11 16 18 19 28 45 49 51 56 57 58 64 76 77 78 86 93 94 97 104 112 121 124 135 136 141 148 156 161 168 171 174 178 180 182 183 185 195 199 200
39
1 3 8 9 17 22 23 27 31 34 35 40 42 43 47 48 53 54 55 91 99 103 107 110 118 120 122 126 138 143 144 154 156 159 162 165 186 188 195
35
6 18 22 24 32 33 37 38 40 41 45 52 64 67 75 76 95 118 119 123 124 128 131 139 141 150 153 154 157 171 176 178 183 196 197
48
2 6 7 8 9 12 18 19 33 34 36 42 54 64 67 77 81 86 87 91 93 95 101 104 109 111 113 114 117 118 122 135 138 139 145 146 147 153 157 159 166 173 175 181 187 194 195 197
34
8 13 14 18 19 22 24 29 35 39 41 43 53 58 64 77 89 92 93 127 134 139 154 157 160 164 167 168 179 180 183 185 188 190
48
4 6 7 8 9 10 11 12 13 16 20 28 36 38 39 45 50 55 57 62 66 68 71 79 83 89 90 91 98 113 114 122 130 131 136 144 145 146 154 158 159 176 180 186 188 190 193 198
37
7 10 11 24 26 27 45 58 64 70 74 90 92 93 95 96 104 108 123 125 127 129 141 142 147 153 160 171 172 176 177 178 179 180 182 190 199
35
20 27 33 37 43 59 63 65 68 75 78 83 84 87 89 93 96 97 101 105 114 119 120 121 130 133 137 149 151 160 165 177 180 195 199
44
3 10 11 12 16 17 20 21 24 30 38 41 42 50 53 55 56 57 66 69 72 78 81 90 95 96 99 101 108 112 113 114 120 123 124 134 138 141 145 148 165 167 175 187
40
7 11 13 14 15 16 18 24 25 31 34 38 39 42 49 73 76 77 97 103 107 113 119 124 125 126 128 145 147 148 158 160 166 168 173 179 181 184 196 197
49
10 11 12 15 17 20 21 22 29 48 56 59 61 68 71 73 76 77 81 83 88 102 105 110 113 114 115 116 118 119 123 127 137 138 145 150 155 158 166 169 174 180 184 185 187 189 195 197 200
48
8 16 21 26 30 31 34 35 36 43 46 52 55 58 59 60 65 67 68 71 84 89 93 96 101 104 108 112 114 116 121 126 134 139 140 146 152 155 156 165 174 179 180 182 185 188 191 194
36
1 5 10 13 14 20 22 33 35 42 47 51 56 61 63 74 81 91 105 113 115 118 133 135 141 144 149 155 163 164 169 172 173 187 188 191
39
18 22 24 32 36 42 52 57 59 61 63 67 76 78 79 87 94 99 105 110 112 116 118 119 126 128 136 142 154 158 168 177 180 181 182 187 188 196 198
44
3 8 21 22 24 26 33 36 50 53 57 64 66 67 70 71 73 78 79 87 91 92 97 99 109 110 116 117 118 120 122 125 129 146 150 152 162 169 180 188 190 196 197 200
49
6 11 14 15 22 27 32 36 37 39 40 44 52 54 60 64 69 72 76 81 82 83 84 85 87 96 97 98 109 114 120 126 127 130 132 149 152 162 163 165 168 170 176 177 185 187 190 192 199
45
3 7 11 13 16 25 35 43 45 47 55 63 65 66 67 73 75 77 78 79 81 93 103 121 125 130 131 136 141 144 147 154 155 157 162 163 167 173 177 183 187 188 189 196 200
44
1 3 5 7 14 17 18 26 37 56 66 67 70 96 103 104 110 112 113 116 117 119 121 122 129 133 134 141 145 147 150 157 158 163 171 173 175 176 190 191 193 195 197 198
37
10 12 13 18 19 26 28 31 33 39 40 45 68 74 81 87 97 104 106 115 117 121 126 135 147 153 163 166 172 175 178 180 182 186 193 194 198
55
1 2 3 12 13 20 22 26 33 35 39 40 42 43 48 49 51 52 53 56 58 62 66 68 69 73 75 82 89 103 113 117 124 126 127 129 132 133 147 148 149 151 154 162 164 165 167 168 179 180 182 188 191 194 195
38
1 2 22 25 29 30 33 36 37 42 44 53 56 60 65 77 88 89 90 94 99 103 115 120 125 130 131 134 135 138 141 145 148 149 172 176 184 191
42
5 6 27 28 29 31 34 50 52 55 59 62 84 87 88 90 93 98 106 109 126 127 129 132 137 138 139 147 148 150 156 158 161 162 169 180 181 183 190 192 195 196
36
6 9 22 24 25 36 46 57 58 59 64 65 70 74 83 94 95 97 102 106 113 120 121 128 129 136 165 166 169 171 175 177 180 187 190 196
34
1 17 23 26 30 35 43 44 45 48 51 66 75 76 79 81 97 104 106 108 111 113 114 133 135 146 157 158 170 173 176 191 192 193
40
7 16 18 22 46 47 51 55 60 62 65 69 80 81 86 92 93 98 104 106 108 115 121 126 131 142 150 154 157 165 166 170 175 177 183 185 190 193 198 199
33
6 11 13 23 24 32 34 37 39 44 51 54 61 73 88 89 99 100 102 111 114 117 121 133 135 137 138 139 146 153 157 191 195
40
2 6 9 28 32 36 45 46 53 55 59 63 65 67 68 73 74 82 85 89 94 102 107 113 115 116 121 122 127 128 129 143 152 154 159 166 172 175 182 187
39
7 11 17 22 28 36 37 38 42 49 51 54 56 57 59 76 79 80 86 91 95 99 101 102 103 105 109 112 126 133 144 147 148 159 161 172 173 182 186
38
6 11 12 14 16 23 37 41 47 56 61 64 72 84 100 102 108 113 119 121 127 137 148 149 156 157 162 167 173 174 179 180 184 189 190 192 194 197
55
7 9 13 14 16 18 19 20 21 22 23 27 32 41 43 46 47 52 57 63 67 69 73 76 77 78 79 88 89 91 92 93 94 100 108 112 113 115 118 120 124 125 127 134 139 140 145 147 148 167 169 171 185 186 193
31
5 8 13 34 58 60 63 64 71 73 75 77 90 91 97 104 106 109 121 126 128 132 133 139 143 148 159 160 171 194 199
48
15 16 18 19 21 29 30 31 32 33 37 39 43 46 50 53 74 84 88 94 95 98 108 120 121 127 128 131 134 135 137 139 140 142 145 146 154 156 160 163 167 172 177 178 191 194 196 199
37
3 4 5 7 20 25 34 43 45 49 57 62 63 64 69 77 84 87 92 97 106 109 113 123 127 128 135 138 158 159 177 179 186 191 192 193 195
37
2 12 16 18 20 21 22 29 41 49 50 56 57 58 65 79 86 90 95 97 98 103 104 107 109 110 130 132 139 142 144 152 157 159 165 168 189
41
1 2 4 7 19 24 41 47 49 50 60 78 80 85 90 94 95 100 101 109 117 124 126 138 139 142 149 156 157 162 163 164 166 167 171 174 178 189 192 193 198
46
3 7 8 9 10 14 19 27 34 41 52 56 59 60 70 75 80 81 84 90 94 109 110 112 114 116 120 124 125 126 129 131 136 137 148 149 155 161 165 170 174 176 183 184 194 195
41
18 19 21 23 26 32 34 39 43 45 46 47 62 63 68 70 73 75 76 78 80 93 98 101 107 111 118 119 124 127 129 132 135 155 156 162 179 184 186 190 191
32
18 20 25 27 33 34 39 42 50 56 63 64 77 78 107 118 119 121 132 134 135 139 140 142 144 151 156 157 159 164 173 197
30
6 10 13 14 15 20 30 32 37 43 51 56 58 64 72 74 75 76 79 88 92 99 103 113 127 156 170 174 183 184
37
2 5 11 13 15 26 31 35 43 49 52 66 68 69 75 76 80 83 85 100 125 127 136 137 139 140 144 146 156 158 159 178 180 181 182 183 194
41
1 3 6 11 13 14 16 18 27 30 31 32 49 57 58 61 62 67 76 79 86 87 92 99 102 119 128 131 133 135 151 153 160 161 162 171 174 175 184 197 200
37
1 3 5 11 15 17 19 36 37 51 55 60 63 74 76 81 91 92 100 109 111 119 124 130 139 144 146 151 152 159 160 163 165 177 178 192 200
32
16 17 22 31 40 46 64 66 69 71 93 95 101 105 114 117 126 133 135 136 138 140 150 158 166 171 172 175 177 188 196 197
50
5 7 8 20 23 25 26 32 34 36 44 49 52 54 55 65 66 73 74 75 77 81 83 86 87 88 89 91 104 105 107 108 110 111 114 115 118 131 144 151 158 170 172 180 183 185 191 194 196 198
51
2 5 8 11 20 21 27 29 34 39 40 43 45 49 53 60 61 68 71 72 75 84 90 98 100 102 104 113 115 116 118 119 129 130 133 134 137 140 143 150 152 153 157 158 174 175 176 183 184 186 196
46
4 15 17 18 20 27 50 51 54 56 57 60 63 65 67 70 71 74 75 81 84 85 86 89 92 99 119 134 136 137 140 141 143 148 149 152 160 161 162 163 172 179 192 195 196 200
30
12 32 33 50 51 54 56 66 67 69 74 76 84 87 93 100 126 137 139 141 143 151 166 168 174 183 186 187 188 197
41
3 5 6 15 25 29 37 45 49 50 51 52 58 68 74 81 83 84 85 86 88 90 96 103 104 109 113 124 126 128 132 136 140 151 154 162 165 173 177 192 194
38
1 5 14 23 45 50 52 53 56 63 71 75 83 87 88 105 109 118 124 126 130 132 133 138 139 140 142 143 147 149 155 160 171 179 180 183 195 200
45
1 5 7 16 28 31 36 37 39 40 42 44 46 52 56 65 69 72 76 83 96 98 101 110 113 123 133 135 136 140 141 152 157 161 164 168 174 175 176 178 180 189 190 196 197
44
1 10 11 20 34 38 43 49 51 58 63 71 80 81 82 84 88 91 96 99 101 113 125 131 132 134 136 142 149 154 156 158 160 163 168 175 177 182 184 188 191 192 194 197
36
4 7 9 27 33 35 47 49 57 65 68 79 81 84 86 92 96 99 108 109 115 118 123 128 132 137 145 147 161 168 169 174 175 177 188 190
36
6 7 12 16 20 22 23 29 32 47 49 56 73 88 92 94 97 122 123 127 132 140 146 148 157 160 162 164 165 182 189 193 195 196 197 198
37
1 4 7 10 11 12 15 16 18 38 40 47 54 59 60 67 76 78 80 87 95 98 101 103 104 116 119 127 129 133 143 147 152 165 168 187 193
36
5 9 10 12 20 21 23 31 34 41 53 59 69 70 72 96 98 101 106 114 118 119 125 130 139 146 147 153 160 163 169 171 177 181 189 192
40
4 8 17 19 25 28 35 37 48 52 55 58 59 75 78 80 81 82 91 92 93 97 102 103 105 106 110 112 113 114 118 119 124 146 149 154 158 163 181 186
42
1 2 5 6 8 10 17 22 25 29 31 33 38 46 54 62 66 70 78 80 99 100 101 104 115 126 127 129 132 146 151 157 158 162 166 170 179 183 185 189 195 196
