50 100
1.0 1.0 1.0 1.0 1.0 1.0 1.0 1.0 1.0 1.0 1.0 1.0 1.0 1.0 1.0 1.0 1.0 1.0 1.0 1.0 1.0 1.0 1.0 1.0 1.0 1.0 1.0 1.0 1.0 1.0 1.0 1.0 1.0 1.0 1.0 1.0 1.0 1.0 1.0 1.0 1.0 1.0 1.0 1.0 1.0 1.0 1.0 1.0 1.0 1.0 1.0 1.0 1.0 1.0 1.0 1.0 1.0 1.0 1.0 1.0 1.0 1.0 1.0 1.0 1.0 1.0 1.0 1.0 1.0 1.0 1.0 1.0 1.0 1.0 1.0 1.0 1.0 1.0 1.0 1.0 1.0 1.0 1.0 1.0 1.0 1.0 1.0 1.0 1.0 1.0 1.0 1.0 1.0 1.0 1.0 1.0 1.0 1.0 1.0 1.0
24
15 16 17 19 20 25 30 32 35 36 50 54 56 60 62 65 69 72 74 81 84 94 98 99
20
2 3 5 10 13 20 23 35 46 48 52 53 55 57 60 85 86 91 92 95
19
3 16 17 33 42 44 46 48 50 55 57 60 62 63 76 81 84 87 100
24
7 9 14 18 21 25 26 33 43 46 47 50 55 56 63 64 65 67 68 72 77 80 88 91
24
7 11 12 22 24 25 27 28 29 30 43 44 50 53 60 63 64 65 81 82 88 94 95 96
25
2 4 13 15 19 21 30 37 51 52 54 55 57 71 73 76 80 81 84 89 95 97 98 99 100
19
3 6 8 20 23 24 31 41 42 54 58 66 68 78 80 83 86 87 99
15
1 7 24 25 41 47 49 50 63 65 66 77 91 95 98
17
10 11 14 19 21 25 36 43 61 66 71 74 77 79 81 93 94
22
4 6 16 27 34 36 42 46 50 51 54 61 64 65 69 76 78 82 84 90 92 97
17
2 9 14 17 21 23 27 39 53 56 69 74 75 86 90 91 98
20
1 3 5 12 13 21 22 25 27 39 42 51 54 58 65 72 79 83 87 94
20
15 19 25 29 30 31 43 47 50 59 61 65 69 76 77 78 83 94 95 100
25
3 16 17 23 28 30 33 34 35 37 41 43 50 54 55 58 62 65 76 79 80 83 85 89 97
15
6 16 17 20 24 37 42 46 48 52 62 64 72 83 98
19
3 4 5 11 22 27 34 36 38 39 42 52 63 68 73 74 85 87 91
24
3 8 13 18 22 23 28 32 37 42 49 51 55 66 67 71 73 76 77 81 86 90 93 96
23
2 3 4 22 24 27 28 38 40 46 47 53 65 67 71 72 75 79 82 83 88 90 91
22
5 6 7 25 35 36 37 47 59 60 65 66 68 75 76 78 84 86 91 94 95 98
17
1 5 10 15 19 25 28 29 46 54 58 63 65 69 84 86 97
20
1 13 19 22 24 28 33 34 49 52 61 81 83 84 86 87 91 95 98 100
19
2 4 9 13 18 22 43 50 54 60 61 65 67 73 75 80 83 85 99
18
1 3 7 19 22 46 49 56 63 76 77 78 81 89 90 94 95 99
21
10 12 13 17 29 33 36 43 50 52 57 65 74 75 84 88 91 93 96 97 100
29
10 16 19 20 21 24 27 28 31 34 36 38 40 47 48 58 59 60 62 67 68 76 81 85 87 88 96 97 99
26
9 17 18 24 27 29 34 49 51 52 53 54 55 57 69 73 74 76 81 83 85 90 91 96 98 99
19
1 3 6 9 12 16 22 23 27 37 39 40 50 51 53 66 72 82 88
22
2 4 12 20 28 29 30 32 42 44 53 57 66 68 74 82 84 88 89 91 98 99
20
4 7 8 18 20 24 26 28 33 34 42 45 46 55 56 67 71 87 92 100
18
5 8 12 13 19 24 27 38 45 55 63 64 65 67 75 85 88 98
23
1 7 11 12 17 23 30 38 42 46 50 54 55 56 59 62 65 69 78 83 86 89 91
25
3 7 8 11 14 15 17 21 26 27 30 45 46 53 57 61 62 63 66 67 71 72 87 91 97
18
9 12 22 25 26 27 29 40 52 61 64 72 78 81 82 85 90 91
15
3 10 25 35 37 39 47 49 51 55 67 71 72 78 87
23
3 6 7 17 21 22 31 35 47 52 54 55 62 65 68 69 74 78 81 82 85 86 94
19
9 12 19 27 43 45 54 55 61 65 67 74 77 79 80 81 82 97 100
17
2 6 17 23 35 39 46 47 66 68 69 74 75 76 78 94 100
19
3 4 9 12 13 19 27 28 30 32 34 44 46 56 57 66 76 84 98
22
2 7 15 18 22 24 30 31 41 50 53 54 57 58 68 69 71 76 79 82 91 97
15
9 16 19 23 33 41 44 50 52 68 73 75 77 96 97
16
6 12 15 22 28 29 41 60 62 66 67 71 79 85 89 96
17
2 10 11 14 16 17 20 22 24 29 48 49 58 63 64 75 77
23
3 7 10 12 20 21 23 29 35 53 54 56 58 65 68 73 75 84 85 86 87 91 99
24
1 5 8 13 14 20 30 33 34 36 37 51 55 57 59 63 69 78 85 90 91 94 98 100
15
1 4 9 19 25 27 37 39 52 61 66 69 70 82 99
16
6 15 17 25 29 36 38 45 52 55 65 67 68 70 80 100
17
2 15 16 24 41 55 59 60 65 70 71 78 89 90 92 98 100
15
3 6 16 24 25 30 33 35 36 37 43 47 48 50 96
22
5 7 10 12 16 19 28 32 37 47 50 52 56 57 60 65 68 71 80 87 91 95
22
3 4 5 7 23 29 30 31 33 37 47 49 50 52 58 60 67 70 81 87 88 96
