50 100
1.0 1.0 1.0 1.0 1.0 1.0 1.0 1.0 1.0 1.0 1.0 1.0 1.0 1.0 1.0 1.0 1.0 1.0 1.0 1.0 1.0 1.0 1.0 1.0 1.0 1.0 1.0 1.0 1.0 1.0 1.0 1.0 1.0 1.0 1.0 1.0 1.0 1.0 1.0 1.0 1.0 1.0 1.0 1.0 1.0 1.0 1.0 1.0 1.0 1.0 1.0 1.0 1.0 1.0 1.0 1.0 1.0 1.0 1.0 1.0 1.0 1.0 1.0 1.0 1.0 1.0 1.0 1.0 1.0 1.0 1.0 1.0 1.0 1.0 1.0 1.0 1.0 1.0 1.0 1.0 1.0 1.0 1.0 1.0 1.0 1.0 1.0 1.0 1.0 1.0 1.0 1.0 1.0 1.0 1.0 1.0 1.0 1.0 1.0 1.0
2
79 94
5
5 23 49 70 79
5
34 73 81 89 96
6
7 51 57 66 89 98
5
14 19 42 63 97
10
1 13 16 40 66 68 70 71 79 95
5
6 7 13 28 71
4
6 36 73 82
1
46
6
13 28 32 50 60 96
4
9 19 20 28
3
20 40 95
6
11 16 21 29 41 51
6
31 36 54 62 66 67
8
8 10 20 26 48 61 70 82
7
5 13 24 26 54 56 84
4
5 33 64 67
3
1 29 60
8
9 10 17 24 25 31 47 78
7
23 28 35 38 49 63 83
4
7 17 88 97
7
1 11 17 41 44 88 90
8
36 43 45 59 74 75 88 91
8
3 18 19 26 33 53 67 77
7
1 8 29 34 39 77 82
3
24 81 90
2
69 71
1
67
5
11 17 35 94 100
5
11 30 32 53 62
3
46 59 68
5
33 42 87 94 96
4
15 36 71 100
2
14 93
4
7 22 76 92
6
1 12 17 26 50 81
5
11 49 50 95 98
10
9 14 15 42 62 70 75 76 82 98
8
2 33 59 62 64 76 86 96
7
14 39 46 51 72 85 93
8
14 17 23 36 62 64 69 88
7
8 33 35 37 83 94 100
4
36 73 74 94
3
12 52 87
9
18 20 28 52 63 80 89 91 97
7
5 56 68 85 87 89 98
4
1 2 10 35
5
11 15 34 43 59
8
3 11 23 25 26 29 71 80
9
5 14 44 55 67 77 85 88 94
