150 300
1.0 1.0 1.0 1.0 1.0 1.0 1.0 1.0 1.0 1.0 1.0 1.0 1.0 1.0 1.0 1.0 1.0 1.0 1.0 1.0 1.0 1.0 1.0 1.0 1.0 1.0 1.0 1.0 1.0 1.0 1.0 1.0 1.0 1.0 1.0 1.0 1.0 1.0 1.0 1.0 1.0 1.0 1.0 1.0 1.0 1.0 1.0 1.0 1.0 1.0 1.0 1.0 1.0 1.0 1.0 1.0 1.0 1.0 1.0 1.0 1.0 1.0 1.0 1.0 1.0 1.0 1.0 1.0 1.0 1.0 1.0 1.0 1.0 1.0 1.0 1.0 1.0 1.0 1.0 1.0 1.0 1.0 1.0 1.0 1.0 1.0 1.0 1.0 1.0 1.0 1.0 1.0 1.0 1.0 1.0 1.0 1.0 1.0 1.0 1.0 1.0 1.0 1.0 1.0 1.0 1.0 1.0 1.0 1.0 1.0 1.0 1.0 1.0 1.0 1.0 1.0 1.0 1.0 1.0 1.0 1.0 1.0 1.0 1.0 1.0 1.0 1.0 1.0 1.0 1.0 1.0 1.0 1.0 1.0 1.0 1.0 1.0 1.0 1.0 1.0 1.0 1.0 1.0 1.0 1.0 1.0 1.0 1.0 1.0 1.0 1.0 1.0 1.0 1.0 1.0 1.0 1.0 1.0 1.0 1.0 1.0 1.0 1.0 1.0 1.0 1.0 1.0 1.0 1.0 1.0 1.0 1.0 1.0 1.0 1.0 1.0 1.0 1.0 1.0 1.0 1.0 1.0 1.0 1.0 1.0 1.0 1.0 1.0 1.0 1.0 1.0 1.0 1.0 1.0 1.0 1.0 1.0 1.0 1.0 1.0 1.0 1.0 1.0 1.0 1.0 1.0 1.0 1.0 1.0 1.0 1.0 1.0 1.0 1.0 1.0 1.0 1.0 1.0 1.0 1.0 1.0 1.0 1.0 1.0 1.0 1.0 1.0 1.0 1.0 1.0 1.0 1.0 1.0 1.0 1.0 1.0 1.0 1.0 1.0 1.0 1.0 1.0 1.0 1.0 1.0 1.0 1.0 1.0 1.0 1.0 1.0 1.0 1.0 1.0 1.0 1.0 1.0 1.0 1.0 1.0 1.0 1.0 1.0 1.0 1.0 1.0 1.0 1.0 1.0 1.0 1.0 1.0 1.0 1.0 1.0 1.0 1.0 1.0 1.0 1.0 1.0 1.0 1.0 1.0 1.0 1.0 1.0 1.0 1.0 1.0 1.0 1.0 1.0 1.0 1.0 1.0 1.0 1.0 1.0 1.0
67
5 7 17 30 36 41 43 45 52 54 57 59 65 68 70 72 78 82 86 87 95 96 104 114 117 122 123 124 127 128 130 133 134 135 141 150 151 152 159 165 166 170 175 176 179 180 187 192 193 195 200 201 205 217 220 221 228 229 258 260 262 273 274 277 287 289 295
48
6 17 28 30 32 42 47 65 75 76 82 87 90 105 107 115 119 127 129 132 135 136 141 142 146 149 151 152 159 171 172 199 204 205 206 207 210 226 233 234 237 240 247 249 257 258 279 297
54
1 5 7 11 18 38 42 45 51 56 57 67 76 77 80 84 85 92 95 99 101 105 108 112 118 119 124 136 138 141 143 149 151 167 172 173 182 201 216 220 224 226 243 247 252 258 260 265 266 269 270 273 283 284
64
4 5 7 9 12 15 22 23 26 35 38 44 50 51 57 64 68 72 82 83 85 87 88 94 102 103 107 110 116 124 128 129 141 147 154 176 179 181 182 186 187 191 192 193 195 204 206 208 210 216 223 227 228 230 231 241 258 260 261 263 266 267 285 290
71
3 7 16 25 27 29 30 41 42 47 55 59 67 71 72 74 83 86 89 93 94 95 96 97 98 101 108 110 117 123 128 129 133 135 140 144 148 157 164 166 170 172 173 185 190 192 193 194 195 196 199 200 201 211 212 220 221 242 244 249 253 258 260 272 276 281 289 290 293 298 299
58
12 17 18 27 30 33 46 47 51 59 62 64 69 79 88 90 95 101 104 109 113 120 122 126 130 133 136 138 139 141 142 143 152 157 167 168 178 188 194 199 201 203 217 226 236 238 242 264 275 278 279 281 286 290 292 293 294 299
70
19 20 21 22 23 25 26 29 31 39 44 52 60 64 73 81 84 86 87 93 100 110 113 118 120 122 125 129 132 134 140 144 155 162 186 190 192 193 194 195 198 206 207 209 211 214 216 220 224 225 226 227 228 232 245 248 252 261 265 267 269 273 274 279 280 283 285 291 295 298
57
5 14 16 19 20 24 33 37 47 49 51 56 61 65 67 70 73 86 97 98 100 121 123 124 132 137 144 154 160 166 167 168 170 172 173 178 185 188 199 202 204 205 215 223 232 234 236 238 245 246 257 259 274 276 278 280 282
72
4 9 10 14 16 17 32 39 40 41 48 50 57 58 59 68 73 74 80 82 88 89 90 94 95 100 106 107 117 121 127 128 130 136 144 145 146 153 156 157 166 167 171 172 177 181 182 183 190 198 204 205 210 213 214 218 219 221 224 230 231 243 247 255 261 263 265 267 275 277 284 298
47
28 30 35 38 47 48 56 62 66 69 75 78 79 87 99 100 118 148 164 165 166 168 171 174 183 185 189 193 196 200 206 210 215 220 227 232 242 243 255 257 259 264 266 271 275 276 296
71
1 3 5 16 18 21 25 27 28 34 36 40 49 52 54 55 64 66 67 69 75 78 82 84 87 93 94 96 100 107 110 117 120 131 137 138 143 145 156 165 171 177 190 205 208 209 211 214 216 217 219 228 233 235 241 242 243 247 248 254 255 256 260 262 271 272 275 284 290 291 292
55
3 13 14 15 41 44 48 49 54 55 56 59 69 77 78 86 88 89 91 95 96 105 110 111 122 129 134 136 139 159 162 163 164 173 180 182 185 190 194 199 202 209 212 224 229 250 257 259 260 264 265 281 288 290 295
57
7 19 22 23 30 32 33 34 39 45 46 57 61 63 72 76 83 84 87 92 102 107 110 115 119 125 130 134 140 141 147 148 149 154 161 198 201 209 210 215 217 218 219 224 229 232 235 237 257 259 260 264 271 281 284 290 293
55
6 10 11 20 21 23 46 49 51 54 59 73 76 82 84 90 92 93 99 100 103 106 113 115 130 138 142 148 154 155 164 167 170 171 178 181 184 197 206 209 222 228 231 232 236 243 244 245 250 255 260 273 279 285 289
52
1 8 10 11 12 16 21 54 56 60 65 70 71 73 86 98 102 114 116 124 125 127 128 129 131 141 148 150 154 167 168 179 180 181 184 188 189 194 204 224 233 240 242 244 248 257 258 269 278 282 284 296
55
13 18 24 38 45 47 56 66 70 77 85 87 93 99 105 107 112 113 114 122 136 143 144 160 161 162 165 181 183 189 191 194 201 202 209 212 220 229 234 235 244 246 248 249 259 265 266 272 273 281 290 292 294 296 300
62
7 18 41 46 50 53 54 58 61 67 73 75 96 97 100 102 108 116 120 130 131 136 138 139 142 144 148 149 152 161 171 175 176 179 189 206 207 221 222 231 233 234 238 239 244 246 253 261 271 272 277 278 279 282 283 286 290 294 295 297 298 299
56
6 18 27 33 39 51 71 74 75 78 79 88 89 91 92 93 96 100 107 109 114 121 122 126 133 136 141 144 151 169 175 177 181 186 191 200 203 211 212 214 217 221 223 227 230 247 250 258 262 267 274 275 283 290 295 298
57
2 6 17 21 23 25 30 43 45 46 47 61 62 65 66 79 83 88 90 93 94 95 99 102 123 127 136 143 151 152 153 164 178 182 184 189 192 197 200 202 216 234 241 248 250 255 257 259 262 266 267 274 277 281 284 288 298
61
2 3 4 22 28 32 37 49 55 59 60 65 67 69 74 82 89 100 103 107 109 111 112 122 128 135 136 138 139 141 156 163 177 178 181 184 185 192 196 199 202 208 210 211 224 228 232 241 247 257 258 259 261 269 272 273 284 288 293 296 299
53
2 3 12 15 25 32 39 44 52 56 58 63 72 76 77 82 83 84 86 94 96 97 107 109 111 123 128 137 138 139 140 144 152 155 156 177 182 187 189 193 199 202 207 209 218 225 226 227 230 235 246 260 271
58
4 5 11 15 18 19 30 35 38 43 50 52 56 80 84 89 90 92 94 95 96 100 103 106 121 124 127 134 136 138 139 148 154 157 159 170 172 174 184 188 190 204 218 233 236 240 242 249 251 252 266 268 271 277 282 285 295 297
66
1 3 4 12 19 24 27 30 31 34 36 42 51 65 74 75 77 90 105 110 114 117 121 127 131 132 141 142 148 156 157 160 162 165 173 180 185 192 195 201 206 207 209 220 222 224 225 228 230 231 236 239 242 251 254 258 265 267 269 274 278 283 287 288 290 299
65
1 8 12 13 14 16 17 26 28 30 33 36 45 49 51 55 56 60 67 90 94 97 98 99 102 107 112 118 134 136 137 139 143 145 146 147 161 162 165 167 168 170 173 178 182 186 191 196 198 199 203 204 205 207 221 227 256 266 267 271 272 285 286 297 298
44
10 14 21 32 34 50 52 61 64 70 71 72 73 90 96 98 101 120 129 138 140 145 154 159 168 180 195 200 203 223 225 228 235 241 245 250 251 257 258 268 269 271 280 292
59
1 2 3 9 10 16 17 18 27 32 35 48 49 58 61 64 67 73 81 85 86 94 95 96 100 101 102 105 112 119 135 146 148 150 158 161 164 165 167 181 184 191 194 200 202 205 209 212 221 223 243 248 259 263 264 288 290 292 300
64
1 2 6 9 11 14 21 26 31 32 58 60 66 70 83 85 87 92 94 98 105 107 110 116 120 127 129 137 143 144 146 153 157 160 161 165 169 179 181 182 183 193 197 202 206 210 216 217 218 223 228 232 243 248 254 258 264 267 275 281 283 290 294 297
53
3 6 9 14 16 27 33 38 41 50 57 58 61 63 65 72 75 81 87 91 108 110 125 126 128 130 134 139 142 166 168 171 178 182 189 194 196 198 211 229 230 243 244 246 255 264 267 268 269 274 277 278 279
58
1 3 13 18 19 21 25 36 37 39 40 42 47 60 61 63 64 68 69 83 87 91 98 107 110 126 139 141 143 148 150 153 157 158 164 169 186 189 192 193 196 204 213 216 218 224 234 243 244 249 255 262 275 282 292 294 296 297
62
1 2 3 6 9 28 29 33 36 41 50 52 64 66 67 71 75 90 93 99 105 126 127 128 129 133 135 136 138 141 142 143 144 157 161 163 165 168 174 180 183 186 189 196 201 205 212 214 222 226 228 231 239 242 243 245 253 256 258 263 287 290
64
10 12 22 27 38 43 44 50 56 57 58 64 67 72 73 76 78 80 92 112 116 118 123 134 136 138 143 151 158 160 163 168 170 171 172 177 179 181 189 198 199 203 206 209 212 213 214 219 235 236 240 243 244 246 254 258 260 273 276 277 284 289 297 298
62
5 7 12 21 37 46 51 53 59 61 63 71 73 74 76 82 86 99 112 114 118 130 131 135 141 143 146 148 158 159 166 167 177 178 179 180 197 200 201 209 212 213 217 221 225 226 228 231 236 240 256 260 263 264 268 272 276 280 288 290 296 298
63
1 13 19 22 27 29 30 31 35 37 39 42 46 49 50 55 56 66 68 73 85 87 101 106 109 115 122 123 125 136 145 148 164 191 195 200 201 207 208 209 212 214 218 220 225 226 234 241 243 244 253 255 260 263 267 268 269 270 271 285 288 290 297
61
6 23 36 38 42 43 51 52 58 66 79 88 90 96 102 104 120 121 124 125 145 154 156 163 164 165 166 172 177 191 194 195 199 200 205 206 207 212 221 222 228 230 234 236 241 245 257 258 261 266 268 274 277 278 284 288 289 293 294 296 298
68
2 4 8 10 19 24 29 30 34 35 38 40 41 49 53 61 63 66 70 74 75 77 80 82 88 91 92 101 103 110 115 119 122 127 129 134 144 155 157 160 170 173 174 181 190 192 196 198 203 205 209 210 217 220 221 223 229 242 246 248 260 263 264 267 272 277 294 298
65
2 6 15 17 18 19 21 24 31 33 36 43 51 56 58 60 61 67 69 71 72 76 88 90 101 106 116 122 132 143 146 151 156 158 162 163 169 170 172 175 187 189 196 199 200 209 214 222 230 233 236 237 238 245 252 255 258 259 262 263 268 269 293 297 300
49
11 13 16 26 27 65 66 74 82 92 97 99 109 118 126 131 133 145 157 160 166 173 174 182 189 197 199 201 214 216 231 232 234 235 237 247 255 258 259 263 264 272 274 280 285 287 292 297 300
60
3 6 10 11 13 14 16 29 30 33 38 39 46 71 76 88 90 91 96 104 106 112 113 117 119 126 132 133 138 142 148 152 163 169 170 171 175 180 190 192 199 214 223 232 240 241 246 247 250 252 254 265 268 278 281 290 295 296 297 299
57
1 5 7 8 11 12 16 21 34 37 39 41 49 55 61 62 68 70 73 78 96 99 104 106 110 113 124 128 134 138 140 151 170 171 172 180 185 194 201 207 213 217 218 221 222 231 243 248 252 253 258 261 275 276 289 290 296
68
13 16 17 18 21 27 32 34 35 36 38 42 43 50 52 55 57 67 71 76 79 83 84 86 88 98 102 103 108 109 110 111 115 123 124 126 135 144 147 174 175 177 179 180 182 183 186 206 207 211 220 221 224 237 242 249 251 255 261 263 264 273 282 285 291 293 295 300
53
9 16 18 19 22 23 24 31 33 37 42 51 53 56 57 58 67 68 79 105 107 108 111 112 113 126 130 134 139 147 151 152 158 162 167 170 171 173 176 177 188 205 212 219 225 240 249 265 276 281 285 287 292
61
1 2 4 13 14 21 22 27 28 33 49 52 54 55 67 71 79 81 82 83 89 91 92 96 103 107 110 112 117 125 134 138 156 163 171 174 186 190 196 201 211 214 216 217 221 223 228 238 246 249 251 262 266 269 271 286 289 293 294 295 297
66
2 5 10 25 34 36 41 45 51 55 58 61 62 63 67 68 76 81 89 90 96 97 98 101 103 113 121 123 128 132 141 145 160 161 167 180 184 185 186 187 196 197 199 201 206 209 213 224 226 228 237 248 254 258 265 267 269 275 278 280 286 289 290 291 297 300
57
4 5 12 14 29 31 47 50 58 65 67 74 76 83 86 89 96 97 98 99 100 104 105 106 116 123 128 129 131 132 146 154 165 167 170 175 184 200 201 202 208 209 214 215 216 241 242 243 251 255 261 268 272 281 286 293 297
48
7 9 24 33 37 42 43 44 57 59 73 79 82 86 94 105 124 128 135 136 137 145 154 159 164 170 172 185 192 199 200 202 210 211 219 223 235 238 243 261 266 275 276 278 283 295 296 299
64
4 7 9 10 11 12 16 22 25 26 30 32 35 38 39 42 44 49 55 62 72 75 80 81 86 89 97 98 99 106 110 112 121 125 130 131 135 136 138 164 174 182 184 189 192 196 209 213 218 220 222 225 229 230 231 235 236 243 256 262 276 291 295 299
64
7 15 16 17 18 19 22 23 50 54 58 61 74 76 79 87 95 96 99 102 106 107 118 120 131 133 137 139 140 145 146 149 150 160 162 165 166 171 174 177 182 185 190 198 203 207 208 216 219 224 225 230 237 238 248 259 261 271 275 278 282 284 297 300
70
5 6 7 8 11 12 14 19 20 22 27 33 37 40 43 52 53 56 59 67 68 75 81 86 90 99 105 108 113 116 118 124 128 131 135 139 140 142 156 161 164 175 182 186 199 200 202 203 207 209 213 215 216 217 223 224 225 226 230 239 241 243 256 257 261 279 285 286 293 299
64
1 2 29 31 37 42 43 44 49 51 57 65 80 83 92 108 111 122 126 128 129 139 140 147 148 150 158 160 163 175 181 186 192 197 198 205 208 213 218 219 220 224 226 228 229 231 233 234 237 241 242 245 258 269 271 272 273 276 284 292 294 296 298 299
65
5 10 15 18 21 28 29 31 40 45 53 56 60 61 68 69 71 76 80 81 85 86 87 97 100 101 103 104 109 131 134 150 158 162 170 174 175 181 184 189 206 208 209 213 216 217 226 228 232 233 235 237 241 244 247 264 271 272 276 277 280 282 284 287 298
69
1 7 13 16 21 22 23 31 32 34 36 41 48 55 56 58 59 64 66 81 82 85 86 87 97 101 105 110 122 124 125 133 140 142 145 146 156 158 160 161 173 176 179 180 188 193 196 199 200 201 212 214 219 220 225 227 228 231 242 249 250 257 269 271 285 290 292 294 295
53
1 6 11 16 19 27 32 33 35 41 43 53 66 77 78 92 93 112 124 142 143 145 150 154 155 156 157 159 171 172 180 185 193 203 212 218 226 237 244 258 261 263 267 269 272 273 277 278 279 289 292 295 299
53
6 13 17 21 22 23 24 26 30 31 32 34 41 59 74 83 85 88 94 106 113 115 116 117 119 123 124 125 129 130 132 136 140 148 170 200 202 204 209 217 228 237 238 245 254 255 256 277 279 285 293 295 299
73
1 7 15 19 20 26 39 40 46 49 56 58 60 63 68 69 77 83 84 85 87 90 107 119 120 121 122 126 130 132 134 135 136 145 153 154 157 164 167 169 176 182 187 189 195 197 210 211 212 217 219 221 223 225 227 235 236 237 240 251 256 258 260 263 264 272 277 278 279 282 286 296 298
58
1 2 5 9 17 23 29 31 33 40 41 44 56 60 69 72 78 91 103 108 109 120 123 124 125 145 146 147 149 163 164 167 172 173 179 183 190 194 198 209 211 216 220 221 235 236 244 246 248 251 255 267 272 274 276 292 294 296
54
5 7 18 21 24 26 29 38 41 46 70 74 86 87 96 102 104 106 108 118 121 123 128 135 141 155 182 187 188 190 191 192 199 204 206 208 212 214 217 219 220 223 228 231 241 245 248 253 256 263 264 269 285 291
66
3 5 10 16 22 31 32 37 42 44 48 53 57 59 64 67 68 71 76 106 107 109 116 140 145 149 161 162 163 166 169 176 178 181 183 184 185 186 188 189 192 194 202 203 204 208 210 213 215 218 219 220 230 241 245 247 252 265 271 275 279 281 283 290 295 300
61
14 29 39 55 61 63 65 66 70 81 87 91 92 104 105 113 115 123 126 130 139 142 145 146 150 152 153 168 176 177 183 186 189 196 199 200 201 205 209 212 219 220 225 227 231 233 234 238 242 243 254 255 258 265 268 272 278 281 283 290 293
55
10 12 14 17 20 27 35 39 49 52 67 71 72 75 95 103 105 107 114 122 123 124 135 138 139 141 142 145 154 166 171 173 178 179 180 182 185 186 188 192 201 208 214 221 222 246 255 263 264 275 280 282 286 287 293
65
4 5 9 12 17 18 19 21 25 27 33 34 36 38 50 52 59 62 71 77 94 95 107 112 114 118 119 126 128 130 140 141 146 150 156 167 169 177 181 183 185 187 196 199 201 203 206 214 215 225 227 232 236 239 240 243 256 267 276 277 278 281 284 293 294
60
1 3 4 8 10 12 17 19 21 24 36 38 41 48 56 60 61 62 79 81 92 116 121 128 129 138 141 146 148 158 161 162 170 171 175 184 185 190 196 204 205 208 210 211 216 222 223 226 241 243 244 248 252 254 255 274 275 281 283 298
61
2 7 14 16 19 25 28 32 42 51 52 58 61 62 64 69 72 76 82 89 99 114 118 126 127 131 138 140 143 148 156 162 163 173 175 179 184 191 197 199 201 207 208 214 216 220 222 229 236 242 243 245 253 255 256 262 264 266 272 290 298
70
5 7 8 9 13 26 27 44 46 51 66 71 78 90 92 97 99 101 109 115 119 122 128 133 138 139 141 147 151 154 155 157 159 161 162 164 166 168 169 172 179 187 195 196 205 206 209 211 212 213 219 220 226 231 237 240 250 251 257 261 264 275 276 277 284 288 293 296 298 300
56
3 9 19 27 28 30 36 38 39 45 50 51 54 55 63 65 75 76 77 86 93 104 106 108 119 120 121 124 130 131 139 140 141 152 156 159 169 183 184 185 206 218 226 227 228 238 245 254 255 259 262 281 284 286 291 294
60
8 10 12 26 52 59 65 68 69 72 77 94 95 98 102 103 106 108 111 117 118 120 122 134 138 147 151 156 157 158 161 163 165 167 169 175 176 178 185 186 188 204 205 207 209 212 223 232 242 246 247 248 251 264 273 274 288 290 294 298
71
7 18 19 20 23 24 25 26 27 30 31 34 38 43 46 47 50 56 60 63 72 74 75 85 89 90 102 103 106 111 118 120 123 131 136 155 167 171 174 175 176 184 186 188 193 205 206 213 215 222 223 226 233 234 239 240 244 245 249 260 268 273 274 275 276 282 284 285 290 293 296
55
7 33 36 41 66 70 75 82 85 99 103 104 106 107 108 111 121 125 126 129 138 145 147 148 149 154 161 164 172 177 185 199 200 201 202 210 215 219 223 231 234 239 245 248 255 256 259 267 273 275 277 288 290 292 295
79
6 7 14 16 18 24 27 29 36 38 47 48 51 53 55 58 65 67 71 77 80 81 86 87 100 101 106 112 114 116 124 127 132 134 135 136 137 146 149 151 157 161 162 174 177 180 185 186 187 188 190 192 193 199 201 202 203 206 207 214 215 219 233 234 236 237 241 243 246 247 249 253 268 269 271 288 294 296 300
52
1 3 8 9 12 21 25 35 43 45 46 52 57 61 62 65 66 75 79 95 105 110 116 117 128 135 147 149 162 165 168 169 177 184 185 190 192 193 206 207 215 219 229 242 243 244 260 270 272 289 291 299
64
4 7 15 19 20 21 24 27 36 38 40 42 43 50 51 52 57 59 60 65 70 71 73 81 82 83 93 96 111 112 129 133 138 143 150 151 154 161 166 171 178 179 184 185 188 197 211 214 219 228 232 247 248 250 255 256 262 264 273 274 275 280 291 293
55
7 8 11 27 34 45 67 71 76 78 85 93 104 105 114 115 116 121 123 127 139 144 146 148 158 162 175 178 179 186 189 195 205 207 210 211 213 214 216 217 220 223 224 228 250 256 264 265 269 273 275 277 279 282 294
57
29 31 33 40 50 68 69 71 72 76 79 80 81 85 95 101 112 119 120 121 131 135 136 145 150 157 163 169 175 179 182 183 185 201 205 207 210 213 220 223 225 226 228 233 240 242 246 248 250 254 266 269 275 283 295 297 300
70
3 5 7 9 10 12 19 25 26 31 40 42 46 59 65 70 73 74 75 80 83 90 98 103 105 109 116 121 123 124 131 135 139 143 144 147 151 152 154 167 174 175 176 177 181 186 190 196 198 207 211 214 215 216 218 251 253 259 261 263 272 276 280 282 284 285 287 296 298 299
50
1 4 5 8 14 15 22 27 37 43 46 50 52 58 67 70 73 84 95 97 118 125 129 131 132 135 141 148 154 160 161 175 176 192 194 195 198 205 206 219 221 225 228 238 242 246 272 279 284 299
65
5 17 21 24 25 30 31 32 40 41 42 43 45 47 48 61 65 77 82 83 86 90 93 106 107 109 111 117 124 129 134 143 154 155 157 164 166 176 178 184 186 187 195 202 204 206 210 218 220 221 223 231 234 241 242 244 246 248 257 258 271 275 280 291 300
58
3 8 10 21 22 24 28 30 32 41 53 54 57 61 62 68 85 87 88 92 93 95 96 100 105 115 121 146 148 158 165 170 177 180 188 191 192 193 194 206 216 225 228 231 248 255 257 261 264 267 269 270 272 274 276 278 283 287
64
5 7 8 10 11 13 14 20 34 40 41 47 50 52 54 60 62 64 67 68 73 82 86 89 91 94 100 113 114 115 117 118 120 122 130 138 143 144 148 151 153 162 167 169 172 177 185 190 195 207 210 216 221 240 242 244 259 262 265 274 279 283 288 298
60
1 3 6 11 15 16 19 25 42 45 49 52 55 61 63 64 69 71 76 77 82 89 90 91 92 96 97 102 108 121 131 150 154 160 161 173 174 181 187 191 195 201 205 216 220 224 227 233 238 243 246 253 263 275 276 284 290 292 296 300
64
5 6 8 9 13 21 28 30 50 55 60 62 73 76 77 78 85 88 93 101 102 105 107 109 110 122 136 139 144 146 148 155 166 168 173 174 181 193 208 209 216 219 222 225 228 230 231 232 233 242 249 254 260 262 264 266 272 273 274 277 280 287 289 293
60
2 4 5 6 9 25 34 43 51 58 59 61 76 78 82 88 89 95 96 105 108 109 110 117 129 132 139 156 161 166 168 171 172 175 180 185 187 188 201 202 205 210 215 216 217 219 220 223 236 239 248 252 259 279 283 286 287 293 296 297
68
1 2 8 12 23 33 38 50 52 54 55 60 61 64 70 75 85 86 87 91 93 97 102 107 110 111 114 119 135 143 151 152 157 163 164 168 177 178 183 190 197 200 202 203 214 215 216 217 218 220 222 229 237 240 247 253 258 263 264 267 274 283 288 289 292 293 296 297
51
17 38 39 40 52 55 61 67 74 75 77 79 80 84 87 108 126 134 137 139 156 166 169 173 174 176 178 179 186 190 199 206 207 208 209 216 218 219 234 239 244 247 249 255 260 263 264 267 286 287 291
58
2 4 6 7 11 15 17 20 21 25 29 32 38 48 51 54 61 64 65 73 74 77 86 105 114 116 117 119 120 125 135 141 148 175 181 182 183 184 185 189 191 200 205 207 212 216 221 225 228 237 240 243 254 264 268 282 286 290
53
4 7 12 20 26 36 44 50 54 71 88 91 119 122 123 126 128 130 132 135 137 144 148 160 166 175 180 184 185 188 190 200 209 211 212 216 219 220 225 227 235 237 243 248 253 262 269 270 273 283 289 294 296
55
3 8 10 24 29 59 72 78 80 81 85 92 99 104 106 110 111 113 115 117 122 125 132 136 137 140 147 156 162 166 171 172 181 185 193 197 199 224 230 237 241 246 252 257 268 271 273 275 281 282 284 285 293 296 297
62
3 10 12 16 23 24 28 35 43 56 71 72 75 77 81 84 87 90 93 94 96 101 103 105 112 119 123 124 126 131 142 154 155 164 183 186 187 192 210 212 214 215 216 217 219 221 230 231 232 250 253 262 269 271 273 278 280 282 284 285 296 300
66
6 16 20 27 28 29 32 33 38 39 50 61 63 64 65 78 82 91 94 95 104 114 115 120 121 125 135 136 140 143 151 152 163 172 177 184 186 195 196 200 202 204 205 208 209 213 216 219 222 224 230 235 239 241 247 253 254 255 260 263 271 276 282 283 295 297
60
3 4 6 10 13 14 18 21 24 28 36 44 50 57 65 66 74 78 79 86 95 99 100 105 109 132 141 144 147 151 155 156 159 163 166 167 173 186 195 198 203 206 207 211 214 224 232 233 238 242 245 266 272 273 279 286 288 290 296 298
67
3 7 18 21 27 29 36 41 43 50 56 57 64 65 71 77 79 84 95 99 100 105 106 109 112 122 124 127 132 137 145 149 153 156 167 168 169 183 185 187 189 193 210 214 221 224 231 234 235 240 241 245 247 252 260 261 266 268 270 275 277 278 283 287 288 295 300
59
10 14 17 18 26 34 36 38 49 50 54 59 64 84 87 90 94 96 97 105 109 114 115 116 121 122 126 128 131 137 138 149 152 154 167 168 176 181 183 185 193 203 204 205 216 221 230 250 252 262 264 267 272 278 279 289 292 293 300
43
7 9 10 11 13 15 35 47 50 53 75 80 81 89 92 105 125 130 131 153 158 162 167 171 179 182 184 203 206 210 214 218 222 224 231 240 242 249 256 278 279 292 299
59
12 30 35 36 37 42 43 44 50 54 56 57 59 62 71 72 82 85 87 89 93 98 103 118 121 132 138 143 155 157 159 164 167 171 175 177 180 182 186 198 199 201 205 210 228 229 232 235 245 250 257 268 270 271 278 280 285 295 299
48
2 4 6 19 32 33 39 41 55 56 58 61 75 93 97 98 100 120 149 150 155 162 163 167 176 177 182 189 203 204 207 221 225 227 233 238 241 245 246 249 258 262 266 267 269 287 292 295
71
2 19 29 36 37 40 47 50 61 73 75 77 84 91 98 99 101 102 115 117 118 121 122 138 139 144 146 147 149 153 157 161 162 165 168 170 171 172 173 179 181 187 189 192 193 195 199 201 203 211 212 213 217 219 228 233 238 241 243 246 248 253 260 268 273 274 275 277 281 282 290
57
5 7 8 30 31 38 39 40 43 59 62 73 75 87 88 92 94 99 100 102 104 115 116 118 124 126 142 147 158 159 160 167 179 180 189 190 194 196 203 209 213 219 230 241 249 251 254 258 262 267 281 284 288 290 291 293 294
59
1 4 18 26 27 30 31 37 48 49 53 57 65 69 82 86 87 88 90 93 94 96 101 102 103 109 113 116 117 120 122 124 125 129 133 155 160 173 175 182 185 189 192 210 214 222 228 234 240 242 248 249 253 254 260 263 275 276 300
76
5 15 16 18 19 25 29 33 34 35 38 46 48 53 56 57 59 65 75 80 89 94 102 103 105 106 114 115 121 123 125 132 133 135 137 138 140 144 147 150 152 158 159 167 170 171 172 175 185 187 188 191 194 204 210 212 216 222 223 224 229 232 235 238 239 243 248 250 254 259 261 276 285 287 291 298
59
5 12 22 24 26 28 42 46 48 54 55 56 58 59 62 65 66 87 92 100 101 102 104 107 110 113 114 116 118 126 135 136 143 146 148 151 154 161 163 170 207 208 212 214 216 231 238 242 243 247 262 264 266 277 280 285 287 288 291
56
6 9 14 21 23 25 30 35 38 54 56 60 70 80 82 90 101 102 105 106 112 118 125 146 155 157 161 175 176 177 183 190 191 197 203 207 208 215 217 218 220 229 230 239 240 258 261 270 272 278 281 283 284 287 294 297
57
13 26 27 40 46 48 49 61 67 70 79 80 83 93 97 107 112 125 134 137 143 146 148 155 156 163 165 166 168 180 187 194 195 198 200 206 210 216 221 224 227 228 229 243 244 252 256 265 270 271 274 275 281 294 295 298 299
66
6 10 18 19 24 27 29 30 40 42 45 53 54 61 64 67 69 70 74 76 77 83 87 99 101 102 107 108 123 129 133 143 147 150 151 156 157 159 162 164 171 174 180 202 206 207 212 218 219 222 223 224 229 235 254 258 259 271 272 280 283 285 289 293 295 296
53
1 5 30 36 37 39 41 43 48 58 69 70 82 89 102 107 110 129 130 139 145 150 151 168 170 178 181 182 206 209 210 213 214 216 217 228 233 239 243 254 256 257 259 263 267 270 271 272 275 285 290 292 293
60
4 5 9 14 24 34 38 47 48 49 54 55 56 57 61 65 69 70 72 76 77 85 89 90 99 101 108 111 113 124 125 153 159 160 170 178 185 189 194 199 204 209 211 231 237 239 240 243 249 250 254 257 272 273 275 281 286 291 293 295
66
12 13 20 21 22 31 33 36 38 44 45 47 50 55 56 62 66 76 77 78 81 87 89 97 106 108 112 119 123 131 135 136 138 139 141 143 144 148 158 166 167 169 170 171 173 174 178 188 194 197 200 205 213 214 215 219 220 231 243 246 248 251 256 276 299 300
60
2 9 10 21 25 26 28 29 51 52 55 56 58 72 76 85 88 96 101 109 120 122 124 134 141 142 143 147 151 158 160 163 174 180 186 188 200 207 208 209 212 223 224 231 239 240 241 254 260 263 264 276 278 280 283 285 288 289 295 300
54
1 5 7 8 11 14 15 35 39 41 50 54 56 85 88 94 101 108 115 118 128 131 133 138 145 148 156 160 165 167 171 175 204 209 213 216 221 227 231 248 253 254 256 262 267 271 273 275 280 288 292 294 295 300
54
4 7 12 17 18 23 25 45 49 52 62 65 70 71 74 80 84 87 88 101 119 122 126 152 157 158 162 164 170 176 186 193 196 201 204 214 215 218 219 232 233 244 253 258 259 260 263 268 275 276 281 286 290 300
67
7 14 18 35 36 44 48 50 57 59 62 63 67 68 69 70 76 87 98 99 101 104 108 115 118 126 129 134 135 142 149 150 151 155 162 168 169 170 178 180 181 189 191 195 196 200 201 204 206 207 224 225 227 240 244 247 250 253 255 260 266 268 278 286 287 289 299
54
4 5 7 10 31 35 41 50 60 61 72 79 80 90 94 95 96 103 106 118 119 122 123 126 127 129 130 134 150 159 173 184 192 194 197 201 203 208 209 214 215 217 219 224 234 244 246 251 262 269 272 290 291 299
58
21 27 32 49 53 60 62 65 68 70 74 80 88 89 97 100 103 112 113 125 126 127 128 132 142 151 162 165 172 178 181 182 186 187 197 198 202 203 204 228 229 237 244 254 255 257 261 265 273 277 282 283 286 289 293 295 298 300
63
1 3 7 10 11 12 18 22 23 24 32 34 43 49 56 65 70 73 74 75 87 91 96 100 103 112 123 126 132 138 139 147 154 159 164 165 169 174 179 184 189 190 218 228 230 231 234 236 239 242 245 253 256 257 264 266 269 272 279 282 284 297 300
62
8 14 23 25 28 30 32 38 41 46 48 82 100 109 117 118 119 128 129 130 136 145 150 151 159 160 161 164 166 171 177 178 185 187 189 196 199 202 204 205 208 209 213 215 224 232 238 242 254 266 267 269 273 277 278 282 284 288 289 295 298 299
56
7 16 17 19 28 33 35 36 40 44 45 65 69 72 81 82 84 99 100 111 114 118 125 131 132 133 134 141 143 146 152 154 159 182 189 193 195 196 201 203 207 222 223 232 245 256 258 259 270 273 276 282 285 288 292 300
57
1 16 21 23 25 39 53 60 62 65 69 72 77 79 85 86 87 96 97 103 105 111 121 126 129 130 133 141 145 147 150 154 165 166 175 176 187 190 191 194 216 218 225 226 227 234 238 239 250 251 253 256 257 264 282 292 296
43
4 8 12 20 23 26 34 36 39 45 55 68 69 74 97 104 109 131 135 147 158 160 167 185 189 190 198 200 204 206 208 222 229 253 256 257 262 270 271 274 276 279 297
55
3 7 8 10 12 19 27 28 30 41 45 47 49 50 61 71 78 80 93 94 95 98 110 120 125 126 139 140 146 147 148 157 164 169 174 185 200 203 206 208 211 214 215 225 234 241 253 260 267 288 289 290 293 298 300
68
1 2 9 13 14 16 26 27 32 39 42 44 49 52 54 60 63 66 71 79 80 83 88 94 100 101 104 105 110 113 115 125 128 133 136 139 143 144 147 148 159 162 164 169 172 184 189 191 193 202 205 210 217 220 221 222 224 225 228 230 231 242 258 259 268 280 286 299
46
8 22 30 33 35 37 38 47 48 57 61 75 82 83 86 95 110 118 124 139 141 149 164 175 186 188 194 197 204 206 211 213 217 218 222 225 227 238 240 246 252 253 254 257 258 281
60
1 3 14 18 31 36 39 55 58 60 61 62 63 64 65 73 76 81 96 100 103 109 113 117 124 129 142 147 154 159 160 161 163 166 169 172 173 178 180 191 192 196 198 206 210 215 219 220 221 225 231 239 255 259 266 268 269 273 275 290
60
5 15 28 33 44 45 46 50 54 55 56 59 61 78 85 89 92 98 101 102 115 130 139 141 142 144 145 148 149 151 152 154 156 160 165 170 174 180 187 201 203 217 223 235 245 250 258 260 263 264 269 274 279 282 287 290 292 294 299 300
57
2 7 10 20 28 41 55 63 65 67 71 72 73 76 77 86 96 101 103 110 115 120 123 126 131 134 135 136 139 145 149 150 158 165 185 192 200 202 203 210 213 218 225 228 243 257 259 265 272 275 281 283 287 296 297 299 300
58
1 2 3 4 7 9 13 16 22 27 29 30 44 47 48 56 59 60 62 71 72 92 101 104 105 109 111 115 125 128 144 148 176 178 190 191 192 195 210 211 219 225 226 232 237 238 243 256 261 263 271 275 281 283 285 291 295 300
61
1 4 5 6 7 11 17 20 22 24 28 31 32 33 43 55 56 60 61 62 64 68 74 80 97 107 116 125 128 129 131 132 138 142 144 145 152 157 166 170 172 177 181 185 194 196 198 199 210 214 223 232 233 234 240 246 262 267 281 291 297
61
26 28 34 37 38 39 41 42 50 51 54 59 61 66 71 75 84 87 89 96 97 98 99 107 112 116 120 127 131 144 147 149 151 154 157 176 179 181 183 186 188 195 201 210 214 221 222 223 227 236 241 246 260 266 267 272 283 285 287 288 295
48
12 14 30 37 40 42 47 50 53 60 65 70 71 76 77 78 80 87 114 128 129 133 134 146 156 162 166 167 171 176 195 199 202 209 210 219 225 232 241 244 246 247 251 256 264 284 289 290
56
1 3 11 23 29 36 38 50 51 55 61 76 79 80 84 89 92 95 101 104 105 108 125 128 132 134 145 147 150 154 160 161 176 189 190 206 207 214 242 244 246 247 249 253 254 256 258 260 266 268 278 281 292 293 294 298
45
5 11 22 26 52 55 57 61 62 64 70 72 79 83 111 114 115 129 134 140 143 146 148 155 166 173 177 183 184 187 194 201 204 209 214 218 224 232 238 241 245 254 260 281 296
69
1 2 4 5 9 11 15 16 17 18 30 34 42 43 45 47 51 56 58 61 64 65 70 71 76 82 88 100 103 104 105 108 120 124 140 145 153 156 157 165 167 169 187 190 191 192 195 196 197 198 201 204 207 209 217 227 233 243 254 257 258 259 263 269 278 290 292 294 299
67
15 33 45 49 54 55 56 57 62 64 66 71 72 80 82 89 105 109 110 118 124 125 129 143 147 150 156 170 172 173 174 175 179 186 194 195 205 207 208 212 213 214 233 234 243 247 249 251 257 258 261 265 266 267 268 269 273 277 278 283 285 286 288 289 294 296 298
79
10 12 18 23 24 34 38 40 44 48 52 55 56 63 64 71 73 76 78 79 85 87 99 102 103 104 106 112 119 120 121 122 125 129 134 136 142 143 148 149 151 152 153 158 159 160 163 169 171 182 191 200 206 207 210 218 223 224 225 226 232 233 236 238 246 249 253 257 261 262 263 272 278 285 289 292 293 295 299
67
2 19 20 29 30 34 36 40 41 42 47 53 54 59 61 62 72 78 102 105 109 111 115 119 123 124 126 128 130 136 148 151 153 154 159 169 174 181 184 192 195 207 208 210 212 213 219 222 231 232 238 261 265 266 270 272 274 276 281 282 283 287 289 290 291 293 297
74
2 3 9 22 24 35 39 43 50 51 66 73 82 84 88 93 98 99 100 104 106 109 113 116 117 118 125 126 128 133 135 136 137 140 141 150 157 158 161 164 165 168 169 171 175 180 184 185 190 200 205 212 214 218 221 223 226 232 238 240 244 251 253 254 256 258 260 264 274 279 283 284 285 291
58
2 3 14 17 20 21 27 33 34 37 39 40 50 54 56 62 71 73 81 87 94 96 112 129 131 135 142 148 149 150 152 153 159 166 169 171 176 190 205 212 214 220 224 229 232 236 240 262 269 273 274 275 283 285 286 288 297 298
49
2 5 13 16 20 26 27 34 48 51 55 58 65 75 85 95 97 102 106 124 132 139 142 146 149 156 165 168 190 198 212 216 219 221 226 230 231 239 241 246 252 254 259 264 281 285 289 294 297
74
5 8 12 19 29 30 31 37 39 40 43 47 59 60 80 83 86 88 95 96 97 102 104 106 111 123 127 128 136 143 147 149 150 152 154 158 164 167 171 173 179 181 193 194 199 214 215 219 221 223 224 231 232 234 237 238 239 242 245 251 254 259 266 269 272 273 277 280 281 288 289 292 297 299
55
6 21 27 28 43 49 53 57 59 61 65 67 72 82 83 87 88 94 96 101 107 116 120 128 129 131 133 134 138 147 149 152 154 158 159 161 168 176 177 188 203 204 221 227 228 230 243 256 258 283 285 286 292 293 300
75
1 15 21 22 23 27 30 31 32 35 36 37 48 51 55 63 66 68 69 72 86 89 90 98 101 112 115 118 121 125 126 130 134 139 140 141 147 148 154 156 159 166 171 173 174 176 178 181 189 192 193 194 199 209 213 216 225 229 237 241 244 254 256 259 260 262 263 265 270 275 282 283 288 290 297
59
5 6 12 16 17 19 23 36 37 38 40 49 51 54 61 62 64 70 86 89 92 96 99 102 106 113 114 118 122 143 149 150 152 154 158 160 183 187 198 199 201 209 210 215 227 229 230 231 233 238 242 244 257 269 277 284 290 296 297
64
7 10 17 20 24 31 34 40 47 48 57 59 62 66 67 69 70 74 75 76 83 91 94 97 100 104 107 110 114 116 119 128 135 136 138 145 153 159 166 170 174 178 181 186 195 199 204 210 213 216 217 225 227 237 247 250 257 265 266 267 274 278 284 295
61
1 4 8 11 13 14 16 18 20 21 22 34 36 39 43 44 45 49 50 53 54 57 65 69 80 85 86 94 101 103 109 111 119 123 133 134 143 158 160 164 166 173 179 182 186 191 195 202 203 209 218 220 225 226 233 248 261 263 271 290 293
54
4 8 16 25 41 47 53 55 60 64 67 68 72 77 91 96 102 104 107 111 114 118 119 140 146 154 164 170 171 172 179 182 185 186 189 192 207 218 219 223 226 247 248 251 253 275 282 285 287 290 296 297 298 299
56
1 2 17 26 27 29 31 33 34 36 37 40 43 46 54 71 80 94 95 101 104 106 113 118 127 132 134 137 138 144 151 154 157 163 165 167 174 178 182 183 192 203 212 218 219 224 235 244 252 261 264 266 273 276 286 290
68
14 22 24 29 32 33 34 39 41 43 62 70 79 86 100 107 109 111 118 124 125 126 127 141 142 143 145 146 148 156 160 165 166 173 178 182 186 192 194 198 210 212 218 220 224 226 230 231 239 240 241 242 246 247 249 255 262 264 270 276 280 283 284 290 292 293 297 298
58
10 18 28 30 44 48 50 55 56 62 71 75 81 85 93 95 101 112 118 132 135 140 145 149 152 154 155 160 162 164 166 170 177 183 184 185 192 195 197 201 203 206 207 212 213 234 240 243 270 271 274 281 283 287 288 290 292 296
70
1 3 5 10 13 20 27 34 42 49 55 58 59 60 66 68 71 79 86 88 103 104 105 109 110 112 116 117 120 123 126 138 143 147 149 152 153 155 160 161 169 171 187 190 191 198 200 203 206 212 220 231 233 234 235 239 242 247 256 257 259 264 265 267 277 281 294 297 298 300
61
10 14 18 31 36 53 54 58 61 66 70 73 75 93 95 109 117 123 124 125 137 144 146 148 149 150 154 155 161 163 164 169 172 174 180 195 198 200 205 207 215 216 217 218 219 223 233 235 240 243 254 256 259 262 271 279 280 284 292 293 300
67
2 5 18 20 22 27 28 33 34 35 36 39 40 44 48 51 54 59 63 65 72 81 82 84 87 95 108 110 114 117 124 127 133 138 147 149 151 172 174 180 184 187 191 197 200 203 205 206 207 223 227 232 236 238 239 242 243 245 250 251 253 260 262 264 279 285 298
58
1 6 7 13 19 34 38 41 44 46 54 55 61 71 82 93 97 104 117 118 119 126 128 132 138 143 145 151 157 158 163 164 175 179 200 202 203 210 212 213 214 224 226 232 240 243 245 247 259 262 263 269 273 288 289 290 295 300
69
8 11 14 17 21 26 29 33 37 38 40 48 56 58 67 68 70 76 78 83 84 86 95 99 104 107 111 112 113 118 121 131 132 134 135 139 140 141 153 154 159 162 170 176 181 182 190 192 204 205 206 210 216 218 224 228 237 244 249 250 264 266 275 279 283 291 295 296 298
65
1 5 7 10 13 16 29 31 54 55 60 61 63 73 83 88 89 90 97 99 100 102 106 114 120 126 134 139 141 143 160 163 165 168 171 172 175 180 190 195 205 209 219 220 222 224 225 226 228 229 231 232 233 238 239 242 243 244 249 252 254 255 272 289 294
