150 300
1.0 1.0 1.0 1.0 1.0 1.0 1.0 1.0 1.0 1.0 1.0 1.0 1.0 1.0 1.0 1.0 1.0 1.0 1.0 1.0 1.0 1.0 1.0 1.0 1.0 1.0 1.0 1.0 1.0 1.0 1.0 1.0 1.0 1.0 1.0 1.0 1.0 1.0 1.0 1.0 1.0 1.0 1.0 1.0 1.0 1.0 1.0 1.0 1.0 1.0 1.0 1.0 1.0 1.0 1.0 1.0 1.0 1.0 1.0 1.0 1.0 1.0 1.0 1.0 1.0 1.0 1.0 1.0 1.0 1.0 1.0 1.0 1.0 1.0 1.0 1.0 1.0 1.0 1.0 1.0 1.0 1.0 1.0 1.0 1.0 1.0 1.0 1.0 1.0 1.0 1.0 1.0 1.0 1.0 1.0 1.0 1.0 1.0 1.0 1.0 1.0 1.0 1.0 1.0 1.0 1.0 1.0 1.0 1.0 1.0 1.0 1.0 1.0 1.0 1.0 1.0 1.0 1.0 1.0 1.0 1.0 1.0 1.0 1.0 1.0 1.0 1.0 1.0 1.0 1.0 1.0 1.0 1.0 1.0 1.0 1.0 1.0 1.0 1.0 1.0 1.0 1.0 1.0 1.0 1.0 1.0 1.0 1.0 1.0 1.0 1.0 1.0 1.0 1.0 1.0 1.0 1.0 1.0 1.0 1.0 1.0 1.0 1.0 1.0 1.0 1.0 1.0 1.0 1.0 1.0 1.0 1.0 1.0 1.0 1.0 1.0 1.0 1.0 1.0 1.0 1.0 1.0 1.0 1.0 1.0 1.0 1.0 1.0 1.0 1.0 1.0 1.0 1.0 1.0 1.0 1.0 1.0 1.0 1.0 1.0 1.0 1.0 1.0 1.0 1.0 1.0 1.0 1.0 1.0 1.0 1.0 1.0 1.0 1.0 1.0 1.0 1.0 1.0 1.0 1.0 1.0 1.0 1.0 1.0 1.0 1.0 1.0 1.0 1.0 1.0 1.0 1.0 1.0 1.0 1.0 1.0 1.0 1.0 1.0 1.0 1.0 1.0 1.0 1.0 1.0 1.0 1.0 1.0 1.0 1.0 1.0 1.0 1.0 1.0 1.0 1.0 1.0 1.0 1.0 1.0 1.0 1.0 1.0 1.0 1.0 1.0 1.0 1.0 1.0 1.0 1.0 1.0 1.0 1.0 1.0 1.0 1.0 1.0 1.0 1.0 1.0 1.0 1.0 1.0 1.0 1.0 1.0 1.0 1.0 1.0 1.0 1.0 1.0 1.0 1.0 1.0 1.0 1.0 1.0 1.0
53
3 5 14 20 24 29 34 36 43 44 47 48 59 68 71 75 81 83 86 95 114 116 121 124 130 133 137 139 143 154 158 161 162 164 169 190 192 202 207 222 235 242 249 253 268 269 273 276 281 283 285 286 295
63
1 2 4 11 22 23 26 28 30 49 50 58 66 68 72 73 74 82 84 86 94 99 101 102 112 122 133 139 142 144 146 148 150 170 178 183 188 189 192 194 197 198 200 201 207 211 214 221 226 228 241 252 254 257 262 267 271 272 283 286 290 298 299
43
1 7 16 18 19 22 26 30 45 46 47 60 72 88 104 110 125 126 137 138 145 147 163 170 171 172 179 182 185 189 193 199 205 216 219 224 228 229 230 231 232 235 289
57
1 5 8 13 14 23 26 33 48 53 54 55 56 62 70 85 88 91 100 102 103 112 117 119 122 127 131 143 145 151 156 159 161 170 179 182 184 187 189 190 195 204 218 222 226 229 230 231 238 243 254 256 261 266 280 285 287
66
4 7 14 20 24 28 35 36 37 40 45 50 52 54 63 66 73 74 79 82 87 96 102 104 110 115 116 120 123 130 136 142 149 151 159 163 168 171 172 175 177 183 184 185 190 194 195 197 201 203 205 206 213 218 220 225 230 234 251 268 273 274 276 291 292 294
60
8 11 13 16 20 29 33 46 51 52 53 67 76 77 82 89 105 113 124 126 128 146 149 154 158 160 162 169 172 175 194 195 200 202 203 210 211 216 217 220 221 223 232 243 248 249 250 255 257 258 261 267 276 282 283 289 291 293 294 299
61
13 19 22 23 39 45 51 52 56 57 58 63 64 66 70 72 81 103 107 108 110 112 116 121 122 126 138 139 145 149 155 166 168 170 172 182 191 197 198 199 201 202 203 207 217 236 240 241 243 248 252 254 258 267 273 278 279 286 289 293 294
60
2 8 12 15 23 26 27 32 42 43 51 54 60 77 79 106 107 110 114 115 119 129 134 143 144 146 150 156 157 162 171 178 188 191 197 203 206 208 210 224 226 234 236 239 240 242 243 251 254 264 268 270 272 277 278 283 289 290 292 300
54
2 10 15 18 22 25 28 29 41 44 49 51 53 58 59 64 68 78 80 83 88 95 100 103 104 106 111 116 126 134 136 147 149 154 160 167 169 172 177 194 196 219 230 234 238 243 247 253 255 274 278 291 295 300
62
4 6 20 21 24 29 36 37 39 40 55 56 58 59 63 67 69 81 82 84 96 98 100 105 107 109 121 129 131 133 149 152 157 158 165 172 173 176 181 187 188 190 200 205 218 233 234 238 242 248 249 253 263 274 285 287 290 293 294 295 297 299
63
12 14 18 20 25 30 32 35 44 48 50 53 60 69 73 76 78 79 93 102 103 105 115 124 127 129 131 132 134 136 142 144 145 151 152 153 157 164 167 169 180 182 184 191 202 222 224 229 235 244 245 253 261 272 273 276 277 279 281 285 289 297 299
57
11 15 20 21 41 48 49 51 56 76 77 80 81 83 85 98 99 102 104 110 113 115 116 126 129 130 144 197 200 201 213 215 216 219 221 222 231 232 237 240 243 244 247 251 257 262 263 267 271 273 281 283 285 291 293 294 295
61
4 5 10 12 17 18 23 27 42 48 52 54 59 84 85 89 94 96 97 101 104 107 113 116 118 123 134 135 164 168 172 176 183 185 186 189 191 194 202 208 211 215 219 222 225 228 231 232 233 236 240 245 260 261 265 273 276 280 285 292 299
51
3 8 9 10 24 33 38 43 44 51 65 68 69 75 83 87 88 99 111 115 120 123 126 128 133 147 148 149 151 158 159 160 170 172 176 179 184 189 195 215 232 238 251 253 279 282 286 288 289 290 295
55
1 4 7 11 19 29 30 31 32 42 46 49 56 59 69 73 84 87 88 94 101 112 118 119 125 132 141 153 155 159 164 165 187 189 196 198 208 209 215 216 217 219 221 229 242 243 245 250 266 268 280 282 292 298 300
63
11 12 13 25 29 30 31 53 64 65 69 70 72 77 78 81 84 88 91 95 105 106 115 118 122 123 130 134 140 144 147 155 159 166 170 176 178 183 186 194 195 208 213 216 218 230 231 233 236 248 249 251 255 256 258 259 260 266 269 270 280 283 284
53
5 11 15 16 18 24 38 50 68 70 72 74 75 83 86 97 103 104 113 114 120 122 123 133 151 155 159 161 169 174 182 183 187 188 199 201 204 205 206 219 223 225 228 232 233 240 250 261 262 277 281 287 289
60
2 5 8 14 26 28 33 34 45 53 57 62 64 66 68 69 72 79 82 87 88 94 104 116 118 123 128 133 136 137 142 149 167 168 170 177 181 184 190 192 196 199 203 206 221 238 239 240 244 252 264 273 276 278 283 288 290 291 297 299
66
5 10 12 16 21 27 39 48 50 59 60 64 66 67 70 71 77 81 82 83 85 88 89 93 105 107 114 116 117 123 127 129 137 140 145 146 160 163 164 172 174 179 188 192 193 215 228 229 230 234 240 242 243 249 261 262 263 267 270 274 283 285 289 295 299 300
61
1 7 14 21 24 37 40 42 49 50 65 82 87 91 92 93 101 104 109 116 140 141 144 147 151 155 159 160 164 168 172 173 174 182 183 185 190 195 197 200 206 208 213 215 220 221 230 232 234 237 238 239 247 248 264 268 274 280 288 298 299
58
8 13 22 28 33 49 52 53 56 63 64 65 69 71 72 83 91 99 101 102 117 122 126 141 142 145 148 150 154 163 164 179 191 194 197 198 199 200 204 206 210 220 222 224 227 231 232 236 237 255 256 259 261 263 284 285 292 296
51
4 26 33 38 40 51 55 59 63 67 68 71 90 94 95 96 102 107 113 114 115 123 125 132 138 140 145 171 174 176 187 198 206 209 216 220 231 234 253 254 256 263 266 268 273 280 284 294 295 296 299
57
3 10 13 14 20 21 25 28 37 42 45 53 63 73 76 80 81 85 90 92 104 117 119 120 121 122 130 132 134 135 136 144 172 178 179 181 189 198 203 208 216 217 219 226 229 234 235 238 240 259 262 265 266 273 276 277 284
63
5 7 11 15 20 22 24 27 28 36 39 43 45 54 61 65 67 77 78 83 84 85 93 107 113 123 124 129 134 135 140 144 158 160 164 166 170 177 179 181 185 188 190 194 195 201 204 210 218 221 223 225 233 236 240 243 248 256 260 268 275 286 300
51
6 9 10 30 31 43 56 69 70 71 79 82 88 89 90 93 101 102 108 114 117 129 133 134 135 138 155 173 182 187 190 191 197 199 207 222 226 227 228 232 233 241 249 250 264 265 266 281 283 286 300
62
4 9 15 17 28 35 36 37 38 42 45 47 61 63 65 67 71 77 79 83 86 88 100 109 112 115 118 127 131 136 137 140 143 148 150 163 167 173 174 177 187 191 193 195 197 206 209 212 220 243 247 249 251 266 271 272 275 279 282 286 287 291
70
4 5 7 8 20 41 54 60 63 72 79 82 85 86 89 101 105 106 108 111 112 117 124 125 127 131 133 134 137 140 144 149 151 155 158 162 164 165 176 180 182 183 187 190 191 200 202 206 216 217 219 220 221 231 233 234 235 239 241 243 244 247 248 252 266 267 272 275 283 290
61
2 6 7 14 18 20 25 29 47 52 54 55 61 62 71 72 73 74 79 93 101 113 117 120 125 126 129 133 136 141 142 144 157 163 166 170 173 182 191 192 194 199 212 214 216 223 224 235 243 247 250 256 258 261 265 266 274 281 291 292 297
71
1 6 16 17 19 21 23 25 26 27 29 31 37 39 45 52 54 60 62 64 70 71 76 80 81 83 84 85 87 91 92 95 99 112 114 128 133 134 143 147 159 164 166 168 176 184 185 187 189 198 203 208 209 212 228 229 231 234 237 244 250 253 255 262 265 277 278 282 283 287 289
56
1 5 9 16 17 31 35 41 47 58 59 77 78 79 90 92 93 94 98 101 102 107 114 119 120 125 133 137 138 151 164 165 171 178 179 188 219 220 221 229 232 233 237 243 260 261 265 266 271 272 273 275 276 279 283 285
54
4 7 10 16 22 23 39 49 57 59 70 75 84 86 92 109 112 115 119 130 131 135 141 153 157 162 178 182 192 199 202 204 209 220 224 230 237 238 242 249 250 251 256 260 271 274 281 285 286 292 293 294 295 296
55
2 12 13 15 16 22 28 29 30 33 54 56 66 74 75 81 103 104 106 109 113 127 134 137 148 154 157 167 175 185 192 213 222 223 231 232 235 238 240 241 247 250 252 257 268 269 271 273 275 284 287 288 291 294 299
59
13 16 17 25 33 35 42 48 49 53 59 60 64 75 80 93 94 96 98 107 110 117 122 123 129 132 142 143 145 154 160 162 167 170 171 181 184 191 192 199 201 215 216 219 227 230 231 232 240 245 253 264 271 273 279 280 283 291 297
64
1 4 5 20 21 25 29 35 37 41 42 43 53 59 69 72 83 84 86 90 92 93 95 97 108 110 115 116 123 127 131 132 134 136 143 146 150 153 155 160 162 179 181 186 187 194 197 198 206 208 225 228 229 237 245 249 256 258 260 261 273 276 281 298
72
3 10 11 19 21 23 25 26 30 31 36 37 41 52 60 65 68 73 77 79 84 86 88 89 91 93 94 97 99 103 107 110 113 118 120 122 130 134 139 140 143 147 173 177 183 184 185 186 190 193 205 213 215 216 218 220 244 251 254 256 257 265 271 276 277 279 284 291 292 293 296 300
51
13 19 29 32 33 43 58 65 66 71 76 79 81 87 90 101 102 105 107 125 136 137 152 156 158 160 161 173 175 183 190 196 198 201 202 208 224 225 234 239 248 249 253 258 259 261 268 269 270 281 287
62
3 10 15 37 39 41 42 43 52 57 60 68 69 70 75 79 82 91 111 112 114 120 126 131 148 158 160 163 170 172 176 179 183 187 194 195 198 201 203 205 210 220 224 225 228 229 236 239 242 246 249 252 254 260 267 268 270 277 284 293 297 300
55
1 3 18 28 30 32 43 44 47 49 52 53 71 74 86 100 102 106 109 110 131 133 136 137 139 141 143 145 147 152 162 173 180 184 195 199 201 212 220 226 228 229 234 236 245 255 264 265 266 268 271 273 291 294 297
50
4 13 23 30 37 39 45 48 59 60 64 68 74 80 87 101 114 133 139 140 147 153 155 157 166 167 170 184 191 212 214 215 217 220 221 224 228 247 251 256 257 267 269 270 275 278 281 282 286 295
57
1 6 11 16 19 26 29 32 37 48 52 54 57 70 73 75 79 86 95 96 105 114 118 120 132 133 143 158 172 177 179 186 189 196 197 199 205 206 211 217 232 237 242 245 248 252 264 268 271 276 277 278 280 281 290 294 299
58
1 3 12 13 15 16 21 33 40 43 56 63 66 71 76 82 89 91 96 100 102 111 115 118 123 124 132 136 141 151 153 157 159 160 168 171 180 181 188 197 200 201 210 223 233 238 240 248 250 254 269 279 280 286 288 289 290 300
53
2 20 28 32 38 49 53 54 55 61 66 78 82 103 122 126 127 128 131 137 148 155 161 170 184 186 197 212 216 218 231 232 233 235 236 241 247 255 257 258 259 260 263 270 273 285 287 288 290 293 294 296 300
55
10 11 18 21 24 30 31 51 60 62 65 71 78 90 91 97 98 104 107 109 115 123 124 126 140 144 147 154 157 161 163 169 172 176 177 182 187 194 203 208 221 230 239 251 252 256 263 265 267 270 272 276 277 283 297
59
2 8 9 13 16 29 34 38 44 45 54 55 59 62 64 77 78 87 98 116 121 128 129 132 134 144 150 154 164 166 173 175 179 185 193 194 195 199 201 206 207 214 215 217 218 220 235 240 246 249 261 270 275 277 279 283 289 293 300
70
3 5 7 8 15 17 19 23 24 28 34 57 59 60 66 78 80 82 83 85 93 96 104 111 115 119 127 138 148 150 153 154 157 160 171 174 177 183 190 193 195 198 199 202 203 207 208 210 211 212 213 215 217 223 226 227 240 242 247 248 253 256 262 271 275 276 289 295 296 298
62
3 5 9 13 19 27 28 38 46 47 57 58 59 60 62 67 68 80 81 84 88 89 92 95 102 108 109 120 127 137 138 143 145 148 154 160 162 165 175 176 193 195 208 210 216 221 224 239 240 243 247 250 253 254 260 265 267 279 281 283 293 297
60
2 5 14 20 21 23 31 42 45 50 51 53 62 77 78 84 88 92 97 100 103 104 107 109 110 119 126 128 130 139 140 141 148 151 161 164 181 185 189 202 209 223 227 230 242 243 248 250 254 257 260 262 265 269 273 283 288 291 293 299
60
2 3 5 8 9 10 13 15 21 28 35 43 48 75 83 84 85 103 107 108 113 120 121 123 124 126 136 147 149 160 162 165 169 171 177 178 188 193 199 200 202 216 227 232 236 238 240 243 247 248 253 266 269 278 281 283 284 285 291 294
65
1 4 5 13 15 18 25 26 29 39 42 45 46 57 60 64 65 71 78 80 85 97 108 112 125 132 136 137 139 141 145 150 151 152 154 155 164 172 175 177 179 187 199 203 207 212 221 227 234 242 245 246 247 248 250 253 255 256 258 260 283 286 290 294 299
68
2 4 7 19 24 25 26 27 28 37 41 44 50 54 61 66 72 75 79 80 84 85 89 91 95 99 106 109 111 116 118 129 132 133 138 139 145 147 149 157 160 163 173 182 184 187 202 203 204 205 213 216 220 221 222 235 241 243 244 245 248 250 251 268 276 279 290 294
72
2 4 5 10 12 15 17 19 23 28 29 38 39 40 42 44 47 48 61 62 75 76 79 88 91 93 94 107 109 115 117 121 124 128 130 134 135 136 167 170 171 178 179 186 187 190 194 196 208 211 212 213 222 225 227 232 235 236 243 245 254 260 269 271 272 274 275 277 278 288 291 294
69
3 7 12 13 14 20 25 42 43 49 54 57 58 61 62 65 68 79 83 87 89 95 101 104 107 112 115 122 138 148 159 170 171 180 182 183 187 190 196 198 199 200 203 210 212 215 219 220 221 228 230 232 237 238 244 247 248 250 251 261 269 272 278 280 283 286 287 289 300
51
23 25 26 31 32 38 44 46 56 58 61 67 68 69 75 82 88 92 96 104 121 138 140 141 145 157 168 178 185 208 209 210 213 214 217 219 222 245 247 249 262 264 266 269 272 276 278 280 281 283 293
41
3 8 21 27 30 31 46 48 50 67 77 78 100 117 135 139 146 150 151 153 154 155 163 173 190 199 209 218 221 233 241 243 245 248 251 259 263 266 278 289 294
65
1 10 20 24 25 27 35 43 49 51 53 54 57 67 76 77 85 92 96 106 107 117 119 127 128 137 150 156 159 162 164 165 170 173 178 179 186 190 191 192 195 205 206 210 214 225 231 233 242 243 247 252 259 264 265 268 271 273 275 287 290 291 293 296 299
62
3 6 7 14 19 22 24 26 34 38 41 43 45 49 51 54 55 59 62 67 68 70 72 75 98 99 109 110 111 115 124 132 137 140 146 150 163 169 172 177 178 183 185 200 207 208 210 228 229 234 238 239 248 252 256 258 278 280 286 295 299 300
62
3 4 5 6 16 29 34 48 49 57 58 60 62 68 69 73 74 76 82 85 97 101 114 120 125 126 127 130 145 152 155 156 160 166 172 173 176 183 188 198 204 205 211 213 220 222 230 233 237 240 253 255 256 257 259 267 273 275 278 283 295 299
56
13 27 32 38 46 53 56 57 60 70 78 81 88 92 93 96 98 100 105 118 120 130 134 145 151 152 172 190 201 204 205 206 213 217 219 220 221 225 228 232 233 234 235 238 240 241 249 255 259 261 267 283 284 291 298 300
58
10 16 26 32 50 60 67 77 89 93 101 113 116 118 119 120 123 131 134 140 145 148 150 152 154 157 167 174 179 180 184 187 200 206 224 225 229 230 239 245 248 249 251 254 256 264 267 270 271 274 278 279 287 294 296 297 298 299
65
12 16 20 21 22 23 28 36 40 55 56 59 61 64 68 71 80 86 89 92 93 94 96 97 99 101 107 111 115 120 121 131 140 141 144 147 152 156 158 163 167 176 177 181 188 193 194 208 217 223 225 229 240 242 246 248 255 268 276 278 281 286 294 296 299
55
2 7 16 23 38 42 51 57 64 66 82 86 88 92 107 110 113 126 130 134 136 138 141 150 152 155 157 164 170 174 175 193 202 204 208 217 221 222 227 228 235 238 241 247 256 261 262 270 272 276 282 283 290 296 299
65
4 14 20 21 22 26 43 49 57 58 59 63 68 75 76 80 84 85 90 93 106 112 121 125 126 128 133 138 145 149 151 153 160 161 162 163 170 173 174 186 192 194 195 198 207 209 213 218 228 230 231 236 237 239 240 244 248 257 258 259 262 274 281 287 298
66
3 6 16 26 27 29 30 33 38 39 52 57 59 61 66 70 72 73 78 88 89 96 97 99 111 113 124 127 129 139 141 146 147 158 159 161 162 167 168 173 177 180 181 183 197 201 209 210 211 220 223 224 229 230 235 246 247 259 263 266 267 269 272 274 278 300
59
7 13 22 23 25 38 50 56 61 62 65 66 76 78 83 85 88 102 104 106 112 113 127 128 136 151 162 167 169 172 180 181 183 188 199 203 206 209 211 224 228 233 241 245 247 258 262 266 269 274 276 278 282 283 287 288 289 292 300
59
4 7 10 12 17 20 25 28 30 31 36 47 48 55 66 68 76 80 84 87 93 94 98 102 104 106 117 124 127 135 137 142 154 155 159 161 177 178 193 195 196 208 216 218 222 225 234 237 239 248 250 251 256 261 273 280 294 295 300
57
4 6 18 20 36 37 39 40 44 45 52 53 59 69 71 76 77 82 84 92 99 115 120 128 131 140 148 153 161 163 171 172 179 180 182 189 196 197 203 204 205 209 210 213 219 229 234 235 242 258 260 265 273 277 288 290 293
65
20 22 26 36 42 44 55 61 63 64 67 68 72 79 87 96 105 106 110 112 113 115 116 118 119 122 136 137 141 149 152 154 155 161 165 167 170 171 186 187 189 197 199 200 203 204 210 212 213 214 219 232 237 244 254 257 263 264 267 280 283 284 285 297 300
67
10 13 16 18 24 25 34 36 37 40 46 51 52 55 58 59 60 63 65 68 73 78 80 95 96 101 102 106 112 118 121 123 124 133 137 139 147 150 154 158 170 172 175 185 186 200 204 211 213 214 217 222 224 226 227 229 230 236 242 248 251 262 265 271 272 278 291
62
1 6 7 13 21 22 25 27 48 57 58 62 64 65 73 91 100 101 110 117 121 128 131 132 136 138 145 149 150 155 156 157 161 163 167 172 176 179 187 188 194 202 205 207 210 211 215 223 229 232 235 238 247 250 262 265 275 283 286 293 295 300
71
1 2 7 17 20 25 36 41 46 49 51 52 54 55 58 62 65 66 69 72 74 100 102 108 115 120 125 126 134 137 145 148 150 158 163 165 170 174 182 184 188 190 192 194 195 202 205 206 207 212 216 220 224 227 230 231 234 240 242 245 253 256 258 259 263 272 277 278 287 289 298
62
12 13 16 17 21 23 24 25 27 32 34 40 41 45 55 58 61 62 63 66 70 75 77 78 90 91 93 96 100 101 106 110 124 127 129 131 143 145 146 148 149 169 170 174 182 187 192 194 204 217 218 219 234 259 266 278 280 282 289 293 295 300
59
5 12 14 17 22 28 31 34 40 66 67 74 83 86 90 91 111 115 129 134 137 144 147 153 161 172 179 180 182 184 190 194 195 196 200 209 211 216 217 219 225 228 238 240 251 255 257 267 269 270 271 272 276 282 283 286 290 291 300
58
1 6 10 12 15 18 21 27 38 40 42 44 46 53 60 61 62 69 72 73 77 89 91 97 106 113 118 123 129 136 137 140 142 145 148 186 191 192 197 207 209 212 216 226 229 230 252 260 262 270 283 286 287 291 294 296 298 300
46
1 6 14 21 22 30 40 41 50 60 62 63 83 84 90 93 115 117 131 135 137 151 160 165 168 172 176 181 183 184 187 191 198 201 212 215 217 238 245 248 256 258 279 290 295 298
45
5 13 17 27 40 48 49 50 53 54 56 58 69 74 79 83 87 95 123 131 132 136 145 146 147 148 152 174 184 191 211 215 221 236 240 242 245 252 256 265 267 269 275 282 300
59
5 8 11 12 14 16 22 31 40 45 46 47 49 58 59 74 75 79 96 97 101 111 117 118 119 130 138 141 142 147 148 152 153 154 165 166 169 170 172 178 187 194 197 199 200 208 211 212 217 218 242 263 268 269 271 275 279 282 290
56
3 5 9 15 17 19 24 28 36 40 42 49 65 69 71 74 80 81 84 103 104 105 109 116 135 136 144 146 151 152 154 158 162 173 180 182 186 190 193 199 202 214 216 233 236 242 244 246 255 260 271 274 275 287 288 289
58
2 20 22 24 27 29 42 52 53 54 56 57 66 67 69 71 75 80 92 96 99 114 117 127 135 138 144 148 154 161 162 169 172 183 184 187 192 194 211 212 213 217 219 220 231 239 240 250 253 256 257 258 265 269 273 277 291 295
63
5 7 8 10 19 22 25 31 50 62 64 73 74 87 93 95 103 106 111 113 114 120 131 135 136 142 148 152 156 157 160 164 165 168 170 174 180 183 186 196 198 203 205 207 219 221 226 231 233 242 243 245 251 254 258 259 260 273 280 282 288 294 300
65
5 10 15 17 24 27 28 31 33 36 42 43 47 48 50 51 52 58 59 64 65 73 74 76 79 84 85 92 98 105 107 111 113 114 121 123 124 130 131 134 141 145 158 165 175 181 186 194 203 210 212 213 215 222 229 235 241 245 259 261 267 275 277 282 294
67
7 8 9 14 15 16 18 22 27 28 30 36 37 41 47 57 59 61 62 64 67 73 74 76 82 86 87 92 93 95 103 105 110 111 121 126 146 150 152 154 155 156 158 168 171 175 186 189 194 195 207 212 224 230 232 234 254 258 259 275 280 281 287 291 292 293 298
52
2 3 11 13 24 32 35 37 48 49 60 62 65 87 91 94 98 101 107 108 114 127 140 142 146 149 155 156 169 171 174 175 177 182 211 226 231 239 249 253 254 256 260 263 265 269 270 277 284 287 294 296
53
3 22 24 26 31 33 35 38 45 49 51 58 60 66 69 84 95 109 111 118 132 134 135 139 144 146 149 151 155 157 162 174 186 187 188 198 202 208 214 219 220 228 234 238 245 253 266 267 269 273 274 297 300
68
3 7 11 13 20 21 25 31 33 36 42 43 47 53 54 56 58 60 74 76 88 96 97 98 103 120 123 124 130 133 144 145 152 153 155 158 168 171 175 179 180 184 189 194 196 202 203 204 213 215 219 227 236 239 241 242 244 248 254 257 262 263 267 271 273 289 291 299
62
6 13 15 17 21 38 44 50 58 63 66 73 76 83 85 86 87 89 91 103 112 119 130 140 146 149 151 153 154 156 161 163 165 169 173 176 179 191 196 198 207 208 213 214 216 220 221 223 224 225 226 228 234 246 249 255 257 259 270 276 294 299
57
8 9 10 14 22 24 26 27 36 55 60 61 71 74 76 79 82 106 109 115 119 127 128 129 139 141 148 151 154 157 166 173 179 181 188 189 198 203 204 209 210 214 215 217 230 231 244 245 255 265 271 272 276 282 284 285 298
69
8 11 13 16 27 28 30 36 40 43 48 57 58 60 64 74 79 81 82 83 84 92 95 98 101 104 105 107 115 120 122 138 148 151 155 159 163 168 171 174 180 181 183 193 195 199 207 208 212 213 222 227 230 234 236 238 243 245 247 256 259 263 268 279 282 286 290 298 300
54
4 18 20 21 24 28 38 41 50 60 62 66 68 78 85 93 94 95 100 107 108 109 111 117 118 130 131 139 140 152 165 168 173 174 177 178 184 197 201 202 209 214 222 231 237 246 249 251 275 277 280 289 292 294
57
6 13 17 18 21 24 31 32 34 36 41 42 44 49 50 60 64 66 81 85 94 103 114 124 125 131 136 138 146 158 160 166 181 185 198 200 210 212 216 223 228 229 235 243 251 254 261 266 270 271 272 273 277 285 295 296 297
51
2 4 6 24 31 40 44 56 58 70 72 78 85 89 90 92 99 119 123 128 131 134 140 142 149 160 174 177 178 182 184 196 207 217 218 220 231 232 234 244 259 265 268 271 272 286 287 290 292 295 297
56
2 4 18 20 33 35 39 42 50 53 60 65 66 68 76 95 112 113 128 131 145 148 164 173 174 176 185 186 187 193 195 198 204 207 209 215 221 234 240 241 245 253 258 262 265 270 271 272 273 277 286 288 291 292 295 299
58
1 4 5 8 9 14 26 45 48 62 63 69 70 73 76 80 84 88 89 91 98 99 108 110 111 115 123 127 135 136 151 154 157 163 165 174 185 191 198 211 213 215 219 222 224 234 241 244 250 258 260 265 267 280 283 291 293 295
67
6 8 10 18 20 21 35 36 37 38 40 53 54 57 58 68 72 75 88 90 91 93 95 97 101 102 104 106 108 109 110 114 121 123 127 130 136 139 150 158 159 168 175 177 186 196 197 199 204 212 226 228 231 234 237 248 252 260 261 262 268 269 270 273 286 290 291
56
4 6 7 8 9 15 25 28 29 35 41 52 58 59 62 69 70 75 76 78 82 84 94 102 112 114 119 122 123 128 129 134 135 143 144 146 148 150 159 160 164 184 203 220 231 236 238 244 246 247 256 274 278 280 294 298
62
5 13 15 16 17 23 24 26 37 38 41 46 53 60 63 71 80 91 93 96 110 119 120 123 131 134 149 158 159 160 164 166 175 177 178 185 187 193 194 198 203 205 209 218 222 226 228 235 246 251 257 264 265 267 271 273 278 283 284 290 297 298
65
2 20 22 24 26 33 39 41 42 51 52 56 63 68 71 73 79 84 85 91 94 96 97 102 105 110 113 127 138 156 162 164 165 169 170 173 175 176 177 178 181 182 200 203 204 205 206 209 216 220 224 225 229 233 240 241 247 254 262 270 272 273 281 284 294
67
1 7 8 14 15 20 28 30 32 33 36 46 54 57 61 63 68 74 77 82 83 86 95 96 98 100 103 105 111 116 119 128 134 138 139 148 149 151 155 157 179 181 182 186 187 192 195 198 199 202 205 209 216 238 241 243 245 246 253 255 256 260 261 267 277 278 284
62
3 9 13 19 28 30 31 41 43 46 50 57 61 66 72 79 83 92 93 96 102 108 110 115 121 123 128 131 133 140 141 143 153 157 158 160 163 184 185 187 197 199 200 201 205 209 211 216 217 218 228 231 243 260 261 267 279 283 287 290 293 297
54
2 5 6 17 35 42 45 52 55 60 70 71 74 77 79 81 82 89 92 96 98 102 105 106 111 119 130 131 132 139 144 150 153 162 163 190 199 205 211 214 218 239 241 242 243 245 248 250 258 260 268 273 295 297
46
1 4 13 18 28 53 55 61 62 73 74 75 77 80 82 103 107 109 111 112 139 142 149 150 157 176 179 185 186 188 196 201 203 214 221 235 236 237 240 243 247 249 264 271 272 276
69
5 9 13 15 27 31 33 36 45 49 51 54 58 60 61 62 63 65 69 75 76 81 91 93 94 98 103 104 112 117 119 134 140 149 152 160 161 166 167 172 181 185 187 188 190 192 195 200 204 215 223 227 228 233 237 238 240 247 261 262 263 266 276 283 289 292 293 294 297
57
14 15 20 24 31 36 37 46 48 49 50 51 54 56 57 69 71 72 74 75 77 78 86 87 93 100 112 116 127 130 143 146 153 158 160 164 170 171 176 177 192 196 202 207 210 234 236 249 251 255 262 268 269 276 277 288 292
60
12 13 21 28 31 35 37 46 51 55 58 64 72 75 80 88 104 116 120 124 125 129 131 132 141 142 151 152 153 154 157 162 169 170 171 172 175 177 179 182 185 187 202 205 219 226 227 228 230 240 242 245 246 254 261 265 271 292 294 298
62
7 8 18 19 24 30 33 37 40 50 52 53 55 60 63 75 80 85 89 91 92 95 96 101 105 107 109 110 124 125 137 140 141 143 145 147 155 160 164 167 174 180 183 189 190 200 204 227 228 229 239 240 242 250 257 259 262 270 274 285 290 294
51
4 5 9 10 12 13 28 30 42 51 52 63 69 70 76 84 89 90 92 93 97 98 102 120 123 153 154 156 158 160 166 178 180 182 196 197 204 214 227 235 242 243 262 263 266 271 274 277 286 290 300
54
1 5 9 10 12 15 28 31 40 45 46 47 48 71 86 92 96 97 105 107 124 127 131 136 142 146 150 156 160 166 179 181 186 187 189 192 196 198 201 203 206 216 219 237 244 247 257 263 281 284 286 288 289 300
56
7 14 21 26 28 31 32 44 46 51 56 57 61 63 64 74 82 90 98 105 109 132 133 137 147 150 154 168 170 180 192 198 203 207 210 213 216 217 225 227 231 234 241 243 244 256 259 261 262 264 272 277 279 280 282 296
63
1 7 9 10 12 20 22 27 32 37 63 66 67 84 88 93 94 101 107 109 110 113 129 132 137 141 144 152 156 161 162 165 166 167 168 176 180 184 186 196 199 201 203 206 210 219 220 221 222 228 231 232 258 268 273 280 284 291 292 294 296 297 298
58
7 14 24 37 39 45 46 61 66 77 79 85 86 90 99 102 106 108 112 129 133 135 139 141 152 154 157 164 167 171 176 177 186 192 196 199 203 204 209 211 213 214 216 218 220 224 229 235 248 250 259 262 264 265 274 275 280 294
66
1 2 3 5 7 14 26 34 36 37 42 50 51 52 56 60 62 75 80 86 92 94 96 97 101 128 137 146 153 160 164 168 174 175 177 181 183 191 197 198 199 200 207 215 217 218 223 230 242 250 253 257 259 261 266 273 279 282 285 292 293 294 295 296 297 300
63
11 21 23 24 27 33 47 48 51 52 55 56 68 69 71 91 92 95 102 112 114 117 121 123 130 136 138 143 149 151 155 157 158 162 164 167 176 181 185 189 193 198 208 217 218 219 229 230 232 233 235 237 245 252 258 268 271 284 286 289 293 297 300
58
6 9 14 17 26 32 37 38 40 43 46 51 52 55 58 65 69 78 82 84 85 96 107 129 130 135 137 141 142 146 154 155 171 185 206 208 210 219 220 226 234 239 243 246 251 253 256 258 264 266 268 269 274 281 287 288 291 294
63
2 6 8 10 11 12 13 19 21 42 43 49 52 53 56 61 66 79 84 86 87 88 90 94 96 99 102 112 123 133 139 140 149 158 160 162 172 173 178 179 187 196 204 205 206 217 218 223 236 237 249 253 255 256 265 268 270 271 272 281 290 292 300
63
2 10 12 16 22 24 27 29 36 46 56 58 61 64 69 70 73 75 77 79 80 85 102 105 109 110 113 116 142 156 164 165 172 173 174 176 189 195 197 202 204 207 208 210 218 219 227 232 236 237 243 244 245 247 248 252 255 260 280 287 293 295 300
59
1 2 6 18 20 23 26 28 31 52 55 56 57 77 87 88 89 96 104 105 108 111 124 125 134 139 145 146 157 162 167 170 172 177 178 180 186 191 192 196 197 199 202 210 214 215 226 232 237 244 249 251 258 259 263 267 268 290 294
52
7 11 16 23 40 44 48 54 57 59 61 75 92 97 105 107 108 118 124 126 139 146 161 164 166 168 169 174 182 188 203 204 209 224 225 226 228 232 234 239 242 243 244 259 260 271 274 278 281 289 294 296
55
7 9 11 13 14 22 26 33 41 46 48 49 51 56 68 71 82 85 91 93 94 103 114 121 130 132 138 139 143 147 149 161 166 173 182 188 194 195 196 201 221 227 231 234 236 242 244 249 279 283 285 286 290 292 294
48
14 21 36 40 46 49 60 71 74 84 86 89 91 92 101 106 125 141 142 148 150 152 153 159 165 168 173 177 184 185 187 190 197 202 206 212 213 214 219 223 234 238 246 247 251 254 283 287
67
4 9 16 20 21 24 27 38 40 41 43 48 49 50 71 75 76 78 80 92 93 95 98 104 108 109 115 120 124 126 128 131 134 137 138 143 149 152 153 159 187 188 190 191 195 196 202 214 222 228 230 231 232 233 235 239 248 251 253 255 258 264 275 283 287 296 299
69
1 4 14 20 21 25 27 28 29 34 38 44 53 56 59 63 72 77 83 84 87 90 98 103 109 111 112 114 116 118 122 130 133 143 145 155 160 163 179 186 202 203 205 210 215 218 225 230 232 233 239 241 245 246 251 260 266 267 271 274 277 280 281 283 286 290 291 293 298
63
6 11 13 15 16 18 29 30 31 32 42 44 57 70 72 79 83 100 102 104 107 109 110 118 131 133 135 145 148 151 153 155 157 160 179 180 183 186 192 197 199 210 217 219 225 232 238 248 249 254 264 266 268 274 279 280 282 289 290 292 296 297 299
69
10 13 19 30 35 37 40 46 48 55 56 60 62 63 67 69 76 77 87 90 98 100 103 108 114 116 118 120 123 125 133 134 136 142 148 151 154 155 156 160 185 189 190 195 198 200 202 204 205 218 221 223 227 234 238 239 241 242 244 254 257 259 262 273 286 288 289 296 300
61
1 3 6 7 8 13 19 26 35 38 41 43 47 49 51 52 54 55 57 65 113 123 124 127 130 135 140 145 149 153 155 156 157 162 163 167 169 171 182 184 191 198 200 201 208 212 217 219 224 228 229 233 234 239 243 245 270 276 279 291 299
60
7 8 22 24 28 33 39 40 42 43 45 49 51 55 59 71 74 75 76 77 79 81 97 104 111 117 120 121 122 137 139 148 157 162 163 167 170 172 184 186 190 195 200 204 208 211 223 227 229 237 250 251 257 260 270 282 286 290 294 295
64
2 6 9 16 33 36 37 38 58 60 61 65 68 74 76 80 82 91 95 103 104 105 113 114 116 122 124 126 130 131 132 136 145 146 152 162 166 172 175 177 186 187 204 210 213 216 217 222 228 232 235 236 242 245 262 267 274 278 279 283 284 291 298 299
60
2 3 4 10 18 19 22 25 26 41 51 62 63 70 71 77 80 81 88 97 102 106 107 109 112 116 118 124 139 149 155 157 165 168 173 174 179 180 184 188 198 201 204 205 206 208 212 224 225 232 237 242 243 245 248 250 259 268 270 281
50
2 3 12 19 20 29 30 33 36 46 53 55 57 61 72 80 84 85 91 92 95 98 99 101 105 109 121 129 130 136 150 155 158 166 172 183 187 189 191 193 197 226 233 235 253 263 264 271 288 296
62
6 10 14 15 18 21 27 43 45 51 67 69 78 89 93 108 113 115 117 124 127 129 132 136 140 142 167 169 172 173 175 180 186 187 190 191 200 207 213 216 221 223 228 229 230 234 237 239 240 243 253 256 257 258 260 263 267 268 275 285 297 298
61
3 5 6 7 19 27 30 34 37 45 46 49 50 60 62 69 85 96 97 107 110 112 115 117 121 124 127 142 145 153 158 166 176 181 192 202 205 220 235 239 242 243 244 253 254 255 256 257 259 264 266 271 285 286 287 288 292 293 295 299 300
51
6 14 21 22 23 26 31 42 60 61 71 86 87 91 97 102 105 110 124 138 139 140 143 147 151 161 168 170 171 174 185 201 208 215 216 217 226 232 240 251 256 258 260 264 273 276 284 287 289 299 300
55
6 11 12 14 15 19 24 48 51 52 55 56 59 64 79 80 83 87 94 106 112 118 134 135 140 146 153 156 166 171 176 185 190 198 199 205 207 216 217 220 221 226 233 234 237 243 250 254 258 268 274 275 276 283 286
56
3 25 50 60 67 72 77 79 81 84 85 86 92 94 95 97 100 114 122 126 128 132 137 142 153 173 178 192 193 200 203 204 212 215 216 222 223 229 231 233 237 238 240 248 253 257 263 265 268 270 273 274 281 282 293 294
66
2 7 9 10 20 23 26 28 32 43 46 56 57 64 65 73 74 77 86 88 92 103 106 111 113 115 123 126 127 132 138 139 145 150 159 165 168 169 173 175 177 182 184 185 199 203 205 206 214 215 219 224 225 229 233 234 238 239 243 258 268 270 278 281 284 285
62
4 5 9 10 20 21 22 28 30 32 34 42 50 55 65 70 71 79 80 82 84 94 103 108 115 123 136 141 145 149 161 167 170 175 179 186 193 195 203 204 207 221 225 229 235 242 244 245 247 251 257 262 264 265 267 272 273 282 285 286 287 300
67
1 5 6 9 17 35 36 38 43 46 48 58 59 60 61 66 68 69 73 74 76 81 86 87 90 92 94 95 99 106 108 113 140 157 158 166 168 170 174 178 186 192 193 195 199 200 202 214 219 220 222 224 225 231 232 240 245 253 261 264 267 275 281 284 290 297 299
52
2 11 15 20 26 27 34 51 57 63 66 72 77 84 85 90 101 113 115 125 126 134 145 147 148 162 163 169 172 183 187 195 206 213 229 249 250 251 255 256 257 259 260 261 271 276 279 284 287 289 298 300
59
7 13 14 17 18 19 22 28 30 35 50 51 52 56 65 72 82 89 94 101 112 115 122 126 127 131 137 139 142 150 155 157 159 164 166 172 179 186 188 189 193 202 203 207 208 214 224 228 230 239 242 246 247 252 255 260 267 278 300
72
1 5 8 10 16 19 26 32 33 37 40 41 50 51 53 56 61 68 75 78 92 93 110 115 123 124 125 127 129 135 146 147 148 153 156 157 165 173 175 185 189 190 193 199 201 202 203 207 211 212 218 222 229 231 235 241 242 243 246 253 261 263 264 265 274 279 284 290 291 294 297 298
74
1 4 8 12 14 16 20 22 25 34 35 38 40 41 43 44 45 54 62 67 75 83 93 106 109 110 117 124 126 127 133 142 144 146 148 149 155 156 157 161 162 164 169 183 193 194 196 199 205 216 218 222 226 228 232 248 249 253 255 257 261 262 263 264 269 276 282 285 288 289 290 292 296 300
55
9 13 16 19 20 23 33 37 38 39 42 46 48 60 61 63 71 75 78 81 83 108 110 115 117 122 128 132 144 145 159 161 166 171 176 205 208 212 223 226 228 234 237 238 246 248 257 261 270 272 282 286 290 296 297
62
2 3 8 11 12 15 17 20 21 27 32 34 42 47 53 62 65 67 70 79 86 99 114 128 140 141 151 163 166 167 168 171 175 178 179 180 188 199 207 212 220 221 223 230 234 236 252 255 259 261 263 264 270 274 277 278 281 287 290 296 297 300
59
4 11 15 19 21 26 30 40 45 46 54 67 74 82 90 95 105 112 114 121 126 127 132 133 134 136 138 141 145 150 151 158 160 162 163 166 169 177 187 196 199 204 206 210 215 217 218 228 232 239 250 251 252 257 270 278 287 289 293
61
15 17 23 25 29 32 33 35 48 52 53 54 59 62 68 81 90 91 95 97 107 109 114 119 126 128 132 133 134 136 140 156 165 177 180 182 185 186 191 192 201 203 220 223 231 235 240 243 246 247 253 257 266 268 270 271 272 274 281 289 293
62
7 11 12 21 22 26 31 35 36 38 41 42 55 62 66 70 83 91 92 93 106 110 112 116 121 128 129 130 131 142 143 154 155 158 168 175 178 185 187 196 208 209 210 212 213 227 229 234 235 238 239 243 246 248 259 260 262 263 267 274 278 279
52
2 4 8 22 37 43 48 51 54 56 58 60 61 68 72 83 88 96 102 106 107 110 114 119 121 124 133 139 149 161 172 184 185 188 191 198 201 215 222 234 237 250 251 266 267 280 283 284 291 292 294 298
51
2 4 16 22 38 40 44 46 48 55 56 73 75 79 91 95 101 103 110 139 140 156 158 165 169 170 176 177 180 188 191 192 195 201 209 218 220 231 232 234 243 245 246 249 253 257 280 282 287 298 300
54
7 9 12 13 29 30 45 51 53 55 56 58 65 78 83 86 88 91 93 96 116 118 123 124 129 130 141 143 148 149 151 153 166 181 194 209 214 216 218 219 231 233 234 240 250 256 258 270 273 280 282 285 287 291
56
14 17 27 31 32 33 40 45 47 58 61 62 68 69 71 74 76 77 79 83 88 90 92 101 107 114 116 130 132 137 144 147 162 168 174 185 187 195 204 215 238 240 241 242 245 247 248 251 256 259 270 274 278 280 282 291
61
1 6 19 26 29 34 44 47 58 62 71 74 81 82 88 89 98 101 118 122 132 142 149 150 152 154 156 157 159 162 164 165 177 179 184 197 203 207 212 214 220 221 222 224 227 230 232 233 241 242 243 255 263 268 277 280 281 283 285 287 292
61
2 3 5 6 11 13 17 19 22 24 30 34 49 59 63 75 89 96 98 106 108 111 120 123 124 125 127 129 130 142 153 156 161 162 167 169 178 186 190 201 207 208 221 222 226 227 236 237 238 243 247 251 254 260 266 267 271 280 286 287 291
