100 200
1.0 1.0 1.0 1.0 1.0 1.0 1.0 1.0 1.0 1.0 1.0 1.0 1.0 1.0 1.0 1.0 1.0 1.0 1.0 1.0 1.0 1.0 1.0 1.0 1.0 1.0 1.0 1.0 1.0 1.0 1.0 1.0 1.0 1.0 1.0 1.0 1.0 1.0 1.0 1.0 1.0 1.0 1.0 1.0 1.0 1.0 1.0 1.0 1.0 1.0 1.0 1.0 1.0 1.0 1.0 1.0 1.0 1.0 1.0 1.0 1.0 1.0 1.0 1.0 1.0 1.0 1.0 1.0 1.0 1.0 1.0 1.0 1.0 1.0 1.0 1.0 1.0 1.0 1.0 1.0 1.0 1.0 1.0 1.0 1.0 1.0 1.0 1.0 1.0 1.0 1.0 1.0 1.0 1.0 1.0 1.0 1.0 1.0 1.0 1.0 1.0 1.0 1.0 1.0 1.0 1.0 1.0 1.0 1.0 1.0 1.0 1.0 1.0 1.0 1.0 1.0 1.0 1.0 1.0 1.0 1.0 1.0 1.0 1.0 1.0 1.0 1.0 1.0 1.0 1.0 1.0 1.0 1.0 1.0 1.0 1.0 1.0 1.0 1.0 1.0 1.0 1.0 1.0 1.0 1.0 1.0 1.0 1.0 1.0 1.0 1.0 1.0 1.0 1.0 1.0 1.0 1.0 1.0 1.0 1.0 1.0 1.0 1.0 1.0 1.0 1.0 1.0 1.0 1.0 1.0 1.0 1.0 1.0 1.0 1.0 1.0 1.0 1.0 1.0 1.0 1.0 1.0 1.0 1.0 1.0 1.0 1.0 1.0 1.0 1.0 1.0 1.0 1.0 1.0 1.0 1.0 1.0 1.0 1.0 1.0
36
7 9 11 13 20 26 38 39 43 44 50 54 56 62 65 68 69 84 87 88 101 105 107 125 133 142 153 155 159 161 165 170 188 191 192 198
45
12 16 18 20 30 36 39 40 43 47 55 56 57 68 69 71 72 75 76 77 87 89 92 99 102 105 106 111 112 115 117 121 123 140 142 149 151 155 156 160 172 174 181 196 200
49
2 7 14 16 19 22 41 43 51 54 56 58 59 60 61 64 65 66 68 71 85 92 93 94 95 101 102 111 114 117 125 129 132 133 134 136 139 142 144 145 149 155 164 173 176 181 183 188 191
47
1 8 10 11 12 16 17 18 25 28 31 34 43 65 66 79 81 86 87 102 104 108 111 112 120 123 126 130 131 132 136 144 145 147 148 158 159 162 166 172 173 182 183 185 186 196 197
40
4 5 8 11 14 15 17 18 32 37 39 43 51 60 65 67 68 72 78 85 87 92 96 101 113 125 129 133 136 139 140 141 144 147 161 165 169 181 183 198
41
3 7 8 9 12 13 18 19 20 25 28 35 40 67 70 81 82 87 91 97 98 99 110 111 113 119 123 127 141 142 146 148 150 152 153 154 158 167 168 172 177
40
2 5 6 8 11 15 23 26 30 35 36 37 38 40 49 54 55 56 66 71 76 83 88 96 98 101 107 126 127 130 141 143 152 153 154 166 168 173 183 189
42
5 7 11 12 14 22 34 36 37 41 59 64 65 68 71 80 87 94 107 116 125 131 138 139 143 148 151 153 157 158 160 162 166 169 175 177 178 185 189 193 194 198
45
2 5 7 10 12 16 21 25 37 44 45 58 69 71 84 89 94 95 97 111 118 119 121 123 125 128 129 130 131 134 136 137 147 148 152 160 172 174 177 180 181 182 184 192 194
34
2 7 8 13 16 19 26 34 37 45 52 59 62 63 73 78 80 87 97 105 106 107 110 114 123 136 137 143 153 156 166 178 188 193
40
1 2 4 7 8 26 40 43 44 45 47 61 62 64 77 79 80 82 83 88 92 93 103 116 117 120 124 131 146 149 152 155 157 163 167 172 174 180 185 200
39
13 17 19 28 31 32 35 38 40 42 44 47 57 58 64 78 79 83 85 86 88 93 95 96 107 116 128 139 140 143 150 154 163 167 175 182 187 192 193
45
2 12 17 18 22 25 27 30 31 32 35 42 46 48 58 71 80 97 102 105 112 115 117 119 122 133 134 137 138 140 142 145 160 173 182 183 184 185 186 187 190 193 195 197 199
41
1 4 5 6 8 10 12 15 17 18 24 32 35 41 51 56 61 65 69 73 77 79 85 88 90 92 109 119 126 130 131 145 166 170 171 172 175 177 179 185 198
44
1 6 20 23 26 28 31 40 41 42 47 56 60 62 64 77 79 84 88 89 96 105 109 110 111 112 113 117 133 135 138 140 141 150 153 166 168 169 171 180 183 185 186 195
39
5 8 9 13 17 20 28 33 36 37 43 48 56 57 58 64 76 79 83 91 102 106 107 108 114 120 122 123 126 149 164 167 169 173 182 189 193 195 198
48
11 15 16 32 34 37 41 46 52 53 56 57 60 63 66 71 75 76 77 91 92 94 99 100 104 105 106 107 108 110 119 125 127 132 133 138 142 143 146 155 157 160 162 166 177 188 190 194
40
8 10 11 14 24 28 31 38 45 47 48 51 52 59 62 72 77 78 86 90 95 97 98 104 124 142 156 157 158 159 165 168 175 178 182 184 189 191 196 199
35
4 9 10 11 12 15 17 28 31 34 36 39 43 46 52 56 62 73 84 89 102 129 137 138 141 148 154 160 162 163 164 167 168 173 194
25
5 10 13 20 25 32 33 36 41 44 63 83 90 92 100 102 127 131 138 151 152 168 170 179 191
38
16 18 19 24 42 44 45 56 58 84 85 90 92 94 99 101 107 108 111 114 119 121 126 129 131 135 136 142 145 152 156 166 169 171 180 195 197 199
43
2 5 34 35 39 46 48 54 57 64 71 75 79 80 82 84 88 92 95 96 99 103 104 105 107 110 121 126 128 132 141 145 150 151 154 158 163 175 179 181 185 188 199
39
3 7 41 46 65 70 71 75 81 88 89 94 96 97 99 101 104 114 118 121 122 131 133 136 141 143 150 154 155 156 160 161 163 164 184 187 192 193 195
33
7 11 16 20 23 28 31 39 47 52 56 74 102 110 117 120 121 124 128 132 142 143 150 151 153 154 156 159 165 167 186 189 192
36
3 9 16 17 30 33 35 43 44 52 56 58 61 78 82 87 90 93 100 110 118 123 131 133 136 142 152 155 159 164 174 175 179 183 189 196
47
2 4 8 15 25 28 29 44 49 51 54 55 57 59 60 63 65 66 70 71 72 74 82 85 90 92 93 99 101 105 106 114 116 122 126 138 144 156 158 163 166 171 179 192 194 195 198
44
6 11 15 19 21 22 25 26 30 39 44 47 52 54 62 70 74 77 78 79 81 82 95 96 100 102 103 105 118 123 129 143 156 160 164 165 166 167 172 173 179 183 188 196
43
1 2 6 18 19 21 24 26 39 40 43 44 45 52 53 55 64 66 72 75 76 79 85 91 96 109 112 118 122 138 139 140 145 146 147 148 149 161 167 187 190 191 198
43
2 8 10 14 26 32 33 43 44 46 52 64 65 72 73 85 90 100 107 108 109 111 120 125 133 134 138 141 147 148 150 158 159 164 165 166 175 180 183 184 187 193 199
52
1 2 4 7 12 15 18 25 26 36 37 38 39 41 46 48 58 64 69 74 78 80 90 95 97 101 104 106 107 108 110 115 124 129 130 134 138 139 145 148 152 153 157 159 161 176 180 182 187 192 196 197
48
10 11 16 19 23 32 34 35 39 45 49 54 64 71 72 74 76 83 86 87 95 97 98 99 100 101 105 115 126 129 132 133 137 141 142 147 149 151 154 158 167 176 180 183 188 192 195 196
38
2 4 9 15 17 23 26 33 34 46 64 65 67 69 79 82 83 88 94 105 110 111 122 123 130 135 142 149 151 152 158 159 169 172 176 181 189 193
43
3 6 7 15 24 32 37 38 43 45 50 58 64 68 73 87 89 92 98 99 101 102 104 108 109 111 118 125 126 127 128 130 141 156 158 161 162 174 175 180 181 185 199
39
2 5 7 11 14 19 26 27 34 36 41 48 56 57 59 63 68 70 71 73 75 79 85 94 99 102 109 117 119 120 124 125 129 130 131 152 157 187 188
38
5 8 14 18 21 26 28 40 55 57 58 61 65 66 68 79 82 90 93 103 104 108 109 114 124 127 133 135 138 139 150 156 163 174 179 185 188 198
33
9 11 17 22 29 35 50 51 54 55 60 67 70 73 74 78 80 82 101 118 120 123 129 138 160 164 167 171 175 189 192 198 199
39
1 8 13 16 18 19 20 22 28 45 46 50 55 56 58 60 63 67 69 81 89 90 94 95 97 101 109 116 123 134 138 139 148 149 163 176 182 184 187
34
7 11 22 28 29 42 47 51 62 70 74 80 81 82 88 94 98 100 101 103 109 130 133 134 137 140 147 150 163 166 177 182 185 197
40
1 15 17 39 50 52 53 66 69 72 79 90 101 105 107 108 109 117 119 123 125 130 139 150 152 154 156 160 164 170 172 173 174 177 178 180 186 191 194 196
46
4 8 9 12 15 19 25 31 33 38 41 48 51 56 57 65 71 72 75 80 83 99 102 106 116 120 121 123 125 140 142 150 156 159 168 172 179 181 185 186 188 191 192 195 197 199
31
3 4 7 9 12 30 33 34 42 47 62 69 74 77 96 97 100 101 102 104 121 136 137 142 145 149 161 172 177 182 193
55
1 3 5 6 8 10 19 22 32 34 38 45 46 47 67 68 69 73 78 79 80 85 89 90 91 96 105 114 125 127 129 130 131 138 141 144 148 152 153 157 158 160 162 163 166 168 173 175 178 182 183 187 188 191 194
38
5 7 9 10 12 15 17 25 27 29 42 45 50 54 60 61 62 66 76 81 83 88 116 122 148 151 154 155 156 160 161 162 163 179 183 190 192 200
36
2 10 11 12 17 22 25 27 28 29 31 32 39 52 62 76 78 83 84 89 93 98 99 101 107 130 142 144 147 154 163 169 172 187 188 192
40
4 11 12 16 19 21 27 35 38 44 47 48 53 60 67 69 87 91 92 96 104 112 124 128 130 135 140 146 151 153 161 171 173 174 180 181 190 195 199 200
51
3 6 9 16 23 24 27 32 33 38 40 42 52 55 61 62 65 70 74 85 96 97 100 105 113 122 123 127 128 135 137 139 143 144 148 151 153 160 162 164 166 167 171 172 173 178 186 192 198 199 200
36
2 6 9 12 16 21 22 37 40 49 50 74 90 95 97 99 102 111 112 122 127 131 134 136 144 147 152 155 158 163 165 181 186 187 191 193
45
2 9 10 11 20 21 22 27 29 34 38 42 48 50 53 57 59 61 67 68 73 87 89 90 91 95 105 109 116 133 141 142 145 147 150 157 162 166 167 171 185 190 193 195 196
41
1 7 9 11 12 22 33 37 38 40 43 55 63 74 77 80 85 87 88 91 93 94 98 99 100 102 105 109 110 112 125 129 131 140 142 144 166 169 181 184 199
31
2 13 22 34 37 40 46 58 69 80 82 100 108 111 112 118 122 124 128 138 141 151 163 164 166 173 176 180 182 191 194
36
2 3 5 7 14 17 30 31 34 44 54 56 59 60 75 78 93 95 102 103 105 121 129 133 135 138 153 154 161 163 164 180 183 188 190 200
49
3 7 8 11 12 21 30 34 38 40 42 45 54 73 85 86 87 98 99 105 108 122 124 125 126 132 134 135 136 144 147 148 150 153 157 158 159 165 170 171 174 180 184 185 187 191 192 194 195
37
1 11 33 36 45 53 54 57 59 60 61 74 79 81 82 85 90 95 103 113 114 120 130 136 138 149 160 162 163 166 170 176 178 181 183 187 196
41
7 8 16 30 34 35 40 43 47 50 55 56 60 69 80 87 88 92 95 99 100 104 108 114 119 120 125 134 138 141 148 149 151 168 169 170 171 178 180 191 198
36
17 19 32 40 41 47 50 53 57 64 72 74 81 91 94 95 98 99 108 111 113 134 139 143 151 152 156 157 159 171 178 181 187 189 190 199
36
3 6 11 14 16 23 25 35 41 43 60 62 64 73 79 84 88 89 92 96 99 100 107 118 121 134 144 154 165 172 175 179 181 187 195 200
40
3 8 10 16 19 21 25 26 36 39 40 45 52 54 59 69 88 94 96 97 98 99 104 125 126 137 140 142 144 151 152 158 161 164 167 175 180 183 184 197
43
1 5 6 9 12 14 24 35 44 46 52 60 64 67 68 69 76 86 98 99 100 101 118 123 127 129 131 145 146 156 157 159 162 163 169 174 175 177 181 182 186 195 198
33
3 6 11 12 25 27 28 32 37 39 46 48 57 60 66 71 74 81 89 96 98 113 118 124 139 146 147 150 152 171 172 176 177
46
2 8 9 11 19 22 23 24 25 26 31 37 41 43 60 65 68 70 91 97 98 111 117 118 119 120 123 129 139 140 141 144 146 149 151 155 160 162 163 168 183 184 192 193 197 198
45
7 10 14 15 17 18 21 25 30 38 56 65 66 71 73 81 85 86 90 91 93 101 105 110 112 115 116 121 124 127 136 137 140 148 149 152 153 158 166 167 171 175 182 189 200
36
5 10 12 13 16 17 34 42 44 45 53 58 66 69 74 83 88 89 91 92 100 104 109 117 132 138 145 154 163 167 180 181 187 189 195 196
33
8 19 23 24 59 62 66 67 70 75 80 84 87 100 109 113 114 119 121 126 137 151 153 155 157 162 163 165 174 178 183 184 185
31
13 16 38 43 53 57 68 69 71 75 80 82 92 98 104 109 116 119 120 126 129 132 159 163 166 170 172 183 187 188 189
44
8 9 10 11 12 15 21 22 26 27 39 47 52 54 56 73 74 77 79 84 86 94 97 112 121 127 135 137 149 151 153 155 163 165 169 170 175 180 184 186 189 190 193 194
52
1 3 7 9 11 12 14 19 24 27 34 41 50 59 61 65 68 76 77 78 80 85 87 88 93 99 101 103 120 123 126 131 133 134 135 139 146 148 152 155 166 169 171 175 177 184 186 190 192 193 195 198
48
2 5 11 12 20 21 35 37 62 64 65 67 68 71 73 76 79 87 93 95 98 103 106 113 114 115 123 128 130 131 134 141 148 149 152 158 159 164 165 166 169 173 175 177 182 187 193 200
41
1 5 10 14 16 23 37 38 46 58 69 76 87 89 98 101 106 107 108 113 114 120 121 138 143 146 149 152 155 161 164 166 168 169 176 178 185 187 195 197 200
31
2 3 8 10 17 26 32 35 38 47 53 57 66 72 77 90 94 98 100 103 128 132 137 138 139 158 162 179 186 195 199
35
3 6 15 41 61 75 80 81 84 87 94 108 113 114 116 119 120 121 124 127 128 129 131 141 147 152 157 164 168 169 175 178 187 194 200
43
2 4 5 19 24 26 35 46 48 58 62 68 69 73 77 80 81 82 96 98 102 103 110 116 118 121 133 137 143 149 152 153 154 156 162 174 178 180 181 184 185 192 193
40
5 14 18 20 26 28 32 37 39 40 44 48 54 67 77 84 93 98 99 106 107 108 109 110 112 123 126 142 143 145 155 158 162 163 168 170 171 178 185 195
42
2 7 9 14 16 19 21 23 25 28 33 34 42 46 55 65 66 78 81 83 90 94 96 99 105 106 110 122 133 150 151 153 160 161 163 164 170 172 173 184 188 197
38
3 7 12 18 24 35 36 41 45 46 49 54 57 66 70 72 74 77 80 81 82 92 96 97 116 121 123 131 134 135 138 150 164 170 173 184 185 190
43
1 3 4 7 9 10 16 17 18 22 33 38 39 44 45 52 64 67 73 79 82 83 86 88 92 96 100 101 124 126 132 135 137 140 157 160 163 167 174 182 187 194 198
42
5 10 12 13 15 19 24 31 33 36 38 41 42 46 50 53 69 70 73 91 93 99 100 108 117 120 124 126 131 137 145 149 150 155 164 168 170 178 182 193 198 200
48
2 11 25 29 34 38 39 43 44 46 54 58 59 60 62 63 65 69 73 76 85 86 88 98 103 104 105 112 113 116 122 128 130 132 133 146 148 149 152 159 160 161 162 163 166 167 183 187
38
1 10 16 28 31 41 43 51 53 57 68 70 71 73 76 77 79 84 88 109 112 113 120 130 139 146 148 155 157 158 160 163 169 174 183 185 187 190
42
3 6 7 14 18 21 24 33 35 44 45 51 54 56 64 76 78 81 82 97 102 107 114 115 134 135 142 143 145 150 151 153 160 164 169 173 174 176 177 179 197 200
39
3 17 19 29 38 45 50 51 56 61 63 64 66 68 79 81 83 96 98 108 115 117 121 128 134 146 151 153 156 157 164 168 173 177 183 190 194 195 198
35
4 11 12 20 29 41 44 58 64 70 76 83 96 101 106 109 112 115 121 122 125 127 132 133 135 136 139 142 167 185 188 196 197 198 199
33
1 9 15 17 24 32 35 45 47 49 67 71 73 86 99 105 113 114 125 135 136 140 143 144 149 150 157 172 177 178 179 184 188
36
4 15 18 23 26 30 31 44 51 52 64 65 69 73 76 81 83 92 94 106 109 117 121 137 149 150 156 159 168 171 177 179 186 191 197 199
33
3 6 10 13 14 16 26 31 32 41 45 66 82 84 88 99 102 106 112 131 136 140 143 145 151 153 154 158 165 166 188 197 200
39
4 24 27 29 31 39 40 43 55 61 65 79 84 86 91 97 108 112 115 116 120 129 132 136 140 142 143 146 150 165 170 174 180 188 189 192 194 197 199
40
16 18 19 22 25 36 46 54 67 68 69 71 76 77 90 95 97 100 102 104 110 111 117 118 122 134 135 140 144 154 157 160 165 166 182 185 189 192 194 197
48
2 10 11 12 13 17 26 38 45 50 51 52 55 60 65 66 71 75 79 83 88 89 93 105 106 107 109 121 129 134 140 148 151 152 156 157 159 165 170 176 177 179 181 184 191 196 197 200
42
8 10 21 22 23 36 48 50 54 56 60 63 65 80 81 84 86 91 95 100 101 102 104 105 110 112 131 132 135 143 146 147 154 162 163 174 175 176 177 193 195 199
41
6 13 19 26 27 34 37 44 61 73 78 80 82 85 88 90 92 95 97 102 106 107 109 119 121 129 138 140 144 150 153 154 158 164 165 169 174 175 177 187 193
54
1 2 4 8 13 20 24 28 29 32 34 41 55 60 63 64 66 68 69 71 79 80 81 83 89 93 102 103 114 119 124 126 128 136 137 138 142 144 147 149 150 151 153 156 164 165 182 184 185 188 189 196 197 198
29
2 4 6 10 14 15 20 23 25 43 47 57 62 65 66 70 71 76 86 91 93 97 108 125 134 138 151 169 180
41
6 14 22 24 29 34 35 60 68 73 74 80 83 84 93 94 98 104 105 107 112 119 121 130 136 145 148 152 156 157 161 163 171 173 178 179 182 183 190 196 197
45
5 8 13 17 21 29 36 39 43 44 48 49 57 58 59 60 63 65 68 69 81 83 90 91 96 103 107 115 130 131 135 137 141 145 150 155 161 171 175 180 183 190 192 193 197
43
2 8 10 16 22 27 32 38 39 55 58 63 90 95 97 98 103 104 106 114 116 122 123 126 129 134 136 140 141 145 149 152 160 164 167 169 173 175 176 177 184 185 195
35
2 3 8 10 11 14 16 27 28 38 42 51 57 60 62 64 66 70 80 117 118 128 129 142 145 151 153 154 160 166 168 176 180 187 193
45
6 14 17 19 20 27 32 36 39 51 61 63 65 69 75 77 83 85 86 95 96 105 111 114 116 117 127 129 137 138 143 148 149 151 163 164 168 175 181 183 185 188 189 193 196
38
1 4 18 19 37 38 43 50 51 52 64 76 78 79 81 88 95 97 98 107 116 118 121 129 134 139 143 146 153 155 162 163 168 170 172 178 182 195
41
1 3 6 11 17 19 27 28 35 54 56 57 58 60 62 65 67 70 77 87 89 91 92 94 98 105 107 108 109 123 124 128 129 144 145 146 148 162 184 194 196
43
11 14 18 22 27 29 37 46 48 50 55 59 60 69 75 76 77 83 86 91 93 96 116 117 125 127 128 130 131 133 140 143 147 153 155 167 171 173 180 182 188 192 193
37
1 2 5 7 9 11 12 19 32 37 39 51 52 55 59 63 75 80 86 88 90 92 101 102 103 110 112 113 120 122 128 139 147 160 168 172 180
