50 100
1.0 1.0 1.0 1.0 1.0 1.0 1.0 1.0 1.0 1.0 1.0 1.0 1.0 1.0 1.0 1.0 1.0 1.0 1.0 1.0 1.0 1.0 1.0 1.0 1.0 1.0 1.0 1.0 1.0 1.0 1.0 1.0 1.0 1.0 1.0 1.0 1.0 1.0 1.0 1.0 1.0 1.0 1.0 1.0 1.0 1.0 1.0 1.0 1.0 1.0 1.0 1.0 1.0 1.0 1.0 1.0 1.0 1.0 1.0 1.0 1.0 1.0 1.0 1.0 1.0 1.0 1.0 1.0 1.0 1.0 1.0 1.0 1.0 1.0 1.0 1.0 1.0 1.0 1.0 1.0 1.0 1.0 1.0 1.0 1.0 1.0 1.0 1.0 1.0 1.0 1.0 1.0 1.0 1.0 1.0 1.0 1.0 1.0 1.0 1.0
4
18 31 34 100
6
1 7 15 42 68 94
3
4 21 50
4
3 6 24 87
2
18 76
5
19 23 46 59 91
4
7 27 61 87
4
31 58 70 92
1
46
8
1 27 43 51 56 57 66 73
6
43 47 52 58 81 100
7
13 18 28 34 35 37 85
3
9 20 41
3
29 36 76
9
10 11 32 40 64 69 77 96 98
2
20 100
5
55 62 69 79 98
4
9 22 60 82
2
15 57
3
44 63 73
4
24 37 93 95
4
26 45 85 88
6
4 13 36 45 59 65
5
19 21 34 81 82
3
23 66 72
3
16 97 98
5
14 35 44 78 98
4
39 50 88 92
6
1 4 25 31 53 72
4
48 68 90 98
5
17 29 58 66 79
5
9 43 60 99 100
10
1 10 15 23 25 48 69 70 74 78
4
5 47 66 91
5
4 8 20 35 46
2
34 53
8
2 5 59 63 67 72 90 99
6
3 38 51 83 90 96
5
9 26 37 51 73
5
7 28 74 88 92
8
14 16 23 44 48 60 71 78
3
35 55 89
7
14 38 56 58 62 70 76
4
33 45 53 84
4
19 43 51 69
7
9 18 30 64 87 99 100
2
28 44
4
8 69 72 74
4
17 24 54 82
4
18 77 78 86
