100 200
1.0 1.0 1.0 1.0 1.0 1.0 1.0 1.0 1.0 1.0 1.0 1.0 1.0 1.0 1.0 1.0 1.0 1.0 1.0 1.0 1.0 1.0 1.0 1.0 1.0 1.0 1.0 1.0 1.0 1.0 1.0 1.0 1.0 1.0 1.0 1.0 1.0 1.0 1.0 1.0 1.0 1.0 1.0 1.0 1.0 1.0 1.0 1.0 1.0 1.0 1.0 1.0 1.0 1.0 1.0 1.0 1.0 1.0 1.0 1.0 1.0 1.0 1.0 1.0 1.0 1.0 1.0 1.0 1.0 1.0 1.0 1.0 1.0 1.0 1.0 1.0 1.0 1.0 1.0 1.0 1.0 1.0 1.0 1.0 1.0 1.0 1.0 1.0 1.0 1.0 1.0 1.0 1.0 1.0 1.0 1.0 1.0 1.0 1.0 1.0 1.0 1.0 1.0 1.0 1.0 1.0 1.0 1.0 1.0 1.0 1.0 1.0 1.0 1.0 1.0 1.0 1.0 1.0 1.0 1.0 1.0 1.0 1.0 1.0 1.0 1.0 1.0 1.0 1.0 1.0 1.0 1.0 1.0 1.0 1.0 1.0 1.0 1.0 1.0 1.0 1.0 1.0 1.0 1.0 1.0 1.0 1.0 1.0 1.0 1.0 1.0 1.0 1.0 1.0 1.0 1.0 1.0 1.0 1.0 1.0 1.0 1.0 1.0 1.0 1.0 1.0 1.0 1.0 1.0 1.0 1.0 1.0 1.0 1.0 1.0 1.0 1.0 1.0 1.0 1.0 1.0 1.0 1.0 1.0 1.0 1.0 1.0 1.0 1.0 1.0 1.0 1.0 1.0 1.0 1.0 1.0 1.0 1.0 1.0 1.0
37
13 31 33 35 36 40 47 49 64 67 68 71 74 76 89 98 101 102 104 106 108 112 119 129 131 140 144 145 151 154 167 169 171 176 181 184 195
40
2 14 19 23 25 28 29 30 34 36 39 40 41 58 59 67 68 74 76 81 85 87 92 98 108 119 128 131 140 143 144 150 155 162 171 179 187 190 192 195
43
3 5 8 18 24 26 28 31 35 36 38 39 40 45 46 53 56 60 74 76 79 83 90 93 99 102 124 130 137 141 145 152 156 163 164 165 167 172 184 185 188 195 199
31
5 21 24 28 36 48 52 65 73 85 87 98 104 115 124 130 131 142 154 159 166 171 172 175 185 186 187 188 189 190 199
48
3 7 25 29 30 48 49 55 56 62 67 68 69 71 75 76 80 81 84 87 88 93 94 102 104 105 110 111 116 118 122 129 136 142 147 149 150 155 159 162 165 172 178 179 181 184 191 197
39
4 6 7 11 13 15 23 24 29 30 44 45 46 67 68 69 71 93 102 104 105 106 113 122 124 135 138 141 147 157 160 168 172 175 176 185 188 190 198
46
1 2 4 10 14 18 20 24 25 26 32 37 42 46 48 63 71 86 88 91 95 97 105 107 110 111 116 122 123 125 135 138 139 141 142 146 155 161 166 170 173 174 188 193 194 197
48
5 9 13 15 19 24 28 32 35 39 42 44 51 52 57 59 63 65 71 76 78 79 83 84 87 96 102 105 109 115 119 120 121 124 137 159 168 175 176 178 180 181 182 186 189 193 195 200
51
1 2 4 5 8 11 13 14 16 17 22 27 31 38 39 44 48 51 52 54 56 57 61 65 71 83 86 87 88 101 104 105 106 107 123 126 130 134 137 140 142 148 150 152 154 159 171 173 174 195 199
37
5 11 14 17 19 31 33 50 56 58 72 79 83 85 94 97 114 118 122 135 136 139 144 153 155 157 158 163 165 173 178 185 186 189 193 195 196
43
7 8 10 12 21 26 42 44 46 48 50 54 55 63 64 70 73 75 76 80 94 103 111 113 116 121 123 134 135 145 149 152 154 155 159 160 164 165 169 173 175 178 196
31
7 9 14 19 23 31 38 44 45 61 92 102 106 111 113 120 136 139 142 147 148 149 151 156 157 160 172 176 182 190 195
40
2 3 11 17 18 32 36 57 58 65 68 70 73 74 79 82 84 86 87 88 89 91 96 102 104 108 109 116 125 127 135 151 153 165 168 171 174 182 190 192
37
3 4 5 6 9 13 16 25 29 32 33 41 46 47 50 56 60 67 79 82 91 96 112 118 119 121 125 130 136 140 153 154 161 165 172 186 198
40
1 2 11 15 18 19 20 30 32 35 41 43 45 50 55 68 69 87 95 96 97 99 103 104 105 107 111 126 127 129 138 147 149 156 168 172 174 175 180 195
45
1 10 13 15 17 22 23 26 27 28 36 51 55 61 66 77 78 82 85 87 89 90 92 99 100 102 103 111 116 117 118 126 139 142 143 154 155 160 161 165 169 181 192 197 200
38
1 10 11 19 30 33 35 42 43 44 50 55 57 58 62 69 70 75 77 85 88 89 96 98 113 120 122 127 129 142 151 166 177 182 189 192 196 199
41
9 14 16 19 21 24 30 31 35 46 47 59 64 69 83 94 97 98 99 101 106 107 108 115 120 123 124 131 133 138 139 140 148 150 152 157 166 177 186 194 196
41
8 12 17 20 21 28 36 41 43 46 47 55 58 59 64 67 68 70 82 84 93 97 98 102 103 112 119 128 133 139 145 151 165 166 174 176 177 184 185 196 199
52
3 5 7 9 15 17 18 19 24 26 28 36 42 43 44 45 47 57 61 70 80 86 94 97 100 104 109 111 113 123 126 127 128 137 138 140 150 157 158 163 164 165 176 178 179 181 184 187 188 191 194 200
47
3 10 16 17 26 27 28 29 31 32 40 43 44 45 49 50 55 69 73 74 76 77 80 82 88 93 100 106 114 117 125 129 130 135 136 141 142 151 159 176 179 181 191 192 197 199 200
31
13 16 17 19 22 31 32 36 38 41 47 51 55 61 72 84 94 103 107 111 117 120 128 129 130 134 164 168 173 198 200
38
6 9 16 18 19 23 29 36 37 38 40 55 56 60 61 65 67 89 94 98 100 109 118 121 123 130 134 142 150 155 156 162 172 173 175 182 191 195
42
4 6 18 29 30 33 34 45 48 49 54 57 62 66 69 81 86 90 93 94 106 107 113 121 125 127 129 132 136 137 142 145 150 158 159 160 167 173 180 187 189 191
43
2 6 9 19 20 24 30 31 37 38 39 40 44 60 65 68 71 79 81 83 87 95 96 99 103 105 112 120 121 127 128 138 141 142 146 166 167 169 182 184 188 193 197
35
6 11 13 14 18 27 28 33 42 45 47 50 54 56 75 80 83 96 98 99 100 104 112 113 116 119 122 125 132 145 146 179 181 188 195
36
1 3 5 12 19 24 35 38 40 41 44 45 49 53 54 69 74 76 81 84 85 87 98 102 120 122 123 135 136 141 142 143 150 154 164 199
41
1 7 13 22 24 41 46 51 52 53 59 70 72 73 79 84 87 88 118 120 121 123 129 131 133 136 144 152 154 155 157 178 179 181 185 186 188 190 193 195 200
39
1 5 22 23 26 29 32 39 48 52 55 56 61 76 79 82 89 93 99 109 110 120 131 132 133 134 135 141 145 150 155 162 164 172 173 184 186 187 198
44
7 11 12 15 19 21 29 32 41 61 63 67 70 71 76 77 79 81 82 84 86 87 93 95 100 103 111 112 122 132 133 135 143 144 145 149 157 159 168 179 183 188 191 198
48
5 7 9 13 14 15 17 21 25 27 39 42 43 52 56 61 67 68 70 79 81 82 84 85 86 89 92 110 116 125 128 129 133 141 152 154 159 162 165 171 179 180 184 185 187 190 192 197
54
6 7 20 26 27 35 40 46 50 52 53 56 60 63 65 67 69 73 75 82 84 89 91 93 102 107 112 114 122 123 126 134 139 141 147 148 149 151 152 154 155 157 158 163 168 182 184 187 188 189 193 194 199 200
32
7 16 27 32 44 46 51 65 66 71 74 78 80 89 92 98 99 103 107 110 115 126 129 133 141 145 149 163 166 174 185 197
42
2 7 8 19 21 22 24 28 37 39 54 55 60 66 73 78 85 87 92 93 95 96 98 99 101 105 120 121 125 130 134 135 137 142 143 152 169 177 186 189 190 195
48
7 12 21 24 25 29 30 33 34 37 39 40 44 46 48 52 54 56 59 60 65 66 74 79 82 88 100 109 111 124 138 139 140 144 152 157 158 164 176 177 178 183 184 185 191 192 199 200
33
8 12 13 17 19 21 23 26 36 37 60 79 92 99 107 113 120 126 139 140 142 146 155 161 165 172 184 186 187 191 194 195 197
42
3 8 9 13 14 16 17 23 24 26 29 32 35 42 44 50 61 70 72 76 81 84 90 91 92 95 98 100 104 108 118 148 151 153 155 161 170 174 184 189 192 194
36
4 5 7 8 10 11 15 22 25 28 32 34 40 49 53 61 74 84 104 108 112 120 137 140 146 150 155 158 159 164 169 177 179 180 184 197
42
11 12 19 41 46 52 55 56 63 69 70 71 86 89 99 101 103 110 114 115 119 120 121 130 131 137 141 142 144 145 156 158 159 160 171 175 178 179 186 188 190 196
39
10 13 14 17 22 35 40 52 53 58 68 71 75 81 90 91 101 103 109 113 114 118 119 123 130 131 139 142 145 153 155 158 162 166 167 169 182 192 199
34
12 22 24 27 36 37 46 49 59 63 69 72 73 75 80 91 94 100 104 107 120 131 140 144 148 150 160 163 164 169 170 184 188 199
41
1 6 8 12 28 36 42 46 47 55 57 64 67 69 72 81 82 84 90 95 101 102 104 112 115 128 138 141 144 152 156 164 167 168 170 172 182 186 187 192 193
48
2 10 11 13 18 24 30 31 35 39 46 47 48 50 65 67 71 73 75 76 79 80 81 83 86 88 91 96 100 103 112 116 134 143 149 156 161 164 167 169 173 176 177 181 185 193 197 199
38
1 13 19 22 24 26 37 39 40 43 48 66 67 68 69 78 82 88 92 98 103 106 108 115 123 125 126 139 147 148 156 162 175 180 185 188 198 199
44
3 5 6 18 20 26 32 36 40 51 52 55 57 59 73 77 78 79 87 90 92 94 101 104 108 109 114 124 134 140 142 151 153 162 164 172 173 178 185 186 187 196 199 200
40
4 7 8 9 19 20 22 26 32 34 44 45 49 51 57 62 65 67 68 81 82 83 87 88 93 103 108 118 123 130 137 140 149 163 164 171 175 181 189 192
38
1 3 22 24 32 34 42 43 45 46 47 50 52 55 56 64 67 71 72 80 99 104 108 119 128 129 133 146 152 158 159 162 167 171 188 190 191 200
48
10 11 12 22 23 28 36 37 38 46 51 54 62 64 77 86 87 89 91 93 94 100 104 114 117 118 119 122 127 128 129 130 135 143 146 152 154 161 162 172 173 174 176 177 181 186 189 194
36
7 18 24 31 32 52 58 62 68 72 73 77 79 80 86 93 95 98 102 105 115 122 123 125 126 129 133 135 157 158 165 173 175 185 189 199
45
6 13 20 26 28 35 38 39 41 50 54 59 61 63 64 70 72 75 77 83 84 87 94 113 121 124 126 128 129 138 139 145 146 149 150 151 159 162 172 177 180 181 190 194 195
38
1 5 8 12 19 24 58 60 64 66 67 68 70 74 80 89 103 104 110 113 117 133 136 143 150 151 158 161 163 164 167 170 177 182 192 194 198 199
36
7 24 29 35 36 38 44 51 59 63 65 71 73 81 82 85 88 100 105 106 114 120 121 123 131 139 149 150 154 159 161 164 165 173 182 194
33
5 9 17 19 23 26 36 46 53 57 77 88 91 94 108 126 133 141 143 144 146 152 153 158 159 163 169 172 178 183 188 189 200
42
13 16 28 32 34 36 39 45 52 60 62 64 67 69 70 78 81 85 87 91 98 99 104 107 124 126 130 135 139 140 141 149 150 152 153 170 174 175 179 185 186 197
44
13 16 21 23 25 26 27 31 32 35 45 47 55 57 58 62 73 76 79 81 88 89 101 104 109 114 115 117 118 124 131 135 149 150 151 152 153 168 183 184 187 190 191 197
37
5 16 18 23 31 32 33 43 44 45 46 52 75 106 107 112 121 122 123 127 130 131 135 136 139 148 149 150 152 165 172 173 185 188 190 194 195
35
6 17 23 34 35 37 46 49 50 54 55 57 66 68 70 71 73 75 95 101 103 108 111 123 129 136 139 140 144 145 147 150 158 169 187
43
3 4 5 15 18 27 34 40 42 43 52 61 66 70 77 83 91 105 113 122 125 126 131 135 139 141 142 152 155 159 161 162 163 165 166 167 174 175 176 187 189 191 194
48
4 6 13 14 22 29 31 32 36 38 40 42 58 62 66 69 70 74 76 79 81 83 85 88 89 91 95 97 99 107 108 118 120 121 122 131 136 141 149 152 155 160 169 172 181 185 187 198
38
4 7 10 12 15 16 19 25 45 46 51 58 60 68 72 96 98 99 111 119 124 129 134 144 145 149 151 157 160 162 169 170 187 189 190 198 199 200
40
3 4 5 7 11 15 20 26 30 50 54 55 57 58 61 65 66 70 71 83 86 93 96 97 104 109 115 120 123 126 144 146 147 150 151 162 177 189 197 200
34
4 9 10 38 39 45 47 49 53 57 68 77 83 85 101 103 112 116 118 121 123 132 142 145 146 152 155 161 176 177 184 185 191 192
39
9 12 16 18 30 32 40 43 46 51 54 62 71 77 78 79 81 87 88 90 93 98 100 104 106 122 134 138 144 158 166 167 169 178 180 186 193 198 199
43
5 9 17 18 20 24 26 31 34 37 39 42 44 46 53 54 55 58 63 71 75 93 94 99 111 116 117 118 121 124 127 135 136 141 151 152 153 161 162 192 193 196 198
37
2 3 7 11 28 34 37 39 40 53 58 66 67 72 84 88 90 91 95 116 118 126 128 129 132 144 148 153 156 175 177 179 180 185 186 190 200
37
7 14 20 23 44 69 74 80 81 82 86 87 90 92 93 97 103 106 108 110 112 119 125 128 138 139 144 150 152 153 158 163 167 168 177 181 196
33
1 4 6 14 18 19 23 27 45 74 75 79 93 97 99 102 105 107 117 118 121 132 139 153 154 167 172 175 176 177 181 185 189
36
5 7 9 10 21 22 25 29 30 31 32 35 43 44 45 47 49 51 54 61 67 75 79 81 83 87 89 96 99 121 125 154 155 159 171 187
34
6 7 15 19 20 24 25 40 49 52 59 70 80 86 88 96 107 109 114 118 120 122 125 127 157 161 164 165 167 170 177 190 193 199
34
1 12 19 23 42 46 68 75 76 77 83 91 100 104 106 107 125 127 138 146 151 155 157 158 161 175 181 183 186 187 191 192 196 198
42
9 10 12 17 20 29 36 37 39 40 42 43 46 50 53 68 75 91 94 98 100 101 109 113 115 119 125 126 140 142 152 155 156 160 165 178 184 186 187 190 197 200
43
4 5 9 10 16 19 21 26 28 33 35 40 41 54 56 70 76 83 88 89 91 103 108 114 117 119 121 125 128 152 153 159 160 162 165 171 184 186 189 194 195 197 200
36
1 2 5 10 12 18 19 25 26 31 33 35 42 43 50 60 61 69 73 77 86 95 116 129 131 132 137 138 144 150 159 167 183 191 193 195
38
7 9 18 32 47 51 54 55 57 61 62 63 65 69 81 84 85 86 99 105 111 113 124 133 137 138 140 147 149 162 173 176 177 185 188 189 192 195
46
4 7 9 10 11 13 15 20 21 25 36 41 44 46 49 50 61 68 69 88 97 102 105 107 118 130 133 138 139 148 150 159 162 167 170 172 177 181 182 183 184 188 189 190 191 192
38
3 4 6 8 13 17 20 33 40 44 46 60 63 70 72 73 79 86 93 94 97 101 106 107 109 111 118 119 121 136 143 156 159 165 171 186 190 191
46
4 9 10 16 18 28 29 42 46 51 52 60 66 76 79 92 98 99 102 103 105 106 122 126 128 129 130 134 135 136 139 143 148 150 155 164 168 176 179 180 191 192 193 195 196 197
39
6 7 13 19 25 30 32 42 49 53 56 57 58 60 62 64 71 75 80 84 97 105 110 111 115 131 132 141 144 147 154 157 158 161 163 179 182 187 188
42
9 18 20 21 23 24 26 27 29 30 45 46 47 56 60 62 67 73 88 94 101 107 109 110 113 117 118 121 124 126 132 133 138 139 140 147 153 160 162 166 188 197
32
6 9 16 18 19 21 22 25 32 40 61 62 71 72 82 84 86 87 98 101 102 109 118 149 151 152 161 164 171 178 179 189
35
1 3 19 22 24 30 44 62 64 75 78 79 81 83 88 95 118 124 129 140 144 147 152 154 158 164 165 167 168 174 177 178 181 187 200
45
5 9 12 13 20 28 31 32 33 39 40 43 52 58 66 81 82 85 89 97 98 107 109 112 115 118 126 128 134 136 138 157 160 162 163 165 171 175 186 189 191 192 193 194 198
42
4 9 14 26 33 36 39 57 58 59 66 73 75 76 78 80 83 87 89 90 93 95 104 115 125 127 129 130 131 133 136 138 145 146 149 152 164 166 173 174 183 197
51
3 9 12 13 15 28 30 31 33 36 47 50 53 57 65 67 69 70 73 74 83 85 86 87 91 106 118 119 120 121 122 125 126 131 133 138 150 159 165 169 170 172 174 175 176 182 185 187 192 197 200
44
1 9 15 16 22 23 24 25 27 28 29 30 34 42 45 59 69 71 78 79 80 84 91 100 104 109 113 114 117 120 122 131 132 133 142 160 168 176 182 184 192 194 196 197
42
1 5 10 16 24 25 26 30 31 35 39 40 47 48 57 65 67 69 72 76 79 85 86 87 94 95 100 108 120 122 123 131 135 140 147 157 158 165 173 176 183 188
35
3 4 7 12 27 34 35 41 42 56 65 79 85 93 96 97 107 110 112 116 123 124 138 147 152 159 163 164 166 184 187 188 192 197 198
32
14 15 23 27 33 44 64 68 71 84 85 89 93 102 114 121 128 132 142 147 151 157 164 166 173 178 183 188 189 194 198 200
40
1 9 14 17 19 20 39 42 47 54 55 59 60 64 77 78 82 88 92 94 95 99 111 113 116 120 126 131 142 144 151 156 165 171 174 176 177 184 191 198
40
20 23 33 36 38 42 51 58 64 66 68 70 71 81 84 85 86 89 100 103 104 109 111 112 118 128 130 131 146 148 164 165 166 172 182 189 190 191 193 200
38
12 23 36 40 41 46 49 53 54 58 64 71 72 77 78 82 91 93 96 103 105 107 129 138 147 153 157 166 168 169 171 178 182 190 193 196 197 200
22
13 22 24 26 39 42 46 55 62 67 74 83 86 91 100 104 117 123 149 150 162 182
38
4 6 7 8 10 17 24 28 34 47 48 49 52 63 82 90 92 98 103 105 107 120 121 124 125 131 141 151 154 155 156 160 163 164 165 180 195 199
33
1 13 20 36 42 43 46 49 53 54 68 72 77 91 97 100 102 104 112 115 123 124 130 133 141 142 146 151 156 175 179 192 199
39
5 9 12 13 20 22 28 32 38 47 48 69 70 75 80 81 89 90 91 96 105 111 114 115 116 118 127 129 145 150 152 155 157 170 181 183 184 185 197
33
4 5 18 28 50 52 57 59 62 63 64 65 68 70 76 82 87 94 99 112 113 141 142 150 163 164 165 166 170 174 175 192 194
51
2 5 7 11 12 18 20 22 27 29 34 35 37 41 42 49 61 68 74 75 79 80 81 82 94 95 107 109 111 115 118 121 125 132 135 137 139 140 144 145 148 153 155 156 165 170 171 172 179 181 198
40
5 8 11 12 21 22 34 39 47 51 55 63 68 70 75 83 84 86 89 107 113 117 121 124 132 137 138 144 156 158 159 163 172 177 179 182 183 189 190 194
35
4 6 7 14 16 19 20 33 36 37 39 43 45 47 56 73 79 82 86 91 94 97 98 106 112 126 129 132 142 159 174 176 180 190 196
44
1 3 9 25 26 28 31 32 36 37 47 53 55 69 74 78 80 88 94 95 96 109 116 120 126 128 129 132 138 140 142 145 150 155 156 158 165 167 168 170 175 180 193 200
