50 100
1.0 1.0 1.0 1.0 1.0 1.0 1.0 1.0 1.0 1.0 1.0 1.0 1.0 1.0 1.0 1.0 1.0 1.0 1.0 1.0 1.0 1.0 1.0 1.0 1.0 1.0 1.0 1.0 1.0 1.0 1.0 1.0 1.0 1.0 1.0 1.0 1.0 1.0 1.0 1.0 1.0 1.0 1.0 1.0 1.0 1.0 1.0 1.0 1.0 1.0 1.0 1.0 1.0 1.0 1.0 1.0 1.0 1.0 1.0 1.0 1.0 1.0 1.0 1.0 1.0 1.0 1.0 1.0 1.0 1.0 1.0 1.0 1.0 1.0 1.0 1.0 1.0 1.0 1.0 1.0 1.0 1.0 1.0 1.0 1.0 1.0 1.0 1.0 1.0 1.0 1.0 1.0 1.0 1.0 1.0 1.0 1.0 1.0 1.0 1.0
22
9 11 21 22 27 37 41 48 52 54 55 59 62 64 66 68 79 81 82 83 93 94
12
2 3 5 9 27 40 61 65 66 75 95 99
16
1 3 5 8 10 13 22 31 33 40 61 74 81 86 93 97
24
2 12 18 21 23 24 28 29 32 33 46 51 55 67 69 74 78 79 82 88 93 95 98 100
20
8 22 23 36 50 51 52 54 57 61 72 73 75 78 80 83 88 90 91 92
19
4 20 23 25 32 34 41 42 50 52 55 57 66 68 70 77 78 91 92
11
16 24 34 37 47 59 61 63 70 71 90
23
5 6 7 12 15 19 24 25 34 36 48 52 53 57 59 65 67 76 82 83 86 95 100
16
17 27 28 31 37 43 45 49 50 67 72 73 81 93 95 96
22
7 20 21 33 34 39 45 47 48 49 50 58 60 61 63 64 65 70 74 82 91 95
18
3 14 18 28 29 34 37 39 44 47 53 57 69 73 74 78 91 99
23
5 7 11 12 20 23 29 42 44 45 48 54 55 63 70 72 78 80 84 86 88 95 98
22
4 6 7 17 22 23 24 27 29 35 38 39 43 46 52 54 55 58 71 76 80 84
25
1 2 7 8 9 10 18 25 26 27 30 35 38 41 56 57 62 75 76 78 79 90 95 97 98
20
2 8 17 19 27 29 32 41 50 51 54 62 71 73 75 81 84 86 89 100
19
2 14 15 16 22 28 41 45 52 54 59 67 69 70 72 85 86 89 90
22
1 2 4 19 20 37 39 41 45 47 51 52 58 65 67 70 78 81 86 89 91 94
16
2 9 15 19 23 27 37 51 55 63 72 81 91 94 97 99
16
1 7 15 20 23 27 28 37 51 52 57 63 66 75 86 91
19
6 12 17 19 21 30 34 36 39 46 49 77 81 88 90 92 93 95 97
16
14 19 26 30 43 47 53 68 73 75 76 82 84 87 92 100
19
3 4 5 7 17 18 19 23 37 39 42 51 63 73 82 90 91 95 98
18
1 16 22 24 25 27 29 40 43 48 64 69 71 73 84 87 89 93
24
1 3 6 7 10 12 13 23 24 32 34 41 52 55 56 65 77 80 81 85 92 95 96 97
24
3 4 5 8 11 17 18 19 28 39 42 43 44 49 52 53 55 58 65 79 85 87 91 97
21
3 4 8 14 18 25 30 34 35 43 46 47 48 51 56 63 65 72 76 88 96
22
6 7 8 12 16 20 27 30 31 33 36 39 40 41 48 58 59 72 77 79 83 98
21
2 22 27 29 33 35 36 44 45 50 52 53 59 62 65 68 74 75 77 84 85
22
4 10 20 21 24 31 43 45 52 55 59 60 61 64 68 75 76 77 79 89 91 94
28
3 4 18 21 23 30 31 37 40 43 44 46 49 50 51 57 59 64 65 67 68 71 73 74 82 91 98 99
19
9 25 34 35 37 46 50 51 52 53 55 62 63 67 79 88 94 98 99
23
10 15 19 20 23 25 32 37 39 42 45 49 52 54 65 66 67 85 87 92 95 97 98
22
2 4 6 12 13 42 44 49 51 55 57 64 70 71 80 83 85 86 87 89 90 96
27
2 5 9 10 11 14 16 17 18 25 27 34 36 37 41 42 44 50 55 59 61 68 69 72 77 81 88
18
4 7 14 15 16 18 19 23 29 37 43 45 57 68 71 72 82 90
22
1 2 4 19 21 24 31 43 48 53 60 71 73 74 80 83 85 89 91 92 95 100
23
1 4 7 8 13 31 35 39 40 45 48 52 61 62 68 72 73 83 90 91 92 95 100
22
5 12 18 24 27 30 36 39 44 47 48 49 51 55 60 62 68 72 85 91 92 99
18
4 10 12 22 31 37 43 44 51 64 65 69 73 75 78 86 92 100
15
1 2 3 8 31 36 45 47 55 62 63 78 87 97 98
16
6 7 18 22 23 25 31 40 44 45 46 65 66 70 99 100
15
5 9 29 31 41 48 50 66 75 77 80 81 85 86 99
22
7 9 20 22 24 41 44 46 47 53 55 62 66 67 69 76 78 79 88 94 97 100
16
2 8 9 16 20 26 32 35 45 51 62 68 78 88 91 97
16
2 14 23 24 42 43 45 51 69 76 78 89 90 94 99 100
19
4 10 12 14 15 30 35 37 43 49 55 63 69 71 72 77 80 95 99
20
8 28 29 35 38 49 51 58 59 64 70 71 74 78 79 80 88 90 91 95
19
5 6 7 10 21 22 23 27 30 32 40 56 63 82 84 88 94 98 99
24
2 5 8 12 14 15 18 19 22 26 27 31 33 44 48 61 62 63 71 76 77 84 88 94
23
1 2 5 7 10 27 30 31 37 40 46 56 59 62 63 64 73 82 84 86 96 97 99
