150 300
1.0 1.0 1.0 1.0 1.0 1.0 1.0 1.0 1.0 1.0 1.0 1.0 1.0 1.0 1.0 1.0 1.0 1.0 1.0 1.0 1.0 1.0 1.0 1.0 1.0 1.0 1.0 1.0 1.0 1.0 1.0 1.0 1.0 1.0 1.0 1.0 1.0 1.0 1.0 1.0 1.0 1.0 1.0 1.0 1.0 1.0 1.0 1.0 1.0 1.0 1.0 1.0 1.0 1.0 1.0 1.0 1.0 1.0 1.0 1.0 1.0 1.0 1.0 1.0 1.0 1.0 1.0 1.0 1.0 1.0 1.0 1.0 1.0 1.0 1.0 1.0 1.0 1.0 1.0 1.0 1.0 1.0 1.0 1.0 1.0 1.0 1.0 1.0 1.0 1.0 1.0 1.0 1.0 1.0 1.0 1.0 1.0 1.0 1.0 1.0 1.0 1.0 1.0 1.0 1.0 1.0 1.0 1.0 1.0 1.0 1.0 1.0 1.0 1.0 1.0 1.0 1.0 1.0 1.0 1.0 1.0 1.0 1.0 1.0 1.0 1.0 1.0 1.0 1.0 1.0 1.0 1.0 1.0 1.0 1.0 1.0 1.0 1.0 1.0 1.0 1.0 1.0 1.0 1.0 1.0 1.0 1.0 1.0 1.0 1.0 1.0 1.0 1.0 1.0 1.0 1.0 1.0 1.0 1.0 1.0 1.0 1.0 1.0 1.0 1.0 1.0 1.0 1.0 1.0 1.0 1.0 1.0 1.0 1.0 1.0 1.0 1.0 1.0 1.0 1.0 1.0 1.0 1.0 1.0 1.0 1.0 1.0 1.0 1.0 1.0 1.0 1.0 1.0 1.0 1.0 1.0 1.0 1.0 1.0 1.0 1.0 1.0 1.0 1.0 1.0 1.0 1.0 1.0 1.0 1.0 1.0 1.0 1.0 1.0 1.0 1.0 1.0 1.0 1.0 1.0 1.0 1.0 1.0 1.0 1.0 1.0 1.0 1.0 1.0 1.0 1.0 1.0 1.0 1.0 1.0 1.0 1.0 1.0 1.0 1.0 1.0 1.0 1.0 1.0 1.0 1.0 1.0 1.0 1.0 1.0 1.0 1.0 1.0 1.0 1.0 1.0 1.0 1.0 1.0 1.0 1.0 1.0 1.0 1.0 1.0 1.0 1.0 1.0 1.0 1.0 1.0 1.0 1.0 1.0 1.0 1.0 1.0 1.0 1.0 1.0 1.0 1.0 1.0 1.0 1.0 1.0 1.0 1.0 1.0 1.0 1.0 1.0 1.0 1.0 1.0 1.0 1.0 1.0 1.0 1.0
9
8 40 80 137 216 224 227 240 283
12
15 20 33 47 59 98 137 150 170 181 192 297
12
40 77 99 121 122 206 212 214 215 235 264 275
15
1 44 55 106 209 211 225 233 246 256 267 269 271 275 285
13
9 22 27 47 76 78 131 140 190 206 257 290 295
24
21 22 23 57 73 87 98 105 123 131 137 154 155 176 177 178 188 202 203 209 223 229 254 267
19
20 22 31 37 82 87 106 163 166 169 190 192 193 195 213 231 269 283 290
14
51 61 77 91 96 107 121 141 158 177 189 221 232 249
11
30 52 67 86 93 96 108 214 235 268 273
19
3 20 21 45 48 109 141 151 161 180 209 218 224 227 230 257 258 277 278
20
10 28 29 39 49 80 86 97 101 107 127 136 147 164 178 188 189 208 229 284
19
18 22 23 30 39 61 65 72 88 104 110 129 131 150 168 179 220 267 292
13
9 45 63 67 89 125 154 155 185 224 252 260 281
17
8 39 73 84 89 103 122 127 134 188 209 228 243 273 284 291 300
16
7 12 44 84 91 111 116 139 167 202 210 214 235 258 272 281
20
6 23 41 50 69 93 120 128 161 168 174 196 212 213 230 239 240 242 258 285
13
1 6 102 137 141 143 146 209 238 240 259 273 285
20
63 71 76 87 102 111 114 117 126 131 155 160 168 192 220 230 232 246 279 300
13
26 27 29 35 48 92 119 145 170 191 228 253 278
25
2 4 18 65 98 114 122 130 134 162 180 182 192 195 205 206 219 227 240 253 256 281 285 291 297
9
14 72 150 180 198 202 221 230 269
12
10 34 42 133 203 205 219 234 239 240 260 264
20
4 15 32 35 50 54 56 78 90 153 158 159 180 196 214 236 246 268 272 294
17
1 48 61 65 85 92 172 176 202 213 232 234 254 260 270 272 290
13
20 39 69 109 113 137 163 214 218 244 259 274 300
12
9 24 37 45 92 107 125 150 152 201 206 233
23
16 25 44 47 50 63 71 73 75 84 96 102 126 138 142 183 200 229 239 252 267 275 279
17
23 52 55 69 77 97 112 140 152 155 162 225 243 258 259 284 291
18
19 20 22 28 37 53 60 67 70 79 95 108 110 112 121 215 279 285
22
7 14 17 43 68 70 79 103 107 119 124 138 147 160 172 185 194 233 253 256 277 297
14
42 55 63 102 115 119 172 174 183 232 235 247 248 269
21
12 13 43 52 61 62 64 95 97 127 146 158 170 172 197 200 209 235 269 284 299
13
2 5 13 75 95 96 118 119 127 138 186 228 276
9
27 65 69 77 85 119 190 200 299
7
3 153 160 228 236 252 296
18
22 72 87 102 106 191 215 216 232 240 242 258 259 276 277 282 284 286
8
93 108 130 191 221 227 256 258
10
9 25 51 59 75 132 139 149 170 257
10
66 88 111 155 172 234 244 247 272 297
16
63 67 72 91 92 98 106 114 120 132 150 151 160 188 207 263
19
33 55 62 77 101 125 128 134 144 164 170 172 178 184 188 204 229 233 279
15
5 37 63 70 79 86 122 226 233 241 243 254 259 277 280
13
78 79 96 126 132 136 150 172 184 204 217 257 298
12
1 24 31 50 86 99 111 178 210 253 263 274
20
9 10 25 37 38 138 154 157 161 178 202 216 222 227 230 242 259 269 275 295
14
42 66 93 100 110 140 150 176 180 195 206 207 253 281
22
12 22 26 46 66 70 81 82 100 104 106 109 127 141 154 168 197 217 228 229 244 279
11
42 90 98 155 184 213 237 241 264 269 286
20
1 4 47 50 56 58 65 72 88 108 118 124 152 173 196 224 230 244 256 291
16
43 44 63 78 85 88 96 177 210 212 215 249 251 264 280 299
15
11 22 42 51 65 102 107 108 117 118 133 168 212 274 291
14
3 16 49 57 80 108 118 133 163 189 204 236 273 286
13
13 21 35 52 64 107 116 162 204 207 223 259 295
11
30 76 98 105 119 127 130 158 174 182 290
13
27 28 107 172 192 193 197 198 199 235 243 255 289
19
40 41 45 59 84 106 145 154 157 169 188 211 216 220 235 250 264 273 292
19
9 16 30 32 55 56 73 91 113 160 162 183 191 240 241 244 249 296 299
18
9 23 29 33 40 83 115 116 150 182 207 220 224 263 280 288 294 296
13
36 38 46 124 133 151 190 215 228 248 251 262 293
18
1 11 19 58 65 69 81 105 113 119 175 178 194 234 239 257 278 282
12
42 55 63 73 145 163 180 191 282 287 290 293
16
14 17 45 49 55 68 72 106 139 164 216 234 235 243 291 298
23
7 10 49 70 101 116 132 155 156 172 175 176 182 200 211 215 235 241 273 284 296 297 298
14
6 13 20 103 104 111 140 148 158 256 265 280 287 291
13
10 29 41 44 95 119 138 163 180 254 269 287 293
20
19 33 40 41 74 98 111 118 128 166 169 187 197 200 205 207 213 224 238 283
15
6 10 29 60 71 117 129 133 189 202 217 231 255 264 283
14
7 9 19 57 70 79 167 236 244 251 258 274 277 299
16
2 3 24 46 58 119 124 148 150 153 160 162 164 178 180 188
15
48 94 130 134 138 143 157 162 164 198 213 236 238 285 300
15
18 63 67 105 110 123 126 177 241 260 262 263 270 278 289
15
2 3 56 67 82 116 123 127 136 138 147 192 195 275 281
16
30 48 50 64 66 102 147 201 204 205 225 249 254 261 272 290
16
26 33 51 54 56 71 83 119 127 140 178 181 220 248 275 279
14
16 47 50 70 81 91 155 168 169 175 201 266 271 297
10
8 63 81 98 150 168 218 239 245 293
19
8 40 46 48 73 99 114 120 138 147 163 174 193 201 210 212 222 232 279
12
64 133 157 159 173 223 225 241 248 253 279 287
21
2 4 16 35 44 66 78 89 120 127 146 169 170 217 230 234 264 275 282 288 297
18
7 19 22 47 55 61 67 91 136 168 202 211 217 224 233 240 259 279
13
18 23 62 73 93 140 149 181 197 216 248 267 279
14
22 55 61 74 82 84 124 126 200 204 214 248 261 297
13
11 60 112 117 155 157 168 170 176 179 215 228 267
12
11 27 32 34 60 82 105 159 187 188 231 239
23
32 62 71 80 99 129 140 154 163 186 187 202 207 209 217 219 222 234 251 252 285 293 294
14
7 23 25 37 44 45 106 112 113 116 122 157 193 226
14
6 18 91 114 147 152 163 178 219 224 225 242 269 280
15
1 21 67 74 90 93 134 183 196 203 206 218 220 281 300
14
36 56 68 81 98 101 116 146 154 179 201 250 254 289
14
43 63 69 105 133 187 197 205 227 237 242 261 274 294
17
50 55 83 111 128 158 162 173 182 183 193 211 244 256 259 272 288
13
18 30 92 127 141 146 154 224 246 259 274 287 293
13
16 54 111 131 139 150 166 172 179 182 241 245 266
13
39 80 107 113 119 140 171 178 198 205 217 230 254
23
2 20 21 40 68 72 88 97 98 99 111 112 121 149 151 155 178 179 224 263 289 290 294
9
20 25 45 54 105 122 230 278 291
17
10 20 42 48 65 86 105 127 129 144 149 158 159 240 252 255 256
10
10 15 103 146 171 191 203 209 211 293
14
1 3 47 79 112 119 123 144 187 197 240 267 275 286
10
18 58 69 103 110 189 213 232 266 290
12
35 46 80 85 95 100 115 171 227 239 241 277
16
55 76 83 84 100 112 117 122 125 148 160 164 227 251 267 294
15
14 27 60 89 102 104 127 143 149 205 206 242 262 271 273
21
2 9 21 54 65 70 75 76 77 110 135 141 156 159 162 175 176 257 272 274 296
8
31 84 102 139 157 203 218 292
4
10 156 168 188
13
4 17 44 67 69 74 96 107 132 198 200 229 243
18
32 41 43 46 48 60 61 68 79 81 89 143 168 170 193 229 266 293
8
10 17 50 138 160 182 193 275
15
1 17 41 51 61 69 70 114 127 187 235 261 271 288 300
19
12 32 98 115 116 134 137 144 147 156 176 179 192 222 237 238 263 293 298
19
2 18 58 60 80 90 91 92 137 142 152 159 195 211 225 235 243 278 299
18
3 25 41 49 64 82 90 92 116 134 141 165 174 192 198 237 265 280
20
10 12 17 86 94 102 147 171 187 192 203 211 212 220 221 233 237 277 284 287
14
4 15 18 32 35 40 69 139 173 175 203 215 259 266
15
16 27 34 35 69 86 102 133 214 240 260 262 268 286 296
14
7 19 33 39 55 65 132 165 177 199 217 230 244 282
13
11 19 46 65 112 128 140 145 149 164 205 234 275
13
35 52 55 69 87 105 130 150 156 173 193 222 264
10
7 25 56 65 123 165 211 214 230 247
17
17 36 51 91 116 122 141 142 156 160 182 206 246 259 264 279 293
18
50 73 93 120 125 130 170 177 187 195 220 228 229 236 239 241 283 284
11
30 51 74 112 152 188 191 217 241 253 258
15
37 54 90 118 133 148 158 166 189 202 203 269 271 281 293
13
7 16 17 75 84 115 132 147 164 217 219 254 289
13
10 28 30 34 98 108 126 145 164 211 260 269 271
17
39 43 65 101 106 107 130 138 160 177 183 203 207 214 216 223 259
16
23 37 69 98 101 107 118 128 137 190 205 212 252 262 271 280
12
30 39 133 151 155 160 166 178 183 200 245 259
14
12 56 74 98 127 131 154 162 180 194 198 249 290 291
9
24 38 53 59 126 154 174 177 194
11
1 61 99 117 230 239 243 253 261 270 291
12
7 8 61 132 156 196 210 214 222 242 269 283
16
95 101 120 126 145 176 182 211 213 221 230 234 240 247 251 264
10
50 158 165 167 177 205 250 255 259 299
18
1 2 25 49 50 84 88 103 125 184 187 195 198 216 231 283 290 295
11
34 40 73 82 84 89 129 174 222 235 267
13
42 46 47 57 68 82 92 151 184 187 220 282 296
18
3 17 28 46 61 111 116 137 139 141 164 183 193 232 241 260 264 270
12
9 12 14 24 123 125 147 197 207 234 267 299
16
8 31 39 57 76 77 89 91 139 154 204 226 228 237 286 296
15
10 32 71 77 93 132 146 209 219 224 240 250 251 273 298
17
7 10 49 51 76 101 127 133 187 188 195 207 255 269 281 286 294
10
11 46 53 68 83 129 149 201 256 299
21
6 7 15 36 39 52 54 66 70 72 80 87 93 97 139 145 170 182 190 279 297
15
8 41 47 65 93 98 130 163 183 191 199 202 246 280 295
11
2 16 35 85 158 179 195 212 238 247 289
21
8 9 10 16 27 44 72 111 117 123 144 152 161 168 188 205 207 212 242 245 298
18
4 15 51 79 81 87 104 131 195 205 217 242 252 271 277 281 283 297
22
25 29 54 57 60 74 95 103 105 139 168 175 210 211 222 227 229 238 246 251 285 291
