50 100
1.0 1.0 1.0 1.0 1.0 1.0 1.0 1.0 1.0 1.0 1.0 1.0 1.0 1.0 1.0 1.0 1.0 1.0 1.0 1.0 1.0 1.0 1.0 1.0 1.0 1.0 1.0 1.0 1.0 1.0 1.0 1.0 1.0 1.0 1.0 1.0 1.0 1.0 1.0 1.0 1.0 1.0 1.0 1.0 1.0 1.0 1.0 1.0 1.0 1.0 1.0 1.0 1.0 1.0 1.0 1.0 1.0 1.0 1.0 1.0 1.0 1.0 1.0 1.0 1.0 1.0 1.0 1.0 1.0 1.0 1.0 1.0 1.0 1.0 1.0 1.0 1.0 1.0 1.0 1.0 1.0 1.0 1.0 1.0 1.0 1.0 1.0 1.0 1.0 1.0 1.0 1.0 1.0 1.0 1.0 1.0 1.0 1.0 1.0 1.0
30
1 13 14 17 18 20 35 36 38 39 40 42 44 48 49 57 59 60 64 65 66 67 68 69 74 79 88 91 93 99
25
9 10 12 17 21 22 24 27 28 29 31 38 39 41 43 53 57 73 76 77 82 84 86 87 99
16
1 5 9 13 24 38 40 45 48 54 56 62 65 66 75 82
17
1 10 25 27 29 35 40 46 48 54 58 61 72 79 84 85 95
29
1 4 5 11 16 17 33 34 37 40 44 45 46 50 53 66 68 69 72 73 77 78 82 83 86 87 90 91 100
21
3 4 8 21 23 29 33 44 50 53 57 58 63 65 72 73 82 86 87 88 93
17
7 16 24 31 34 35 37 40 43 51 58 67 72 79 81 88 89
18
2 5 9 15 22 23 29 31 32 55 66 71 72 77 78 85 86 91
12
11 17 20 46 50 59 65 67 74 75 78 79
17
3 4 6 9 18 22 46 47 65 72 77 79 82 85 86 92 98
21
9 10 16 21 33 34 35 43 46 49 54 55 59 60 61 65 69 71 80 87 99
20
2 6 12 14 17 21 23 40 42 51 52 53 58 63 75 86 88 91 94 100
22
7 11 15 18 22 23 29 38 39 40 41 50 58 75 78 82 86 89 95 97 99 100
18
1 4 11 16 32 33 40 44 50 52 58 59 63 68 84 86 90 98
16
1 6 13 20 27 32 37 55 58 68 76 77 86 88 95 96
20
6 9 12 15 23 30 32 38 43 50 55 60 61 63 75 77 78 84 87 88
18
2 6 7 22 27 36 39 41 44 47 51 57 59 72 80 88 93 98
22
2 3 6 23 29 30 39 40 41 48 49 51 63 69 72 73 79 80 83 95 99 100
29
3 4 6 7 9 13 16 28 29 30 35 38 44 45 48 49 52 53 62 63 71 72 81 83 84 87 88 92 94
18
14 19 21 22 24 32 34 35 43 57 60 67 70 74 75 77 78 81
15
13 25 28 36 56 58 69 73 75 81 86 89 92 94 100
19
9 20 24 32 39 41 46 59 64 70 75 76 83 84 86 87 90 92 98
26
3 4 10 20 25 26 29 30 39 46 51 52 54 60 66 69 74 78 79 85 88 89 92 93 97 98
26
1 14 15 21 27 28 31 32 35 38 41 44 45 49 55 61 62 65 67 72 78 82 85 88 94 97
19
4 7 14 19 21 33 36 44 45 47 51 59 61 68 70 73 90 93 98
26
2 3 15 24 25 27 30 34 40 41 43 49 56 59 60 61 62 64 67 71 74 79 83 87 89 90
18
6 8 11 25 32 34 42 48 49 50 54 63 64 65 67 78 83 87
14
1 6 20 31 34 36 55 63 67 72 73 91 92 95
22
4 6 8 12 17 23 26 33 39 41 46 54 56 61 70 71 82 88 93 98 99 100
26
1 2 5 12 14 16 24 36 38 45 47 50 53 57 61 65 70 72 73 74 76 82 84 87 91 98
30
1 6 7 8 10 11 14 18 21 23 24 32 33 37 39 43 45 48 50 52 53 54 56 58 59 75 76 79 92 98
20
8 10 13 14 20 22 30 37 38 41 42 54 60 71 72 73 76 78 89 99
16
2 11 17 18 26 27 29 35 41 53 60 62 83 85 93 98
13
3 16 17 19 24 37 47 51 55 59 78 84 92
30
4 6 8 13 20 22 24 25 26 31 33 45 46 50 53 55 56 58 59 62 65 73 77 88 89 92 93 96 98 100
27
8 15 16 17 23 25 26 28 30 33 35 39 47 48 50 53 57 60 63 66 67 74 81 82 88 89 97
10
17 25 39 54 63 67 75 78 81 96
19
6 15 17 18 20 23 25 29 55 56 60 61 68 71 74 87 88 91 93
25
1 5 12 16 21 28 36 45 47 49 51 52 56 58 65 67 69 70 73 78 82 85 86 97 99
20
8 12 14 18 19 26 35 36 54 56 58 60 68 70 80 83 85 94 96 99
19
2 17 25 26 28 37 45 47 53 61 66 70 71 73 77 82 98 99 100
21
3 6 7 8 18 21 24 26 32 39 45 49 51 52 58 63 72 77 79 85 90
22
10 11 21 26 30 34 42 43 53 54 59 60 64 65 66 67 69 75 79 86 88 93
34
6 9 12 16 19 26 29 38 39 40 41 42 43 44 47 49 50 52 55 56 60 64 65 66 76 78 80 81 83 85 87 90 94 97
21
3 4 11 19 30 36 38 47 52 53 61 68 69 79 80 84 91 95 96 97 99
15
1 23 29 33 41 42 50 56 69 71 76 77 86 91 94
21
2 6 16 17 18 23 34 43 44 47 53 63 64 72 74 75 76 80 82 90 98
17
6 8 18 20 31 36 43 44 49 57 63 64 71 86 90 92 96
23
1 3 7 8 12 13 19 22 26 33 34 41 56 68 73 75 76 78 87 88 92 96 98
27
2 8 9 12 22 24 40 46 54 58 63 70 71 72 73 74 76 81 82 84 90 91 92 93 95 98 100
