50 100
1.0 1.0 1.0 1.0 1.0 1.0 1.0 1.0 1.0 1.0 1.0 1.0 1.0 1.0 1.0 1.0 1.0 1.0 1.0 1.0 1.0 1.0 1.0 1.0 1.0 1.0 1.0 1.0 1.0 1.0 1.0 1.0 1.0 1.0 1.0 1.0 1.0 1.0 1.0 1.0 1.0 1.0 1.0 1.0 1.0 1.0 1.0 1.0 1.0 1.0 1.0 1.0 1.0 1.0 1.0 1.0 1.0 1.0 1.0 1.0 1.0 1.0 1.0 1.0 1.0 1.0 1.0 1.0 1.0 1.0 1.0 1.0 1.0 1.0 1.0 1.0 1.0 1.0 1.0 1.0 1.0 1.0 1.0 1.0 1.0 1.0 1.0 1.0 1.0 1.0 1.0 1.0 1.0 1.0 1.0 1.0 1.0 1.0 1.0 1.0
9
2 9 23 34 51 56 96 98 100
10
1 5 10 11 24 27 30 31 68 83
12
4 5 11 15 18 29 31 39 69 75 78 98
14
13 15 23 25 33 40 52 59 61 78 81 85 91 96
7
2 13 18 23 27 28 38
11
1 3 6 11 23 24 48 61 84 90 97
9
12 23 38 40 41 70 72 96 100
10
14 23 33 42 45 63 73 79 86 90
7
3 4 21 45 49 62 77
8
4 15 16 26 37 39 68 85
13
4 13 16 17 30 31 44 57 58 61 63 64 84
11
43 45 50 52 54 66 67 69 71 82 83
8
15 16 30 36 51 55 82 97
12
9 13 16 31 43 55 60 67 68 73 75 76
8
2 28 50 66 68 70 75 87
8
8 13 14 34 57 65 84 86
9
4 20 26 32 42 64 66 74 83
6
18 21 40 80 87 97
10
20 22 23 36 45 56 57 67 90 91
7
8 32 57 66 67 95 96
9
2 3 5 11 77 83 91 93 95
12
25 28 31 45 47 63 67 77 78 86 91 94
9
20 48 63 64 75 81 86 92 93
11
18 19 23 24 28 29 50 65 74 81 86
12
6 7 9 10 50 51 55 60 64 67 81 91
15
5 9 11 17 22 29 41 51 52 63 66 72 77 79 93
9
2 7 14 27 59 63 67 69 93
10
9 17 49 56 59 61 64 65 75 88
6
1 4 18 22 34 52
8
7 9 14 22 34 82 91 93
13
3 5 35 53 57 65 71 72 74 82 88 91 94
9
6 16 21 25 31 33 70 71 77
11
2 7 15 39 48 50 51 52 58 74 99
11
17 18 20 25 42 60 67 72 80 81 87
13
9 17 27 31 34 35 36 40 50 67 75 84 96
8
4 41 44 52 77 79 88 94
13
4 14 30 35 42 48 51 56 71 77 81 84 95
6
28 34 36 41 54 78
12
1 22 29 34 48 61 62 70 75 76 85 96
10
23 34 42 45 47 48 65 71 76 84
18
1 4 7 11 13 16 18 19 55 61 76 80 83 84 89 95 99 100
13
12 15 16 23 25 47 54 62 72 74 75 77 89
12
1 2 8 23 24 26 30 34 69 84 90 98
6
8 38 60 72 93 99
10
14 15 31 40 52 72 73 77 99 100
7
4 39 57 69 70 86 90
13
8 16 17 18 23 26 40 42 68 72 79 96 100
8
40 42 43 52 64 75 86 88
7
10 34 37 38 47 66 67
6
20 29 30 44 75 93
