50 100
1.0 1.0 1.0 1.0 1.0 1.0 1.0 1.0 1.0 1.0 1.0 1.0 1.0 1.0 1.0 1.0 1.0 1.0 1.0 1.0 1.0 1.0 1.0 1.0 1.0 1.0 1.0 1.0 1.0 1.0 1.0 1.0 1.0 1.0 1.0 1.0 1.0 1.0 1.0 1.0 1.0 1.0 1.0 1.0 1.0 1.0 1.0 1.0 1.0 1.0 1.0 1.0 1.0 1.0 1.0 1.0 1.0 1.0 1.0 1.0 1.0 1.0 1.0 1.0 1.0 1.0 1.0 1.0 1.0 1.0 1.0 1.0 1.0 1.0 1.0 1.0 1.0 1.0 1.0 1.0 1.0 1.0 1.0 1.0 1.0 1.0 1.0 1.0 1.0 1.0 1.0 1.0 1.0 1.0 1.0 1.0 1.0 1.0 1.0 1.0
13
1 9 11 16 21 36 48 49 50 53 65 74 91
10
3 9 43 44 47 52 61 69 85 92
15
8 19 40 42 48 54 56 61 62 71 75 81 92 93 95
11
4 20 24 31 35 41 50 75 78 91 95
11
2 17 26 45 54 59 64 72 84 92 97
5
15 43 77 94 97
8
7 10 44 45 46 52 59 69
12
2 21 24 26 32 36 39 46 56 64 77 96
12
1 11 15 36 44 59 62 74 92 96 98 99
11
19 33 44 49 68 71 81 93 97 98 99
15
4 5 12 21 24 27 41 49 54 66 73 79 88 92 96
7
37 38 49 55 59 64 96
2
83 87
10
8 21 39 64 69 75 80 88 90 96
9
10 16 21 31 65 70 76 79 80
13
11 16 19 27 47 65 69 76 82 87 89 94 96
9
3 13 25 27 34 52 55 62 98
11
4 9 21 25 31 32 36 40 55 59 93
8
19 24 32 38 40 71 73 100
5
21 31 53 64 83
9
14 36 40 65 66 71 79 90 91
9
24 31 37 39 40 64 65 69 96
10
2 16 19 33 44 51 56 66 87 98
10
3 12 21 34 39 42 49 66 84 98
12
5 34 36 51 52 53 59 63 64 89 90 94
9
43 50 60 64 68 69 72 92 95
9
2 5 30 32 52 56 80 86 96
11
24 36 48 56 57 61 66 69 89 92 96
10
4 19 23 24 25 31 46 48 49 94
10
2 40 51 53 56 72 73 78 83 90
11
2 12 22 25 38 52 55 70 71 85 99
6
33 37 55 58 68 71
10
7 16 26 34 50 51 71 76 77 82
11
4 8 20 24 28 36 39 44 52 61 64
5
2 15 18 33 62
13
2 8 14 16 18 36 40 54 59 67 82 83 84
12
14 18 27 37 42 43 52 84 86 88 96 98
4
64 70 74 98
9
30 41 43 48 52 61 90 95 100
4
29 30 76 98
6
31 40 51 58 67 82
12
6 12 16 24 41 43 52 62 83 85 94 95
8
2 7 15 44 52 60 68 69
12
1 18 24 36 49 62 69 71 78 81 88 92
13
15 18 30 37 53 55 57 73 77 78 81 91 96
8
1 15 16 21 35 39 47 64
11
2 11 30 43 55 58 60 66 77 78 93
8
6 16 20 29 35 71 83 85
5
17 40 47 60 76
16
1 13 38 50 54 57 59 62 64 78 79 80 83 86 87 88
