150 300
1.0 1.0 1.0 1.0 1.0 1.0 1.0 1.0 1.0 1.0 1.0 1.0 1.0 1.0 1.0 1.0 1.0 1.0 1.0 1.0 1.0 1.0 1.0 1.0 1.0 1.0 1.0 1.0 1.0 1.0 1.0 1.0 1.0 1.0 1.0 1.0 1.0 1.0 1.0 1.0 1.0 1.0 1.0 1.0 1.0 1.0 1.0 1.0 1.0 1.0 1.0 1.0 1.0 1.0 1.0 1.0 1.0 1.0 1.0 1.0 1.0 1.0 1.0 1.0 1.0 1.0 1.0 1.0 1.0 1.0 1.0 1.0 1.0 1.0 1.0 1.0 1.0 1.0 1.0 1.0 1.0 1.0 1.0 1.0 1.0 1.0 1.0 1.0 1.0 1.0 1.0 1.0 1.0 1.0 1.0 1.0 1.0 1.0 1.0 1.0 1.0 1.0 1.0 1.0 1.0 1.0 1.0 1.0 1.0 1.0 1.0 1.0 1.0 1.0 1.0 1.0 1.0 1.0 1.0 1.0 1.0 1.0 1.0 1.0 1.0 1.0 1.0 1.0 1.0 1.0 1.0 1.0 1.0 1.0 1.0 1.0 1.0 1.0 1.0 1.0 1.0 1.0 1.0 1.0 1.0 1.0 1.0 1.0 1.0 1.0 1.0 1.0 1.0 1.0 1.0 1.0 1.0 1.0 1.0 1.0 1.0 1.0 1.0 1.0 1.0 1.0 1.0 1.0 1.0 1.0 1.0 1.0 1.0 1.0 1.0 1.0 1.0 1.0 1.0 1.0 1.0 1.0 1.0 1.0 1.0 1.0 1.0 1.0 1.0 1.0 1.0 1.0 1.0 1.0 1.0 1.0 1.0 1.0 1.0 1.0 1.0 1.0 1.0 1.0 1.0 1.0 1.0 1.0 1.0 1.0 1.0 1.0 1.0 1.0 1.0 1.0 1.0 1.0 1.0 1.0 1.0 1.0 1.0 1.0 1.0 1.0 1.0 1.0 1.0 1.0 1.0 1.0 1.0 1.0 1.0 1.0 1.0 1.0 1.0 1.0 1.0 1.0 1.0 1.0 1.0 1.0 1.0 1.0 1.0 1.0 1.0 1.0 1.0 1.0 1.0 1.0 1.0 1.0 1.0 1.0 1.0 1.0 1.0 1.0 1.0 1.0 1.0 1.0 1.0 1.0 1.0 1.0 1.0 1.0 1.0 1.0 1.0 1.0 1.0 1.0 1.0 1.0 1.0 1.0 1.0 1.0 1.0 1.0 1.0 1.0 1.0 1.0 1.0 1.0 1.0 1.0 1.0 1.0 1.0 1.0
21
5 6 12 25 31 32 39 59 83 86 110 111 133 140 176 215 261 272 277 280 286
12
4 37 42 55 74 96 98 106 129 191 240 268
16
16 71 113 141 157 161 176 189 193 213 232 241 257 262 279 283
14
22 30 34 35 50 64 72 104 106 139 179 204 277 278
13
6 8 47 55 56 67 92 169 186 205 260 261 287
15
18 28 32 46 55 56 119 128 171 232 241 244 274 286 296
18
8 11 28 34 99 165 170 188 195 217 221 231 261 274 278 288 293 299
10
26 62 73 106 114 163 164 202 276 298
21
1 9 14 34 36 41 46 56 57 126 138 171 199 220 223 247 251 256 275 284 287
20
25 30 32 33 34 45 63 112 149 156 163 168 185 186 189 202 213 217 223 300
11
29 31 69 94 97 105 118 119 152 216 287
12
10 20 29 32 37 45 154 157 174 180 193 267
14
12 29 57 63 90 103 109 122 130 224 227 232 237 240
9
11 30 37 73 116 134 207 216 248
9
14 28 45 57 109 171 238 243 244
12
26 40 61 86 93 162 164 206 214 217 277 300
19
29 32 41 52 78 92 103 123 136 150 155 167 215 219 225 244 254 280 296
19
12 29 31 106 109 123 126 198 206 237 238 243 245 250 260 284 290 293 294
15
47 75 83 91 94 102 120 138 168 170 183 226 248 252 271
10
20 38 88 94 102 131 141 159 249 268
13
2 28 46 58 59 132 133 169 203 226 234 254 284
15
11 37 45 65 72 76 142 186 209 221 225 232 255 264 288
11
33 46 52 70 101 126 153 183 218 267 282
17
24 57 85 92 97 103 104 118 140 176 195 225 251 285 289 292 293
16
10 27 55 85 114 132 145 171 179 192 196 224 226 230 243 281
18
64 67 133 139 161 169 184 194 206 215 216 219 231 247 254 272 275 295
16
28 34 74 96 102 104 115 121 178 180 191 205 226 247 252 295
12
76 113 123 170 176 209 221 231 244 252 269 278
11
9 19 50 122 136 199 225 239 247 268 298
16
21 25 39 45 48 85 122 140 189 215 228 245 247 268 283 289
13
26 50 61 91 137 155 160 165 175 203 228 261 272
9
6 102 107 141 160 194 257 295 296
24
12 24 28 35 41 43 51 52 55 78 93 108 117 168 173 181 186 213 240 287 293 294 296 297
19
4 26 72 74 126 162 187 215 217 220 233 234 236 250 258 263 270 274 280
16
26 35 39 43 74 96 100 107 121 127 133 139 158 280 282 288
17
27 37 38 58 63 81 97 122 144 146 173 188 223 233 244 282 294
16
37 43 46 49 63 91 95 103 130 132 139 171 173 240 277 294
16
26 43 52 77 108 113 118 136 142 151 154 168 175 187 203 244
13
10 14 56 84 105 135 141 147 171 215 218 275 299
19
17 23 70 86 100 116 123 127 151 175 189 200 215 222 252 263 265 280 294
23
7 18 25 32 54 64 79 80 83 101 113 125 157 177 183 184 191 212 219 223 247 272 284
19
13 40 69 82 93 99 107 127 131 134 143 146 163 194 203 215 261 285 289
13
1 5 24 26 79 106 111 113 118 120 156 161 172
21
11 27 38 51 56 87 95 100 151 161 164 168 192 196 198 206 220 261 262 266 277
16
11 41 45 84 132 134 137 138 155 161 176 184 192 199 269 280
14
48 72 87 120 152 172 175 192 213 246 248 260 263 268
19
19 36 38 75 78 97 117 120 127 128 141 157 218 238 246 267 277 282 283
11
3 23 31 56 85 137 139 166 221 241 271
18
22 42 70 74 115 132 145 159 165 192 196 208 217 218 260 268 284 300
23
7 31 46 64 70 75 85 91 102 124 146 192 201 204 212 229 237 240 246 249 277 279 296
14
10 22 41 52 57 110 129 131 155 157 167 208 270 298
14
15 23 34 43 56 129 133 144 146 160 181 239 251 289
13
7 18 25 29 53 103 133 148 174 197 200 225 295
13
22 87 106 116 134 144 151 183 200 256 264 278 297
14
22 41 93 99 127 145 155 156 157 184 187 190 215 246
11
17 23 87 104 123 128 137 145 193 215 221
12
2 4 14 61 107 116 164 183 197 263 266 285
14
14 36 73 81 97 106 109 113 117 167 168 266 269 282
20
11 39 81 86 93 117 121 123 150 151 157 158 171 177 190 206 228 239 248 252
16
10 12 20 23 30 40 45 99 114 118 127 147 174 189 252 268
16
5 8 26 75 84 86 99 113 116 131 153 238 251 258 271 288
16
10 24 33 41 92 119 155 160 193 195 222 224 240 259 277 280
12
3 21 37 49 55 76 91 176 244 270 280 281
15
23 45 60 72 74 120 126 128 132 183 226 236 246 281 289
10
38 44 64 120 157 163 172 219 229 252
11
44 93 156 170 233 234 241 249 256 270 279
10
14 66 83 110 144 164 224 232 237 260
11
10 46 57 127 167 168 221 231 266 291 296
16
10 22 49 53 95 105 111 164 171 200 208 212 219 233 289 295
19
3 6 67 69 71 97 107 124 138 140 152 162 165 168 195 221 237 259 266
14
68 79 84 89 96 116 155 174 183 208 229 237 240 279
15
11 27 29 44 51 60 94 97 128 154 181 189 222 270 288
17
10 12 32 42 69 125 128 135 136 137 149 160 194 244 268 276 289
18
23 30 37 48 49 65 88 94 102 123 133 134 156 179 217 228 277 290
10
10 60 136 148 192 226 233 240 243 288
17
7 56 90 115 117 127 130 158 192 198 215 249 254 262 270 286 299
21
8 18 26 35 43 61 63 69 84 94 95 103 129 149 162 178 193 242 253 278 288
16
35 62 68 80 82 98 101 130 139 172 197 198 209 247 282 291
18
2 9 37 45 56 65 133 139 167 196 212 235 242 260 265 268 289 296
15
21 30 46 80 96 121 184 185 221 222 253 260 261 293 297
18
18 22 31 74 78 84 115 120 131 158 195 213 219 267 283 285 291 298
20
20 41 48 50 71 80 92 115 123 125 127 132 169 224 225 244 253 255 278 284
10
2 6 44 54 96 127 155 180 244 255
17
18 21 34 51 56 84 92 96 100 141 163 179 197 207 216 217 281
25
1 28 34 45 47 71 84 90 91 97 118 119 138 139 149 167 182 200 203 206 207 214 230 289 295
13
15 41 66 101 115 120 141 143 156 181 221 236 297
14
5 28 29 40 79 107 112 116 126 145 147 166 203 206
13
8 25 59 73 146 172 179 220 254 264 281 292 297
15
3 8 12 108 113 134 161 168 182 192 244 251 278 284 291
24
7 12 19 27 43 66 69 78 104 115 124 132 144 158 161 165 177 183 226 230 236 262 281 286
12
39 42 47 68 92 172 175 204 215 223 242 261
9
5 80 115 131 150 157 165 261 274
11
1 9 23 36 70 85 131 155 193 208 235
19
18 40 72 83 87 91 98 156 164 171 179 187 190 212 231 235 239 242 268
18
20 33 46 83 85 89 99 118 121 150 168 171 211 219 260 269 271 275
12
11 14 44 50 59 86 142 148 153 168 238 240
15
5 18 96 100 118 127 132 152 181 200 204 219 239 263 286
14
52 63 67 145 167 179 188 193 204 231 234 292 298 299
14
7 16 43 52 126 128 139 197 206 234 273 288 296 300
20
9 14 27 30 44 74 96 103 163 182 191 216 247 255 256 261 278 287 289 291
12
20 21 82 110 115 154 164 207 215 247 265 278
10
1 9 37 57 83 152 197 204 245 246
21
7 19 23 26 28 36 62 81 86 104 115 158 177 183 187 188 190 202 217 229 297
13
37 52 56 60 91 122 126 127 218 219 221 263 266
12
68 86 89 91 92 134 181 193 216 265 275 294
16
26 31 37 66 71 102 109 117 121 180 184 194 244 250 278 282
15
106 110 112 154 157 162 170 172 173 191 197 229 261 276 282
15
10 15 22 99 109 113 114 127 148 219 254 263 265 266 284
17
6 22 37 70 74 102 107 113 142 166 175 216 218 237 254 271 289
19
8 42 71 78 105 139 141 165 172 196 231 239 241 247 258 272 290 294 298
9
5 16 71 116 126 141 193 197 267
13
13 19 23 55 141 163 170 178 207 236 255 258 270
19
33 34 53 54 108 119 132 138 144 158 161 168 188 216 227 235 254 271 297
17
26 33 48 56 57 61 63 66 93 117 129 142 171 184 186 227 258
14
4 30 66 67 98 101 112 141 190 198 208 220 234 272
14
10 43 72 117 163 165 193 197 206 238 255 260 276 285
9
11 32 139 177 196 241 258 264 271
14
25 54 96 99 109 110 138 193 213 216 236 241 257 276
18
12 22 25 56 77 115 157 179 198 204 205 208 214 229 233 264 275 284
10
100 124 149 152 196 206 232 245 265 266
16
43 54 64 85 107 119 126 127 158 189 218 225 238 242 258 282
23
25 28 70 71 74 91 104 110 122 134 145 155 169 178 179 195 207 212 222 230 234 253 281
18
7 21 26 38 44 74 80 116 129 151 157 160 166 207 214 227 280 300
11
23 79 129 136 157 182 191 214 273 282 291
14
47 62 64 68 114 144 182 192 205 226 290 297 299 300
18
9 27 30 33 47 54 61 87 94 103 141 160 182 202 248 264 269 281
10
23 34 39 49 66 158 182 251 288 295
9
25 36 98 114 116 196 203 207 274
15
1 13 20 36 53 64 76 80 91 124 190 218 222 248 279
10
93 116 147 172 203 222 243 274 278 289
14
19 68 77 79 80 116 133 148 181 211 218 237 262 271
17
33 40 50 60 63 67 79 116 128 184 228 233 234 240 245 264 277
14
19 34 54 66 89 102 126 128 141 156 206 219 236 249
13
27 94 102 120 133 149 160 200 206 207 214 261 282
16
64 123 125 140 174 185 228 229 232 233 244 256 262 265 279 286
11
3 42 47 48 76 115 175 261 271 297 299
16
7 23 45 62 71 74 114 122 153 167 188 195 209 246 250 260
13
15 24 41 49 56 63 108 181 225 227 249 258 295
17
2 19 46 74 76 84 90 106 129 146 162 166 187 217 239 251 264
10
11 52 100 108 117 132 168 212 282 284
12
12 30 63 162 168 180 181 210 213 235 245 269
12
3 80 88 116 145 154 156 174 202 216 248 260
13
90 91 119 124 128 171 197 198 247 250 259 264 281
18
6 8 29 31 40 42 58 63 69 101 104 127 139 190 195 209 250 291
17
6 7 8 32 33 37 41 72 109 138 144 167 183 185 191 218 225
13
5 6 78 86 88 101 120 179 194 205 229 243 276
9
44 64 65 132 168 202 220 265 281
17
20 25 38 52 56 57 71 84 133 163 200 209 223 241 243 253 276
17
28 43 62 90 95 97 153 159 172 187 198 232 263 276 285 290 295
19
4 11 28 32 38 39 46 57 77 84 85 102 113 116 131 167 208 236 293
