100 200
1.0 1.0 1.0 1.0 1.0 1.0 1.0 1.0 1.0 1.0 1.0 1.0 1.0 1.0 1.0 1.0 1.0 1.0 1.0 1.0 1.0 1.0 1.0 1.0 1.0 1.0 1.0 1.0 1.0 1.0 1.0 1.0 1.0 1.0 1.0 1.0 1.0 1.0 1.0 1.0 1.0 1.0 1.0 1.0 1.0 1.0 1.0 1.0 1.0 1.0 1.0 1.0 1.0 1.0 1.0 1.0 1.0 1.0 1.0 1.0 1.0 1.0 1.0 1.0 1.0 1.0 1.0 1.0 1.0 1.0 1.0 1.0 1.0 1.0 1.0 1.0 1.0 1.0 1.0 1.0 1.0 1.0 1.0 1.0 1.0 1.0 1.0 1.0 1.0 1.0 1.0 1.0 1.0 1.0 1.0 1.0 1.0 1.0 1.0 1.0 1.0 1.0 1.0 1.0 1.0 1.0 1.0 1.0 1.0 1.0 1.0 1.0 1.0 1.0 1.0 1.0 1.0 1.0 1.0 1.0 1.0 1.0 1.0 1.0 1.0 1.0 1.0 1.0 1.0 1.0 1.0 1.0 1.0 1.0 1.0 1.0 1.0 1.0 1.0 1.0 1.0 1.0 1.0 1.0 1.0 1.0 1.0 1.0 1.0 1.0 1.0 1.0 1.0 1.0 1.0 1.0 1.0 1.0 1.0 1.0 1.0 1.0 1.0 1.0 1.0 1.0 1.0 1.0 1.0 1.0 1.0 1.0 1.0 1.0 1.0 1.0 1.0 1.0 1.0 1.0 1.0 1.0 1.0 1.0 1.0 1.0 1.0 1.0 1.0 1.0 1.0 1.0 1.0 1.0 1.0 1.0 1.0 1.0 1.0 1.0
13
57 65 77 114 122 127 138 142 151 168 186 194 197
6
25 29 48 160 167 174
9
35 39 44 60 78 140 166 169 197
6
26 45 49 110 162 179
14
5 12 31 41 48 64 91 99 100 111 131 135 146 171
8
4 29 47 130 147 160 168 175
8
13 14 49 51 75 78 132 149
15
3 17 25 57 70 95 100 106 132 142 151 153 175 186 190
11
5 23 24 33 79 86 97 105 108 119 156
7
39 41 100 114 134 140 164
13
3 18 26 34 72 78 84 87 101 109 140 145 177
26
8 11 18 32 36 51 59 63 70 71 72 76 80 82 100 105 124 148 162 163 168 170 182 189 190 191
9
5 24 48 88 119 147 172 189 194
8
13 55 72 165 169 190 194 196
6
2 25 38 49 67 192
10
2 16 22 38 67 103 123 132 159 184
7
16 42 44 89 98 150 199
11
6 15 25 54 78 110 123 134 162 167 197
10
39 76 95 99 106 113 121 140 175 194
11
10 26 49 85 126 155 169 178 182 195 200
15
16 18 28 61 64 131 136 150 157 171 175 177 180 181 186
11
34 63 64 71 83 119 126 128 136 153 163
10
14 30 55 90 123 143 172 180 184 191
4
30 82 154 193
6
13 30 71 148 151 166
11
26 29 31 51 52 82 96 112 131 147 200
16
30 47 61 67 69 74 82 87 106 111 113 171 173 179 180 193
9
8 40 52 67 85 130 132 155 191
6
16 58 68 176 187 191
7
24 54 61 127 153 157 184
16
19 20 27 51 54 57 64 68 82 102 130 161 174 175 188 189
12
25 37 40 41 46 77 80 112 137 162 193 196
9
9 15 26 37 41 85 100 119 162
10
18 52 97 101 138 141 146 167 171 174
12
24 26 42 44 66 72 76 103 118 132 190 194
14
15 47 56 58 101 120 126 143 146 152 155 170 171 175
10
22 42 49 63 81 87 97 117 133 184
13
7 24 38 39 52 53 60 65 77 86 98 131 176
14
20 34 69 88 94 100 107 119 126 130 142 165 175 193
12
4 50 64 89 106 113 127 141 155 160 162 186
8
22 44 65 69 80 89 105 185
3
103 120 192
5
13 89 102 138 189
11
5 13 20 36 71 90 98 104 161 166 178
13
8 10 15 17 59 77 109 133 158 159 160 166 198
6
56 126 150 156 177 199
6
14 58 108 112 116 138
10
24 34 82 92 110 111 156 172 176 193
7
82 86 94 95 137 139 179
7
51 81 91 100 148 176 198
8
31 91 97 102 118 145 147 173
13
12 13 15 21 23 27 32 37 54 72 122 162 191
10
58 66 101 107 117 124 136 148 160 200
15
15 74 76 82 110 116 137 142 147 154 161 168 191 193 199
10
39 57 98 100 130 135 151 175 182 194
9
15 44 63 65 85 91 127 143 174
8
7 16 56 58 89 114 136 163
11
23 53 72 86 113 123 128 135 157 176 193
15
3 7 8 16 19 44 45 74 110 130 139 140 158 176 180
9
5 15 22 47 68 117 128 133 188
7
58 65 76 89 102 138 184
18
3 7 12 19 28 63 91 93 104 123 133 137 153 161 166 173 180 194
7
22 80 99 108 140 157 173
7
3 78 93 110 121 136 141
8
33 50 76 85 101 160 185 190
9
14 38 40 63 75 91 139 165 183
10
1 8 53 76 114 144 146 164 169 179
11
17 23 30 55 63 71 89 130 175 182 198
11
8 21 27 28 55 61 62 76 113 128 196
10
23 33 48 61 71 102 106 109 158 185
5
25 82 141 153 171
13
38 43 44 51 57 61 62 74 123 130 134 175 184
9
1 6 14 52 110 116 119 139 160
9
13 84 91 116 117 120 136 162 172
11
7 20 30 96 97 140 145 164 171 173 177
9
74 84 93 99 147 159 163 183 196
7
34 77 107 110 140 155 175
11
6 27 32 81 86 95 118 143 175 181 191
9
1 6 55 69 73 82 95 127 148
17
9 34 35 56 58 79 86 91 96 106 122 124 136 166 181 189 191
5
18 59 62 163 170
6
27 49 59 101 141 157
7
34 55 80 101 107 151 200
6
16 71 101 115 194 195
8
9 20 46 72 84 95 113 167
7
5 12 45 53 107 128 154
15
10 25 28 33 34 38 46 83 88 103 109 125 170 191 196
14
10 35 82 84 104 113 138 140 159 162 166 180 183 187
11
22 23 27 38 90 96 99 115 133 143 191
15
9 11 19 23 66 75 79 82 88 130 134 140 181 191 196
8
28 33 42 103 107 132 134 150
7
8 16 78 93 106 152 182
9
34 57 92 104 105 155 164 184 191
6
32 35 131 141 158 196
6
17 41 50 61 70 162
4
34 64 82 116
11
14 30 34 47 62 85 94 136 147 174 176
10
8 38 42 73 95 98 99 105 171 178
5
41 105 135 166 183
13
20 59 88 90 91 104 114 148 158 162 170 183 189
