150 300
1.0 1.0 1.0 1.0 1.0 1.0 1.0 1.0 1.0 1.0 1.0 1.0 1.0 1.0 1.0 1.0 1.0 1.0 1.0 1.0 1.0 1.0 1.0 1.0 1.0 1.0 1.0 1.0 1.0 1.0 1.0 1.0 1.0 1.0 1.0 1.0 1.0 1.0 1.0 1.0 1.0 1.0 1.0 1.0 1.0 1.0 1.0 1.0 1.0 1.0 1.0 1.0 1.0 1.0 1.0 1.0 1.0 1.0 1.0 1.0 1.0 1.0 1.0 1.0 1.0 1.0 1.0 1.0 1.0 1.0 1.0 1.0 1.0 1.0 1.0 1.0 1.0 1.0 1.0 1.0 1.0 1.0 1.0 1.0 1.0 1.0 1.0 1.0 1.0 1.0 1.0 1.0 1.0 1.0 1.0 1.0 1.0 1.0 1.0 1.0 1.0 1.0 1.0 1.0 1.0 1.0 1.0 1.0 1.0 1.0 1.0 1.0 1.0 1.0 1.0 1.0 1.0 1.0 1.0 1.0 1.0 1.0 1.0 1.0 1.0 1.0 1.0 1.0 1.0 1.0 1.0 1.0 1.0 1.0 1.0 1.0 1.0 1.0 1.0 1.0 1.0 1.0 1.0 1.0 1.0 1.0 1.0 1.0 1.0 1.0 1.0 1.0 1.0 1.0 1.0 1.0 1.0 1.0 1.0 1.0 1.0 1.0 1.0 1.0 1.0 1.0 1.0 1.0 1.0 1.0 1.0 1.0 1.0 1.0 1.0 1.0 1.0 1.0 1.0 1.0 1.0 1.0 1.0 1.0 1.0 1.0 1.0 1.0 1.0 1.0 1.0 1.0 1.0 1.0 1.0 1.0 1.0 1.0 1.0 1.0 1.0 1.0 1.0 1.0 1.0 1.0 1.0 1.0 1.0 1.0 1.0 1.0 1.0 1.0 1.0 1.0 1.0 1.0 1.0 1.0 1.0 1.0 1.0 1.0 1.0 1.0 1.0 1.0 1.0 1.0 1.0 1.0 1.0 1.0 1.0 1.0 1.0 1.0 1.0 1.0 1.0 1.0 1.0 1.0 1.0 1.0 1.0 1.0 1.0 1.0 1.0 1.0 1.0 1.0 1.0 1.0 1.0 1.0 1.0 1.0 1.0 1.0 1.0 1.0 1.0 1.0 1.0 1.0 1.0 1.0 1.0 1.0 1.0 1.0 1.0 1.0 1.0 1.0 1.0 1.0 1.0 1.0 1.0 1.0 1.0 1.0 1.0 1.0 1.0 1.0 1.0 1.0 1.0 1.0 1.0 1.0 1.0 1.0 1.0 1.0
50
2 7 9 17 21 24 35 42 46 48 63 69 75 77 78 92 93 105 110 117 119 127 130 131 133 142 144 149 153 160 161 169 170 187 189 195 200 208 210 219 221 224 230 231 236 244 247 251 257 269
58
8 15 17 21 29 31 34 36 54 57 59 65 66 69 76 79 82 87 92 105 106 107 125 128 129 130 134 140 142 145 158 160 173 179 182 193 194 196 199 211 213 222 225 232 237 247 250 254 256 267 277 281 282 289 293 295 299 300
59
8 16 35 38 47 49 56 61 64 76 78 79 87 89 96 97 108 114 117 119 124 128 131 138 139 143 149 150 153 155 156 157 161 164 173 177 179 188 192 193 195 200 204 207 210 211 213 215 221 227 247 249 256 261 263 273 281 284 297
67
2 19 22 23 29 30 35 46 47 50 58 59 62 63 66 68 82 90 92 96 101 103 104 106 110 112 117 119 123 125 127 128 130 131 132 135 137 141 143 151 186 196 199 206 208 209 221 225 226 227 228 231 235 236 242 250 253 263 268 269 270 276 281 283 284 289 299
55
1 2 3 6 10 14 29 40 42 48 58 60 64 66 68 76 80 81 83 89 91 92 98 100 101 113 128 131 135 141 142 152 154 160 162 164 176 178 184 186 209 217 220 244 245 246 247 249 253 256 258 267 279 286 290
68
7 9 10 13 15 21 22 40 44 49 51 52 64 68 78 79 82 83 87 88 98 107 115 116 118 130 131 133 134 136 142 150 152 153 154 155 159 165 170 174 175 178 188 192 197 204 207 209 214 215 221 227 230 244 250 252 255 259 263 264 266 267 271 279 281 287 290 296
60
2 4 6 13 19 27 29 32 48 49 52 58 78 80 81 87 93 95 107 113 120 126 129 130 133 140 145 148 149 167 168 172 174 178 186 187 190 191 195 201 202 203 208 220 225 226 231 249 257 263 264 265 272 275 276 281 283 284 295 299
57
8 18 20 28 39 53 54 69 73 75 78 83 85 90 99 104 105 114 115 124 135 142 144 146 148 152 154 155 163 164 167 174 178 185 191 192 193 198 200 204 208 210 214 215 223 230 240 243 245 256 262 274 285 293 296 298 300
60
1 6 7 9 13 17 31 36 40 41 47 49 50 53 57 61 62 66 67 75 82 83 85 87 89 100 103 113 120 124 130 151 152 158 162 166 183 187 194 200 201 204 211 214 216 217 225 226 231 237 242 258 259 260 263 264 287 289 290 297
67
7 12 16 17 22 24 25 28 31 32 34 39 46 47 50 54 56 58 59 63 64 68 74 76 80 82 86 89 100 102 110 123 131 144 145 151 153 156 158 159 161 162 167 168 171 173 174 175 187 191 194 204 211 212 214 236 256 257 259 261 265 278 279 285 287 290 298
57
1 7 11 19 24 36 37 39 49 50 54 55 59 60 63 72 74 81 85 86 88 90 91 95 99 105 121 128 130 133 135 151 152 163 166 170 174 178 197 218 220 221 229 238 245 252 262 271 273 274 283 286 287 289 290 294 298
53
1 6 15 25 33 35 36 38 40 42 46 59 61 65 68 75 79 87 88 91 94 101 103 115 119 137 138 143 148 169 172 176 198 202 204 206 212 213 235 237 239 241 259 266 267 271 273 274 278 279 285 292 299
71
4 6 8 12 13 16 17 20 22 24 26 40 41 44 46 49 54 63 65 67 75 86 90 94 95 96 103 105 107 113 118 120 121 122 127 130 142 145 146 151 152 154 158 171 184 185 190 191 194 198 199 200 212 227 229 232 237 238 240 247 249 255 264 272 273 274 275 276 288 293 299
66
2 6 7 22 27 29 30 32 33 39 43 54 60 62 66 76 77 91 92 93 111 113 120 125 128 133 141 144 146 147 149 151 152 155 159 162 170 172 174 184 186 187 199 204 207 210 217 218 219 220 221 226 242 244 265 270 271 272 273 277 281 283 285 289 293 299
57
1 4 15 23 25 30 40 48 51 55 60 66 67 68 75 79 81 91 92 98 102 118 119 120 130 146 148 149 157 161 162 163 170 172 176 187 195 198 204 208 209 219 231 232 234 237 247 254 259 260 263 265 270 273 278 293 298
51
5 15 24 48 50 51 52 66 70 71 72 83 84 85 86 101 103 104 106 110 114 147 154 164 169 172 175 177 185 187 189 190 197 198 200 209 213 216 217 225 240 241 248 250 253 254 272 279 280 293 297
54
12 21 29 32 44 59 60 64 85 90 94 102 113 114 116 122 124 126 133 136 137 138 144 148 149 150 156 160 163 170 180 184 192 198 203 204 207 210 215 220 227 233 245 247 257 260 263 279 281 285 287 294 295 300
72
4 11 25 35 39 45 48 57 67 72 76 78 82 84 89 90 93 99 101 110 113 116 126 132 138 139 140 145 146 157 158 164 173 175 176 177 178 181 185 189 193 196 200 209 216 217 219 221 225 226 227 228 229 231 232 236 237 242 243 247 248 252 257 263 265 266 267 272 280 287 294 297
67
16 23 24 30 32 42 52 54 58 61 72 80 83 90 93 98 99 101 104 112 115 119 123 124 125 128 143 145 151 157 159 166 170 171 179 181 182 190 191 193 194 195 200 207 217 221 222 225 227 238 242 245 246 251 252 256 260 269 273 277 278 282 284 291 297 298 300
61
9 18 21 22 23 33 40 48 52 68 69 70 72 82 86 91 103 108 112 114 121 134 143 146 149 156 160 166 167 170 173 178 182 186 188 193 201 203 205 208 210 215 216 221 224 233 237 238 247 248 249 252 258 262 266 277 290 292 294 297 298
68
1 3 8 19 22 27 33 35 40 44 55 56 60 62 64 68 69 73 81 83 86 97 98 101 111 114 123 127 128 129 130 131 132 134 151 153 155 157 158 159 160 163 165 170 195 198 203 204 209 213 214 219 222 223 228 230 232 233 240 244 249 250 258 271 272 280 281 291
57
6 7 10 24 39 42 54 62 64 68 71 78 94 95 97 98 99 102 115 117 118 126 129 130 131 138 141 147 148 159 163 171 173 183 186 206 210 211 212 215 219 221 227 237 242 244 246 251 254 260 263 266 267 272 273 282 293
61
3 4 15 20 21 22 24 28 32 34 57 59 60 66 71 73 79 83 84 91 95 104 111 117 126 128 132 134 136 137 140 142 146 149 154 165 166 174 177 182 185 187 189 191 197 198 202 208 227 229 232 234 236 249 263 268 269 276 279 294 295
59
4 31 37 42 44 49 52 61 66 71 75 76 85 88 92 95 98 102 106 113 117 119 121 122 125 137 139 143 144 147 151 153 154 159 180 189 191 192 194 195 199 207 208 213 222 227 232 242 255 262 265 273 277 285 287 289 293 297 300
61
5 11 16 19 21 25 28 31 38 40 43 44 47 57 59 60 68 73 81 85 88 90 91 92 101 103 111 113 130 131 132 145 153 156 162 168 178 185 192 193 203 208 211 218 222 223 231 237 238 240 260 264 270 271 278 280 283 291 295 296 300
59
3 6 15 16 21 26 27 29 56 61 64 66 68 70 72 75 76 86 91 97 99 100 108 109 110 111 118 130 137 141 144 150 161 163 164 167 170 172 173 174 179 180 187 192 214 215 227 231 237 249 255 257 266 271 276 279 285 286 289
56
5 7 27 34 35 41 46 55 56 59 60 73 80 82 84 85 111 118 123 126 129 144 150 152 157 163 167 168 171 176 179 184 186 188 193 194 200 201 207 208 213 222 230 233 234 236 243 250 251 252 257 262 271 287 292 295
67
9 13 15 19 23 26 32 34 38 42 44 45 47 48 53 54 58 59 61 66 69 71 72 76 89 94 117 122 124 128 134 136 137 138 140 141 143 149 154 163 169 172 175 179 198 199 201 205 207 226 233 242 244 254 257 258 263 269 281 283 284 285 286 287 291 292 297
58
2 3 9 22 29 35 46 50 52 56 63 72 73 74 77 91 97 103 108 110 114 121 125 126 128 130 136 149 150 163 170 172 176 178 182 200 201 205 206 208 212 217 218 224 227 238 248 250 251 260 268 271 273 275 276 292 293 295
57
2 4 6 11 22 29 32 38 42 47 52 55 56 61 68 70 71 79 80 83 106 108 109 120 134 137 146 152 156 165 170 171 176 183 195 196 197 198 199 201 214 222 224 227 230 234 239 245 247 250 251 267 270 274 278 289 297
62
1 2 4 6 8 16 23 25 30 36 44 54 57 59 66 69 79 80 83 84 87 93 102 107 108 118 129 135 138 139 157 162 168 175 179 180 199 201 202 209 210 213 217 225 226 227 228 236 239 242 245 258 268 270 275 278 282 283 284 286 296 299
57
12 16 18 19 22 23 25 27 28 30 31 34 36 50 51 53 55 66 68 89 99 102 103 104 117 120 126 134 139 143 144 146 153 155 161 162 164 170 188 198 208 210 212 213 214 218 233 237 241 249 253 265 272 278 279 292 294
51
1 5 9 10 18 27 34 35 42 49 65 74 76 78 87 98 101 112 113 126 127 132 133 137 142 144 149 157 158 159 165 170 171 173 177 178 191 192 215 226 228 233 262 265 267 268 271 275 276 286 293
63
21 24 27 34 40 42 45 49 50 51 58 67 68 75 79 80 82 85 88 90 101 102 103 110 114 118 128 146 148 152 158 164 169 170 173 175 176 179 181 187 190 193 194 200 205 206 207 209 210 212 217 220 226 239 255 258 263 265 270 274 275 277 300
65
8 11 12 14 22 28 29 30 40 41 50 54 58 69 72 78 79 80 86 89 93 94 98 104 115 119 121 122 127 133 140 151 158 168 173 175 177 189 193 194 199 200 204 205 209 211 214 216 219 223 229 230 240 243 255 256 259 263 273 274 291 293 296 299 300
57
1 4 5 6 7 14 15 16 27 30 31 35 52 56 66 67 98 99 101 105 117 119 123 126 130 136 137 138 143 145 147 149 165 166 167 190 193 195 211 214 217 218 220 222 223 226 233 235 238 239 248 250 257 263 264 267 290
56
5 7 9 10 17 18 20 35 37 38 43 53 55 56 59 67 71 73 75 84 101 104 107 109 115 125 129 133 137 145 154 161 175 180 189 190 193 200 208 212 215 217 218 220 229 234 241 242 244 247 259 269 278 283 285 296
61
2 6 10 23 25 32 50 52 54 59 64 70 72 74 81 85 94 96 101 102 108 113 115 123 133 139 145 149 152 161 173 174 179 193 194 196 198 203 206 209 214 217 229 231 237 243 255 269 272 273 274 275 277 280 282 283 286 290 293 297 298
60
19 21 25 39 41 43 45 47 49 51 57 58 68 72 74 77 79 94 95 103 104 106 111 118 124 126 132 141 143 145 150 152 158 162 171 172 177 179 181 191 195 198 199 212 215 222 226 228 230 231 235 240 256 261 264 272 290 292 298 300
60
1 22 25 29 34 43 69 70 72 79 80 84 86 93 103 107 112 120 130 134 135 137 139 141 154 160 162 166 168 187 188 190 191 197 204 208 210 214 220 221 230 234 235 239 240 246 248 251 252 253 257 258 260 262 263 275 282 290 295 297
59
3 18 25 33 37 39 40 69 73 74 76 79 80 86 97 104 110 125 131 142 147 150 159 170 173 189 192 198 199 200 202 207 209 210 215 220 221 222 223 224 225 233 234 239 247 249 250 254 256 260 266 275 276 284 285 290 292 295 296
52
3 8 16 20 26 27 29 31 40 42 56 58 59 66 68 70 77 89 112 114 116 134 139 153 161 170 172 174 179 186 191 192 202 205 210 215 222 229 236 241 242 245 250 252 254 258 260 265 268 272 286 300
67
2 13 14 19 21 22 26 34 35 36 43 48 50 51 52 55 58 65 69 77 78 89 90 93 94 96 99 100 101 102 113 114 117 121 124 127 129 130 131 132 137 139 148 149 178 181 185 186 187 194 201 204 208 214 223 229 232 233 241 258 260 267 270 286 291 295 297
57
4 5 6 12 16 18 19 23 34 38 42 44 46 49 63 69 71 76 90 102 108 120 123 128 130 131 133 137 139 142 143 144 145 179 183 189 194 201 216 217 220 236 239 250 251 253 258 261 262 263 276 278 279 287 288 289 295
54
11 12 22 25 28 33 38 50 52 56 60 62 64 78 95 99 102 109 112 124 128 141 156 157 166 167 168 176 177 180 185 187 189 192 204 212 217 223 232 238 241 245 246 256 264 268 271 273 277 279 286 295 296 299
65
1 2 5 7 12 21 33 36 39 42 44 45 54 57 70 73 79 81 83 87 90 94 96 97 106 114 115 116 120 122 123 124 132 134 144 145 159 160 161 162 164 166 167 173 183 190 199 204 208 209 213 219 233 236 242 252 256 259 264 274 275 279 288 290 298
56
1 4 13 19 20 23 26 27 35 36 43 47 58 62 67 78 85 117 121 126 127 130 134 135 138 152 159 163 167 171 174 175 177 184 191 199 203 207 209 212 217 220 224 229 235 246 247 255 256 259 267 279 282 288 297 300
61
2 6 15 17 26 30 35 37 40 46 53 58 62 68 69 77 79 86 95 97 100 104 106 107 111 113 114 115 126 129 133 143 149 167 179 185 187 199 204 206 213 215 229 232 234 235 239 241 242 243 246 258 262 264 267 279 281 286 292 293 294
58
15 18 22 24 25 36 39 42 49 59 64 68 69 75 81 85 98 108 118 119 121 122 124 127 131 134 138 150 154 161 169 171 176 184 192 198 201 206 213 218 220 221 223 238 241 259 260 262 266 276 284 287 288 289 291 294 297 300
52
1 7 16 17 20 25 27 34 44 46 58 62 63 66 67 70 83 93 95 98 99 101 116 121 124 130 131 134 154 157 165 171 181 192 193 205 207 220 225 227 230 232 244 245 257 263 266 271 272 277 288 299
64
8 9 11 16 20 22 24 28 31 36 42 44 51 56 59 64 65 69 70 74 75 77 84 91 94 96 97 101 104 107 110 113 115 119 121 137 139 144 145 153 159 164 167 171 172 177 181 190 193 196 208 215 216 221 225 241 244 245 247 261 262 275 276 286
52
2 11 16 20 24 26 29 40 43 44 47 55 57 64 68 69 73 75 77 87 90 102 110 119 121 134 136 142 147 165 167 176 189 193 200 202 203 215 217 221 223 225 226 230 238 245 246 248 275 287 289 297
54
6 11 19 25 30 33 39 45 62 70 77 79 86 96 100 103 105 109 117 119 129 130 140 144 148 149 152 153 154 160 168 169 173 174 177 181 189 201 226 229 230 233 237 242 249 251 256 261 282 286 294 296 297 298
71
8 10 11 21 27 30 33 36 46 47 49 51 54 63 65 66 70 75 76 77 80 83 92 93 102 106 109 123 125 126 128 133 136 139 140 141 143 147 149 150 153 156 162 164 165 179 180 185 188 195 204 210 215 217 222 226 229 232 239 240 253 259 262 269 273 287 289 294 296 297 299
67
3 6 7 14 16 19 21 41 42 43 48 55 56 57 58 72 75 76 80 89 108 110 111 125 129 131 132 136 144 145 148 154 160 162 165 167 168 171 173 177 187 190 201 203 204 213 222 224 240 241 244 249 250 251 259 261 263 264 265 266 267 276 279 285 288 294 300
82
1 9 13 15 19 21 22 26 30 35 36 37 38 41 43 44 50 53 54 55 60 62 66 67 68 71 74 77 81 82 95 114 116 118 119 124 125 129 131 135 144 149 158 159 161 166 167 169 175 178 180 183 186 188 190 194 202 207 208 213 220 223 225 229 230 231 232 237 239 254 262 263 265 267 268 274 276 278 279 283 294 295
50
2 13 36 37 38 70 98 100 103 104 108 111 114 119 120 129 134 141 143 152 155 158 161 168 170 173 176 199 205 207 218 219 223 224 227 228 232 238 246 248 249 250 257 264 274 282 283 285 286 296
60
10 21 31 42 52 53 57 60 61 62 75 76 84 86 87 100 101 103 106 113 114 117 119 126 131 143 148 150 153 158 165 167 173 174 182 190 191 192 200 202 206 213 219 232 243 247 248 251 255 259 260 261 265 268 274 283 292 293 295 299
58
1 4 10 12 17 26 28 32 42 62 64 65 67 75 81 84 86 88 89 91 102 103 106 113 116 120 121 127 132 135 147 149 158 166 170 191 192 193 195 198 206 209 218 219 224 230 231 237 241 242 249 255 272 280 284 288 291 295
56
2 10 15 16 17 28 35 41 45 52 61 65 66 70 71 74 75 76 79 93 96 98 101 117 120 140 148 152 153 158 167 169 175 177 178 179 181 184 186 201 212 216 224 232 237 239 255 261 265 266 268 272 280 288 291 294
55
5 7 12 26 36 41 50 51 52 53 54 56 59 63 69 75 77 80 81 100 106 112 114 116 119 122 124 127 128 141 147 159 175 178 180 181 184 186 193 198 200 201 203 212 216 226 228 231 240 246 269 271 272 282 294
67
1 3 5 6 13 23 25 28 29 38 41 44 45 47 49 53 63 71 75 87 89 90 91 92 96 97 98 110 112 115 120 124 129 134 138 140 142 143 148 154 157 160 168 172 175 178 179 181 182 187 193 194 202 203 228 233 235 242 246 248 250 259 261 275 285 294 299
59
1 4 20 25 29 30 36 46 57 61 62 65 67 69 74 77 79 100 102 103 104 106 107 116 117 119 129 133 135 141 143 150 165 166 169 177 179 185 193 201 210 213 217 231 232 238 239 247 250 254 257 258 264 268 270 272 275 295 299
64
15 24 25 40 41 42 43 45 52 60 65 66 70 74 81 90 94 97 98 103 110 112 116 119 137 140 147 149 150 151 156 168 170 175 177 188 190 191 192 193 201 207 210 215 216 228 232 237 241 243 249 252 255 260 262 267 274 275 283 285 286 292 298 299
59
1 5 9 11 14 29 31 37 41 48 55 57 58 62 64 70 72 78 82 83 85 86 88 97 98 99 107 110 112 122 125 136 142 148 163 165 170 178 181 185 192 197 201 202 214 219 224 225 226 240 243 247 259 269 273 275 278 282 295
57
1 4 9 14 25 35 40 44 53 55 57 59 63 65 79 85 95 96 107 110 113 115 116 121 122 133 143 144 148 158 160 162 166 180 191 192 205 207 209 210 217 220 227 228 234 235 242 244 247 248 256 258 270 274 290 294 298
50
2 4 24 33 41 52 53 58 59 71 81 86 89 92 93 102 105 110 111 113 138 145 150 152 155 167 168 175 178 189 190 202 204 218 219 226 239 243 245 260 261 264 266 267 268 269 276 280 294 298
55
1 6 8 10 15 25 30 31 36 40 41 46 51 63 76 81 96 97 101 104 109 114 115 119 123 124 139 163 170 173 177 178 179 182 194 195 199 201 206 208 213 228 238 242 244 247 248 253 262 271 272 279 283 286 290
59
5 16 27 29 31 40 45 47 49 51 63 65 89 91 97 98 107 115 117 125 135 136 138 142 143 149 155 158 162 166 169 184 190 196 202 206 208 209 221 222 223 236 248 250 251 252 253 257 264 272 273 276 279 292 294 296 297 298 299
59
3 9 12 14 21 23 28 41 43 44 50 59 60 61 65 72 75 80 81 83 86 87 94 96 98 100 106 108 109 110 112 124 125 130 136 138 143 146 158 163 164 173 176 177 187 191 193 194 215 218 222 232 247 258 270 281 294 298 300
49
8 13 15 16 17 18 26 28 41 51 57 59 61 73 75 81 86 91 98 106 108 110 115 120 126 131 133 143 164 175 189 193 205 209 214 221 226 230 231 237 241 243 252 268 270 276 280 282 286
64
2 3 4 6 10 11 13 20 24 27 30 38 44 45 46 49 52 53 68 90 94 98 118 119 128 134 142 145 148 149 153 154 158 159 161 165 167 178 184 191 196 202 204 211 213 214 223 230 232 235 236 239 242 244 245 252 254 257 269 273 280 282 295 297
59
6 7 8 9 12 13 19 28 29 34 35 44 50 51 58 60 63 65 98 100 106 107 108 117 120 140 144 151 152 156 170 173 175 179 184 185 189 193 204 213 216 229 234 237 238 240 247 251 252 257 263 264 266 267 269 276 285 293 294
66
4 6 13 14 21 23 24 36 37 39 45 52 54 57 58 60 61 64 67 71 75 80 88 99 103 104 105 106 117 122 124 132 134 135 136 141 142 145 151 153 157 163 165 176 188 189 197 199 201 205 209 211 212 217 219 221 225 242 244 255 258 259 263 266 279 282
68
6 7 12 13 19 28 31 39 42 47 50 52 55 58 63 67 68 71 76 85 90 94 98 119 122 123 125 136 138 139 146 154 160 161 162 164 173 178 179 181 184 185 186 187 198 202 206 208 211 213 223 228 233 234 239 267 268 271 274 280 285 286 289 291 292 293 294 295
66
7 11 20 25 44 45 50 54 55 62 67 70 73 74 76 79 82 89 92 102 104 108 109 114 116 120 123 127 130 140 143 145 150 152 162 166 168 170 172 174 178 188 191 192 198 199 203 205 206 211 225 231 234 235 236 242 248 252 263 268 273 276 280 281 284 299
69
4 8 11 12 13 24 26 32 49 50 51 55 60 63 67 68 71 85 88 91 96 100 102 104 105 112 113 117 126 129 130 134 142 143 144 152 155 156 159 162 165 166 167 174 185 193 194 200 208 210 211 212 219 220 222 224 225 234 236 240 244 250 252 256 269 277 280 285 295
50
5 12 13 18 21 28 35 45 50 54 59 65 69 74 77 79 80 88 102 106 107 114 115 116 119 121 128 132 134 143 153 165 168 171 173 177 178 207 208 214 221 225 234 253 262 263 265 267 288 295
52
2 5 9 13 18 20 26 27 30 43 46 49 52 55 57 60 63 67 71 73 84 86 87 98 107 122 132 138 153 161 166 173 185 196 201 204 210 212 223 228 237 249 253 266 267 268 274 276 282 285 286 300
69
5 6 9 10 12 13 16 18 26 33 36 42 45 46 49 53 56 62 66 69 81 96 101 107 109 111 129 131 136 137 141 144 147 150 152 155 156 157 167 173 174 175 180 187 191 192 200 201 204 205 207 213 216 218 224 225 227 229 235 241 258 263 264 266 273 276 279 291 294
70
7 8 11 23 24 26 29 36 38 43 54 57 64 71 80 82 86 89 91 95 96 98 104 109 112 113 114 116 122 123 131 134 135 139 142 156 157 161 163 165 169 173 175 180 187 193 196 198 200 207 209 217 218 226 236 241 245 249 250 252 259 260 265 266 270 281 285 289 293 297
68
1 2 4 11 18 19 21 22 25 26 27 30 33 44 47 54 62 67 73 84 90 92 93 96 99 100 104 114 116 117 121 128 132 134 146 160 173 177 182 187 189 192 202 206 209 216 220 221 225 231 236 241 245 249 250 252 256 260 261 262 268 270 272 274 282 287 291 298
59
1 9 11 24 41 46 48 51 52 61 65 67 74 83 86 93 98 104 108 110 114 115 116 125 127 135 141 144 145 162 166 172 177 182 197 201 204 206 213 217 221 222 223 224 225 228 237 238 241 243 251 253 255 259 262 271 285 293 297
65
5 7 8 14 22 30 39 48 51 58 62 66 75 77 87 90 94 97 99 108 119 121 122 124 125 131 136 139 140 142 150 151 154 162 168 175 176 180 182 183 192 193 202 208 212 214 224 227 229 230 232 234 238 239 241 246 249 253 259 265 266 274 275 282 286
74
1 5 8 10 11 13 24 25 34 38 41 42 50 52 54 58 60 62 65 70 72 74 75 76 80 83 90 93 94 96 101 102 104 108 121 124 131 133 143 145 146 150 153 157 159 160 175 179 180 187 192 200 208 211 217 218 220 221 237 242 246 250 252 253 257 263 271 275 280 283 290 291 294 295
50
1 6 8 11 26 35 46 51 55 57 60 68 89 90 91 100 102 108 110 119 121 133 136 145 146 149 160 166 167 183 186 190 191 207 213 215 220 240 248 255 265 267 273 274 275 277 280 284 288 289
45
1 9 13 36 40 43 49 58 62 71 82 90 91 97 99 105 111 114 116 120 122 124 125 141 153 154 159 160 163 168 179 186 189 195 222 223 224 235 242 243 257 277 278 288 289
49
10 15 17 19 20 29 45 51 68 76 79 95 97 106 111 113 114 115 122 125 136 147 157 159 166 168 175 179 186 188 198 201 216 222 231 234 238 240 243 245 252 253 258 261 265 274 276 293 298
56
5 7 9 11 16 17 23 26 40 41 45 48 54 55 59 67 83 86 106 110 113 119 126 127 129 131 136 137 141 144 148 152 153 154 170 171 173 185 188 189 200 206 214 221 240 243 244 247 251 258 260 267 285 291 293 298
64
4 6 11 13 19 21 22 24 29 31 34 35 41 66 68 69 73 78 81 95 96 97 100 115 118 123 126 127 132 141 143 145 146 150 152 155 163 164 167 169 175 181 189 191 193 200 203 204 206 207 210 214 218 223 229 253 258 267 268 271 278 279 283 285
66
2 9 12 16 21 30 46 51 53 55 64 67 81 83 92 95 100 104 106 107 108 113 114 116 117 118 119 124 125 145 149 153 166 170 181 186 187 188 198 205 206 207 212 213 216 218 226 228 231 235 238 239 240 244 247 251 253 261 265 273 276 280 281 283 296 297
63
3 4 14 18 20 25 27 48 55 62 72 85 86 90 91 93 98 99 108 110 111 116 118 119 121 124 131 141 144 145 146 153 164 172 178 179 183 185 193 194 198 220 222 224 229 236 237 238 242 243 247 250 253 258 262 266 268 273 275 281 284 286 291
74
1 4 5 6 14 15 22 25 27 32 39 40 48 54 57 59 62 69 78 84 90 94 96 98 99 106 119 128 134 138 145 150 151 153 154 155 164 165 171 176 179 181 185 186 188 194 198 209 210 212 214 230 231 232 236 242 250 252 254 255 257 261 263 267 271 272 274 287 290 292 295 296 297 299
49
2 10 11 13 22 29 30 36 44 50 60 64 67 77 81 85 103 113 114 117 118 127 135 138 142 145 152 154 163 168 180 182 195 202 205 207 210 231 239 240 247 253 258 260 275 276 286 293 298
54
5 7 11 12 17 25 29 57 62 79 83 91 96 101 112 116 117 119 120 128 138 141 154 155 156 159 167 170 176 181 187 191 192 197 200 201 203 204 214 216 218 221 230 232 239 251 257 264 269 271 277 285 286 289
55
12 23 28 32 42 49 50 59 68 72 75 82 91 99 103 106 111 115 117 131 132 150 154 156 158 161 162 168 176 179 181 186 190 197 198 206 210 214 222 224 225 226 228 229 239 246 248 251 261 264 270 282 288 297 300
54
1 3 11 19 22 32 33 36 48 60 62 64 66 67 70 73 74 80 82 98 110 113 120 121 125 136 137 146 149 154 170 178 184 190 200 202 207 208 209 213 218 236 241 243 245 257 258 259 277 278 288 292 295 298
57
2 10 14 15 18 26 28 31 32 34 42 46 50 51 59 61 74 77 83 86 87 93 94 100 101 108 125 127 131 134 137 143 155 159 160 165 167 173 200 216 225 236 246 248 249 255 258 263 266 267 270 273 282 285 286 288 290
67
3 4 5 7 10 11 13 15 22 29 34 36 37 40 54 56 65 74 79 93 97 102 103 116 120 122 126 133 134 135 137 140 143 150 161 163 165 174 176 187 188 189 203 211 213 215 222 223 226 229 245 251 259 260 261 262 263 265 268 273 276 277 278 287 288 294 299
65
1 4 5 8 9 13 16 17 23 26 38 58 73 83 97 105 106 111 115 117 121 122 125 128 129 138 140 142 144 145 153 157 162 170 173 174 175 177 182 188 189 190 201 205 227 228 230 232 234 239 242 250 254 256 257 259 263 265 267 271 279 286 293 297 298
63
11 15 18 25 26 30 35 39 46 49 60 68 87 91 92 96 99 100 102 114 116 119 127 131 133 149 153 157 162 168 180 186 191 195 199 202 203 207 210 224 233 235 238 240 244 246 257 258 259 269 273 275 277 278 280 284 285 287 288 290 292 294 299
64
8 11 14 16 21 25 35 37 39 40 42 43 46 47 50 51 59 63 64 66 71 78 87 88 92 94 97 100 102 104 109 113 119 125 131 134 150 155 157 174 176 181 195 196 198 200 204 214 216 223 232 236 238 241 243 244 256 257 261 275 276 279 286 295
55
2 3 5 13 27 31 32 34 36 48 49 50 54 66 75 77 78 80 85 93 100 107 108 118 121 124 132 134 144 145 161 165 167 173 176 177 180 184 196 197 200 207 209 217 223 224 238 240 247 261 264 270 275 285 287
59
15 17 18 19 21 23 35 39 57 61 68 69 70 72 73 75 78 90 95 115 122 133 139 140 144 163 166 172 178 179 186 187 188 189 193 196 198 200 207 211 212 217 221 224 230 237 243 247 249 252 253 255 257 265 275 283 294 295 300
70
8 12 16 22 26 27 29 30 32 33 35 39 40 43 45 58 76 83 84 91 93 98 102 106 110 114 116 118 121 122 123 130 133 136 142 151 156 159 163 169 170 176 182 199 206 207 211 212 219 221 227 236 237 243 244 250 256 258 262 267 268 269 271 272 275 277 284 287 290 291
68
3 7 26 30 34 35 36 51 53 56 58 61 66 72 76 78 86 87 106 108 111 118 124 126 128 129 131 134 138 140 142 148 153 154 158 166 167 172 174 177 184 185 190 200 209 211 212 215 218 230 240 245 246 249 253 257 258 260 265 266 270 281 284 290 291 295 297 299
61
9 13 16 18 27 28 34 35 43 48 52 57 59 63 73 75 80 84 86 88 89 91 95 96 109 113 117 119 120 129 148 151 154 155 159 180 197 209 211 214 217 218 220 240 243 244 245 246 250 252 254 257 261 262 265 268 270 273 282 287 294
72
3 9 12 13 14 17 20 21 36 37 38 39 47 50 51 54 66 68 75 77 79 83 85 92 96 97 103 111 114 126 129 132 138 140 144 154 155 156 157 161 168 169 179 182 184 185 186 188 190 193 202 204 206 211 214 218 220 224 225 234 236 256 257 259 262 265 271 285 289 291 299 300
63
4 13 14 16 18 22 24 26 40 42 49 54 61 80 84 86 88 91 104 105 107 110 123 126 127 129 131 134 148 157 161 163 171 175 182 183 184 187 195 200 210 211 212 213 214 215 216 222 224 225 226 232 233 241 246 257 258 263 287 293 294 295 296
60
3 5 8 10 15 16 25 28 31 34 38 44 65 67 68 76 77 95 101 104 120 126 128 130 132 139 140 141 144 147 149 151 158 163 165 169 173 178 184 191 199 202 210 216 217 219 225 234 236 237 244 268 269 272 285 290 291 295 298 300
57
9 12 19 34 38 40 46 48 56 58 63 77 83 96 99 101 105 107 115 117 118 122 129 138 143 157 158 160 162 168 169 172 174 177 192 197 203 205 207 210 222 240 250 257 260 261 268 271 273 277 282 285 290 293 294 295 300
58
6 11 14 16 19 22 23 33 43 46 50 51 57 59 60 69 70 71 73 91 103 105 107 112 119 123 144 148 151 152 164 166 168 175 176 190 195 198 203 204 214 221 229 231 232 242 249 250 254 262 272 278 283 287 292 296 297 298
63
5 6 10 15 18 19 20 30 31 36 42 49 52 70 77 79 85 93 101 102 107 111 112 117 127 128 141 145 148 152 157 158 164 165 167 170 171 176 177 180 182 184 191 195 196 201 204 207 218 219 230 239 243 248 252 256 260 263 269 274 280 282 286
67
3 5 7 8 9 10 11 12 14 20 21 37 47 49 59 61 64 65 66 71 72 75 79 80 82 83 90 91 94 99 102 106 114 124 137 148 151 157 164 175 178 186 188 191 192 202 216 218 221 223 235 238 239 242 243 244 248 249 254 257 262 271 274 285 290 295 297
60
5 10 13 16 17 18 20 26 47 51 52 53 54 55 65 77 93 94 99 100 106 111 119 125 126 128 130 131 133 139 142 144 148 156 162 167 169 174 185 196 205 206 208 212 217 241 242 247 248 259 262 265 267 270 273 275 277 291 297 298
63
2 3 10 16 18 20 22 26 36 41 46 49 59 63 67 79 83 84 86 87 92 102 105 113 116 117 125 135 136 138 148 149 151 153 154 156 160 166 183 184 185 191 192 193 200 205 210 235 236 240 248 257 259 263 266 270 271 272 285 287 295 296 298
52
7 8 10 26 37 39 45 53 67 69 72 75 78 86 88 90 99 106 112 121 130 131 140 148 152 153 165 166 184 187 195 199 207 209 211 217 219 228 230 235 240 243 255 261 262 273 274 275 276 278 282 299
62
10 15 24 30 38 49 53 68 73 74 84 91 92 96 97 98 102 113 120 126 131 132 133 135 137 142 143 146 154 158 165 168 169 177 178 179 181 183 185 190 198 199 201 203 204 206 210 228 231 233 234 237 239 240 241 242 246 255 269 276 277 288
62
3 5 13 18 24 25 31 38 42 46 53 57 59 60 61 74 77 84 90 91 98 102 110 112 113 129 131 134 137 138 141 146 152 155 173 177 178 183 184 192 202 205 209 215 216 218 220 227 236 238 244 245 257 264 266 268 277 278 280 290 295 299
57
2 12 20 27 31 39 50 53 57 60 67 69 74 75 89 104 106 107 110 121 122 123 134 148 163 172 173 174 181 183 188 194 203 206 207 208 211 220 224 226 238 246 255 257 259 262 265 271 274 279 280 285 287 288 289 296 298
66
1 3 9 13 14 19 21 24 28 33 37 45 46 50 54 60 62 79 81 84 86 88 96 98 100 124 127 130 134 135 140 141 147 155 159 162 164 167 173 175 191 200 203 204 207 219 220 227 228 229 234 235 238 243 247 251 268 269 271 273 276 293 294 295 297 299
54
2 7 11 15 22 25 33 36 42 46 53 54 58 59 63 64 65 71 75 78 94 99 100 101 105 110 117 121 122 124 126 142 145 149 162 164 166 171 184 187 188 192 202 218 219 221 222 226 234 236 242 257 267 280
63
6 14 16 22 46 47 50 51 52 55 59 63 67 71 81 83 85 93 102 103 111 119 121 122 126 128 131 138 141 151 173 175 187 193 197 200 210 212 215 219 221 223 224 225 226 232 241 242 245 246 250 252 258 261 269 276 279 286 289 294 295 297 299
53
4 6 20 27 30 36 37 47 51 56 60 64 71 73 74 77 79 83 88 91 92 104 115 126 127 128 131 140 147 172 174 175 181 185 189 191 195 206 212 221 222 224 225 237 240 246 254 266 275 283 286 291 299
57
5 7 10 13 15 16 29 34 45 47 48 52 54 58 63 64 70 74 75 99 105 109 114 115 126 129 135 137 145 150 151 152 154 159 163 169 172 173 175 176 179 180 198 216 231 233 256 257 259 265 267 269 277 278 286 298 299
58
24 29 32 39 41 47 50 51 52 59 62 65 70 73 75 82 84 89 91 97 104 106 110 114 115 116 125 126 128 132 134 135 148 157 158 160 181 186 188 191 194 195 205 210 211 217 220 222 226 227 258 263 267 271 284 286 287 300
46
3 4 7 9 15 22 24 26 30 36 46 75 78 87 94 101 106 113 116 124 134 136 147 150 156 157 159 161 164 166 183 185 191 207 208 212 221 225 227 236 240 245 250 256 260 272
56
1 2 8 9 10 11 12 15 16 24 28 29 37 39 40 42 45 49 50 67 68 70 87 110 118 124 132 138 143 144 150 168 174 182 198 199 202 205 207 211 217 220 222 225 229 244 247 252 261 263 267 270 274 275 295 296
50
3 4 5 17 22 27 32 45 54 56 57 64 69 81 82 95 98 99 104 124 128 129 130 140 147 176 178 183 184 185 186 187 189 191 193 198 203 233 234 235 249 253 254 262 276 288 289 292 295 298
54
2 4 5 11 15 16 18 32 33 38 40 49 54 55 56 66 69 78 83 86 101 108 121 125 127 128 131 132 139 145 148 173 174 176 188 189 197 204 209 210 228 229 232 236 252 255 257 258 273 275 276 282 286 287
63
2 3 25 38 40 41 42 53 56 61 71 75 78 85 88 96 100 102 103 112 119 124 133 134 136 137 151 155 160 161 165 166 169 174 180 182 184 185 186 187 195 218 225 226 232 236 239 240 244 251 252 253 255 259 267 281 282 283 288 290 291 295 298
74
2 5 7 11 15 20 23 29 40 42 47 49 60 61 67 69 71 78 80 83 86 90 95 98 101 103 107 109 110 112 118 129 140 148 150 160 161 163 164 172 174 176 178 182 189 195 196 213 217 221 223 231 232 235 240 241 243 247 252 254 257 268 271 272 273 279 282 283 287 288 289 291 294 300
56
7 28 36 41 55 59 63 68 70 83 88 89 91 99 102 104 108 115 116 125 130 131 142 147 149 150 156 157 165 175 176 178 186 188 194 203 209 210 213 216 226 227 233 234 241 246 253 258 262 266 269 280 286 287 294 298
55
6 7 16 28 29 37 38 41 49 55 62 63 64 69 96 106 107 115 116 120 123 126 134 140 146 148 149 158 159 167 182 183 185 203 205 208 223 225 230 231 234 237 247 250 253 254 260 263 271 274 279 280 281 291 300
68
8 10 14 31 40 44 48 51 56 58 62 63 73 76 82 91 92 94 95 99 102 103 111 116 118 124 126 129 134 138 143 146 147 150 151 153 160 165 171 179 180 186 188 191 195 196 198 206 208 215 225 229 233 239 240 242 245 247 254 256 258 263 268 270 281 292 293 296
66
2 6 11 12 16 21 33 37 40 41 45 47 51 57 60 68 72 73 81 85 89 90 97 100 102 109 118 119 120 127 131 146 161 162 164 167 174 175 185 189 194 197 198 201 202 205 206 208 211 213 225 235 236 238 240 251 262 266 276 285 289 291 292 294 298 299
58
2 13 22 25 28 34 35 43 45 56 61 62 64 67 70 74 80 89 93 97 101 106 108 130 133 138 139 140 152 159 164 175 187 195 208 209 216 218 220 226 229 233 234 239 240 243 245 248 254 263 264 266 267 273 274 275 286 291
56
4 5 8 9 13 18 20 21 23 27 33 39 45 55 59 64 66 71 73 80 81 85 92 117 129 134 138 141 142 143 145 147 149 150 155 157 170 178 180 183 194 198 213 225 229 246 254 258 259 261 262 266 268 271 292 300
71
1 2 3 6 10 11 15 16 20 22 31 33 37 38 44 45 47 50 59 60 63 66 70 75 78 85 98 100 101 106 111 126 130 132 134 138 145 151 153 154 156 172 173 182 185 187 188 192 202 211 224 225 231 234 236 241 242 243 245 251 253 256 258 260 263 277 278 281 295 299 300
73
1 3 6 13 22 25 28 31 35 37 41 46 58 61 64 74 75 76 77 79 90 92 93 98 108 111 113 114 118 119 121 125 129 132 139 143 145 149 150 153 155 156 159 165 173 176 178 181 185 205 217 224 225 229 233 235 237 239 243 251 257 258 259 260 273 276 277 280 281 283 284 293 299
71
2 7 11 14 16 20 21 24 35 40 43 44 47 54 56 63 65 71 74 75 80 83 93 94 95 106 112 113 121 141 143 145 155 167 172 175 176 185 190 194 213 218 219 220 222 223 226 229 236 240 241 242 245 254 255 263 265 266 271 272 275 276 277 278 279 283 284 286 289 290 298
56
2 14 16 20 21 27 30 31 40 50 53 56 58 66 73 80 84 86 87 97 102 103 119 120 128 130 143 146 150 152 159 160 164 166 172 186 189 191 192 194 199 202 220 225 235 244 245 248 249 256 265 268 281 282 287 295
49
7 19 23 27 38 41 45 46 52 56 57 65 71 72 73 79 81 87 90 94 98 100 101 108 110 117 132 144 147 148 150 157 167 171 188 191 197 215 217 226 239 240 260 267 275 276 279 282 284
65
3 6 15 17 19 21 27 33 37 45 53 55 58 61 67 69 70 73 76 78 79 87 96 103 107 119 120 126 130 132 146 149 151 152 157 159 160 161 165 166 180 184 185 194 197 199 204 205 209 212 215 223 236 240 242 243 250 266 272 276 278 281 290 291 295
53
2 4 5 9 11 15 32 53 54 58 62 68 72 77 85 86 91 95 96 97 99 103 104 121 123 141 144 149 155 156 159 162 167 168 173 178 187 190 203 214 215 219 220 228 232 235 238 240 247 250 262 268 281
63
4 14 18 19 21 22 23 24 32 40 42 43 51 56 70 77 80 82 84 89 93 97 110 119 123 126 129 131 133 138 159 166 168 171 175 183 188 195 200 202 207 210 216 221 223 226 232 236 240 244 248 249 250 254 255 257 259 264 265 267 269 285 296
65
3 12 13 14 15 23 32 34 45 49 50 55 62 68 70 72 85 88 89 96 101 106 108 114 123 127 130 144 158 160 162 168 169 170 173 176 178 182 183 184 187 188 197 206 209 212 213 215 218 219 220 240 250 253 264 265 266 267 271 274 280 282 285 288 296
55
3 8 16 18 20 31 44 49 56 59 60 61 62 68 69 73 74 84 91 96 104 108 119 121 129 131 134 135 144 151 159 160 167 176 180 190 192 198 204 209 211 217 228 233 244 256 264 266 270 274 277 283 292 293 298
74
6 9 12 22 24 29 39 40 43 50 55 63 77 79 80 84 92 95 96 103 105 108 113 114 122 124 134 136 138 141 143 145 146 147 150 153 166 186 188 199 203 204 207 208 210 211 212 215 216 218 222 228 229 235 238 240 247 251 254 255 259 262 263 264 275 279 285 287 288 290 291 292 293 296
62
7 14 31 40 41 48 60 64 69 71 82 84 85 93 94 97 99 104 110 113 114 115 116 117 120 122 123 124 136 145 148 150 164 165 166 169 170 186 193 197 210 213 225 227 232 240 241 245 252 253 254 255 257 258 262 272 275 276 292 296 297 300
