150 300
1.0 1.0 1.0 1.0 1.0 1.0 1.0 1.0 1.0 1.0 1.0 1.0 1.0 1.0 1.0 1.0 1.0 1.0 1.0 1.0 1.0 1.0 1.0 1.0 1.0 1.0 1.0 1.0 1.0 1.0 1.0 1.0 1.0 1.0 1.0 1.0 1.0 1.0 1.0 1.0 1.0 1.0 1.0 1.0 1.0 1.0 1.0 1.0 1.0 1.0 1.0 1.0 1.0 1.0 1.0 1.0 1.0 1.0 1.0 1.0 1.0 1.0 1.0 1.0 1.0 1.0 1.0 1.0 1.0 1.0 1.0 1.0 1.0 1.0 1.0 1.0 1.0 1.0 1.0 1.0 1.0 1.0 1.0 1.0 1.0 1.0 1.0 1.0 1.0 1.0 1.0 1.0 1.0 1.0 1.0 1.0 1.0 1.0 1.0 1.0 1.0 1.0 1.0 1.0 1.0 1.0 1.0 1.0 1.0 1.0 1.0 1.0 1.0 1.0 1.0 1.0 1.0 1.0 1.0 1.0 1.0 1.0 1.0 1.0 1.0 1.0 1.0 1.0 1.0 1.0 1.0 1.0 1.0 1.0 1.0 1.0 1.0 1.0 1.0 1.0 1.0 1.0 1.0 1.0 1.0 1.0 1.0 1.0 1.0 1.0 1.0 1.0 1.0 1.0 1.0 1.0 1.0 1.0 1.0 1.0 1.0 1.0 1.0 1.0 1.0 1.0 1.0 1.0 1.0 1.0 1.0 1.0 1.0 1.0 1.0 1.0 1.0 1.0 1.0 1.0 1.0 1.0 1.0 1.0 1.0 1.0 1.0 1.0 1.0 1.0 1.0 1.0 1.0 1.0 1.0 1.0 1.0 1.0 1.0 1.0 1.0 1.0 1.0 1.0 1.0 1.0 1.0 1.0 1.0 1.0 1.0 1.0 1.0 1.0 1.0 1.0 1.0 1.0 1.0 1.0 1.0 1.0 1.0 1.0 1.0 1.0 1.0 1.0 1.0 1.0 1.0 1.0 1.0 1.0 1.0 1.0 1.0 1.0 1.0 1.0 1.0 1.0 1.0 1.0 1.0 1.0 1.0 1.0 1.0 1.0 1.0 1.0 1.0 1.0 1.0 1.0 1.0 1.0 1.0 1.0 1.0 1.0 1.0 1.0 1.0 1.0 1.0 1.0 1.0 1.0 1.0 1.0 1.0 1.0 1.0 1.0 1.0 1.0 1.0 1.0 1.0 1.0 1.0 1.0 1.0 1.0 1.0 1.0 1.0 1.0 1.0 1.0 1.0 1.0 1.0 1.0 1.0 1.0 1.0 1.0
18
35 40 50 56 64 66 82 90 108 134 135 150 164 177 187 203 244 248
11
19 33 42 83 86 123 127 142 159 201 257
12
20 27 60 75 91 94 127 152 234 251 255 289
14
26 63 84 99 113 115 127 132 142 143 165 225 245 277
15
18 26 30 47 78 192 200 201 214 221 234 242 253 272 274
13
64 79 80 98 109 117 120 128 241 244 252 287 290
13
1 15 16 100 122 139 174 194 216 239 242 246 291
11
3 35 39 41 70 73 109 185 196 227 290
14
20 53 68 70 94 135 149 154 196 199 220 235 252 285
9
12 39 48 61 123 128 172 257 285
15
6 29 39 44 77 114 116 121 122 142 144 224 225 230 268
8
42 48 49 55 101 154 210 220
12
32 57 107 110 126 141 153 216 220 251 288 298
18
12 15 32 62 64 66 84 100 104 122 131 182 210 225 226 261 267 268
9
22 42 52 143 161 167 254 258 283
25
3 11 44 65 81 93 105 107 108 109 130 131 139 142 196 198 209 213 218 238 251 255 263 274 287
11
58 69 186 204 213 214 219 226 231 250 289
24
13 32 56 65 68 73 79 119 122 124 126 136 168 170 179 182 202 222 234 243 253 264 281 285
7
21 28 146 171 216 256 262
16
31 73 76 85 111 114 122 137 172 202 217 227 233 263 294 297
17
4 17 55 79 119 125 136 141 150 183 184 198 205 216 257 263 294
21
14 19 28 32 53 77 78 82 104 107 112 126 130 164 194 211 219 224 243 269 278
14
7 88 99 115 126 150 152 154 175 232 250 261 274 295
14
9 22 45 61 68 86 134 142 161 192 208 237 265 296
10
24 28 48 59 71 133 154 258 259 280
15
19 29 102 130 149 165 167 174 179 187 191 215 226 236 265
14
2 7 21 53 54 93 100 102 139 181 202 231 247 258
17
25 33 36 47 58 96 130 163 174 201 202 207 215 224 237 247 257
14
3 6 41 82 90 115 118 126 149 159 165 188 271 284
8
28 39 83 116 139 170 235 289
13
7 23 39 69 73 86 103 139 172 228 239 273 284
13
6 20 38 61 73 107 129 133 177 208 262 267 282
18
23 58 64 78 114 129 150 167 188 193 202 205 206 208 219 233 294 300
18
3 59 72 85 94 131 139 153 211 217 223 237 239 251 253 271 278 289
11
15 42 103 132 140 186 195 201 239 257 259
15
15 73 76 77 81 96 112 113 123 182 219 222 228 247 295
17
18 20 28 41 45 49 78 110 118 128 136 170 174 188 205 212 259
17
44 55 89 103 111 113 140 154 158 168 169 181 199 208 258 273 290
10
6 11 104 117 119 155 213 226 252 295
14
9 12 21 53 57 106 151 159 161 211 237 244 277 286
21
28 29 31 64 72 77 79 86 124 129 133 152 153 208 217 246 257 262 263 286 298
16
5 6 14 36 64 66 74 102 141 143 175 186 215 219 236 237
8
100 108 120 190 205 235 251 256
13
5 9 20 55 98 104 155 156 187 251 263 270 295
16
52 54 82 94 98 130 131 140 149 161 167 214 267 271 289 294
20
9 15 22 33 37 59 63 70 71 92 119 133 153 178 193 202 227 228 240 281
16
1 20 31 37 45 56 77 101 114 166 175 221 228 263 280 282
19
4 15 24 26 51 64 66 91 103 108 121 130 175 190 227 237 246 250 252
18
4 40 46 47 97 113 129 171 198 210 227 253 261 269 270 279 284 293
27
24 38 43 52 53 66 71 96 107 114 125 160 166 167 174 175 185 205 211 216 225 236 255 266 272 273 277
16
29 34 79 80 81 87 99 104 143 162 209 215 223 235 261 266
12
7 30 35 41 87 97 116 185 254 279 282 286
15
23 37 40 91 114 127 130 132 143 145 170 196 209 257 290
17
13 24 31 40 54 72 80 86 105 122 132 189 198 251 256 265 299
5
55 56 124 133 174
14
6 13 57 71 73 81 92 120 170 172 175 201 247 266
15
3 21 41 48 51 61 79 111 211 214 229 233 253 262 280
17
6 11 54 63 96 108 134 154 181 184 191 221 227 237 276 278 287
18
1 14 21 39 54 63 72 84 97 107 125 151 211 239 261 273 283 290
16
18 23 50 51 58 79 120 142 149 199 210 214 219 230 261 274
17
12 16 77 79 81 85 92 99 135 143 156 165 174 185 212 231 237
18
1 14 21 49 58 81 82 98 129 149 174 202 208 215 216 222 244 300
18
19 41 52 80 109 110 112 119 133 141 158 172 195 198 207 268 271 300
15
33 38 46 64 74 111 122 128 131 155 172 177 236 253 298
14
5 15 25 40 70 93 119 178 181 191 208 213 225 287
15
58 62 108 112 119 125 155 165 166 184 198 249 253 280 290
13
5 105 115 125 160 168 203 210 215 247 251 268 290
12
2 9 18 41 42 53 57 60 131 138 197 216
11
26 36 92 135 159 166 175 191 216 242 288
21
25 67 71 74 76 81 83 149 153 158 163 177 189 208 233 249 260 262 267 287 291
16
2 3 35 81 107 108 113 138 157 164 203 212 216 238 249 295
6
17 153 157 266 280 284
15
73 89 103 110 116 118 127 154 174 208 211 231 273 281 286
17
14 16 36 38 43 49 60 77 82 91 100 118 217 222 248 258 273
23
7 22 24 52 61 74 83 90 115 133 143 158 169 175 180 187 204 225 246 263 264 269 294
18
2 25 33 57 92 109 118 136 138 139 142 162 174 258 269 281 292 297
16
13 30 65 66 77 110 115 152 209 216 221 224 227 261 262 298
16
18 40 74 82 110 126 147 154 174 191 210 253 273 280 285 291
13
16 17 49 50 64 82 120 182 198 212 233 283 288
13
44 97 110 117 156 157 179 200 203 231 259 262 275
10
1 48 109 152 160 164 183 190 217 285
14
19 22 41 44 64 73 117 165 179 210 256 261 268 286
9
10 107 136 153 157 174 183 259 293
18
11 39 43 92 120 133 138 143 147 211 213 219 231 270 276 279 282 286
9
48 50 80 87 243 247 268 287 295
7
44 80 90 137 215 233 297
17
2 11 31 36 50 129 133 145 184 216 231 252 268 282 285 286 300
26
7 21 24 34 36 40 45 59 66 82 97 108 155 159 168 180 193 194 212 217 263 272 274 285 286 293
12
35 37 72 81 82 121 186 189 243 249 262 278
12
13 15 35 56 63 87 185 212 214 236 277 292
19
12 32 45 52 57 59 77 78 97 112 136 139 150 167 215 222 225 236 300
11
10 15 99 103 130 133 135 175 199 216 254
14
66 79 87 88 92 95 97 101 102 146 152 213 253 256
21
1 27 49 69 99 111 132 135 149 177 178 198 204 218 222 238 243 251 255 257 269
13
1 43 51 61 73 102 106 111 143 154 166 169 290
17
3 7 10 91 99 107 138 140 178 183 203 204 210 253 286 291 296
16
2 9 52 81 83 89 124 140 162 170 191 195 204 257 273 286
20
8 15 46 55 66 80 107 119 128 134 144 151 210 213 222 230 237 268 274 289
19
6 11 14 22 29 56 78 85 87 92 111 123 148 154 175 181 221 231 234
18
10 11 16 31 38 45 88 134 149 164 184 208 216 231 240 243 260 272
14
6 66 82 95 98 125 155 165 171 176 215 218 233 297
13
13 22 59 68 98 119 175 208 246 249 270 276 282
13
1 142 148 163 171 178 202 220 258 265 274 282 295
14
13 58 64 75 85 95 131 146 163 166 170 216 225 292
11
24 70 75 105 133 191 223 250 252 290 297
18
4 70 92 100 101 128 140 142 150 161 164 203 219 238 261 276 291 295
18
21 25 34 52 66 71 72 77 95 108 113 125 133 181 226 247 285 290
14
3 8 12 62 84 90 102 133 145 171 204 272 281 293
12
93 101 118 159 181 189 195 227 233 245 257 273
14
61 62 105 116 155 168 179 208 246 252 272 273 285 291
20
30 50 53 67 75 80 87 100 126 142 157 182 193 201 239 248 253 274 293 299
11
15 34 75 78 115 123 135 190 194 239 297
14
4 9 30 49 51 65 83 89 120 131 174 191 193 194
11
1 9 31 33 48 166 187 205 206 263 300
12
12 45 122 134 162 182 185 203 236 237 247 249
16
9 46 70 71 88 109 149 151 178 180 204 212 214 225 264 290
9
9 14 32 43 134 168 230 238 257
17
4 6 42 61 72 74 80 86 95 107 148 170 182 191 216 257 258
15
1 37 48 70 88 91 102 122 137 149 154 167 168 209 273
13
18 48 61 63 87 118 160 210 243 252 277 286 297
21
21 35 48 69 75 91 97 117 139 142 143 149 155 169 207 210 216 248 263 270 277
14
24 53 62 69 122 154 172 187 200 203 212 225 277 292
16
3 28 38 65 85 108 110 114 124 176 181 199 211 225 228 283
21
11 32 37 43 45 47 80 120 133 142 182 190 194 209 210 234 243 271 273 285 289
15
29 53 73 78 107 129 156 170 201 205 212 255 259 283 297
16
12 46 51 53 77 78 99 117 139 141 150 152 154 200 272 285
12
32 67 101 110 163 169 189 210 214 219 235 270
16
5 11 16 22 67 73 76 84 90 98 126 175 184 195 250 279
8
31 99 138 163 175 187 208 276
19
16 18 19 28 29 30 64 67 74 82 89 90 98 116 125 144 169 172 224
14
57 78 81 147 159 175 179 194 200 250 267 270 287 300
19
26 36 37 42 46 61 62 64 87 92 97 111 113 114 117 189 243 249 266
16
5 27 37 59 87 100 107 120 140 146 164 175 182 199 257 262
11
34 64 68 100 146 163 177 192 214 223 230
16
9 15 58 69 72 95 131 147 150 195 208 217 236 247 254 293
12
23 28 57 86 128 129 135 146 188 213 230 252
12
27 41 67 100 121 133 153 163 217 258 274 291
12
91 101 148 155 157 223 240 242 243 246 250 259
25
3 44 88 108 109 111 114 122 126 142 145 146 151 157 168 180 213 214 216 225 234 246 253 256 262
12
29 84 95 106 108 113 115 161 186 248 264 279
10
32 64 70 95 197 207 214 226 264 279
15
1 60 68 82 129 170 171 201 207 210 211 258 259 268 294
14
31 65 68 81 125 148 161 195 216 221 223 231 250 291
15
24 35 56 61 64 89 92 97 101 148 172 210 211 230 262
20
13 46 89 92 96 105 111 120 127 143 172 173 174 188 221 240 260 267 276 284
18
36 44 45 59 77 78 89 100 144 215 217 223 226 235 262 267 268 294
23
17 38 48 87 91 93 121 136 144 149 153 163 171 174 177 182 193 200 209 211 240 251 277
15
18 24 57 81 101 134 147 160 180 181 188 220 224 253 259
17
14 24 39 46 77 84 111 126 129 190 201 237 259 260 269 270 272
22
14 15 36 40 59 85 87 88 105 159 163 167 176 189 194 219 220 255 269 284 289 298
