50 100
1.0 1.0 1.0 1.0 1.0 1.0 1.0 1.0 1.0 1.0 1.0 1.0 1.0 1.0 1.0 1.0 1.0 1.0 1.0 1.0 1.0 1.0 1.0 1.0 1.0 1.0 1.0 1.0 1.0 1.0 1.0 1.0 1.0 1.0 1.0 1.0 1.0 1.0 1.0 1.0 1.0 1.0 1.0 1.0 1.0 1.0 1.0 1.0 1.0 1.0 1.0 1.0 1.0 1.0 1.0 1.0 1.0 1.0 1.0 1.0 1.0 1.0 1.0 1.0 1.0 1.0 1.0 1.0 1.0 1.0 1.0 1.0 1.0 1.0 1.0 1.0 1.0 1.0 1.0 1.0 1.0 1.0 1.0 1.0 1.0 1.0 1.0 1.0 1.0 1.0 1.0 1.0 1.0 1.0 1.0 1.0 1.0 1.0 1.0 1.0
8
3 8 41 44 53 68 70 97
14
1 3 8 10 19 30 34 61 70 71 74 83 84 91
8
21 25 35 51 54 56 69 82
6
11 26 31 39 41 100
9
1 11 12 16 37 55 77 83 100
13
18 21 26 28 30 35 42 52 63 87 88 89 94
7
24 36 40 64 84 86 97
5
13 36 73 93 96
10
3 13 15 23 25 41 50 75 84 96
7
20 29 47 60 80 87 91
14
1 3 6 17 29 32 33 34 45 46 68 70 85 94
10
2 9 20 38 51 52 56 91 94 99
10
15 27 36 43 47 66 81 82 83 92
13
12 22 35 38 47 48 58 62 63 65 95 96 98
15
9 11 30 32 33 36 46 47 50 55 63 65 84 85 90
13
2 3 8 10 17 36 44 48 66 70 72 90 98
9
1 15 18 21 25 44 46 78 95
12
3 13 15 18 21 27 38 48 53 59 74 83
13
2 7 9 14 24 28 32 72 74 79 84 95 100
4
64 82 84 100
6
2 38 42 54 66 78
11
11 21 23 28 36 51 64 77 84 93 94
11
1 3 41 48 49 64 65 70 73 82 86
11
2 8 13 25 30 51 52 84 90 93 95
11
5 8 46 49 70 78 81 86 88 96 99
10
14 17 30 34 43 48 54 60 69 88
10
16 20 23 24 46 50 53 60 82 92
9
22 27 41 68 69 70 80 84 94
8
29 44 56 65 75 92 96 99
11
1 2 22 25 28 37 44 62 69 70 85
13
20 21 22 37 46 53 55 61 71 73 77 88 97
10
9 11 27 42 47 53 56 57 66 99
8
20 25 32 48 53 64 67 84
13
3 8 10 15 19 35 39 48 59 62 65 80 82
7
15 25 37 58 75 81 98
13
1 30 31 42 44 54 58 62 68 80 85 86 96
8
2 16 26 50 64 68 93 97
7
21 56 68 79 80 82 98
8
2 5 19 48 63 65 75 98
12
2 5 13 33 34 38 40 49 50 55 73 93
7
22 25 30 45 67 92 97
10
1 2 8 29 33 38 42 46 55 95
9
9 10 17 19 21 49 55 78 92
8
14 18 31 39 40 46 66 81
11
3 50 67 71 80 84 86 88 90 93 96
6
3 26 37 48 60 64
10
22 36 42 57 65 72 73 82 89 95
11
8 15 25 50 57 68 71 72 83 86 98
12
2 18 24 38 42 64 72 79 81 85 86 88
17
6 20 23 24 26 41 42 45 46 48 56 61 72 73 85 98 99
