150 300
1.0 1.0 1.0 1.0 1.0 1.0 1.0 1.0 1.0 1.0 1.0 1.0 1.0 1.0 1.0 1.0 1.0 1.0 1.0 1.0 1.0 1.0 1.0 1.0 1.0 1.0 1.0 1.0 1.0 1.0 1.0 1.0 1.0 1.0 1.0 1.0 1.0 1.0 1.0 1.0 1.0 1.0 1.0 1.0 1.0 1.0 1.0 1.0 1.0 1.0 1.0 1.0 1.0 1.0 1.0 1.0 1.0 1.0 1.0 1.0 1.0 1.0 1.0 1.0 1.0 1.0 1.0 1.0 1.0 1.0 1.0 1.0 1.0 1.0 1.0 1.0 1.0 1.0 1.0 1.0 1.0 1.0 1.0 1.0 1.0 1.0 1.0 1.0 1.0 1.0 1.0 1.0 1.0 1.0 1.0 1.0 1.0 1.0 1.0 1.0 1.0 1.0 1.0 1.0 1.0 1.0 1.0 1.0 1.0 1.0 1.0 1.0 1.0 1.0 1.0 1.0 1.0 1.0 1.0 1.0 1.0 1.0 1.0 1.0 1.0 1.0 1.0 1.0 1.0 1.0 1.0 1.0 1.0 1.0 1.0 1.0 1.0 1.0 1.0 1.0 1.0 1.0 1.0 1.0 1.0 1.0 1.0 1.0 1.0 1.0 1.0 1.0 1.0 1.0 1.0 1.0 1.0 1.0 1.0 1.0 1.0 1.0 1.0 1.0 1.0 1.0 1.0 1.0 1.0 1.0 1.0 1.0 1.0 1.0 1.0 1.0 1.0 1.0 1.0 1.0 1.0 1.0 1.0 1.0 1.0 1.0 1.0 1.0 1.0 1.0 1.0 1.0 1.0 1.0 1.0 1.0 1.0 1.0 1.0 1.0 1.0 1.0 1.0 1.0 1.0 1.0 1.0 1.0 1.0 1.0 1.0 1.0 1.0 1.0 1.0 1.0 1.0 1.0 1.0 1.0 1.0 1.0 1.0 1.0 1.0 1.0 1.0 1.0 1.0 1.0 1.0 1.0 1.0 1.0 1.0 1.0 1.0 1.0 1.0 1.0 1.0 1.0 1.0 1.0 1.0 1.0 1.0 1.0 1.0 1.0 1.0 1.0 1.0 1.0 1.0 1.0 1.0 1.0 1.0 1.0 1.0 1.0 1.0 1.0 1.0 1.0 1.0 1.0 1.0 1.0 1.0 1.0 1.0 1.0 1.0 1.0 1.0 1.0 1.0 1.0 1.0 1.0 1.0 1.0 1.0 1.0 1.0 1.0 1.0 1.0 1.0 1.0 1.0 1.0 1.0 1.0 1.0 1.0 1.0 1.0
27
10 24 36 40 87 89 92 99 114 118 124 130 140 145 152 157 163 184 186 191 213 251 256 260 270 295 299
18
3 17 28 32 61 62 74 107 148 155 156 159 178 199 227 237 255 287
17
10 22 63 83 106 113 120 123 137 140 171 183 189 194 213 245 248
10
60 62 87 105 109 153 224 278 286 300
15
16 19 33 49 72 80 102 113 164 184 203 225 272 295 297
19
18 20 51 78 96 104 126 131 133 140 156 173 206 224 240 258 266 278 295
8
38 77 143 174 175 214 255 299
15
2 3 8 9 33 35 39 81 96 107 117 129 170 191 296
8
5 75 94 157 203 205 208 243
14
15 53 119 140 168 171 175 184 187 207 220 221 247 277
14
2 27 34 44 105 109 124 130 174 191 213 220 247 294
14
39 62 127 135 159 163 172 228 243 247 257 268 276 287
12
47 89 188 192 210 225 235 256 257 276 281 297
14
14 32 50 54 71 72 99 124 158 169 188 263 294 300
14
3 15 23 63 91 115 130 133 138 179 186 196 241 258
18
11 12 29 48 49 88 99 111 135 143 145 173 177 193 233 234 244 266
8
59 93 119 163 170 173 230 290
15
6 10 60 69 80 88 116 120 125 126 149 211 223 237 250
9
28 50 66 117 146 165 199 233 278
16
10 11 15 25 38 67 133 151 160 165 176 184 205 221 252 259
14
1 35 60 109 127 128 131 212 235 237 241 259 279 283
19
6 33 44 66 72 82 108 111 127 142 145 181 185 192 207 235 258 276 300
17
24 27 49 52 101 108 113 135 137 162 167 173 184 256 257 286 299
11
12 27 40 65 117 118 156 191 193 211 281
14
36 48 53 86 116 147 167 168 200 221 232 251 279 298
14
7 30 32 42 72 80 103 108 122 147 194 228 249 264
21
9 19 22 29 45 50 57 69 75 77 94 106 111 129 141 157 174 176 246 293 294
14
79 97 99 103 113 126 144 145 157 210 219 223 248 295
16
51 57 83 94 116 119 120 148 201 224 256 259 260 267 276 298
12
83 86 90 156 157 183 199 218 240 245 270 286
15
40 45 79 85 110 119 137 171 173 178 207 208 219 255 260
13
21 35 87 95 124 129 131 142 162 212 230 247 250
16
13 41 60 69 73 98 116 126 128 131 164 195 216 255 273 287
15
31 47 63 79 86 114 139 156 160 174 195 199 202 209 283
17
16 18 25 32 38 43 83 101 103 143 152 176 229 235 236 293 298
11
19 49 61 93 144 159 182 184 209 259 300
23
20 22 23 43 51 64 74 81 105 108 116 118 129 150 154 161 181 194 202 213 270 297 298
17
19 36 46 57 60 81 94 116 145 148 189 206 208 239 245 249 275
12
50 71 91 92 117 144 160 195 203 206 276 291
17
23 31 39 40 72 78 131 138 152 161 187 189 246 258 276 282 291
12
51 56 66 86 93 121 169 176 203 237 246 265
13
49 62 96 117 145 151 153 200 210 214 227 284 291
15
12 38 43 59 86 99 124 126 145 191 220 246 251 259 294
14
1 23 33 80 101 122 146 184 195 251 277 279 282 291
10
8 18 26 67 69 122 206 263 269 279
16
1 19 24 37 61 66 76 136 162 164 198 212 220 237 246 259
24
9 12 39 65 79 89 102 129 130 137 151 155 159 184 225 231 241 246 257 265 267 278 290 291
17
4 16 40 70 91 107 115 125 144 153 193 196 207 208 234 266 268
12
61 72 89 96 168 215 216 260 266 276 286 287
11
7 71 92 103 165 176 189 213 232 276 284
10
63 91 112 135 169 178 186 203 205 289
17
5 36 57 72 102 113 119 133 159 161 195 204 222 246 253 268 298
19
19 32 41 60 65 75 107 124 151 152 163 168 171 177 207 218 223 248 270
13
18 63 74 83 86 99 107 135 213 216 249 254 282
13
18 66 76 93 100 105 125 148 158 182 191 198 287
16
10 11 36 56 57 93 104 113 136 177 238 241 269 284 286 294
15
3 31 52 65 116 129 136 158 162 168 201 204 212 260 263
11
8 36 49 69 79 86 101 108 177 186 208
12
33 37 39 60 116 120 146 149 200 220 231 279
18
19 31 66 67 73 89 105 120 142 164 198 199 203 218 249 282 295 300
13
12 40 146 163 164 184 220 221 231 238 274 290 296
18
2 5 43 61 86 89 99 124 129 135 154 175 199 211 261 268 281 294
13
44 67 116 142 149 173 200 219 221 227 257 272 296
13
10 37 48 70 100 106 124 144 166 219 227 262 272
17
31 34 53 59 60 62 91 100 119 137 149 184 186 209 219 223 261
15
4 42 45 82 88 93 110 123 169 179 211 213 216 226 281
23
18 30 31 50 55 73 89 103 111 114 120 143 145 152 153 199 224 228 229 262 270 272 289
10
8 38 65 89 122 129 133 165 256 293
15
14 15 66 87 107 119 148 154 179 192 210 257 278 286 297
22
4 51 56 59 77 106 111 118 137 150 155 156 165 167 212 230 231 250 254 269 274 291
18
26 61 71 81 109 134 138 142 165 169 173 184 198 207 237 249 295 300
15
6 19 38 49 84 86 87 95 104 151 180 195 236 243 258
15
9 60 62 68 80 84 152 164 184 192 206 211 225 229 272
18
8 28 29 34 39 65 102 140 143 156 168 175 177 189 235 273 286 293
23
6 17 27 38 41 67 82 87 127 130 137 149 158 163 179 192 198 232 238 246 273 288 295
9
79 88 156 189 200 213 242 244 248
10
66 105 128 158 161 198 209 227 272 287
14
18 29 32 98 99 134 157 193 205 225 273 283 286 297
17
8 17 66 80 89 107 133 151 153 196 199 233 249 257 270 280 299
15
38 49 58 102 129 134 149 173 183 194 236 266 270 277 292
11
20 39 44 48 92 107 154 172 204 213 262
12
44 50 75 116 140 168 193 196 255 275 285 292
17
23 36 60 113 118 121 126 127 144 167 170 199 203 205 232 251 255
16
3 36 52 57 61 75 79 101 136 141 153 156 159 197 230 281
21
27 62 63 84 88 100 118 129 130 146 148 162 171 189 221 232 254 275 281 294 300
16
1 51 63 68 71 79 123 129 174 193 200 229 245 253 280 288
13
23 34 36 82 113 163 171 172 233 251 258 265 274
19
1 46 58 68 69 111 112 113 114 143 167 174 184 203 227 233 246 256 264
8
28 109 130 144 160 288 289 295
21
5 20 26 42 48 58 98 154 159 188 196 213 218 225 226 232 238 245 252 279 294
11
10 26 48 106 149 172 203 250 255 279 294
14
33 46 60 84 104 105 167 191 233 234 262 277 284 298
16
74 115 123 130 140 150 202 211 214 221 238 263 267 270 277 279
16
10 96 104 150 151 184 240 245 251 252 257 266 268 270 275 283
18
9 40 41 56 64 75 109 116 130 153 155 178 183 184 190 226 247 287
14
2 50 76 121 129 132 167 182 203 252 275 281 286 292
21
18 24 25 63 79 103 122 125 139 174 182 183 193 217 221 247 267 268 270 277 292
17
19 22 32 40 53 80 82 117 150 155 168 217 220 231 234 271 275
16
19 23 26 34 77 97 149 155 180 200 217 220 233 265 284 294
16
63 80 86 103 127 141 149 157 163 164 188 239 248 250 258 280
18
3 48 59 61 87 95 129 134 139 144 182 188 234 248 267 290 298 300
18
5 21 28 81 85 90 98 107 122 129 154 173 190 214 223 259 298 299
13
22 32 48 72 170 173 205 211 257 258 261 275 291
19
12 43 58 76 80 93 103 123 131 136 159 184 190 195 232 235 253 266 284
9
17 43 62 69 78 192 222 292 293
11
17 22 26 33 76 97 114 120 141 155 261
17
22 48 51 62 68 69 88 92 109 110 145 148 156 157 183 237 240
14
22 56 76 77 80 88 105 141 142 144 178 227 260 273
11
19 43 52 62 87 132 156 160 171 182 244
14
18 37 41 62 98 121 135 162 237 240 257 278 290 295
25
1 7 32 42 55 57 59 73 101 120 122 129 140 144 146 175 178 191 192 200 222 223 238 244 245
20
3 7 12 21 51 60 72 89 102 116 131 155 158 167 179 182 185 279 288 294
12
38 49 61 74 108 133 184 224 238 244 258 262
12
42 56 81 90 97 133 183 189 201 213 251 294
16
18 26 30 46 68 71 77 102 168 174 222 260 280 285 296 298
14
2 61 103 122 127 164 165 180 189 198 217 245 253 268
11
4 9 40 49 106 125 127 156 181 196 237
13
32 58 69 114 145 195 234 250 267 278 285 288 294
11
44 63 71 103 113 130 152 207 241 285 296
13
1 75 81 120 147 150 165 168 177 191 193 274 295
23
31 38 55 69 77 88 102 111 113 122 123 148 154 156 158 168 175 209 227 237 262 288 299
14
9 16 29 66 85 87 103 104 137 140 168 207 224 257
16
5 11 83 102 131 142 175 182 191 217 240 256 258 270 273 295
17
90 96 109 126 141 152 161 167 173 194 206 207 214 267 279 290 293
12
39 47 76 94 171 187 224 238 242 263 269 273
13
9 10 23 56 109 133 134 141 145 201 210 258 295
16
38 72 88 91 103 131 166 179 184 195 207 220 231 241 252 288
21
20 33 35 39 52 83 99 104 119 131 144 155 198 219 222 224 253 273 287 294 297
13
27 52 69 102 137 138 158 173 192 203 210 227 290
17
38 81 119 121 132 137 141 146 159 161 185 199 208 219 276 288 298
12
3 35 50 54 73 96 157 193 222 246 258 266
18
20 34 61 96 100 105 110 115 119 130 131 143 165 176 207 223 235 259
15
45 66 74 77 94 113 143 148 172 176 229 254 270 280 299
16
1 32 65 79 90 101 107 203 211 213 229 243 251 259 284 299
16
23 27 85 94 115 148 160 161 179 183 193 206 224 253 288 289
12
15 42 48 53 108 143 189 215 220 240 288 292
14
25 55 60 64 80 123 142 151 171 182 201 229 255 264
18
2 40 47 53 72 95 109 123 137 189 191 197 204 226 249 268 269 290
11
53 70 92 106 141 145 171 173 200 220 300
13
8 33 40 41 49 80 115 141 160 188 207 218 219
22
7 14 19 21 28 38 65 70 78 97 104 117 127 144 148 182 205 210 213 269 271 283
10
20 102 105 181 203 226 237 260 280 300
13
64 80 81 100 132 144 146 169 190 211 235 262 285
15
7 9 56 59 97 113 120 122 154 171 174 187 252 257 288
13
19 109 111 125 142 159 161 189 230 231 261 266 293
10
2 32 45 70 71 87 105 217 271 279
15
31 41 48 62 81 89 91 95 97 166 180 226 236 280 291
10
46 54 64 72 149 170 186 189 238 253
18
10 13 15 19 23 64 70 75 76 147 157 166 170 189 205 229 241 246
16
25 65 70 79 97 112 125 133 142 173 193 198 241 265 279 285
