50 100
1.0 1.0 1.0 1.0 1.0 1.0 1.0 1.0 1.0 1.0 1.0 1.0 1.0 1.0 1.0 1.0 1.0 1.0 1.0 1.0 1.0 1.0 1.0 1.0 1.0 1.0 1.0 1.0 1.0 1.0 1.0 1.0 1.0 1.0 1.0 1.0 1.0 1.0 1.0 1.0 1.0 1.0 1.0 1.0 1.0 1.0 1.0 1.0 1.0 1.0 1.0 1.0 1.0 1.0 1.0 1.0 1.0 1.0 1.0 1.0 1.0 1.0 1.0 1.0 1.0 1.0 1.0 1.0 1.0 1.0 1.0 1.0 1.0 1.0 1.0 1.0 1.0 1.0 1.0 1.0 1.0 1.0 1.0 1.0 1.0 1.0 1.0 1.0 1.0 1.0 1.0 1.0 1.0 1.0 1.0 1.0 1.0 1.0 1.0 1.0
2
21 97
6
6 31 43 44 64 85
8
13 34 41 51 52 68 78 100
10
2 7 20 36 51 58 65 77 87 95
5
32 34 50 54 89
6
1 21 26 32 42 80
8
3 5 18 25 32 66 77 80
7
5 67 76 85 88 94 100
1
17
4
29 63 82 95
3
60 76 77
7
5 8 12 22 26 48 53
2
31 58
3
63 87 93
3
44 55 62
5
10 48 52 65 94
2
7 34
3
62 73 80
6
28 38 62 77 84 99
3
32 33 89
8
5 13 17 19 40 71 76 95
1
66
6
1 3 14 25 51 100
8
17 24 39 63 83 86 91 98
10
27 30 42 50 51 52 62 75 86 95
3
28 60 78
8
12 24 44 58 65 69 79 93
5
10 21 26 48 75
6
6 27 66 72 79 90
4
13 23 79 95
6
18 36 67 73 95 97
3
3 37 56
4
4 66 75 93
8
8 19 36 43 46 64 68 83
9
33 35 39 51 55 79 81 82 99
2
64 76
9
14 20 34 35 43 62 68 74 86
5
24 47 52 54 92
5
27 43 47 66 90
4
38 59 65 92
4
42 54 81 92
5
10 25 27 62 77
8
35 40 44 45 83 84 93 95
8
32 43 62 64 92 94 95 99
4
41 75 81 88
5
3 23 25 81 91
5
5 19 72 73 85
1
28
5
66 71 87 93 97
4
3 24 75 82
