100 200
1.0 1.0 1.0 1.0 1.0 1.0 1.0 1.0 1.0 1.0 1.0 1.0 1.0 1.0 1.0 1.0 1.0 1.0 1.0 1.0 1.0 1.0 1.0 1.0 1.0 1.0 1.0 1.0 1.0 1.0 1.0 1.0 1.0 1.0 1.0 1.0 1.0 1.0 1.0 1.0 1.0 1.0 1.0 1.0 1.0 1.0 1.0 1.0 1.0 1.0 1.0 1.0 1.0 1.0 1.0 1.0 1.0 1.0 1.0 1.0 1.0 1.0 1.0 1.0 1.0 1.0 1.0 1.0 1.0 1.0 1.0 1.0 1.0 1.0 1.0 1.0 1.0 1.0 1.0 1.0 1.0 1.0 1.0 1.0 1.0 1.0 1.0 1.0 1.0 1.0 1.0 1.0 1.0 1.0 1.0 1.0 1.0 1.0 1.0 1.0 1.0 1.0 1.0 1.0 1.0 1.0 1.0 1.0 1.0 1.0 1.0 1.0 1.0 1.0 1.0 1.0 1.0 1.0 1.0 1.0 1.0 1.0 1.0 1.0 1.0 1.0 1.0 1.0 1.0 1.0 1.0 1.0 1.0 1.0 1.0 1.0 1.0 1.0 1.0 1.0 1.0 1.0 1.0 1.0 1.0 1.0 1.0 1.0 1.0 1.0 1.0 1.0 1.0 1.0 1.0 1.0 1.0 1.0 1.0 1.0 1.0 1.0 1.0 1.0 1.0 1.0 1.0 1.0 1.0 1.0 1.0 1.0 1.0 1.0 1.0 1.0 1.0 1.0 1.0 1.0 1.0 1.0 1.0 1.0 1.0 1.0 1.0 1.0 1.0 1.0 1.0 1.0 1.0 1.0 1.0 1.0 1.0 1.0 1.0 1.0
20
12 28 35 36 38 40 44 50 51 60 85 94 98 99 113 125 141 156 166 177
30
5 8 19 20 35 47 55 61 63 65 68 69 81 82 87 88 102 108 111 126 128 150 155 156 169 171 175 176 178 199
23
7 10 38 40 41 46 52 53 55 61 64 80 84 114 117 129 151 167 178 188 194 198 200
30
5 7 11 14 17 19 25 33 36 39 53 55 72 77 94 95 97 103 115 131 133 134 145 154 161 166 171 184 189 199
16
3 44 60 62 64 73 91 104 109 143 144 145 165 176 184 189
13
3 6 10 11 50 52 98 113 142 146 148 158 165
28
5 24 32 34 44 46 47 51 59 82 84 93 103 110 115 122 127 129 130 141 145 149 152 155 169 171 198 200
22
28 40 41 50 68 78 89 106 113 116 118 134 149 152 155 162 172 173 174 177 185 189
19
15 16 33 41 58 88 89 104 105 117 122 142 144 165 188 189 192 194 197
30
3 10 11 15 19 53 56 62 63 66 77 99 103 104 105 112 114 126 128 132 137 150 151 153 156 161 190 195 198 199
22
9 20 26 32 36 45 56 59 77 78 82 86 105 108 125 126 131 165 188 194 197 198
24
6 13 41 54 64 67 68 71 73 77 81 85 88 89 123 126 135 138 139 140 147 160 168 194
16
4 30 45 68 88 93 107 118 119 128 129 137 138 191 196 200
24
9 20 21 23 36 37 48 63 69 89 95 100 108 121 126 128 134 143 144 162 180 186 188 197
19
17 22 29 46 72 108 110 117 119 122 128 142 149 161 175 176 183 186 193
20
3 6 38 49 62 76 82 84 102 110 129 131 132 135 147 154 172 173 174 194
17
8 9 17 29 30 43 70 80 98 99 101 111 136 152 193 196 200
29
3 6 8 19 22 28 29 35 50 56 64 69 76 79 92 97 99 106 117 129 130 135 141 147 155 168 170 172 180
24
2 3 15 38 46 64 71 72 79 81 84 111 120 121 122 147 149 152 156 160 169 178 193 195
27
4 18 20 26 39 45 51 56 58 70 72 75 78 86 90 91 100 129 134 143 150 153 161 162 179 183 196
16
4 5 15 20 41 47 63 82 87 93 125 146 160 167 173 188
15
76 78 85 107 110 111 132 134 138 147 148 154 185 186 198
23
4 10 38 43 59 77 84 87 88 98 114 125 135 141 143 144 146 149 181 190 194 196 199
19
57 63 76 87 92 101 119 121 127 129 131 133 140 160 166 167 186 197 199
22
1 11 20 37 46 49 74 80 82 83 99 100 119 127 133 158 161 163 168 171 184 195
18
6 12 21 59 60 62 67 71 80 90 96 98 105 114 153 179 193 198
19
6 15 18 23 72 81 97 110 119 129 132 135 151 157 182 188 190 191 195
24
4 8 12 19 36 51 65 81 94 106 109 111 113 129 131 145 157 160 179 182 187 189 191 197
22
8 12 14 23 31 54 60 88 95 96 100 108 111 116 128 129 151 155 157 158 161 196
17
27 32 40 60 80 101 109 112 114 131 144 156 168 178 181 188 189
25
2 26 34 43 55 58 67 68 70 77 79 83 89 103 106 107 117 125 135 150 165 172 176 182 184
19
2 23 28 37 46 54 64 71 93 94 96 108 118 125 127 149 158 189 194
23
1 22 27 38 46 47 69 78 82 86 108 113 114 116 118 134 158 168 173 177 178 184 193
24
5 7 25 29 36 44 61 64 67 68 77 87 97 101 110 114 119 124 137 141 177 182 188 190
22
2 7 16 38 67 85 95 114 115 127 132 134 137 140 141 149 150 159 166 188 189 192
20
7 15 16 27 29 38 39 44 57 58 65 73 92 95 105 120 160 173 188 192
21
8 10 17 35 37 45 69 71 85 87 89 127 132 141 145 150 154 168 169 186 187
27
2 8 10 19 24 34 37 59 67 69 77 96 104 107 130 131 142 146 168 174 177 182 185 186 194 195 196
26
5 6 10 17 18 20 33 43 68 87 88 104 108 124 125 129 134 149 159 164 168 173 178 180 185 191
18
4 5 37 42 55 60 65 69 91 103 106 116 129 131 148 168 185 188
17
2 16 18 22 27 29 36 53 89 91 111 118 121 126 139 159 177
20
2 40 48 49 75 80 94 119 121 125 132 144 154 165 166 171 182 183 193 199
29
2 7 8 19 25 34 38 39 47 56 71 77 88 91 92 100 102 128 137 149 150 153 158 171 173 176 182 185 193
18
11 15 18 92 101 103 107 113 116 119 121 136 142 163 167 180 188 194
13
14 27 41 48 58 90 94 151 154 168 182 184 197
23
6 7 24 27 30 48 49 55 63 71 76 91 95 96 103 107 115 128 136 137 170 174 192
23
2 13 18 31 52 53 55 56 81 83 94 100 102 103 105 110 131 134 160 180 191 193 194
15
18 45 48 50 73 87 90 91 96 102 112 115 161 178 184
25
13 15 19 29 51 52 57 67 78 79 85 104 116 123 124 133 135 158 161 162 164 182 190 193 200
18
8 26 32 48 49 53 86 96 121 127 130 143 155 180 189 192 196 198
23
4 6 11 17 19 21 23 26 37 59 63 64 81 115 119 135 138 146 149 154 156 165 167
14
5 8 10 15 25 29 71 83 93 131 140 169 184 185
28
4 7 11 20 30 48 54 57 71 74 81 82 83 87 88 89 95 106 119 122 123 132 134 148 150 180 185 200
20
11 21 35 55 56 64 78 81 91 99 103 119 137 142 159 167 179 182 183 198
19
7 15 32 33 34 44 49 75 82 91 100 104 127 138 157 160 171 175 177
22
2 5 7 10 12 31 33 36 37 44 59 86 89 91 113 124 127 137 139 147 172 200
10
32 106 107 137 139 152 170 174 186 195
17
19 21 32 36 37 39 59 72 89 90 113 115 135 150 154 155 184
16
6 7 29 49 106 113 120 122 134 137 163 169 170 175 181 189
17
15 24 36 49 50 74 87 100 109 120 140 152 160 163 164 173 182
23
16 36 50 70 71 72 89 93 97 98 103 109 118 124 141 148 150 169 173 176 186 191 193
17
10 15 19 36 46 61 78 93 108 111 120 141 149 169 181 182 190
21
11 21 27 57 64 83 89 96 126 131 132 135 140 144 153 162 164 172 175 183 200
21
2 8 12 16 17 22 31 50 67 70 72 104 112 116 118 130 145 146 152 165 171
14
51 52 56 80 94 95 96 124 127 129 164 174 194 199
23
7 15 22 23 29 35 37 38 40 56 58 61 82 97 101 106 121 127 141 153 158 183 189
17
8 52 59 69 92 98 103 110 120 129 133 144 159 175 187 193 199
22
2 7 9 16 32 38 44 52 74 88 93 111 112 120 124 132 141 158 159 191 195 199
18
4 10 13 19 20 25 28 34 58 62 87 114 121 131 143 147 167 169
16
4 28 44 45 54 78 83 104 111 152 161 174 179 192 196 200
15
12 31 32 37 38 49 55 82 105 108 117 140 166 176 195
22
1 10 32 33 39 41 44 47 55 63 76 93 98 105 106 126 137 170 176 186 191 192
20
17 31 37 38 59 60 63 65 69 71 78 80 129 137 142 146 164 173 178 189
23
19 26 29 35 39 45 49 51 55 80 81 95 100 115 125 132 140 147 172 181 192 195 199
20
15 30 31 43 51 52 53 55 62 81 93 96 114 120 123 143 154 155 186 200
21
1 7 16 37 44 53 58 59 73 76 81 83 84 85 96 128 129 154 167 174 189
16
1 4 7 16 25 44 60 65 67 74 109 112 134 152 186 199
26
29 31 41 42 52 62 73 77 86 89 91 110 111 123 126 129 146 153 155 159 161 175 177 185 186 187
18
1 4 10 23 27 41 80 115 122 131 136 143 144 151 169 178 191 193
21
9 13 16 21 26 30 33 45 55 58 63 67 71 89 91 106 119 128 133 143 199
22
3 11 12 13 22 50 60 76 81 87 99 106 112 115 126 137 138 149 151 156 161 197
25
4 11 22 24 33 37 51 57 63 94 102 107 129 131 134 137 142 147 170 175 176 189 194 195 199
18
7 21 24 26 33 65 86 90 103 118 129 132 138 149 170 176 179 186
21
7 9 23 28 35 40 41 46 48 49 51 62 70 73 115 121 128 141 159 195 200
20
12 34 44 55 64 85 88 101 102 115 122 138 148 158 176 179 185 189 193 199
22
5 35 61 63 65 72 81 92 95 101 106 107 110 112 122 131 149 154 161 167 179 186
14
11 26 29 40 69 81 93 96 128 130 137 146 151 157
14
4 23 26 37 39 48 80 148 153 160 168 175 176 198
23
12 14 24 32 33 43 50 52 58 64 75 80 89 94 96 100 103 106 116 137 157 166 192
20
9 15 18 22 39 61 69 80 81 100 114 115 130 140 143 148 153 169 172 195
15
5 13 16 24 44 52 54 69 85 87 102 106 143 153 194
19
14 33 36 44 51 63 68 69 82 90 94 101 107 108 130 131 163 184 190
22
5 7 13 15 30 45 58 65 72 80 116 122 128 130 154 159 163 165 177 187 189 192
16
9 18 43 53 64 67 129 138 139 144 147 148 150 194 195 200
21
20 26 32 34 41 60 68 96 100 124 131 144 159 164 169 179 181 187 189 194 200
22
5 13 14 25 36 40 62 69 70 71 72 77 93 98 99 124 125 155 157 181 185 193
22
25 28 62 69 88 89 100 110 123 127 147 152 155 159 167 169 173 179 180 181 193 199
23
1 7 13 20 25 29 56 58 59 62 68 70 93 100 129 130 132 138 143 170 179 183 191
11
15 44 98 108 113 133 152 154 167 179 190
26
1 6 10 19 30 44 56 65 86 97 101 105 113 119 127 128 130 132 133 138 143 146 154 161 177 200
