150 300
1.0 1.0 1.0 1.0 1.0 1.0 1.0 1.0 1.0 1.0 1.0 1.0 1.0 1.0 1.0 1.0 1.0 1.0 1.0 1.0 1.0 1.0 1.0 1.0 1.0 1.0 1.0 1.0 1.0 1.0 1.0 1.0 1.0 1.0 1.0 1.0 1.0 1.0 1.0 1.0 1.0 1.0 1.0 1.0 1.0 1.0 1.0 1.0 1.0 1.0 1.0 1.0 1.0 1.0 1.0 1.0 1.0 1.0 1.0 1.0 1.0 1.0 1.0 1.0 1.0 1.0 1.0 1.0 1.0 1.0 1.0 1.0 1.0 1.0 1.0 1.0 1.0 1.0 1.0 1.0 1.0 1.0 1.0 1.0 1.0 1.0 1.0 1.0 1.0 1.0 1.0 1.0 1.0 1.0 1.0 1.0 1.0 1.0 1.0 1.0 1.0 1.0 1.0 1.0 1.0 1.0 1.0 1.0 1.0 1.0 1.0 1.0 1.0 1.0 1.0 1.0 1.0 1.0 1.0 1.0 1.0 1.0 1.0 1.0 1.0 1.0 1.0 1.0 1.0 1.0 1.0 1.0 1.0 1.0 1.0 1.0 1.0 1.0 1.0 1.0 1.0 1.0 1.0 1.0 1.0 1.0 1.0 1.0 1.0 1.0 1.0 1.0 1.0 1.0 1.0 1.0 1.0 1.0 1.0 1.0 1.0 1.0 1.0 1.0 1.0 1.0 1.0 1.0 1.0 1.0 1.0 1.0 1.0 1.0 1.0 1.0 1.0 1.0 1.0 1.0 1.0 1.0 1.0 1.0 1.0 1.0 1.0 1.0 1.0 1.0 1.0 1.0 1.0 1.0 1.0 1.0 1.0 1.0 1.0 1.0 1.0 1.0 1.0 1.0 1.0 1.0 1.0 1.0 1.0 1.0 1.0 1.0 1.0 1.0 1.0 1.0 1.0 1.0 1.0 1.0 1.0 1.0 1.0 1.0 1.0 1.0 1.0 1.0 1.0 1.0 1.0 1.0 1.0 1.0 1.0 1.0 1.0 1.0 1.0 1.0 1.0 1.0 1.0 1.0 1.0 1.0 1.0 1.0 1.0 1.0 1.0 1.0 1.0 1.0 1.0 1.0 1.0 1.0 1.0 1.0 1.0 1.0 1.0 1.0 1.0 1.0 1.0 1.0 1.0 1.0 1.0 1.0 1.0 1.0 1.0 1.0 1.0 1.0 1.0 1.0 1.0 1.0 1.0 1.0 1.0 1.0 1.0 1.0 1.0 1.0 1.0 1.0 1.0 1.0 1.0 1.0 1.0 1.0 1.0 1.0
57
1 2 10 11 23 26 39 45 46 49 51 55 58 64 68 72 75 79 92 97 112 113 120 126 131 138 139 142 144 146 149 151 153 156 162 173 184 187 192 209 218 220 223 225 230 233 242 246 254 262 264 268 273 284 289 296 297
57
15 21 22 24 28 29 30 35 41 48 50 51 52 53 64 67 74 76 80 86 101 103 107 112 115 121 124 131 137 143 146 153 160 162 170 186 188 196 199 203 205 207 208 216 218 231 234 247 249 271 272 273 280 283 289 291 296
45
1 3 28 30 40 47 55 58 64 68 71 81 83 89 94 110 122 124 128 133 137 142 152 188 190 193 197 201 204 207 208 211 222 228 229 231 256 260 265 268 270 283 287 289 300
82
1 2 3 4 5 8 10 17 20 26 27 28 30 32 36 38 43 65 69 70 71 73 75 78 80 95 99 100 101 102 105 108 110 122 125 128 129 131 137 141 145 148 152 157 158 169 171 177 179 187 188 193 199 203 204 207 212 214 224 225 231 232 234 237 242 244 253 256 257 260 264 265 266 267 273 280 283 285 287 290 295 300
60
6 7 12 33 43 49 50 57 60 61 63 66 69 74 76 77 80 81 82 85 94 98 99 112 124 128 132 133 138 140 143 145 146 150 157 164 174 178 184 188 191 194 196 201 206 209 217 218 228 235 240 243 250 255 261 272 279 288 292 298
57
1 5 6 11 13 15 22 23 25 34 37 39 41 46 50 58 64 72 79 81 99 108 111 118 124 126 151 152 155 182 185 189 193 198 204 208 211 216 219 222 227 233 234 237 243 247 258 260 268 271 273 280 281 286 287 296 300
55
2 4 12 36 37 40 42 43 55 59 68 70 72 73 80 85 87 94 96 98 103 105 106 107 118 119 129 131 135 136 148 164 165 167 171 182 185 187 190 207 209 210 214 223 231 241 244 259 260 269 270 276 293 297 300
58
4 5 12 16 17 24 27 28 33 39 47 49 51 52 54 58 61 73 80 81 95 105 111 115 117 122 125 136 138 140 142 153 158 160 161 173 190 203 215 217 219 221 226 227 228 232 236 244 248 262 264 269 279 287 289 292 295 296
61
14 15 16 21 30 32 36 42 49 52 56 64 65 70 72 85 88 91 109 113 119 120 121 123 132 139 140 143 149 152 164 167 168 170 174 187 191 193 194 200 201 202 203 208 217 218 224 226 240 242 243 244 245 262 268 273 276 277 278 281 283
58
3 9 15 19 21 27 30 31 32 37 40 45 47 58 78 82 95 96 99 106 108 114 117 119 122 123 127 129 134 139 159 164 175 180 182 184 202 210 211 214 220 223 228 242 254 255 257 264 272 273 274 278 282 284 285 287 288 298
74
2 4 11 12 14 17 21 22 24 34 38 41 43 45 48 49 52 55 59 61 64 69 74 84 86 90 93 94 96 100 108 109 115 119 121 124 135 136 140 143 147 149 154 161 164 173 174 175 176 184 190 195 198 202 203 205 214 225 230 239 242 244 246 247 249 251 253 255 261 262 268 279 293 295
51
1 13 24 32 34 47 54 55 56 60 63 78 80 82 83 88 90 104 111 112 113 119 122 123 125 127 131 133 134 135 137 160 168 186 201 209 210 214 223 228 241 251 256 257 259 263 267 268 272 283 296
64
3 7 12 17 19 23 25 29 31 33 35 42 50 58 59 67 72 76 79 89 90 92 94 97 108 114 116 118 119 130 139 142 143 146 149 150 151 163 171 175 176 183 185 195 199 200 201 205 223 228 231 241 249 255 257 258 259 266 272 279 280 285 293 300
64
4 5 6 9 13 25 28 33 34 46 49 55 57 59 63 69 71 74 76 79 80 82 89 90 93 94 109 111 114 115 123 133 134 136 137 144 150 153 163 174 175 181 187 197 201 202 209 212 218 220 224 229 230 239 242 245 248 252 258 261 283 296 298 300
46
7 10 12 14 38 40 45 51 56 58 62 64 71 72 74 89 90 97 108 112 120 121 129 130 131 135 137 142 150 155 161 171 175 183 184 185 188 190 202 222 229 240 252 260 290 293
55
8 13 15 16 32 39 45 55 56 63 65 70 78 83 90 94 99 100 104 108 109 110 112 116 119 124 126 137 138 141 150 155 158 164 167 168 176 180 188 191 196 201 211 212 234 236 248 251 252 254 267 268 271 285 295
68
2 3 8 19 20 25 31 38 39 40 44 50 68 69 75 84 88 91 92 96 97 100 101 102 105 109 124 134 144 147 153 157 161 162 168 170 171 176 177 178 179 183 185 187 190 191 192 198 203 206 214 217 226 229 230 239 256 258 259 266 271 273 280 283 285 288 291 292
54
1 9 10 14 16 23 35 53 56 59 61 64 66 82 86 90 91 96 98 101 105 106 109 112 114 121 122 127 130 132 142 143 147 152 155 164 165 167 169 173 178 193 212 215 216 225 230 241 245 251 258 259 261 286
52
5 7 17 21 35 48 54 55 56 59 64 67 77 91 96 100 101 105 110 114 118 121 142 149 151 154 156 161 184 185 186 193 198 199 215 217 220 236 248 249 252 253 256 267 272 273 283 284 285 291 298 299
55
3 7 10 11 12 21 38 42 47 50 52 54 63 75 87 90 93 98 99 102 103 107 114 119 121 127 130 135 142 144 149 158 159 167 169 171 174 187 188 197 202 204 208 220 221 225 256 259 268 272 277 279 283 292 295
54
7 14 16 17 26 47 48 58 65 75 84 88 95 96 97 98 99 101 104 117 118 121 125 136 137 138 139 141 147 155 159 166 169 172 190 204 205 208 216 221 230 244 245 249 261 263 269 277 281 284 285 287 291 294
49
1 6 9 12 18 22 24 26 29 34 36 38 47 66 70 72 94 103 105 107 108 117 119 138 145 147 150 151 158 165 177 179 181 182 189 203 204 209 231 236 245 246 254 262 272 275 278 291 296
56
5 14 17 24 31 36 40 53 56 62 80 99 104 113 114 115 121 126 135 137 138 139 146 149 153 162 163 172 177 178 180 188 195 196 204 212 214 222 223 224 225 229 234 238 239 240 242 252 255 262 278 280 288 295 298 299
50
2 6 23 28 31 57 59 60 66 69 76 85 87 98 99 100 108 109 122 129 131 140 141 143 145 147 161 164 169 174 182 183 187 192 195 209 211 215 220 227 246 247 259 261 265 273 281 288 292 295
63
1 7 11 12 22 28 41 44 48 50 53 56 62 70 74 77 78 85 86 87 102 103 104 110 112 116 117 118 121 125 130 135 144 145 153 154 170 175 178 180 181 184 192 207 208 211 220 221 232 244 245 246 252 255 259 261 267 273 284 285 289 294 295
63
2 3 8 9 15 23 27 33 41 57 66 70 77 78 80 83 89 91 100 104 105 112 113 126 131 136 143 145 162 165 169 173 178 183 184 191 192 194 196 202 204 208 211 217 224 236 242 253 257 264 270 271 272 276 278 279 280 287 295 296 297 299 300
47
14 17 23 25 31 41 43 46 91 97 98 100 109 112 127 138 140 143 144 146 147 148 149 151 156 158 165 174 176 177 185 194 195 207 209 210 218 222 223 235 238 241 251 268 281 283 297
64
3 8 27 31 32 37 38 57 58 59 61 66 73 74 80 81 86 89 96 103 104 110 113 115 124 125 131 132 139 144 151 163 164 166 171 176 179 180 186 189 192 193 206 209 217 219 223 225 231 232 233 238 241 244 251 255 260 262 265 269 273 283 285 289
69
6 22 23 24 25 27 28 33 39 44 48 50 55 58 61 64 65 66 67 72 74 75 77 83 85 86 91 95 97 98 99 102 103 123 127 129 137 142 150 153 157 161 169 170 174 183 187 191 192 206 208 219 220 222 232 237 252 254 256 257 264 265 266 267 271 272 284 291 298
53
3 7 13 17 21 31 32 33 35 43 56 57 61 67 69 70 73 74 79 80 83 89 95 98 115 116 117 118 121 132 137 156 157 162 163 166 172 173 179 181 187 189 193 215 222 228 246 255 258 268 284 286 293
59
1 10 19 20 25 26 28 31 33 36 37 44 50 55 64 65 73 76 80 94 95 97 103 111 113 119 122 131 136 138 142 148 150 153 162 164 166 168 171 178 193 203 204 207 212 215 228 237 254 258 264 269 270 272 274 279 280 297 299
62
9 11 14 30 38 42 43 45 46 49 54 60 62 66 72 76 81 86 87 95 96 99 103 107 109 125 146 147 150 152 157 159 160 162 180 188 189 192 199 201 209 212 215 216 219 223 233 238 246 248 251 252 253 261 270 288 291 294 295 296 297 299
49
5 7 18 21 23 24 29 44 46 48 50 54 55 61 63 65 74 76 83 85 95 114 122 126 129 145 146 152 171 181 186 191 200 212 222 233 234 237 243 248 255 261 269 274 277 278 281 285 286
62
2 10 12 15 24 25 31 33 35 37 41 46 47 55 57 60 62 68 80 85 88 92 109 113 122 127 128 130 135 153 155 157 159 163 172 178 180 186 191 197 198 205 210 218 219 229 235 237 241 242 245 250 253 254 256 259 261 263 280 290 294 295
61
1 11 13 15 19 24 27 32 38 43 46 66 68 71 72 76 78 85 86 88 89 91 93 109 113 128 137 140 146 155 156 157 165 172 175 178 181 185 189 196 203 207 211 213 214 215 222 223 230 236 246 248 253 259 260 265 280 290 292 293 295
61
8 14 18 20 21 22 25 28 30 34 40 46 47 49 62 66 77 79 80 88 105 107 113 122 125 129 131 137 138 140 146 148 150 170 181 183 186 189 191 194 196 198 213 215 224 226 243 247 254 256 258 260 266 270 271 287 292 293 297 298 300
54
1 7 8 12 15 22 33 37 52 53 67 74 75 81 82 88 90 92 99 101 104 111 132 134 143 148 149 150 160 167 171 174 176 177 185 194 199 215 222 232 237 238 255 258 262 266 267 271 282 284 285 286 292 294
62
13 16 20 25 28 32 33 36 40 48 52 56 69 70 78 79 85 90 100 104 109 111 112 113 114 117 120 123 124 132 141 144 149 157 158 173 174 177 186 192 201 204 206 211 213 225 234 235 242 247 248 253 257 258 277 280 281 283 290 294 296 300
62
1 4 12 15 18 22 23 29 32 35 41 42 43 45 46 48 49 57 63 76 101 103 104 109 113 115 116 121 127 129 130 131 145 147 158 159 163 165 169 180 182 193 196 197 220 230 231 240 242 243 248 253 258 259 260 262 265 267 279 285 291 297
57
12 21 31 37 47 53 56 57 59 62 64 88 89 91 94 95 100 101 119 124 134 136 140 144 147 154 164 169 170 174 175 184 193 200 207 209 214 216 220 221 223 230 237 239 242 243 245 247 253 256 262 266 274 282 284 286 293
50
1 6 10 20 22 27 30 32 35 46 51 55 62 63 66 69 78 84 86 96 104 113 119 128 130 143 150 151 159 161 167 168 176 183 184 186 192 205 209 218 254 259 262 276 281 283 289 293 296 298
67
3 26 36 41 47 50 53 63 67 68 77 78 80 87 90 93 95 99 103 104 113 115 120 121 129 130 132 136 143 145 159 166 169 170 175 176 177 178 182 188 189 192 193 197 201 207 208 210 213 223 227 230 232 233 241 249 251 255 256 258 259 269 270 288 289 290 292
59
6 13 23 25 29 30 38 50 71 77 86 87 88 97 106 123 124 125 127 133 137 138 140 146 148 150 170 173 174 182 184 185 198 200 206 207 218 221 222 227 236 238 239 241 244 247 249 251 252 261 264 266 270 274 276 281 285 286 300
56
3 9 10 13 16 30 35 37 38 43 47 52 60 61 62 64 67 82 83 84 94 97 104 106 112 117 128 134 140 192 193 196 198 203 208 211 220 222 226 228 232 234 235 241 248 255 261 263 267 268 270 277 280 285 289 297
66
4 5 21 22 33 38 39 40 41 43 58 59 60 61 62 65 67 70 76 80 92 94 96 97 107 108 109 111 124 128 129 130 133 136 141 146 147 150 152 157 173 177 178 184 186 187 203 204 217 219 220 221 229 238 242 255 259 265 266 267 276 280 286 287 294 297
56
3 7 13 28 31 33 41 47 48 49 55 57 70 73 76 80 84 91 94 97 101 102 105 107 109 126 130 139 148 176 177 187 194 195 200 206 207 211 219 220 225 231 247 251 252 260 263 269 271 275 282 286 292 294 297 300
69
6 12 16 23 33 34 36 39 41 46 47 50 56 63 66 70 73 82 85 89 91 98 100 104 110 112 124 127 130 131 139 141 146 149 156 157 165 171 173 181 184 187 195 198 202 203 204 206 207 214 216 220 230 239 244 263 266 270 276 277 278 283 290 291 292 294 295 296 297
61
4 9 12 16 23 33 36 38 39 41 46 47 57 58 59 63 69 80 83 89 90 98 102 105 110 118 120 125 129 130 139 140 142 152 160 162 172 175 197 206 218 235 237 244 245 250 256 258 259 260 265 268 271 275 276 278 280 291 295 298 299
59
6 16 21 25 29 32 37 39 42 53 58 62 64 66 72 78 80 81 84 92 95 97 98 102 105 112 130 137 139 142 144 148 150 155 164 177 180 191 197 206 208 213 227 231 233 234 235 243 244 245 252 254 270 271 275 288 290 295 296
66
4 5 12 15 26 28 29 30 34 36 40 41 49 53 59 60 63 73 75 77 79 83 91 103 104 111 113 122 124 127 132 133 136 140 148 150 155 163 165 173 175 176 187 203 206 208 212 214 216 222 223 224 228 235 241 242 245 253 258 271 280 285 288 292 297 299
45
6 14 18 30 31 33 39 41 46 50 51 56 77 83 84 85 96 98 102 104 106 113 115 129 137 142 146 154 155 162 179 182 187 196 202 215 219 231 249 260 263 269 271 279 285
56
3 8 14 16 17 22 31 36 38 39 42 46 48 54 55 63 68 72 83 92 96 100 102 104 121 125 132 134 136 138 141 146 154 156 157 158 169 174 199 202 207 209 221 222 229 230 231 242 248 255 268 269 278 281 290 293
64
6 7 17 19 24 29 30 31 38 40 42 47 51 58 60 62 66 69 81 82 84 89 93 95 97 102 104 115 116 124 136 143 145 151 153 156 157 158 174 175 179 184 188 190 200 205 211 214 219 222 225 229 234 235 239 256 260 264 267 279 283 291 293 298
61
2 3 8 14 16 19 20 22 25 31 38 42 46 51 63 66 72 83 91 97 98 102 110 117 123 126 127 130 132 133 139 142 149 155 168 169 170 175 178 179 213 227 228 232 240 241 242 248 259 262 264 271 275 276 278 283 287 292 296 297 298
63
2 5 8 9 15 17 20 26 37 41 46 56 60 67 68 69 73 75 83 84 88 89 96 99 104 105 109 111 113 119 120 124 129 141 147 170 175 179 183 201 205 206 208 209 212 214 231 233 237 245 247 253 257 259 264 265 271 277 280 281 288 289 294
60
4 5 9 11 14 15 24 26 27 28 33 38 40 45 67 70 76 83 84 86 92 107 108 109 119 123 137 141 146 147 149 153 163 164 166 168 180 188 192 197 201 208 214 220 224 228 230 233 237 238 242 245 247 248 251 253 273 278 286 287
58
20 26 32 33 39 49 51 52 54 60 68 69 71 76 81 84 92 93 99 106 110 115 127 133 136 139 140 141 145 151 152 157 158 167 169 171 173 184 186 193 194 197 204 209 210 214 215 216 219 260 262 266 271 277 282 283 285 294
66
2 7 8 9 12 13 14 19 22 23 24 25 28 39 51 58 68 69 71 77 80 81 84 91 94 97 110 118 122 134 140 146 147 148 156 159 164 166 167 172 185 187 188 192 206 211 213 216 219 220 237 241 242 244 249 254 259 261 262 263 264 278 279 286 288 289
64
9 19 23 26 31 32 33 46 50 54 56 69 71 82 86 91 96 97 100 101 105 117 124 128 145 146 148 150 154 155 159 172 176 178 182 183 186 189 194 197 198 202 207 208 212 215 216 223 226 228 234 241 242 246 255 257 259 261 265 271 280 291 296 298
72
8 10 20 27 32 33 34 41 42 43 44 46 47 53 54 56 61 72 74 78 85 88 90 91 92 100 102 103 105 106 107 109 112 113 114 117 128 130 131 136 142 144 150 151 157 162 167 174 179 182 190 192 197 198 204 219 223 227 232 237 239 244 246 247 259 266 277 281 284 288 290 293
59
4 5 7 21 23 38 50 53 55 59 61 72 73 82 86 96 105 109 112 113 118 121 129 138 140 142 156 160 162 169 172 177 180 182 184 192 195 199 203 206 208 210 212 217 221 229 230 233 235 239 246 248 251 256 262 278 288 293 297
60
1 5 13 17 21 29 32 37 43 56 60 65 69 70 74 79 81 84 91 98 99 106 109 115 126 138 139 144 150 158 160 168 174 178 187 189 196 201 204 217 221 222 235 249 252 253 255 256 259 263 264 268 269 274 281 283 284 287 291 298
59
4 7 9 17 19 23 32 36 37 44 46 72 78 83 86 92 95 102 106 110 111 112 114 122 123 126 142 146 148 153 158 166 176 186 190 199 200 205 214 215 223 226 232 237 239 241 243 255 262 266 269 271 276 279 286 293 294 298 300
63
5 11 16 19 32 34 36 37 40 51 53 55 58 60 61 84 87 98 110 111 126 131 138 145 148 149 152 156 158 163 170 175 178 179 180 182 184 186 200 207 212 213 218 221 233 236 239 240 241 244 248 254 256 259 266 269 272 273 276 280 282 290 297
63
3 13 15 22 35 40 41 44 52 55 60 65 67 68 69 84 91 92 95 105 106 120 136 137 138 140 141 143 146 153 158 161 162 163 167 169 172 176 182 198 199 200 205 213 216 222 226 227 233 238 241 242 247 250 254 255 259 262 282 290 292 295 296
53
8 13 16 36 40 43 44 50 66 70 89 90 93 101 106 109 110 116 118 123 125 127 129 130 131 134 155 161 163 166 168 177 188 191 193 195 199 206 216 217 219 223 226 242 248 249 253 256 257 267 273 287 292
61
3 17 26 27 29 33 37 42 43 44 48 49 50 53 57 58 64 69 70 71 79 81 90 99 100 111 115 126 129 130 135 136 137 140 141 142 143 154 156 157 158 160 162 165 175 178 205 221 225 228 233 240 242 246 252 255 266 267 273 291 299
51
2 4 7 12 18 25 33 35 45 48 49 57 62 64 100 112 113 117 118 120 121 136 142 146 149 153 156 167 175 176 179 190 198 199 204 213 215 233 236 239 240 243 254 258 260 266 272 275 276 279 291
65
3 7 10 13 18 19 23 24 26 34 45 51 56 64 79 84 88 89 91 98 102 104 117 121 131 138 140 141 143 144 145 146 148 156 159 164 171 175 178 184 189 195 197 200 204 207 216 218 220 228 233 238 243 246 250 256 257 261 267 269 272 274 296 297 299
72
12 13 18 26 29 33 43 48 51 59 74 75 86 90 91 93 96 100 105 108 112 118 120 124 129 132 135 138 144 149 150 153 156 161 173 176 177 178 181 182 188 192 195 196 202 204 208 210 216 219 221 224 226 236 237 238 239 240 241 247 248 252 257 265 266 267 268 279 282 289 290 293
60
4 5 15 16 20 28 30 33 34 38 40 52 59 60 69 78 79 81 85 94 97 98 101 107 109 114 135 137 138 144 152 153 158 160 167 178 183 186 188 198 199 203 212 215 217 220 225 243 246 249 256 262 265 269 270 279 283 290 293 300
61
12 16 17 22 23 28 30 31 35 36 37 38 46 52 62 72 76 83 86 91 92 93 103 104 105 124 125 166 167 174 184 188 190 196 198 199 201 207 215 216 220 229 230 234 235 236 242 244 245 247 254 257 260 273 274 280 284 288 291 295 297
71
9 11 13 16 20 30 31 33 34 39 43 47 55 61 65 66 83 86 89 95 100 101 102 111 113 115 116 119 123 130 142 154 157 159 161 164 165 166 170 173 179 180 184 185 186 187 197 201 206 211 212 216 224 226 238 239 249 253 254 255 260 263 264 268 276 277 284 285 293 297 299
65
3 9 11 12 31 35 42 45 46 48 54 55 59 64 70 71 73 79 80 84 94 98 118 120 122 124 125 126 132 140 147 162 167 169 172 175 183 186 190 196 198 199 203 205 206 211 213 223 225 226 231 234 235 241 243 244 248 249 252 259 264 267 270 275 294
75
2 4 6 10 14 19 20 21 28 44 46 51 55 60 65 68 70 73 76 77 78 94 96 97 99 101 107 112 115 118 123 127 129 132 133 142 143 149 154 159 162 170 175 177 183 184 188 189 190 192 196 197 198 202 205 218 219 232 236 238 244 247 260 261 273 279 280 282 285 288 291 292 297 299 300
56
3 16 20 27 32 34 39 42 51 55 59 62 70 71 74 89 96 104 108 112 122 126 131 132 138 140 144 150 151 156 162 164 178 183 184 185 186 212 230 234 235 237 239 250 253 255 256 259 264 270 272 278 280 288 292 294
59
5 10 14 18 19 20 21 25 26 29 45 47 49 57 61 64 66 72 74 77 78 79 81 83 86 90 92 94 95 103 107 110 115 117 118 120 121 127 138 143 144 150 156 172 174 179 198 206 216 227 244 258 262 266 268 276 285 296 299
60
5 9 10 17 20 22 23 30 33 34 39 50 51 55 56 59 64 71 72 77 82 83 84 86 92 108 109 113 125 128 139 142 145 150 154 155 160 164 168 174 178 181 188 192 205 215 230 232 233 239 243 248 250 257 262 263 274 283 290 297
52
4 9 18 21 35 39 40 55 56 57 61 63 65 69 86 93 104 106 111 112 114 118 124 128 145 147 149 153 156 169 179 187 188 195 197 202 209 213 217 224 228 232 241 242 243 269 274 279 284 291 294 297
65
9 11 13 19 22 28 51 52 55 58 59 73 74 82 89 99 101 102 105 106 110 115 117 126 137 139 143 145 146 150 151 153 155 158 161 165 168 182 187 191 193 197 198 204 221 229 239 241 242 245 248 252 255 262 267 274 278 279 282 284 287 292 294 298 300
69
4 10 16 22 26 38 48 62 63 65 69 74 77 78 85 87 88 90 93 94 97 99 100 103 114 115 119 135 140 145 146 148 155 157 165 168 172 177 180 188 189 190 199 200 201 206 221 223 228 233 235 238 239 240 244 245 247 248 251 261 263 264 282 285 287 289 290 298 300
67
1 2 4 8 11 15 16 25 28 30 37 42 47 54 55 60 66 68 82 84 88 90 94 98 108 113 114 120 122 123 130 142 146 148 154 159 164 165 167 174 175 178 181 196 203 204 216 218 226 227 232 233 234 242 247 248 253 263 267 268 273 276 278 279 281 282 294
63
3 14 17 20 23 31 33 36 37 38 45 55 61 68 69 71 73 74 89 93 96 100 106 108 110 112 114 115 125 133 136 139 157 160 177 179 181 182 183 184 187 189 190 202 203 207 211 216 221 228 230 233 242 243 249 251 268 278 283 284 291 295 296
62
12 14 18 19 21 26 29 31 42 50 52 58 72 76 77 82 86 88 90 95 98 101 107 130 135 138 139 142 143 144 145 152 154 164 171 172 173 182 183 198 200 208 210 211 213 214 215 219 237 240 244 245 249 252 258 262 264 265 266 274 289 291
52
3 4 25 29 34 47 56 59 60 63 70 75 82 85 86 88 92 108 113 114 131 135 136 138 142 156 158 166 167 170 171 173 174 175 183 187 195 201 203 204 216 251 253 256 270 274 278 279 281 284 285 295
61
3 7 9 12 14 17 20 30 36 37 47 48 57 61 68 79 82 84 85 86 88 95 100 106 115 123 126 136 152 154 159 168 169 171 172 182 190 193 199 203 204 208 213 219 224 228 229 235 240 248 250 255 260 264 274 275 280 284 285 288 289
60
1 7 9 13 16 19 22 32 34 37 42 44 51 52 62 67 79 84 86 89 90 91 92 93 104 107 115 117 123 126 127 132 138 157 158 160 170 177 186 190 192 204 210 212 221 222 226 235 239 244 249 251 257 260 261 264 267 274 283 296
61
3 12 19 21 26 28 33 35 40 47 50 64 69 71 76 80 90 91 98 101 106 108 112 116 121 129 130 137 146 147 157 162 166 167 168 170 172 182 188 196 201 214 222 226 232 233 235 240 249 254 256 258 260 266 267 271 272 273 274 285 286
54
11 12 13 20 34 43 44 50 56 65 70 79 89 95 104 117 124 129 133 136 139 146 149 155 165 169 171 174 177 180 189 191 194 195 198 202 210 211 221 223 225 226 234 235 238 249 251 265 280 287 294 297 298 299
57
22 29 35 46 51 55 60 82 91 92 95 100 102 104 109 110 118 119 121 132 134 136 140 146 147 155 159 164 167 168 171 173 174 176 177 181 189 198 200 203 211 218 223 229 232 241 244 245 257 261 266 272 285 286 287 290 297
58
19 22 24 38 40 41 43 45 57 74 78 79 81 86 89 93 95 96 99 103 109 110 118 123 124 129 130 134 144 146 148 160 161 162 166 167 174 187 189 191 193 201 212 216 223 225 227 231 239 241 244 245 253 274 280 290 294 296
58
1 4 13 31 34 36 55 57 62 64 70 71 73 74 78 79 83 87 94 97 104 110 118 128 134 139 148 152 164 166 170 172 173 174 177 179 189 191 193 198 204 213 222 230 233 245 246 253 257 259 263 265 272 279 280 286 292 297
59
9 17 19 24 31 32 33 38 43 44 52 59 62 75 78 98 100 105 108 112 116 129 139 142 144 147 150 156 158 160 173 175 182 184 190 195 199 200 215 218 219 223 231 233 238 246 247 254 257 268 269 271 274 288 290 293 294 296 299
52
1 3 4 24 28 42 55 56 57 81 92 100 113 118 124 126 138 140 143 151 152 160 161 165 171 179 180 190 192 222 223 224 232 234 241 244 245 246 249 251 253 263 264 268 270 271 276 277 279 287 289 290
57
3 6 12 13 15 23 27 28 32 39 45 53 65 78 82 84 86 93 97 105 106 110 117 125 127 128 132 141 146 151 153 157 171 175 179 185 199 201 203 215 216 220 222 223 230 231 235 240 241 249 265 285 288 289 290 294 298
65
14 15 17 18 20 21 24 26 36 37 39 45 58 62 65 74 78 83 89 96 104 108 109 116 117 121 124 125 127 134 139 147 148 155 157 165 168 171 178 186 187 188 189 199 202 204 208 218 222 227 239 243 246 247 263 268 271 272 283 284 287 290 292 297 298
46
1 5 12 17 24 30 48 50 53 79 91 93 103 117 121 122 124 126 131 132 151 162 170 171 172 178 179 183 186 195 197 206 207 212 218 219 224 231 235 240 260 274 281 284 288 289
52
2 13 14 27 36 42 43 47 49 52 54 56 63 74 80 82 85 87 94 114 117 119 128 131 133 137 139 153 157 170 177 190 191 196 197 202 203 204 207 210 217 230 232 241 255 262 270 275 277 288 291 292
60
5 7 11 14 25 26 32 37 40 62 68 76 77 86 87 93 96 111 112 118 121 128 129 136 138 139 148 153 158 161 168 175 177 179 180 193 194 195 204 205 215 218 223 232 233 234 236 245 246 247 263 265 270 273 275 286 288 295 297 298
58
1 4 5 14 16 25 26 30 36 41 52 58 60 72 77 83 85 91 93 107 109 111 118 130 138 139 141 143 145 152 164 182 190 193 194 195 196 207 212 216 227 228 233 241 244 251 258 262 269 270 274 278 280 283 290 291 293 295
57
9 14 19 20 22 24 27 34 35 49 54 55 61 63 74 75 80 89 90 92 94 97 106 107 108 111 124 129 150 152 158 161 170 192 201 204 207 218 231 232 233 236 241 243 250 253 259 262 266 269 272 275 279 280 286 295 298
70
3 17 24 27 29 33 37 45 46 48 55 57 62 66 68 72 76 81 84 87 88 93 95 98 99 101 112 120 125 127 129 131 134 145 147 148 154 165 175 180 183 184 191 206 208 210 211 217 227 229 234 239 244 245 246 248 249 256 257 265 269 273 279 280 284 287 296 297 298 299
59
2 4 14 15 20 32 34 37 43 47 52 56 60 67 68 74 76 77 79 88 94 95 105 109 116 118 119 120 121 127 131 137 142 148 149 156 160 185 189 197 204 221 231 233 237 245 252 255 260 265 272 273 279 282 285 286 287 289 299
66
1 3 4 5 7 9 10 14 18 25 28 32 34 43 46 53 58 61 71 77 82 83 85 90 91 92 100 106 113 114 117 136 139 144 161 165 167 176 180 183 187 193 194 199 207 211 214 217 219 223 227 234 245 247 252 253 257 259 262 268 272 277 281 289 290 294
51
3 8 11 14 19 21 32 39 44 50 57 60 62 73 76 77 81 92 103 107 117 127 132 145 149 153 156 160 161 162 166 173 182 188 200 204 210 213 220 223 266 279 281 282 283 284 285 286 288 289 296
60
7 13 21 22 24 26 29 30 33 35 41 42 48 57 60 62 64 68 69 72 76 80 81 84 85 97 102 103 107 110 113 126 130 131 135 153 159 161 164 168 175 177 180 187 192 194 211 220 231 236 240 247 264 270 281 283 292 297 298 300
48
7 15 18 26 27 38 41 42 51 52 64 72 89 92 96 103 106 110 111 116 128 131 134 141 144 147 157 158 164 171 172 183 190 192 196 206 213 223 234 245 274 276 277 281 284 290 297 299
58
11 18 20 22 31 35 49 52 60 69 77 79 84 86 92 111 118 131 133 135 143 144 151 153 154 163 164 165 173 177 187 190 191 198 200 203 206 209 211 213 216 234 235 237 238 249 250 252 253 262 264 266 267 274 276 282 286 299
61
8 12 16 18 20 23 24 25 27 46 57 61 64 65 69 71 74 76 90 92 93 98 102 105 107 109 113 120 125 127 129 132 133 150 156 157 159 163 166 176 190 191 205 206 211 215 223 227 230 231 237 244 247 256 257 268 270 275 280 285 296
57
6 14 18 22 29 30 35 39 41 46 50 58 75 76 83 87 90 98 105 112 118 124 126 151 155 158 160 161 164 165 170 174 176 179 181 183 185 186 193 194 208 210 212 217 222 223 224 230 232 256 259 262 265 277 294 295 296
54
1 6 9 10 13 14 16 27 29 31 42 54 56 59 60 64 70 71 74 76 78 104 114 118 141 146 150 167 185 193 194 203 212 226 231 232 239 243 247 248 249 253 261 263 268 270 273 274 277 279 282 285 294 300
54
5 9 18 21 23 32 35 41 54 61 65 73 74 79 81 84 100 101 104 109 115 123 126 133 138 140 151 152 169 171 180 184 185 195 197 200 201 202 205 210 211 212 219 232 234 235 246 247 248 267 269 274 287 295
67
5 7 8 11 15 17 19 21 23 25 27 29 36 39 42 46 48 55 57 68 77 84 88 91 94 98 100 102 103 108 110 111 113 114 117 123 127 130 144 151 152 156 157 159 162 169 174 177 178 179 192 196 204 210 227 234 238 244 248 253 257 283 287 288 294 295 297
57
5 6 13 16 21 25 26 30 32 37 45 52 53 54 56 61 74 75 96 101 102 104 131 137 138 146 149 155 163 174 180 181 183 189 200 203 207 209 213 214 217 225 229 245 248 252 271 272 280 283 286 287 290 295 296 298 300
62
3 4 5 14 19 23 28 33 45 49 59 67 75 83 85 91 95 99 100 106 110 114 128 133 143 149 150 152 154 155 166 172 173 175 182 191 195 200 203 204 210 213 216 217 218 224 226 231 238 239 240 244 248 252 263 265 271 276 282 296 297 300
63
14 15 24 27 31 32 37 42 44 51 52 53 55 56 58 67 68 74 76 78 90 93 95 101 109 116 119 147 148 161 166 171 172 173 177 184 188 189 192 193 198 205 214 217 220 222 223 224 230 231 232 234 249 250 267 275 279 284 285 288 293 298 299
57
6 9 16 19 20 32 33 52 61 69 73 77 79 81 83 86 89 91 92 111 113 114 115 119 122 130 135 141 144 149 171 173 182 183 187 188 191 205 207 211 219 228 229 232 233 237 242 245 254 258 259 275 278 282 286 287 299
53
1 7 18 21 40 45 50 54 61 62 67 73 85 90 91 92 93 100 105 118 120 122 128 130 131 135 136 142 148 158 160 162 169 172 173 175 184 192 197 202 205 207 218 222 229 230 249 253 255 256 261 285 292
67
3 10 11 12 14 29 32 38 45 50 66 73 78 82 91 93 101 104 109 111 136 137 147 152 156 159 170 171 173 178 180 184 186 187 193 196 197 199 211 214 218 222 225 228 233 242 244 246 248 251 253 258 260 263 264 265 267 268 269 276 283 284 287 293 294 297 298
58
2 15 18 19 29 34 43 45 52 55 58 65 69 73 76 81 84 90 104 109 111 114 116 117 126 133 142 153 154 156 157 158 167 168 176 179 181 192 194 197 200 220 221 223 235 239 243 250 255 265 270 274 284 287 289 293 295 300
64
22 26 29 42 48 51 53 57 58 62 65 71 73 76 77 78 80 84 88 90 96 99 109 113 115 121 125 129 142 149 155 158 171 172 176 178 179 181 187 192 196 203 209 213 224 225 227 228 232 236 241 249 250 253 254 257 259 260 271 288 291 292 295 298
53
17 21 22 28 29 30 31 34 35 36 39 48 54 56 57 64 70 78 82 105 113 120 121 125 132 140 143 144 156 169 174 175 176 187 192 196 198 208 209 213 215 217 224 232 241 257 260 261 273 278 290 297 298
57
11 25 28 30 31 33 34 35 37 44 47 59 62 75 88 97 101 106 110 112 121 124 125 132 133 134 135 136 144 147 152 160 177 178 181 184 185 189 202 208 212 216 218 220 221 224 229 235 241 245 252 263 266 268 278 288 296
67
6 7 9 24 28 29 33 36 37 38 46 48 49 52 54 61 63 74 77 82 90 91 95 96 97 105 106 108 112 113 117 119 125 128 130 139 148 151 155 156 161 164 169 172 174 183 190 209 211 218 220 222 226 232 233 246 251 256 259 263 265 266 268 270 275 284 291
63
9 13 23 30 33 34 35 47 48 53 58 61 63 64 66 77 82 84 99 101 103 109 114 117 118 121 122 128 132 140 143 146 154 163 165 169 172 188 190 192 197 202 204 205 209 216 220 224 228 233 238 239 246 247 252 257 263 264 265 273 274 289 294
63
1 6 11 17 25 28 30 33 35 38 41 48 51 52 56 60 76 79 85 86 88 89 106 111 120 127 131 141 145 146 151 159 160 164 167 170 178 182 187 188 190 192 195 210 213 215 216 225 226 237 239 246 247 248 257 269 274 278 280 287 289 290 293
60
5 9 10 20 28 31 33 35 42 45 51 60 65 67 76 81 83 94 95 96 102 104 113 117 124 131 133 137 150 155 158 159 162 176 185 193 194 211 212 213 217 218 219 221 233 237 241 243 244 250 251 255 259 261 264 268 276 281 285 298
57
1 26 35 43 45 46 49 66 68 75 78 90 98 99 103 104 108 110 118 125 130 134 150 152 153 156 164 180 184 191 198 202 204 214 216 217 219 220 221 222 231 233 235 242 245 246 248 251 253 263 265 266 269 271 272 282 297
48
10 16 23 27 40 48 49 50 61 65 72 74 79 86 95 99 100 101 103 106 108 124 142 147 148 150 159 164 171 182 184 188 189 211 218 219 241 246 261 262 270 271 278 281 284 285 295 299
60
2 6 10 26 30 32 34 44 46 50 61 62 64 68 71 81 82 85 91 99 101 104 109 111 122 134 144 148 149 154 156 161 166 188 198 201 204 213 215 218 227 228 230 235 240 247 248 249 250 256 269 272 273 278 279 284 285 292 297 300
61
3 16 18 23 35 38 46 49 50 57 60 63 65 66 71 80 82 89 92 101 104 112 117 123 124 128 142 143 147 148 153 169 176 177 183 187 193 196 197 200 202 206 214 216 220 227 228 241 249 250 253 254 257 274 276 284 285 287 292 298 299
53
13 21 23 39 45 63 69 85 90 93 94 107 108 113 116 120 122 123 130 131 137 139 146 150 155 160 165 166 169 170 174 180 184 189 196 201 219 221 226 230 240 244 247 248 252 255 262 264 268 276 284 287 292
68
5 12 17 18 25 30 36 42 50 51 53 54 59 60 66 69 74 91 93 101 102 105 106 111 115 119 120 125 129 144 148 149 150 153 155 167 172 180 185 189 192 195 196 207 212 214 216 220 222 233 236 244 247 254 255 256 257 259 261 263 268 275 279 284 286 289 295 297
49
1 7 8 9 18 20 30 36 54 64 76 107 109 120 129 132 133 135 138 139 155 157 165 166 170 173 175 177 185 188 195 210 212 216 224 228 229 231 235 243 244 247 253 255 261 264 275 276 300
56
2 3 9 22 25 30 32 35 37 39 43 60 70 85 88 92 94 96 97 119 129 139 153 154 159 163 166 169 181 186 195 200 207 215 217 221 227 229 232 235 242 243 246 247 254 256 266 267 274 275 278 281 283 285 293 296
69
4 5 6 12 30 38 42 44 54 59 61 67 70 73 74 76 85 86 89 94 96 111 113 119 129 130 133 135 140 144 148 152 153 160 161 163 166 168 170 171 173 187 191 199 200 202 208 210 213 220 228 233 235 236 249 251 254 255 256 257 261 264 266 268 272 275 285 286 296
62
7 18 34 38 44 53 54 55 62 63 70 71 75 77 79 80 82 83 88 90 98 103 105 107 108 113 114 117 119 120 124 125 127 130 154 159 162 164 167 168 169 171 175 187 198 200 202 208 209 211 234 239 245 248 260 262 265 271 279 281 287 293
60
5 7 8 15 17 26 28 48 50 54 58 59 66 67 75 81 86 95 97 100 101 105 107 110 117 123 132 135 136 140 143 154 158 171 183 184 190 200 202 204 205 221 223 224 246 247 251 253 256 257 261 262 263 271 274 278 286 291 296 300
65
1 3 5 6 13 16 17 23 25 26 40 41 42 44 45 51 55 62 72 73 80 83 88 101 106 110 118 122 123 126 132 153 154 157 160 172 173 177 180 188 191 197 199 200 208 209 214 227 228 238 242 246 256 258 261 262 263 267 270 272 279 285 292 299 300
47
8 18 22 25 26 36 40 50 51 59 63 64 65 67 77 93 94 95 99 105 110 122 134 138 148 154 203 208 213 217 220 238 246 247 258 264 265 268 271 275 278 282 283 288 291 294 298
58
3 5 6 14 21 32 33 37 39 41 42 46 48 55 60 61 62 71 77 78 86 94 97 98 99 100 104 107 126 127 144 147 153 156 159 165 179 180 182 189 192 198 213 215 225 236 243 250 256 259 272 273 276 279 280 283 294 300
59
1 4 8 15 16 25 31 35 45 46 47 53 58 65 69 71 72 74 77 86 89 90 94 99 102 112 121 125 129 131 148 149 165 169 172 182 191 192 198 203 205 207 217 229 234 241 242 251 254 262 264 273 275 277 279 282 285 288 292
56
7 9 13 19 21 31 35 37 42 43 44 46 47 49 71 93 96 98 99 100 101 102 103 104 109 119 125 129 133 142 146 158 159 166 167 170 178 188 198 199 210 215 221 223 243 253 254 263 269 271 274 278 280 281 290 299
53
7 10 14 21 22 28 41 47 61 64 68 77 83 86 89 99 101 103 104 105 113 121 129 137 146 148 150 151 171 176 184 188 191 192 202 206 213 215 230 234 235 237 241 243 247 263 266 268 272 280 289 292 300
72
4 12 14 15 17 18 23 25 35 37 41 45 50 54 56 60 64 65 68 71 76 82 86 88 89 95 103 104 107 110 112 114 115 116 121 131 142 148 150 153 155 158 162 167 177 179 185 186 192 194 200 202 205 209 213 219 220 223 229 230 242 252 255 263 277 280 281 282 287 290 296 298
60
1 3 15 18 20 21 26 31 64 65 81 87 89 97 105 113 114 122 124 127 128 141 142 143 144 150 151 156 162 168 171 177 178 186 187 190 192 193 194 206 210 212 223 225 226 228 229 231 240 250 251 254 257 259 269 270 281 292 298 299
61
5 13 21 28 29 37 39 40 46 53 61 67 80 89 95 100 104 106 110 115 122 124 125 129 131 135 136 138 144 149 151 152 154 159 163 165 167 168 195 200 205 216 217 219 220 221 225 235 238 243 244 251 262 263 264 272 275 278 285 293 295
60
12 15 16 23 29 37 39 45 50 67 70 85 88 92 93 107 108 109 119 125 126 129 140 148 150 159 164 165 169 175 179 183 185 186 189 194 195 196 198 203 204 208 210 215 216 219 220 221 222 223 236 237 250 258 265 275 278 282 285 290
47
5 7 15 20 21 32 36 37 49 52 60 66 88 96 104 106 133 134 138 155 159 162 163 170 179 180 183 184 186 189 191 192 194 202 203 231 241 249 250 252 259 266 267 273 277 283 285
66
5 6 8 11 15 30 33 36 40 47 49 51 52 54 56 57 58 59 74 75 76 78 79 81 87 90 96 101 103 108 110 117 119 120 125 144 145 149 151 154 156 169 173 177 179 180 181 188 194 200 212 222 224 227 236 245 246 247 257 260 268 269 281 282 285 288
