100 200
1.0 1.0 1.0 1.0 1.0 1.0 1.0 1.0 1.0 1.0 1.0 1.0 1.0 1.0 1.0 1.0 1.0 1.0 1.0 1.0 1.0 1.0 1.0 1.0 1.0 1.0 1.0 1.0 1.0 1.0 1.0 1.0 1.0 1.0 1.0 1.0 1.0 1.0 1.0 1.0 1.0 1.0 1.0 1.0 1.0 1.0 1.0 1.0 1.0 1.0 1.0 1.0 1.0 1.0 1.0 1.0 1.0 1.0 1.0 1.0 1.0 1.0 1.0 1.0 1.0 1.0 1.0 1.0 1.0 1.0 1.0 1.0 1.0 1.0 1.0 1.0 1.0 1.0 1.0 1.0 1.0 1.0 1.0 1.0 1.0 1.0 1.0 1.0 1.0 1.0 1.0 1.0 1.0 1.0 1.0 1.0 1.0 1.0 1.0 1.0 1.0 1.0 1.0 1.0 1.0 1.0 1.0 1.0 1.0 1.0 1.0 1.0 1.0 1.0 1.0 1.0 1.0 1.0 1.0 1.0 1.0 1.0 1.0 1.0 1.0 1.0 1.0 1.0 1.0 1.0 1.0 1.0 1.0 1.0 1.0 1.0 1.0 1.0 1.0 1.0 1.0 1.0 1.0 1.0 1.0 1.0 1.0 1.0 1.0 1.0 1.0 1.0 1.0 1.0 1.0 1.0 1.0 1.0 1.0 1.0 1.0 1.0 1.0 1.0 1.0 1.0 1.0 1.0 1.0 1.0 1.0 1.0 1.0 1.0 1.0 1.0 1.0 1.0 1.0 1.0 1.0 1.0 1.0 1.0 1.0 1.0 1.0 1.0 1.0 1.0 1.0 1.0 1.0 1.0 1.0 1.0 1.0 1.0 1.0 1.0
18
2 9 10 15 19 48 73 84 87 97 126 131 132 151 170 171 176 179
18
3 9 11 24 32 37 71 79 94 104 124 127 159 171 173 180 181 188
16
36 50 61 85 89 90 93 106 118 123 127 139 146 175 179 187
15
20 21 37 46 89 104 108 109 118 157 161 186 188 191 194
21
1 13 41 53 55 60 67 85 101 111 114 152 159 161 163 167 169 178 179 184 187
22
2 10 21 24 35 39 54 55 59 69 76 83 101 116 122 136 139 174 187 195 198 199
17
10 11 12 19 24 47 69 74 85 124 151 156 164 165 168 173 200
23
39 53 56 59 66 70 72 74 85 91 96 98 99 129 138 140 145 163 169 171 186 192 197
14
3 6 8 14 23 30 41 64 85 91 133 137 179 199
23
9 12 19 22 40 53 64 84 93 94 100 102 106 109 111 115 121 139 141 166 176 179 195
25
10 14 15 23 24 25 26 27 36 74 82 100 103 112 113 123 134 140 160 179 183 187 191 194 196
25
1 4 6 27 29 32 43 44 47 53 55 58 62 74 93 95 96 102 106 111 119 144 152 161 183
17
4 8 21 32 52 85 88 115 141 149 153 162 176 182 187 193 195
28
7 12 22 24 28 36 41 52 55 67 68 69 70 90 110 126 128 148 152 153 156 161 166 176 181 184 190 193
27
1 11 16 33 34 40 42 44 58 63 66 101 108 126 130 133 134 139 140 142 148 165 174 175 180 185 195
23
1 2 6 8 9 20 22 32 38 47 50 58 59 65 71 78 93 120 123 128 155 168 183
20
4 24 34 50 82 87 111 112 119 120 122 127 136 138 151 158 163 168 173 197
23
3 10 28 35 40 44 47 51 52 60 61 67 73 91 104 105 114 117 139 140 163 166 198
23
3 4 29 47 64 69 77 93 107 125 128 133 143 151 159 161 169 171 186 187 189 197 199
23
3 12 16 18 26 37 55 69 88 103 110 118 119 120 140 151 155 160 167 170 172 178 181
20
1 8 13 23 41 51 95 99 100 117 120 127 128 132 134 142 144 148 169 185
11
5 70 79 88 92 105 106 118 120 145 194
22
3 7 30 34 45 47 54 61 83 89 103 113 115 129 132 139 156 171 176 186 189 199
23
7 14 18 38 47 55 64 86 87 90 95 96 98 99 113 115 123 147 170 173 183 184 197
21
21 25 28 33 43 48 58 74 87 89 90 92 96 101 116 126 140 148 176 185 199
19
5 10 30 46 85 99 111 118 121 122 125 133 140 141 165 172 184 186 190
20
6 14 31 57 63 90 95 97 103 109 114 116 132 145 154 164 183 192 194 199
18
1 8 31 35 49 59 67 71 76 105 106 111 128 154 156 176 181 183
19
28 37 51 54 83 91 103 104 111 117 118 123 129 133 157 160 161 163 171
16
11 40 48 56 65 77 79 88 96 131 163 174 175 178 182 200
15
34 43 53 76 79 91 111 117 129 137 141 150 155 162 188
22
8 14 15 17 18 28 51 61 91 93 100 112 127 131 144 147 155 182 185 188 189 200
12
10 18 32 63 126 135 144 158 161 165 166 179
12
9 43 58 61 81 90 97 128 132 176 178 186
24
1 9 11 15 17 18 24 43 47 63 68 78 110 113 114 121 122 148 155 157 163 175 180 198
17
35 71 85 87 88 90 93 98 100 120 124 127 154 170 183 185 193
16
4 6 31 54 72 88 100 123 130 139 149 154 177 189 192 200
20
13 30 31 38 58 102 104 127 129 138 139 142 145 151 155 163 172 180 190 198
16
8 32 38 40 42 55 60 67 68 99 117 126 127 136 146 170
24
4 14 20 27 35 40 44 45 50 58 64 73 75 79 105 109 111 116 117 136 148 162 163 169
22
7 8 22 24 29 32 36 39 44 49 65 67 79 95 100 109 122 141 143 176 189 193
27
4 9 24 32 34 51 53 55 56 75 84 89 97 101 108 119 123 131 133 139 146 147 150 153 161 164 174
26
7 11 15 45 51 60 61 67 85 88 93 102 111 119 129 137 138 139 156 167 172 186 193 194 199 200
26
4 18 22 23 26 31 44 52 59 73 77 81 92 93 101 120 122 124 133 142 149 159 161 182 196 199
29
2 3 4 5 16 18 30 37 52 57 58 68 83 96 97 98 99 100 104 117 128 137 144 147 157 170 178 180 195
20
15 29 30 41 48 50 57 98 102 111 112 116 127 132 135 140 141 146 157 184
11
6 26 28 45 54 67 69 86 96 106 111
17
5 9 12 14 18 45 49 74 117 118 122 143 151 183 188 192 197
22
16 26 40 75 87 90 94 106 111 124 139 143 149 150 154 157 162 163 166 175 189 198
12
2 9 60 76 93 151 162 163 164 184 191 193
21
7 20 25 39 43 63 96 113 116 132 139 141 149 160 161 163 187 189 191 192 198
19
7 25 39 40 44 52 62 71 75 85 88 97 100 101 118 136 148 166 181
19
39 49 55 78 82 84 94 107 108 109 120 129 134 151 168 176 179 182 188
20
1 13 23 27 30 39 43 88 97 107 109 115 122 129 142 150 155 175 181 199
26
1 5 12 39 40 47 48 57 67 69 88 96 97 103 106 131 138 141 145 155 170 175 178 184 188 196
19
5 16 17 40 43 44 74 75 76 81 96 101 110 128 146 153 179 188 189
23
2 10 11 15 18 20 25 27 38 41 50 76 82 99 114 119 132 133 172 173 187 190 197
17
8 15 28 32 56 61 77 90 101 110 118 121 129 130 159 171 195
15
11 16 23 28 34 43 79 114 124 126 135 136 153 196 197
25
6 15 18 23 29 32 33 35 36 58 74 76 78 85 87 92 94 96 108 114 120 150 153 155 167
16
1 5 24 26 37 44 75 98 118 126 127 154 163 167 178 180
27
1 2 4 12 23 25 27 35 62 83 93 95 98 114 117 132 141 151 154 165 170 175 182 186 189 190 199
22
10 17 30 37 40 50 63 71 77 100 103 109 110 128 136 137 138 161 169 180 188 197
23
5 17 33 36 54 67 71 99 102 103 114 119 124 128 135 145 155 160 162 175 180 182 199
21
3 8 18 30 39 48 50 60 68 78 94 102 104 108 118 126 131 134 156 159 189
14
25 54 61 64 70 75 131 135 138 140 143 144 156 185
16
21 28 38 48 62 73 97 105 125 129 131 139 141 149 156 187
19
15 43 56 78 79 80 90 106 117 141 144 152 164 181 190 192 196 198 199
20
2 6 31 32 34 54 70 72 79 87 132 145 146 154 157 163 166 175 194 200
25
4 7 21 24 25 26 31 33 34 35 37 48 52 59 89 93 95 106 107 109 122 152 165 172 192
17
4 5 11 21 25 59 78 88 113 132 140 145 146 164 179 181 186
16
7 10 17 19 25 42 46 76 89 90 101 105 133 141 175 196
19
6 9 18 24 35 38 42 49 53 63 108 114 127 141 146 172 182 184 192
20
24 26 27 42 76 79 92 95 106 115 120 122 130 138 140 147 151 161 183 194
13
2 11 35 86 96 102 104 120 128 135 153 167 184
17
14 24 27 32 40 74 81 91 92 98 133 153 159 167 170 186 188
20
6 21 23 33 42 61 68 80 86 95 96 99 108 126 127 140 151 172 188 189
21
4 21 60 63 64 68 85 93 102 108 110 117 135 144 145 151 157 166 175 179 181
24
16 34 35 39 49 50 55 60 65 93 100 102 104 130 136 143 159 172 174 181 188 191 193 196
28
7 9 25 28 48 49 51 52 58 64 72 83 85 100 107 125 126 135 140 147 150 158 159 179 183 187 188 194
18
36 42 49 58 68 88 92 116 119 120 124 131 133 135 162 171 190 199
14
5 16 23 26 72 74 79 93 97 110 130 133 134 195
28
2 7 22 23 31 33 34 38 44 62 69 80 84 96 100 101 107 122 131 139 144 150 158 165 168 175 176 178
18
10 23 77 80 93 106 118 120 127 145 147 150 168 171 175 180 186 187
29
10 32 39 51 67 76 80 84 92 106 107 118 122 123 127 129 133 135 141 145 146 150 155 166 168 173 183 189 196
18
9 10 17 36 49 50 55 56 72 76 125 126 134 136 154 159 198 200
19
2 16 17 29 33 37 70 104 122 127 130 139 142 163 167 175 180 194 198
15
28 39 42 76 82 100 119 128 140 142 143 153 154 181 182
23
10 27 28 34 88 94 120 122 140 144 154 155 157 162 166 170 174 175 178 188 189 192 198
15
17 24 50 60 68 78 97 101 131 142 151 164 171 188 196
22
10 28 33 45 51 54 76 80 85 108 110 116 122 124 130 153 156 170 177 180 181 195
26
1 21 22 47 49 50 52 71 81 88 105 107 114 121 124 126 149 160 161 164 165 171 176 182 184 200
19
10 11 23 24 39 44 64 100 108 113 120 126 158 159 161 165 167 173 186
17
10 29 30 31 71 104 105 112 120 124 138 140 145 152 160 161 164
21
13 16 35 39 43 66 70 78 79 106 120 145 150 154 173 180 182 185 192 193 197
26
6 8 9 22 31 32 40 52 55 73 103 106 113 122 124 134 139 145 150 153 165 176 177 192 193 197
11
21 40 41 50 97 108 123 134 155 165 179
21
1 3 14 57 80 82 84 92 100 105 108 127 135 136 138 145 150 158 167 184 189
22
3 37 81 85 91 98 99 104 106 120 126 144 146 147 149 156 158 164 166 174 184 186
23
22 24 39 48 53 57 64 65 74 80 87 90 100 117 120 126 139 141 146 150 172 182 200
