50 100
1.0 1.0 1.0 1.0 1.0 1.0 1.0 1.0 1.0 1.0 1.0 1.0 1.0 1.0 1.0 1.0 1.0 1.0 1.0 1.0 1.0 1.0 1.0 1.0 1.0 1.0 1.0 1.0 1.0 1.0 1.0 1.0 1.0 1.0 1.0 1.0 1.0 1.0 1.0 1.0 1.0 1.0 1.0 1.0 1.0 1.0 1.0 1.0 1.0 1.0 1.0 1.0 1.0 1.0 1.0 1.0 1.0 1.0 1.0 1.0 1.0 1.0 1.0 1.0 1.0 1.0 1.0 1.0 1.0 1.0 1.0 1.0 1.0 1.0 1.0 1.0 1.0 1.0 1.0 1.0 1.0 1.0 1.0 1.0 1.0 1.0 1.0 1.0 1.0 1.0 1.0 1.0 1.0 1.0 1.0 1.0 1.0 1.0 1.0 1.0
22
19 25 26 36 38 44 48 52 56 74 75 81 84 85 87 88 89 90 95 96 99 100
21
1 7 22 24 36 37 39 47 50 54 59 70 73 74 81 82 87 89 90 94 95
23
3 4 6 11 15 18 22 34 41 43 44 49 53 58 59 61 62 66 72 76 94 95 99
17
1 6 7 9 14 37 43 44 49 57 59 71 81 87 91 94 100
22
3 12 20 22 26 29 39 43 46 53 55 59 62 63 66 69 72 73 85 90 98 99
27
1 4 7 10 11 14 26 28 32 33 34 39 42 57 59 65 70 79 80 82 83 89 91 93 94 95 96
21
10 12 23 45 49 52 55 56 57 60 62 65 66 69 74 78 79 82 84 97 100
27
3 6 7 13 15 16 19 20 23 25 34 36 37 39 42 50 51 54 55 63 66 70 71 84 87 88 98
18
8 11 14 25 26 29 32 33 38 57 61 65 68 71 76 81 85 87
23
8 10 21 22 26 31 35 36 41 46 50 53 54 55 56 59 71 82 87 88 93 96 99
22
1 6 7 8 11 16 22 33 36 39 40 45 48 52 54 59 73 75 85 86 97 99
24
1 2 4 14 16 19 22 33 34 35 39 41 42 48 57 65 67 73 75 87 90 95 96 98
20
18 23 26 36 39 42 46 55 56 58 67 69 75 79 84 90 91 92 95 98
19
3 7 13 19 30 34 35 37 40 44 49 57 58 60 61 65 73 98 99
21
11 15 20 21 22 27 29 33 35 42 49 56 60 63 72 74 78 82 84 86 98
21
1 6 10 19 22 26 29 32 44 53 57 60 63 69 75 80 81 86 88 93 95
16
7 18 20 30 38 40 47 50 51 52 57 81 86 87 89 91
12
6 9 34 35 49 52 55 67 71 75 77 99
29
3 8 10 12 19 21 23 24 28 31 33 35 42 44 47 50 52 60 63 69 74 77 80 81 85 89 94 95 97
18
24 25 41 43 46 53 60 65 66 72 74 75 85 86 89 96 97 98
18
2 3 7 11 15 16 22 28 29 31 50 52 53 56 66 71 74 78
19
10 14 16 17 24 28 37 41 42 43 46 54 56 60 62 74 78 84 96
14
5 6 10 41 44 48 51 56 58 63 64 73 74 98
18
3 9 12 22 23 28 32 33 40 52 58 69 73 74 83 88 98 100
21
2 6 10 11 13 30 31 37 42 48 50 53 57 63 65 82 87 90 91 94 95
18
16 19 24 30 31 39 40 42 46 48 51 52 56 58 64 76 92 100
18
1 5 6 9 22 32 36 52 60 67 68 73 75 82 83 88 99 100
17
2 5 8 27 30 31 36 38 39 41 46 51 67 79 81 85 100
21
4 5 14 19 22 34 36 39 41 46 49 52 56 57 60 63 72 78 81 82 83
25
1 7 9 12 19 23 28 34 35 40 46 52 54 55 59 61 64 65 77 86 89 92 93 98 99
19
6 21 31 43 44 45 50 53 58 64 69 72 74 76 81 86 87 93 99
19
6 8 9 16 27 30 31 32 34 43 44 51 53 66 79 81 84 97 99
15
3 4 5 10 22 32 39 54 75 81 83 84 91 92 96
12
6 11 12 15 35 40 49 50 53 61 71 88
21
3 5 6 15 22 25 35 37 38 39 50 52 55 63 69 71 75 77 84 89 92
19
1 3 7 10 13 14 25 30 41 44 50 52 54 68 76 81 82 86 94
13
4 14 22 37 49 59 60 68 71 76 78 92 93
26
4 5 9 13 15 20 22 26 28 29 33 37 50 53 57 63 64 66 79 87 90 91 92 93 96 99
14
5 28 29 33 34 47 50 52 71 76 77 80 81 89
18
4 6 21 22 23 27 34 38 43 45 56 58 64 65 69 72 75 94
11
30 34 58 68 69 74 83 84 93 94 97
16
1 27 33 34 36 40 47 48 57 61 67 76 85 89 90 92
17
2 7 10 13 17 24 27 28 34 37 43 57 58 66 88 97 99
21
1 3 9 15 17 21 24 30 36 41 56 61 63 70 71 77 78 81 84 90 97
16
4 11 14 19 23 37 42 44 51 54 55 58 62 74 79 90
23
6 7 11 15 21 24 25 26 29 30 32 39 50 51 54 57 63 64 80 82 91 95 96
19
1 8 11 32 34 42 45 48 56 64 67 68 70 72 74 76 82 83 95
22
3 5 9 12 17 20 28 31 33 43 48 49 58 70 73 77 80 81 82 90 95 97
17
2 3 10 26 38 46 57 65 66 71 73 76 77 78 81 85 90
15
7 11 22 26 28 36 37 41 47 56 62 68 74 77 80
