50 100
1.0 1.0 1.0 1.0 1.0 1.0 1.0 1.0 1.0 1.0 1.0 1.0 1.0 1.0 1.0 1.0 1.0 1.0 1.0 1.0 1.0 1.0 1.0 1.0 1.0 1.0 1.0 1.0 1.0 1.0 1.0 1.0 1.0 1.0 1.0 1.0 1.0 1.0 1.0 1.0 1.0 1.0 1.0 1.0 1.0 1.0 1.0 1.0 1.0 1.0 1.0 1.0 1.0 1.0 1.0 1.0 1.0 1.0 1.0 1.0 1.0 1.0 1.0 1.0 1.0 1.0 1.0 1.0 1.0 1.0 1.0 1.0 1.0 1.0 1.0 1.0 1.0 1.0 1.0 1.0 1.0 1.0 1.0 1.0 1.0 1.0 1.0 1.0 1.0 1.0 1.0 1.0 1.0 1.0 1.0 1.0 1.0 1.0 1.0 1.0
5
2 9 71 88 89
7
2 5 9 27 43 66 77
5
8 16 78 79 84
5
29 31 55 86 98
5
2 43 50 52 57
9
29 30 33 43 49 51 77 93 97
9
3 8 23 29 31 40 45 80 88
4
23 67 74 81
5
30 79 80 85 100
4
9 44 61 99
3
24 46 54
2
24 75
7
11 12 22 34 51 63 81
4
36 69 72 91
7
16 17 20 34 39 71 96
7
8 26 28 34 36 62 96
4
4 6 21 86
5
36 47 68 70 86
6
37 48 54 69 72 81
4
12 17 81 82
3
5 10 23
5
15 18 30 36 56
5
17 25 46 65 80
2
67 73
4
14 71 86 94
7
13 36 52 56 91 96 97
6
5 8 11 41 56 87
4
21 34 39 46
9
24 31 32 49 52 55 56 94 95
2
19 99
4
30 55 89 90
3
8 36 84
7
9 25 43 46 52 70 83
5
17 37 51 73 80
4
31 48 66 75
8
23 24 30 31 54 61 66 95
3
46 51 83
5
4 9 10 25 46
3
4 40 50
1
89
11
1 7 29 39 43 50 68 72 81 84 90
7
8 13 16 33 49 62 86
5
39 66 69 90 95
7
1 3 22 32 49 75 86
5
17 49 65 77 88
5
23 50 82 96 99
7
10 14 56 64 74 92 96
3
4 19 76
5
3 6 11 45 92
6
25 40 44 55 67 73
