100 200
1.0 1.0 1.0 1.0 1.0 1.0 1.0 1.0 1.0 1.0 1.0 1.0 1.0 1.0 1.0 1.0 1.0 1.0 1.0 1.0 1.0 1.0 1.0 1.0 1.0 1.0 1.0 1.0 1.0 1.0 1.0 1.0 1.0 1.0 1.0 1.0 1.0 1.0 1.0 1.0 1.0 1.0 1.0 1.0 1.0 1.0 1.0 1.0 1.0 1.0 1.0 1.0 1.0 1.0 1.0 1.0 1.0 1.0 1.0 1.0 1.0 1.0 1.0 1.0 1.0 1.0 1.0 1.0 1.0 1.0 1.0 1.0 1.0 1.0 1.0 1.0 1.0 1.0 1.0 1.0 1.0 1.0 1.0 1.0 1.0 1.0 1.0 1.0 1.0 1.0 1.0 1.0 1.0 1.0 1.0 1.0 1.0 1.0 1.0 1.0 1.0 1.0 1.0 1.0 1.0 1.0 1.0 1.0 1.0 1.0 1.0 1.0 1.0 1.0 1.0 1.0 1.0 1.0 1.0 1.0 1.0 1.0 1.0 1.0 1.0 1.0 1.0 1.0 1.0 1.0 1.0 1.0 1.0 1.0 1.0 1.0 1.0 1.0 1.0 1.0 1.0 1.0 1.0 1.0 1.0 1.0 1.0 1.0 1.0 1.0 1.0 1.0 1.0 1.0 1.0 1.0 1.0 1.0 1.0 1.0 1.0 1.0 1.0 1.0 1.0 1.0 1.0 1.0 1.0 1.0 1.0 1.0 1.0 1.0 1.0 1.0 1.0 1.0 1.0 1.0 1.0 1.0 1.0 1.0 1.0 1.0 1.0 1.0 1.0 1.0 1.0 1.0 1.0 1.0 1.0 1.0 1.0 1.0 1.0 1.0
24
7 10 38 42 51 53 59 63 78 83 87 99 102 108 115 126 136 149 150 159 161 171 180 200
15
8 11 19 26 38 46 73 74 88 95 98 100 105 159 188
21
8 28 29 42 50 55 76 90 92 95 99 108 123 143 150 157 165 169 170 171 180
29
8 24 26 28 36 48 50 57 62 77 85 87 89 91 99 100 106 111 115 121 132 134 166 184 186 187 191 194 197
29
2 13 18 20 24 30 50 56 59 61 63 65 68 75 81 97 101 104 118 128 129 130 139 140 143 161 174 177 183
17
5 12 19 28 41 45 62 72 77 92 97 112 116 153 156 197 199
21
9 36 46 54 55 57 58 65 75 78 94 107 114 132 138 142 147 159 160 163 200
16
5 14 20 31 35 39 68 75 92 97 102 120 131 157 161 186
27
3 11 35 39 56 61 65 66 71 76 84 89 103 106 110 113 123 125 131 140 142 153 157 160 172 173 195
18
20 23 26 38 50 51 54 71 73 87 102 132 147 166 169 177 180 195
17
18 51 58 64 72 81 107 114 121 125 147 158 161 165 173 174 184
32
6 7 10 16 21 22 23 28 34 51 57 59 65 79 83 86 91 94 102 115 118 123 126 130 145 146 158 165 174 186 187 190
27
8 19 20 21 36 40 42 48 71 73 75 76 77 87 93 99 100 101 106 109 128 129 148 159 176 180 187
19
5 51 54 56 67 77 92 96 101 107 111 157 159 165 171 173 178 186 191
16
7 21 59 76 79 89 91 104 105 110 133 152 160 163 179 196
20
8 28 46 50 52 82 84 91 97 99 113 124 129 154 157 159 166 169 189 191
22
7 16 34 38 39 40 48 50 57 69 73 74 75 78 106 135 139 147 159 163 182 195
21
2 3 4 16 17 26 30 40 52 69 84 94 127 135 158 160 165 171 179 190 198
13
9 29 34 50 74 90 109 117 123 143 151 175 195
19
14 15 16 25 39 42 50 58 61 81 133 142 147 167 171 174 180 188 200
18
5 11 17 28 48 54 64 68 76 83 111 130 159 160 165 179 196 199
26
6 11 31 38 41 49 54 55 67 69 78 81 83 84 97 107 118 124 129 142 151 156 165 166 187 194
19
5 7 12 18 19 33 34 48 51 60 75 78 86 87 102 105 118 120 152
15
14 19 24 34 38 49 61 67 87 89 133 136 172 182 198
20
20 35 41 78 83 94 124 128 138 140 160 161 163 164 166 171 175 177 180 184
17
28 31 32 66 72 82 89 98 109 110 128 132 138 142 153 168 169
16
3 17 24 26 39 40 53 72 88 103 108 117 120 128 176 199
21
2 6 37 50 52 59 62 67 79 86 88 100 102 124 145 157 158 165 172 186 190
16
23 43 44 45 50 58 67 84 87 105 109 137 139 142 151 196
23
1 9 11 20 32 38 44 55 58 67 74 75 85 95 102 110 119 143 144 154 156 184 191
28
7 10 21 38 40 48 49 56 67 72 75 80 81 87 91 103 107 115 122 123 127 131 134 160 178 180 182 183
20
2 3 8 29 37 48 63 78 87 99 102 130 132 137 139 156 164 167 173 176
23
8 11 12 14 26 59 75 95 101 113 118 119 121 136 139 143 160 175 181 183 185 192 197
14
9 14 34 40 48 62 81 86 114 142 145 158 196 198
16
6 10 14 17 20 42 54 67 89 100 101 115 123 126 158 187
17
7 11 16 23 65 94 95 103 107 108 138 143 158 170 187 194 198
17
5 26 32 33 41 47 53 74 78 96 106 126 133 146 166 170 199
28
6 10 20 28 35 38 44 47 55 57 84 86 89 95 100 109 120 127 128 151 153 155 164 168 173 177 186 193
21
2 9 10 13 17 25 26 31 43 54 77 124 135 155 157 173 184 186 194 196 197
20
9 39 68 71 77 78 81 86 105 120 131 139 166 167 179 180 188 189 192 196
23
14 22 30 34 36 42 47 65 69 82 84 86 87 114 129 132 155 157 158 161 162 179 181
21
20 23 74 81 88 89 92 94 95 97 98 117 143 145 149 157 165 180 182 194 195
15
10 37 51 64 74 81 95 98 114 129 130 133 144 150 200
22
4 11 18 26 30 34 36 48 49 51 62 72 98 103 113 115 118 141 153 158 162 191
19
6 27 37 45 55 70 113 118 125 137 140 158 168 172 174 185 192 194 200
22
18 36 47 57 61 62 70 75 76 86 93 100 123 124 154 156 163 171 179 182 183 190
21
1 4 13 31 39 55 70 77 95 100 101 109 112 117 120 129 133 138 145 151 179
23
1 5 10 27 43 53 59 65 68 83 98 101 103 120 124 132 136 150 157 158 181 186 194
18
4 9 21 23 50 56 65 66 73 74 77 94 102 120 130 149 175 183
23
17 18 23 34 35 43 44 48 77 79 81 94 106 112 120 132 144 155 174 175 178 179 184
19
26 27 35 43 44 48 60 66 72 105 110 127 152 168 169 171 184 194 199
16
29 47 51 57 63 74 75 82 87 101 105 107 120 138 147 163
18
2 11 19 32 37 38 41 52 58 70 78 100 123 134 136 176 185 195
18
9 11 26 29 36 55 65 66 85 90 91 116 117 122 123 134 138 169
18
11 17 18 29 42 43 45 72 81 96 101 109 122 132 138 143 170 198
19
16 20 26 42 49 59 92 102 105 106 107 114 148 157 173 189 194 196 199
16
10 32 33 41 43 60 74 79 81 124 150 157 171 187 188 200
19
14 23 32 42 43 85 87 89 97 98 101 105 122 125 129 146 155 182 197
25
5 49 54 64 80 81 87 90 94 98 112 113 117 122 129 136 141 144 146 171 181 190 196 197 199
16
26 34 40 53 63 80 86 96 100 103 133 141 168 171 184 190
24
4 13 15 27 46 51 54 64 66 77 80 96 107 115 128 129 138 140 144 155 156 167 187 194
15
19 43 45 48 53 60 62 83 98 102 112 130 169 175 182
21
9 13 14 18 25 34 41 46 56 63 92 111 133 143 144 153 159 168 179 184 187
12
13 30 82 99 113 121 149 162 176 181 189 195
24
2 8 12 21 22 25 45 49 50 58 69 76 89 116 121 122 125 161 164 166 170 179 186 194
24
2 6 13 22 30 43 52 76 77 78 79 83 92 93 108 117 121 125 150 161 169 172 196 198
23
8 9 12 24 35 41 48 60 63 71 74 83 86 88 92 112 115 118 130 139 141 152 179
8
3 40 56 67 74 108 162 178
16
20 23 31 45 51 65 73 86 92 108 120 135 137 143 162 185
17
11 13 34 40 52 79 90 97 113 115 121 124 142 147 149 173 176
20
3 7 8 10 11 12 16 37 55 58 71 76 84 113 125 160 176 180 197 199
16
19 28 56 58 71 73 81 91 100 108 128 132 150 151 154 161
22
4 43 50 72 91 92 96 118 121 130 133 134 141 153 154 161 168 171 176 194 195 197
17
23 26 49 52 73 82 96 98 116 128 149 152 156 162 169 181 196
22
2 18 20 24 46 53 71 82 99 100 111 112 125 130 157 159 170 172 176 191 192 196
24
6 21 24 25 34 35 47 58 59 86 90 109 115 118 136 140 146 155 159 174 180 184 188 199
19
11 22 39 41 44 59 64 68 76 90 91 93 100 136 168 170 173 185 195
22
16 17 19 23 24 29 38 39 47 49 75 82 88 109 110 123 138 140 141 143 148 168
13
14 17 23 38 53 59 94 95 114 116 173 184 200
19
4 9 48 52 64 68 72 77 79 90 91 112 131 137 143 145 165 189 197
26
1 5 10 24 28 36 37 43 46 50 64 69 101 121 125 145 152 154 161 163 165 171 173 183 188 195
22
11 18 19 30 49 53 58 78 80 86 106 108 123 126 137 157 162 166 168 183 189 194
21
3 13 15 17 19 26 34 35 36 42 73 79 86 92 133 156 159 160 179 193 196
26
5 11 27 45 66 72 73 79 84 92 93 94 100 122 132 161 165 167 168 170 173 176 180 184 187 200
16
10 11 20 22 47 56 87 92 98 106 122 129 133 168 178 196
19
6 30 34 51 53 55 58 61 64 89 97 98 108 116 133 139 167 173 190
27
6 11 22 24 31 38 46 61 65 68 74 91 94 95 97 100 113 121 123 132 133 140 143 145 166 176 186
17
24 43 49 66 81 101 108 113 123 129 137 146 156 162 173 179 186
13
52 65 86 93 94 96 107 114 133 139 154 171 193
20
1 6 29 45 55 92 110 113 116 117 123 132 140 146 149 154 167 171 172 200
17
1 14 20 21 25 28 47 49 56 63 82 90 119 141 144 145 190
16
37 51 63 70 76 84 125 127 132 134 138 159 162 173 179 180
17
4 11 29 58 74 85 86 93 99 104 113 134 144 151 173 185 191
10
1 17 28 42 102 127 159 164 176 199
21
3 15 27 28 31 41 58 59 69 76 78 79 95 117 131 132 150 155 159 171 178
21
1 3 12 23 37 47 48 53 76 86 91 116 124 127 162 173 176 178 181 187 192
24
3 9 20 29 33 37 45 49 67 68 73 80 83 86 113 119 120 126 130 146 163 166 168 192
21
4 7 39 44 51 52 59 108 112 113 129 130 134 144 147 169 177 180 189 194 200
14
2 51 91 94 114 121 124 138 141 142 155 170 182 195
24
7 11 29 33 39 58 62 64 65 72 78 83 91 98 107 124 125 145 148 152 155 162 186 197
