50 100
1.0 1.0 1.0 1.0 1.0 1.0 1.0 1.0 1.0 1.0 1.0 1.0 1.0 1.0 1.0 1.0 1.0 1.0 1.0 1.0 1.0 1.0 1.0 1.0 1.0 1.0 1.0 1.0 1.0 1.0 1.0 1.0 1.0 1.0 1.0 1.0 1.0 1.0 1.0 1.0 1.0 1.0 1.0 1.0 1.0 1.0 1.0 1.0 1.0 1.0 1.0 1.0 1.0 1.0 1.0 1.0 1.0 1.0 1.0 1.0 1.0 1.0 1.0 1.0 1.0 1.0 1.0 1.0 1.0 1.0 1.0 1.0 1.0 1.0 1.0 1.0 1.0 1.0 1.0 1.0 1.0 1.0 1.0 1.0 1.0 1.0 1.0 1.0 1.0 1.0 1.0 1.0 1.0 1.0 1.0 1.0 1.0 1.0 1.0 1.0
5
14 55 58 61 62
3
15 41 95
4
8 14 50 90
4
7 64 69 83
1
29
3
52 83 88
4
12 59 86 91
4
14 28 54 94
4
20 41 60 75
1
31
7
10 16 22 29 41 50 93
9
13 14 18 38 73 74 77 81 96
5
34 40 43 86 92
5
3 44 59 91 93
2
13 47
5
16 24 29 87 89
4
16 32 41 90
5
43 62 65 76 77
2
21 32
5
14 71 73 81 96
6
13 14 16 23 79 97
3
17 19 59
4
18 20 48 78
8
5 11 16 17 43 61 76 80
3
20 30 70
4
14 22 28 79
6
5 7 9 13 24 76
1
4
6
38 44 60 74 84 85
7
5 17 18 60 64 89 94
6
6 9 10 28 44 92
3
25 78 95
6
10 54 66 81 85 97
1
97
8
2 11 32 53 74 83 84 91
5
10 36 50 69 78
9
15 20 52 60 72 79 95 98 100
6
8 32 75 90 98 100
5
2 3 61 65 75
7
7 54 57 68 72 83 92
9
1 6 9 34 45 50 72 80 90
6
5 32 66 71 81 85
6
19 58 60 72 87 89
7
4 9 22 31 72 75 80
2
34 64
3
45 47 56
2
38 95
7
12 18 52 53 55 80 99
5
12 64 72 73 98
8
1 6 8 33 58 74 82 86
