50 100
1.0 1.0 1.0 1.0 1.0 1.0 1.0 1.0 1.0 1.0 1.0 1.0 1.0 1.0 1.0 1.0 1.0 1.0 1.0 1.0 1.0 1.0 1.0 1.0 1.0 1.0 1.0 1.0 1.0 1.0 1.0 1.0 1.0 1.0 1.0 1.0 1.0 1.0 1.0 1.0 1.0 1.0 1.0 1.0 1.0 1.0 1.0 1.0 1.0 1.0 1.0 1.0 1.0 1.0 1.0 1.0 1.0 1.0 1.0 1.0 1.0 1.0 1.0 1.0 1.0 1.0 1.0 1.0 1.0 1.0 1.0 1.0 1.0 1.0 1.0 1.0 1.0 1.0 1.0 1.0 1.0 1.0 1.0 1.0 1.0 1.0 1.0 1.0 1.0 1.0 1.0 1.0 1.0 1.0 1.0 1.0 1.0 1.0 1.0 1.0
17
2 5 8 9 13 15 16 17 25 43 46 51 58 64 85 90 100
28
1 2 4 16 17 19 21 28 31 35 36 39 40 41 45 46 50 51 59 68 70 76 78 79 84 87 91 94
21
3 6 13 24 28 38 41 49 53 56 60 62 65 69 70 73 75 84 87 88 96
21
5 10 15 23 25 30 37 40 41 49 53 60 61 68 69 71 74 76 78 81 88
18
5 13 16 26 27 32 38 39 44 45 48 52 67 71 95 96 97 98
22
3 6 9 21 27 29 31 38 39 40 51 52 56 58 61 65 69 78 89 91 96 98
16
5 6 17 28 36 39 44 46 52 53 55 58 67 76 82 95
16
12 24 28 29 30 32 36 40 42 44 63 64 67 74 91 96
16
3 5 11 13 16 35 38 40 45 52 60 61 71 87 88 99
14
2 4 5 9 11 21 23 26 51 61 65 75 79 90
15
2 5 20 29 32 37 40 48 53 60 61 65 67 83 84
17
4 14 18 23 48 49 50 56 58 59 66 69 76 77 81 83 95
21
8 13 20 22 24 30 48 49 50 53 59 63 64 66 67 71 75 83 86 90 91
27
8 9 15 16 18 19 23 27 42 44 45 47 53 55 58 62 63 67 75 80 85 87 90 93 98 99 100
20
4 6 10 18 23 24 26 29 35 44 47 51 61 63 66 71 84 90 95 97
18
2 3 4 5 7 32 33 34 35 37 47 48 56 59 65 67 80 97
14
5 11 16 23 35 36 54 62 69 74 77 81 84 96
21
12 14 16 21 25 29 30 34 38 39 44 45 47 48 55 59 65 76 79 95 98
17
5 21 22 30 35 40 44 46 54 56 59 64 74 82 86 92 96
19
7 9 25 31 33 40 41 49 54 60 66 71 72 79 80 85 87 89 91
16
8 13 15 16 23 25 32 36 43 58 74 79 90 93 95 96
15
1 11 12 15 16 21 30 35 47 58 63 66 68 78 100
18
4 21 28 37 40 50 53 56 58 59 61 65 81 85 86 89 95 98
23
6 8 15 26 28 34 42 51 53 55 56 63 64 71 73 77 79 81 90 91 94 96 99
20
1 15 19 20 24 27 29 32 45 51 58 62 63 67 74 75 78 81 94 97
21
2 4 14 23 26 30 32 43 44 49 61 63 65 66 71 74 77 80 84 85 89
21
4 5 6 16 21 22 27 30 33 38 40 42 47 57 59 66 84 86 96 98 99
15
3 8 16 21 24 33 45 46 54 61 64 67 72 75 98
16
15 21 22 27 32 33 36 42 50 57 63 64 68 73 74 92
23
6 8 14 15 17 20 21 24 26 30 32 38 46 52 58 59 65 68 72 81 88 97 99
21
3 5 13 16 19 24 25 34 35 39 43 47 55 60 73 82 83 85 92 95 97
19
7 10 21 23 26 27 29 33 36 44 51 55 61 64 66 68 81 88 92
19
3 20 21 22 23 31 35 40 44 47 51 52 58 71 76 82 85 96 100
20
1 4 6 10 23 33 37 41 44 58 69 72 77 81 84 85 87 94 97 99
26
4 10 13 14 22 25 26 39 41 42 43 50 52 55 56 60 61 62 65 71 82 84 85 87 89 96
21
9 16 23 28 33 35 37 39 41 43 49 51 54 59 60 63 76 77 85 91 94
24
5 8 9 13 23 31 33 38 57 61 77 79 80 81 82 83 84 86 89 90 92 94 96 100
22
12 17 19 29 30 39 40 43 46 53 59 62 63 64 65 69 79 80 82 87 91 93
22
3 6 25 27 30 31 46 49 53 60 62 67 72 73 80 82 87 88 89 97 99 100
29
7 15 16 21 23 24 25 26 27 30 34 38 40 41 45 47 51 55 59 66 68 71 73 74 75 77 79 90 95
15
4 14 21 42 43 47 51 59 62 66 88 92 96 97 100
15
1 11 13 23 30 36 43 49 54 55 57 73 80 84 94
18
5 13 19 23 30 40 41 47 51 54 59 61 63 66 71 73 76 86
17
2 10 14 19 22 28 29 34 37 42 45 52 63 80 85 93 94
19
6 9 11 12 20 21 23 35 51 56 60 67 68 69 76 77 80 85 91
25
3 5 6 13 18 22 29 30 31 34 35 37 38 39 40 43 52 56 67 72 75 78 79 82 92
12
3 5 14 26 35 36 43 61 66 85 86 94
24
3 5 9 10 15 18 20 22 23 26 29 35 36 52 57 72 73 79 83 84 87 88 94 100
25
1 2 6 8 18 21 24 28 31 35 36 45 48 49 53 55 58 63 68 79 85 90 93 94 97
16
10 16 22 29 37 41 43 47 49 53 54 56 62 64 72 82
