100 200
1.0 1.0 1.0 1.0 1.0 1.0 1.0 1.0 1.0 1.0 1.0 1.0 1.0 1.0 1.0 1.0 1.0 1.0 1.0 1.0 1.0 1.0 1.0 1.0 1.0 1.0 1.0 1.0 1.0 1.0 1.0 1.0 1.0 1.0 1.0 1.0 1.0 1.0 1.0 1.0 1.0 1.0 1.0 1.0 1.0 1.0 1.0 1.0 1.0 1.0 1.0 1.0 1.0 1.0 1.0 1.0 1.0 1.0 1.0 1.0 1.0 1.0 1.0 1.0 1.0 1.0 1.0 1.0 1.0 1.0 1.0 1.0 1.0 1.0 1.0 1.0 1.0 1.0 1.0 1.0 1.0 1.0 1.0 1.0 1.0 1.0 1.0 1.0 1.0 1.0 1.0 1.0 1.0 1.0 1.0 1.0 1.0 1.0 1.0 1.0 1.0 1.0 1.0 1.0 1.0 1.0 1.0 1.0 1.0 1.0 1.0 1.0 1.0 1.0 1.0 1.0 1.0 1.0 1.0 1.0 1.0 1.0 1.0 1.0 1.0 1.0 1.0 1.0 1.0 1.0 1.0 1.0 1.0 1.0 1.0 1.0 1.0 1.0 1.0 1.0 1.0 1.0 1.0 1.0 1.0 1.0 1.0 1.0 1.0 1.0 1.0 1.0 1.0 1.0 1.0 1.0 1.0 1.0 1.0 1.0 1.0 1.0 1.0 1.0 1.0 1.0 1.0 1.0 1.0 1.0 1.0 1.0 1.0 1.0 1.0 1.0 1.0 1.0 1.0 1.0 1.0 1.0 1.0 1.0 1.0 1.0 1.0 1.0 1.0 1.0 1.0 1.0 1.0 1.0 1.0 1.0 1.0 1.0 1.0 1.0
44
2 14 20 25 28 29 30 31 32 53 55 60 64 71 78 81 82 83 84 105 106 114 119 129 130 132 139 146 148 149 154 155 156 158 161 164 165 171 176 186 190 191 198 199
49
1 3 4 12 15 20 26 29 37 47 53 56 60 62 63 65 67 72 74 77 79 81 82 85 86 88 96 102 108 114 119 120 123 127 129 133 136 143 144 150 153 156 158 166 167 175 183 195 197
36
4 20 25 37 41 50 64 76 83 90 95 102 103 108 117 119 124 125 127 128 132 137 140 143 150 160 161 163 165 169 171 172 175 184 188 192
39
4 5 6 12 17 20 22 33 38 42 52 54 60 66 72 73 80 87 97 98 105 108 113 117 123 124 125 129 131 151 158 165 180 181 186 191 193 194 196
45
6 7 15 21 23 24 25 29 31 39 40 41 42 43 47 53 55 68 70 71 72 74 75 77 80 81 93 94 95 101 107 113 120 122 124 129 134 154 163 165 168 170 179 181 196
50
1 16 25 26 32 34 35 38 44 49 52 65 69 75 81 83 85 86 89 99 103 107 108 112 114 119 125 128 129 130 131 132 135 144 153 156 158 166 171 172 176 177 178 181 182 189 193 194 198 199
36
4 7 41 51 52 53 61 63 69 71 76 78 93 94 99 105 107 113 114 118 121 122 130 133 139 142 143 162 164 169 173 180 183 190 194 199
40
3 7 13 22 29 36 48 57 73 74 75 94 95 96 98 99 103 107 108 117 120 121 134 136 138 140 145 147 151 153 156 158 159 161 162 164 169 190 197 199
44
5 7 8 24 39 44 45 53 55 59 63 66 76 77 78 79 82 83 85 95 102 105 108 114 119 126 131 134 142 143 153 154 155 164 166 171 178 184 187 190 192 194 196 198
37
1 5 11 20 29 40 47 48 49 53 56 63 67 80 84 85 87 90 93 97 100 106 109 113 118 121 125 128 136 137 141 149 152 179 180 188 192
48
3 5 7 12 18 19 24 35 46 52 55 57 59 61 62 64 66 73 81 82 88 89 91 99 102 106 112 114 115 121 134 137 139 141 143 163 164 165 168 170 171 179 180 183 187 189 190 196
33
5 9 14 16 27 35 39 40 54 56 58 64 65 92 95 111 113 114 117 125 131 133 135 150 154 162 167 176 187 189 190 196 200
40
1 2 12 15 16 18 19 24 38 40 42 45 48 49 57 58 60 69 71 72 81 87 98 108 109 115 118 122 146 153 163 164 165 170 171 175 181 184 187 190
47
2 4 8 11 13 15 17 22 29 52 54 60 61 69 73 78 79 87 91 95 98 101 106 108 113 114 120 125 131 137 139 142 143 146 158 159 161 162 164 169 172 176 180 181 186 197 199
43
6 8 12 15 20 23 27 29 35 41 56 59 65 66 67 76 79 81 85 87 91 94 95 98 108 111 116 118 122 139 141 143 144 145 150 157 172 174 178 181 183 195 197
38
14 30 38 41 42 45 49 50 54 58 59 61 62 78 88 98 103 108 109 111 112 117 118 124 126 130 135 137 138 142 147 160 176 177 189 191 196 200
35
1 15 17 19 20 29 31 33 34 35 51 64 65 80 84 85 87 93 97 109 111 113 118 122 136 140 162 163 171 174 175 180 182 194 196
35
1 3 4 7 10 15 23 36 44 45 48 53 54 64 65 69 70 71 73 77 82 85 88 103 104 112 113 114 129 132 135 149 158 161 182
41
2 3 4 19 23 26 28 29 30 32 44 52 57 59 81 83 87 92 99 100 104 105 112 118 119 122 124 131 133 136 139 149 156 162 166 172 176 183 184 190 192
42
5 10 13 14 18 19 27 30 32 33 36 45 50 57 61 66 69 73 74 81 83 91 93 94 103 106 108 120 132 136 140 147 148 149 152 163 171 177 180 181 185 198
36
6 13 19 22 25 26 33 38 43 44 46 49 54 55 57 60 66 69 72 78 95 110 115 119 124 127 130 137 138 146 150 151 165 166 168 184
42
2 3 15 18 27 29 30 32 37 39 42 45 50 51 52 53 54 63 73 82 83 85 86 88 100 101 108 136 137 139 147 152 167 169 175 180 184 186 188 194 195 197
54
4 12 13 18 20 21 24 26 33 36 41 42 45 46 47 49 51 53 55 59 63 66 68 69 71 73 76 91 103 104 107 110 112 113 114 116 120 137 140 146 148 152 154 156 158 160 161 170 173 182 189 196 199 200
49
2 3 4 7 8 9 12 16 21 23 25 27 29 33 35 50 53 55 58 69 73 77 81 86 88 89 94 96 97 105 107 121 129 131 132 139 142 147 154 155 156 170 172 175 177 180 186 193 195
43
2 6 8 9 12 15 19 22 28 29 35 37 38 49 55 56 57 58 96 98 101 107 110 114 116 124 125 136 140 147 149 153 154 164 165 169 176 177 183 188 192 196 197
39
3 21 25 31 33 36 37 38 39 43 47 49 52 55 59 60 64 65 72 78 87 89 90 97 98 99 115 116 139 141 146 153 156 158 166 173 174 190 194
39
1 2 7 8 10 12 14 20 24 29 31 34 41 48 53 66 68 69 70 78 81 82 84 90 91 101 105 112 116 120 141 145 154 156 169 178 185 188 190
41
20 22 25 29 31 33 36 38 39 40 44 47 55 59 72 88 92 98 102 104 105 107 110 111 115 116 118 130 135 138 145 148 159 161 167 176 178 189 191 193 195
35
10 17 18 25 44 46 53 57 58 59 60 63 64 69 88 99 102 107 111 113 121 133 140 160 161 168 169 173 174 183 191 192 193 195 200
49
2 13 15 22 24 28 31 34 36 38 41 42 46 48 60 61 64 69 70 72 74 77 81 95 96 97 101 103 105 106 109 113 114 115 123 126 128 130 148 152 154 160 170 173 177 184 188 193 197
31
10 14 29 30 31 33 39 41 67 70 77 91 93 94 101 103 125 128 132 136 137 141 146 159 164 172 174 177 188 189 196
42
7 20 32 40 43 50 60 74 80 81 85 89 94 96 99 101 106 109 112 114 122 124 125 127 128 131 135 139 141 142 146 147 148 155 161 166 180 186 189 190 194 200
40
6 9 11 14 17 20 21 24 41 45 52 62 67 72 82 84 90 93 104 109 128 133 137 138 143 144 150 151 152 153 154 156 160 171 173 179 180 181 182 192
45
3 12 20 27 30 37 38 45 48 56 59 62 65 73 82 87 89 91 98 100 101 102 103 106 109 114 115 116 122 123 129 130 131 137 141 146 150 154 159 161 175 178 182 186 191
41
3 12 14 17 24 28 29 30 33 35 39 45 58 66 75 79 88 91 93 95 96 100 108 109 111 116 122 128 130 131 132 136 137 142 143 161 166 187 190 196 199
32
21 23 26 27 28 31 49 54 55 57 59 60 64 68 69 70 95 101 103 106 109 121 133 138 144 147 154 158 159 169 187 195
43
2 9 20 22 34 35 43 46 64 66 68 71 72 74 79 80 87 97 104 120 124 125 129 133 138 139 140 141 142 146 151 155 157 163 166 169 182 183 187 188 192 197 198
39
10 13 16 19 21 22 26 33 34 36 39 40 43 46 53 57 64 66 85 92 98 108 114 121 125 145 147 152 160 164 170 173 174 181 187 192 195 196 198
33
8 13 23 39 45 55 67 68 70 79 91 99 100 102 105 112 117 123 130 131 151 152 161 166 170 173 175 176 178 179 184 197 200
33
7 10 39 45 48 59 60 66 72 79 82 94 97 99 101 107 111 122 135 139 140 144 147 155 159 166 173 184 186 189 194 197 199
41
1 8 9 17 22 31 35 37 41 47 55 59 63 65 71 79 80 81 90 111 121 124 128 131 138 142 143 144 145 148 156 160 166 174 178 179 182 184 186 187 199
34
1 12 18 19 24 29 30 35 40 51 56 60 61 64 68 72 79 81 93 97 106 108 111 123 137 150 155 157 161 166 168 186 187 200
38
3 7 21 27 28 29 30 31 49 50 58 69 70 83 87 100 105 108 110 116 117 118 123 125 127 140 145 146 147 150 154 179 180 188 193 195 196 199
49
1 8 15 21 22 29 33 36 37 39 46 49 50 62 67 69 81 89 92 93 94 95 99 101 103 105 108 112 116 118 127 128 133 134 137 149 155 157 158 159 163 164 167 174 179 180 186 198 200
33
5 6 7 34 35 38 42 50 53 58 63 64 74 94 100 101 103 105 113 119 125 127 135 137 139 147 160 162 168 170 178 180 184
36
5 13 20 29 31 33 37 47 48 58 66 68 83 90 94 95 97 113 115 124 128 129 133 137 138 147 152 160 165 166 169 170 181 182 185 196
48
3 7 9 11 17 21 22 37 39 46 47 48 53 54 57 71 73 76 79 86 87 88 89 93 98 103 106 112 118 121 122 124 132 140 143 145 146 159 164 172 174 177 190 194 195 196 198 199
45
1 6 7 10 11 13 14 18 19 22 35 42 44 45 84 86 92 96 104 110 116 118 119 120 127 129 130 131 139 140 148 150 156 157 161 163 167 170 173 178 181 182 191 195 198
51
2 7 11 14 15 18 20 21 22 25 26 32 36 44 48 52 56 57 61 66 69 80 81 90 91 92 93 101 102 113 118 121 131 132 134 144 148 151 154 158 160 168 169 172 174 183 184 189 191 192 197
38
2 9 11 15 25 29 30 36 42 48 49 54 55 59 63 71 72 88 92 93 101 106 107 109 119 121 122 127 129 137 140 141 146 161 172 175 185 200
51
1 6 12 21 22 29 31 32 34 39 43 44 49 54 62 64 67 69 76 77 80 81 82 87 97 103 104 106 108 119 127 129 130 136 139 140 141 151 152 159 164 168 171 174 177 178 183 184 186 197 198
38
3 8 11 12 13 21 32 35 44 70 73 76 77 81 87 98 101 107 113 115 119 129 135 137 138 142 144 145 148 150 161 170 171 180 185 189 190 200
28
1 11 14 18 29 32 37 52 59 62 68 84 89 90 92 98 103 106 110 139 142 150 155 165 171 183 192 200
42
2 5 10 11 21 24 29 31 34 35 39 41 47 50 54 59 60 62 70 71 80 90 93 100 101 116 121 130 135 138 149 154 156 165 167 168 173 178 181 195 196 197
46
4 7 15 20 22 25 27 28 29 31 32 34 36 45 47 52 61 69 74 78 79 80 81 85 97 99 106 108 113 114 120 135 138 140 148 155 156 157 158 162 167 169 177 178 179 190
28
4 39 40 59 68 79 87 91 104 110 111 115 120 124 126 128 135 154 160 170 172 175 178 179 191 195 197 198
48
3 5 10 11 12 19 20 25 29 35 46 62 63 71 74 76 77 78 80 81 83 89 96 101 103 111 112 116 119 122 124 127 130 139 141 147 148 158 163 166 169 170 180 182 188 192 198 199
29
4 5 28 34 35 36 60 72 76 80 81 98 117 118 131 132 136 143 146 149 150 157 160 172 181 182 183 194 197
33
16 18 19 22 44 51 52 57 76 83 86 114 122 124 126 130 131 135 136 144 145 156 158 160 161 162 165 173 179 181 185 191 196
38
13 17 18 19 21 24 25 44 54 58 60 69 74 87 95 97 108 112 116 121 123 125 132 134 148 156 157 162 163 164 170 178 182 183 185 187 189 195
50
4 5 7 31 34 37 42 43 45 48 49 50 66 68 74 75 81 82 89 90 93 95 99 103 106 114 116 119 124 133 135 137 138 142 143 144 155 160 162 163 167 168 174 176 177 180 183 195 199 200
38
1 2 3 4 15 16 19 23 27 36 42 52 58 66 69 71 73 77 79 87 88 94 98 106 111 112 129 131 137 143 144 150 158 171 173 184 190 193
46
2 3 12 13 19 27 34 39 41 45 52 57 58 60 62 69 71 75 78 79 80 81 85 87 89 99 102 103 107 109 112 114 133 142 147 156 157 163 166 167 169 173 180 184 194 200
40
6 16 37 39 47 52 65 75 76 78 87 91 94 100 101 107 110 112 115 131 136 138 144 145 151 155 156 163 165 167 180 182 183 184 185 187 190 192 193 195
43
4 5 12 13 21 24 32 35 38 39 42 43 46 48 51 56 57 61 62 77 80 88 93 99 100 104 119 126 133 134 136 139 140 147 158 159 167 168 180 185 191 192 194
40
19 20 23 27 28 29 31 40 44 54 62 83 87 91 97 101 102 107 108 109 110 112 115 117 120 139 141 152 153 156 157 159 161 165 177 180 181 191 193 200
39
10 18 20 23 30 32 36 39 54 63 65 68 77 78 80 87 88 89 105 113 119 125 126 139 140 146 157 158 165 174 175 178 180 186 189 192 195 197 198
40
2 10 12 25 28 31 34 36 37 43 44 46 47 57 69 71 73 75 78 98 107 112 123 125 137 144 145 152 160 167 169 174 180 184 188 189 192 193 196 198
37
2 3 7 9 10 18 21 22 27 28 34 42 49 59 60 61 68 79 80 81 83 85 88 89 108 117 119 124 125 132 164 168 178 180 188 192 194
34
2 9 21 30 39 41 42 56 58 69 77 89 101 105 111 113 114 130 132 138 140 142 144 145 150 152 160 168 169 175 179 188 193 200
33
1 8 11 15 40 55 60 63 64 65 84 87 90 97 103 108 113 122 123 125 141 145 157 158 160 161 162 166 170 171 180 185 186
37
31 33 36 38 51 55 56 62 63 69 80 83 94 97 103 104 105 106 111 122 130 131 136 141 147 154 157 160 163 165 172 173 176 185 186 187 188
29
26 31 34 50 62 63 68 78 82 104 109 119 120 124 129 133 141 147 149 151 157 159 162 165 183 185 195 197 199
38
2 18 20 21 23 26 32 33 36 39 40 41 43 48 54 63 64 70 79 89 93 95 100 107 109 114 117 132 133 138 150 151 162 170 184 186 196 199
49
1 2 7 14 21 23 25 27 28 39 50 52 54 55 56 57 58 62 66 73 75 83 84 86 88 92 93 100 101 104 113 115 124 125 131 135 136 137 150 170 171 177 180 182 193 194 196 199 200
34
8 10 11 13 23 29 31 38 40 43 54 68 69 73 75 79 86 106 107 119 120 122 134 135 145 147 149 151 152 160 170 174 187 194
38
3 17 19 25 28 34 46 48 53 57 62 73 74 75 79 86 89 91 94 100 116 121 122 128 129 131 132 146 149 151 152 153 169 170 174 175 179 183
42
3 6 7 10 15 23 24 32 33 46 49 52 58 71 79 83 91 98 103 104 108 110 112 120 136 143 147 151 155 157 158 160 166 170 174 178 179 181 187 191 195 198
50
2 7 9 11 14 19 26 29 33 42 45 51 55 58 60 61 64 65 71 72 85 90 91 96 97 100 102 103 109 112 116 117 120 126 130 131 134 137 140 143 151 155 161 164 169 187 190 191 193 195
52
1 5 7 14 26 30 33 36 48 50 51 54 55 56 64 65 73 86 88 89 96 98 100 101 109 113 116 120 124 125 135 137 139 143 144 148 152 154 160 164 165 170 171 175 179 180 186 189 190 192 194 197
49
18 20 28 31 42 47 50 55 64 65 67 80 85 89 90 93 94 97 101 104 105 107 109 110 112 113 119 132 133 139 144 146 150 154 156 157 161 165 167 172 175 176 179 181 182 194 198 199 200
31
16 21 22 23 31 34 42 45 53 56 57 65 66 83 97 103 110 120 122 134 135 145 146 147 148 150 155 159 174 194 196
42
5 17 19 23 24 26 35 47 59 61 65 69 72 75 77 78 80 85 89 99 104 119 120 125 126 128 133 136 140 147 148 151 155 156 157 158 159 167 192 194 197 199
36
2 6 7 15 17 25 26 34 42 47 51 52 58 66 72 81 90 94 97 100 101 104 116 117 119 122 130 132 166 168 174 177 181 191 194 197
33
1 10 11 14 15 17 18 39 45 46 50 57 62 63 65 75 76 91 96 97 105 119 122 128 151 163 167 169 172 180 188 190 193
41
2 3 14 15 16 27 28 41 51 59 65 69 70 71 76 80 81 85 98 109 114 117 119 121 123 124 126 128 131 133 135 142 155 156 162 168 177 179 180 184 188
45
5 6 9 19 22 25 26 33 57 60 69 70 74 87 89 90 91 95 96 107 111 116 120 121 123 129 130 132 137 138 141 144 145 146 158 159 161 167 173 178 180 188 190 192 195
29
1 3 6 10 22 25 35 38 45 52 53 55 62 67 70 90 95 116 120 129 132 142 148 152 159 165 171 173 192
49
3 10 12 16 18 20 25 28 32 33 35 37 40 46 49 51 56 57 60 65 71 80 82 87 99 100 102 104 105 111 112 115 117 118 119 132 135 141 142 150 157 159 168 181 188 190 191 195 196
39
18 19 24 28 33 40 41 50 51 61 68 72 73 77 82 105 106 109 114 119 131 133 134 138 139 145 151 157 161 163 166 170 172 175 180 188 195 196 197
35
4 12 16 19 29 31 32 37 38 40 43 49 50 52 64 65 68 90 104 105 107 114 125 129 130 138 142 153 165 169 171 173 175 179 197
37
4 5 13 27 30 31 38 40 45 49 56 63 67 70 89 90 91 94 104 106 108 110 115 119 127 128 129 133 134 135 156 157 164 179 184 186 195
41
1 16 17 24 29 36 38 39 41 48 50 59 64 66 67 71 72 80 82 84 87 89 92 94 100 107 114 123 126 145 147 153 156 159 160 167 171 174 180 187 199
48
2 4 7 11 19 29 37 38 40 49 56 63 65 66 74 83 89 92 95 97 100 105 107 108 121 127 131 136 139 144 155 158 162 164 166 171 172 174 177 178 182 183 185 190 192 194 195 200
35
15 16 21 31 33 36 37 51 58 62 69 71 76 77 79 80 83 94 97 98 101 103 113 118 119 120 151 163 170 180 181 183 186 191 192
48
12 14 15 16 17 18 19 37 40 42 51 54 60 67 70 71 76 82 86 88 97 100 102 114 118 119 121 122 123 132 137 145 148 158 160 164 168 171 173 174 175 177 180 181 182 186 194 196
33
4 7 22 29 51 58 59 63 68 72 75 83 94 95 96 98 102 105 119 125 130 139 146 147 163 167 181 185 186 192 196 197 199
44
3 9 19 27 28 29 32 34 38 39 41 45 50 57 63 69 70 74 76 78 79 83 87 95 97 100 110 112 115 120 126 130 141 145 155 162 165 169 173 178 187 194 197 198
39
5 20 27 41 46 51 57 60 68 70 73 75 76 77 79 83 84 90 97 103 107 110 119 123 126 134 135 140 141 143 147 153 156 158 173 174 178 187 198
40
8 15 17 20 22 26 28 35 37 39 42 45 47 54 55 59 62 72 77 98 104 110 123 124 127 128 136 143 144 152 161 169 173 174 184 190 194 197 198 200
