50 100
1.0 1.0 1.0 1.0 1.0 1.0 1.0 1.0 1.0 1.0 1.0 1.0 1.0 1.0 1.0 1.0 1.0 1.0 1.0 1.0 1.0 1.0 1.0 1.0 1.0 1.0 1.0 1.0 1.0 1.0 1.0 1.0 1.0 1.0 1.0 1.0 1.0 1.0 1.0 1.0 1.0 1.0 1.0 1.0 1.0 1.0 1.0 1.0 1.0 1.0 1.0 1.0 1.0 1.0 1.0 1.0 1.0 1.0 1.0 1.0 1.0 1.0 1.0 1.0 1.0 1.0 1.0 1.0 1.0 1.0 1.0 1.0 1.0 1.0 1.0 1.0 1.0 1.0 1.0 1.0 1.0 1.0 1.0 1.0 1.0 1.0 1.0 1.0 1.0 1.0 1.0 1.0 1.0 1.0 1.0 1.0 1.0 1.0 1.0 1.0
13
3 5 14 20 35 48 50 60 62 64 88 91 95
4
3 48 50 51
12
9 21 22 34 36 37 43 59 71 78 80 90
9
2 39 41 43 55 59 66 95 97
4
5 11 31 51
10
2 20 26 31 50 54 61 63 71 72
14
11 26 27 36 38 42 48 54 65 69 84 87 88 93
11
10 12 19 21 41 42 68 69 73 77 89
11
8 15 20 25 28 29 33 37 65 81 83
12
1 5 6 9 10 19 35 36 38 60 77 99
12
16 37 44 59 61 68 69 83 84 96 97 99
11
4 14 19 26 37 48 60 71 90 91 96
5
17 18 25 31 47
13
11 16 19 40 48 51 59 67 68 79 82 85 96
12
5 12 13 22 25 35 38 59 62 68 75 86
7
6 7 32 38 51 59 83
14
10 16 18 20 21 29 37 65 66 73 74 76 93 100
13
3 5 8 11 17 47 49 50 75 79 84 98 100
9
6 15 17 45 49 57 69 72 74
5
24 28 84 94 95
8
13 17 26 43 47 48 67 83
9
6 11 16 29 44 62 87 96 98
12
4 5 15 21 37 59 60 61 63 67 83 90
11
5 6 10 29 41 58 62 69 71 78 90
10
13 26 45 50 51 54 56 75 86 87
4
6 46 77 98
10
5 9 19 23 26 38 41 80 83 88
12
13 29 37 51 56 57 58 62 63 65 81 90
8
3 17 29 31 39 66 84 94
9
4 20 26 35 53 71 80 85 97
5
40 55 73 91 94
4
58 59 63 64
16
2 21 30 35 36 43 50 59 66 67 68 86 93 96 97 99
6
2 10 24 75 76 81
10
20 28 56 58 68 75 76 86 90 95
11
21 42 48 49 50 51 55 83 86 96 99
9
16 21 22 25 32 53 57 81 82
20
6 7 10 14 17 23 26 32 41 44 53 58 59 63 70 72 77 83 96 100
7
12 36 45 47 55 68 82
11
21 30 38 41 61 62 64 70 74 77 84
9
3 18 21 22 30 48 52 63 66
12
9 10 15 19 20 22 43 62 82 91 93 100
8
20 32 44 51 75 79 84 86
10
12 20 28 30 31 32 47 58 61 85
6
8 46 71 79 91 95
16
4 6 11 20 29 32 34 36 39 52 55 64 69 85 87 95
14
6 12 20 24 29 30 31 46 63 67 69 75 87 90
11
2 7 17 21 30 40 47 50 59 65 97
6
16 17 40 41 57 61
10
1 39 43 45 57 71 72 77 78 94
