150 300
1.0 1.0 1.0 1.0 1.0 1.0 1.0 1.0 1.0 1.0 1.0 1.0 1.0 1.0 1.0 1.0 1.0 1.0 1.0 1.0 1.0 1.0 1.0 1.0 1.0 1.0 1.0 1.0 1.0 1.0 1.0 1.0 1.0 1.0 1.0 1.0 1.0 1.0 1.0 1.0 1.0 1.0 1.0 1.0 1.0 1.0 1.0 1.0 1.0 1.0 1.0 1.0 1.0 1.0 1.0 1.0 1.0 1.0 1.0 1.0 1.0 1.0 1.0 1.0 1.0 1.0 1.0 1.0 1.0 1.0 1.0 1.0 1.0 1.0 1.0 1.0 1.0 1.0 1.0 1.0 1.0 1.0 1.0 1.0 1.0 1.0 1.0 1.0 1.0 1.0 1.0 1.0 1.0 1.0 1.0 1.0 1.0 1.0 1.0 1.0 1.0 1.0 1.0 1.0 1.0 1.0 1.0 1.0 1.0 1.0 1.0 1.0 1.0 1.0 1.0 1.0 1.0 1.0 1.0 1.0 1.0 1.0 1.0 1.0 1.0 1.0 1.0 1.0 1.0 1.0 1.0 1.0 1.0 1.0 1.0 1.0 1.0 1.0 1.0 1.0 1.0 1.0 1.0 1.0 1.0 1.0 1.0 1.0 1.0 1.0 1.0 1.0 1.0 1.0 1.0 1.0 1.0 1.0 1.0 1.0 1.0 1.0 1.0 1.0 1.0 1.0 1.0 1.0 1.0 1.0 1.0 1.0 1.0 1.0 1.0 1.0 1.0 1.0 1.0 1.0 1.0 1.0 1.0 1.0 1.0 1.0 1.0 1.0 1.0 1.0 1.0 1.0 1.0 1.0 1.0 1.0 1.0 1.0 1.0 1.0 1.0 1.0 1.0 1.0 1.0 1.0 1.0 1.0 1.0 1.0 1.0 1.0 1.0 1.0 1.0 1.0 1.0 1.0 1.0 1.0 1.0 1.0 1.0 1.0 1.0 1.0 1.0 1.0 1.0 1.0 1.0 1.0 1.0 1.0 1.0 1.0 1.0 1.0 1.0 1.0 1.0 1.0 1.0 1.0 1.0 1.0 1.0 1.0 1.0 1.0 1.0 1.0 1.0 1.0 1.0 1.0 1.0 1.0 1.0 1.0 1.0 1.0 1.0 1.0 1.0 1.0 1.0 1.0 1.0 1.0 1.0 1.0 1.0 1.0 1.0 1.0 1.0 1.0 1.0 1.0 1.0 1.0 1.0 1.0 1.0 1.0 1.0 1.0 1.0 1.0 1.0 1.0 1.0 1.0 1.0 1.0 1.0 1.0 1.0 1.0
27
4 17 22 35 48 55 71 72 84 91 92 96 109 116 117 122 132 145 156 164 171 211 214 239 245 262 294
30
3 7 40 51 55 57 68 88 90 92 94 95 102 121 130 154 158 163 167 175 178 184 191 194 214 218 227 257 288 300
27
37 62 70 105 112 128 134 150 152 169 172 182 187 209 213 215 222 225 230 231 238 244 252 256 260 284 300
41
7 45 47 53 64 66 72 83 88 96 101 105 110 115 128 135 144 153 170 171 178 181 186 194 199 213 215 216 221 227 232 240 243 245 247 260 263 269 273 289 294
32
3 4 6 17 24 30 36 43 52 64 96 99 127 128 144 156 159 163 164 166 170 189 194 210 215 239 250 255 259 263 276 289
33
3 18 23 27 29 46 47 48 68 74 88 101 105 109 110 119 126 136 147 160 179 188 200 202 206 210 211 243 252 260 265 271 289
30
10 15 22 36 46 58 62 76 80 81 88 91 108 111 121 123 127 131 132 143 150 153 170 172 173 207 215 235 258 269
35
1 4 23 24 31 33 45 51 53 61 64 68 76 79 82 92 97 102 105 143 163 202 205 208 209 222 227 245 253 259 261 266 268 292 293
38
27 29 46 48 55 64 66 70 80 92 106 111 114 118 122 125 143 144 149 150 157 165 166 171 172 207 218 222 225 227 246 253 254 265 271 277 289 299
29
3 12 30 47 50 52 54 57 65 77 79 86 151 164 165 172 190 191 204 206 210 236 252 261 274 282 288 290 293
38
9 18 19 27 28 51 60 65 73 78 87 99 100 103 104 105 107 113 119 127 136 152 155 167 170 183 191 207 213 216 221 228 229 244 255 276 282 300
32
4 9 15 18 27 31 57 68 71 92 97 111 112 120 121 134 144 148 150 163 179 208 221 223 225 235 264 270 276 283 285 295
28
10 19 22 25 32 33 48 59 77 84 99 116 146 150 158 162 169 191 207 209 215 218 232 233 242 253 259 276
26
14 29 32 40 54 66 67 73 75 77 84 86 89 97 98 100 115 128 135 147 221 235 238 256 280 297
25
39 40 44 50 53 59 61 63 85 90 96 97 106 115 120 137 181 193 202 223 230 241 247 256 274
29
8 13 53 55 69 73 79 89 100 104 111 116 142 149 159 178 181 183 205 209 216 218 246 263 281 285 291 294 297
27
14 20 31 38 45 56 64 71 109 112 124 126 135 139 149 151 156 157 163 169 183 235 258 266 274 282 300
31
11 14 16 24 34 40 47 50 52 59 61 83 99 100 111 119 135 138 140 164 172 188 223 235 248 258 261 270 278 281 298
31
13 28 38 44 70 72 73 78 87 89 92 94 99 110 139 147 159 169 171 196 203 205 207 225 243 244 248 282 293 294 295
29
4 22 32 36 43 44 46 53 66 72 79 83 86 89 101 108 124 126 131 148 157 168 178 209 210 211 214 255 290
30
1 6 21 31 32 49 58 70 75 99 109 127 129 140 163 182 187 188 192 195 221 236 241 249 270 272 275 279 285 289
26
5 16 20 21 52 78 87 90 96 111 113 126 146 158 160 169 172 183 192 196 215 261 262 270 279 292
31
27 30 39 40 63 71 72 87 99 102 111 113 138 151 164 165 174 179 181 183 206 232 239 250 257 259 261 271 286 288 295
39
2 24 25 31 33 35 51 62 63 65 78 85 87 95 99 106 109 114 120 124 130 145 150 159 186 198 209 211 213 214 218 225 233 237 241 263 275 291 298
22
10 27 53 71 92 118 119 131 147 149 167 180 186 197 214 216 230 241 256 259 297 298
32
27 55 62 63 65 69 80 85 89 93 98 100 115 121 140 161 192 196 204 237 238 243 245 249 255 256 259 280 282 283 290 297
33
4 5 8 13 18 20 37 42 67 71 78 84 91 98 99 108 125 147 148 150 155 156 170 193 210 217 231 242 243 252 254 269 275
29
5 20 28 31 59 80 87 92 108 136 138 143 149 153 160 178 186 188 198 201 207 223 226 231 255 263 277 281 289
31
1 4 25 45 54 56 66 71 72 76 80 88 111 118 120 128 139 140 151 157 169 184 191 192 218 237 264 275 287 291 299
23
17 22 26 34 79 120 122 131 145 150 153 157 169 186 189 209 241 242 249 263 272 282 290
38
7 8 14 19 22 34 36 56 58 70 77 85 86 87 92 99 106 112 119 126 128 130 133 138 155 159 178 184 195 202 227 236 241 246 256 260 267 291
38
4 32 41 48 54 57 61 64 65 66 69 74 77 91 98 109 110 130 142 148 153 155 156 168 177 209 211 219 234 247 252 254 255 256 270 281 297 298
28
7 17 19 39 62 71 80 82 106 119 125 129 130 150 176 188 207 217 234 241 250 259 263 272 273 274 283 288
27
5 33 46 52 59 66 80 88 104 113 118 119 132 136 145 154 173 175 191 200 237 262 265 271 276 298 299
30
6 9 26 27 30 33 73 92 97 114 115 143 158 161 163 165 168 181 202 223 229 232 233 260 271 273 274 275 278 300
32
10 14 16 44 62 65 67 71 75 79 81 85 112 129 138 140 146 157 167 180 194 210 227 230 232 238 254 270 274 292 295 298
24
20 22 35 47 53 54 69 70 71 82 90 105 114 136 144 148 176 204 210 213 241 257 268 277
32
8 23 34 57 58 62 77 79 90 100 113 122 137 149 157 159 166 177 180 187 206 217 219 233 237 239 244 246 267 280 285 296
24
4 12 21 26 35 76 82 93 97 119 125 131 140 141 142 180 181 186 227 261 265 268 283 300
32
1 8 45 46 47 48 57 64 71 74 75 86 89 116 123 124 126 131 142 162 181 184 189 191 198 199 217 238 239 254 275 297
25
8 12 18 38 40 60 80 82 95 104 117 130 133 147 148 179 182 204 223 226 227 247 274 280 285
31
20 23 26 29 32 33 39 48 50 58 59 60 63 67 87 92 104 114 133 135 137 142 164 176 198 223 229 242 246 266 294
26
7 63 78 84 93 116 121 127 138 151 158 163 167 169 179 183 206 207 211 214 244 259 260 276 279 294
29
4 8 9 19 39 53 54 61 86 107 110 112 114 128 138 180 218 223 246 249 254 256 263 271 274 276 286 287 292
33
28 33 35 46 54 70 77 82 108 112 114 117 119 128 130 152 153 155 160 161 166 182 187 202 217 222 233 249 253 258 264 269 293
32
24 33 53 56 74 75 90 113 115 120 129 135 142 151 153 169 174 183 184 189 194 203 206 208 216 246 247 257 276 279 281 292
39
2 12 13 33 39 43 48 55 57 58 59 71 72 83 92 98 100 104 112 114 122 124 131 135 138 139 142 175 188 189 207 211 213 218 227 245 261 289 290
33
16 23 32 42 46 62 82 84 88 102 104 106 153 157 163 168 178 181 183 184 185 187 216 233 234 237 238 254 260 278 279 289 298
28
11 12 42 54 62 71 74 86 103 111 114 117 121 129 133 152 186 207 209 212 240 242 243 267 282 287 294 300
38
1 7 19 21 26 32 41 54 61 71 72 81 87 90 95 98 99 102 119 123 131 132 145 146 150 152 161 166 179 182 202 225 276 284 291 293 295 296
29
3 6 36 37 38 47 70 75 82 127 131 132 137 142 150 160 166 182 200 220 222 228 232 236 239 251 279 282 295
27
4 8 11 26 46 57 61 64 137 144 145 157 177 180 183 189 198 202 214 217 231 237 247 275 276 286 289
30
4 39 44 59 65 71 81 85 92 112 120 124 136 140 146 162 178 185 196 204 205 225 241 250 254 283 284 287 294 299
35
14 16 28 34 43 44 55 58 63 68 76 77 86 89 105 109 117 140 143 171 172 187 200 201 202 208 211 234 243 245 250 258 279 280 288
36
4 5 8 10 11 28 31 38 39 55 58 86 101 108 110 111 122 130 133 157 163 176 203 204 205 210 213 222 226 247 253 259 267 270 277 291
31
1 17 19 40 51 54 55 64 89 90 98 100 109 115 126 131 132 173 177 183 186 192 220 237 242 249 252 278 287 290 296
35
11 12 16 19 24 37 54 59 63 66 68 69 70 72 90 91 111 126 129 132 145 158 171 186 189 192 193 194 208 232 244 246 248 262 296
44
15 27 32 34 38 42 48 60 70 74 90 100 101 102 107 116 125 136 145 149 151 162 165 177 178 179 184 198 205 211 232 243 247 249 254 261 265 266 272 282 288 289 293 298
22
15 52 67 80 83 85 105 119 141 169 173 181 203 213 222 224 226 232 242 253 263 282
37
6 15 16 40 42 54 58 81 83 86 88 94 97 113 124 152 158 171 172 178 179 185 189 202 204 211 224 245 256 257 258 261 270 275 286 290 299
28
6 16 19 21 23 30 42 69 93 100 103 107 115 125 139 146 155 160 191 196 199 204 211 218 263 278 280 297
36
2 12 14 16 23 34 44 48 54 59 85 89 103 107 127 138 160 169 172 173 197 200 205 206 215 220 232 241 242 243 248 251 265 266 279 289
36
10 14 18 38 45 48 57 65 78 93 99 104 108 128 132 142 153 157 167 169 175 198 203 215 244 245 246 253 262 266 278 279 284 286 295 299
42
7 12 20 24 28 39 46 48 55 60 80 81 83 89 114 120 121 125 127 128 129 131 138 147 160 164 165 173 177 193 194 197 249 251 255 263 270 271 286 288 294 295
40
1 6 36 37 41 43 45 52 55 58 77 88 94 106 119 123 125 126 130 132 146 171 182 184 192 200 205 209 216 225 235 245 248 250 251 254 268 274 277 280
40
14 17 24 26 28 30 38 39 54 61 84 94 95 98 107 115 119 124 129 148 156 158 193 196 198 200 201 204 208 212 219 245 260 279 280 291 292 294 295 296
34
7 10 32 46 52 62 79 88 101 104 109 111 113 117 135 142 146 152 163 173 197 204 220 222 227 237 240 242 257 276 278 280 285 297
31
9 16 34 36 37 38 39 49 52 53 114 127 141 142 148 151 153 163 170 178 180 222 223 227 228 229 232 257 262 266 268
27
5 8 9 17 26 47 49 51 59 68 88 99 104 109 113 122 142 153 157 185 195 218 239 244 272 273 295
26
18 20 27 28 67 74 83 102 116 121 145 150 182 188 200 206 213 220 232 243 250 263 265 287 289 300
40
3 15 17 23 29 39 46 47 50 51 54 66 67 78 101 103 110 112 114 120 145 148 163 171 183 187 188 202 204 218 224 230 244 246 249 252 271 277 280 300
33
8 10 23 29 52 55 56 61 64 78 82 86 91 93 99 114 124 135 147 160 163 165 190 201 222 225 226 231 248 254 256 259 267
36
9 23 33 59 65 66 70 71 79 83 88 91 106 110 115 118 122 125 131 139 159 163 177 180 181 193 220 225 253 255 276 285 291 292 294 296
26
16 21 31 33 34 45 63 103 104 116 126 158 185 189 196 200 202 216 223 225 247 248 276 278 288 295
29
7 17 31 32 35 46 61 82 87 100 105 113 119 139 144 156 160 161 169 207 233 243 249 257 259 280 285 289 300
27
22 36 52 53 62 68 98 101 102 107 116 118 122 147 151 153 178 186 188 195 204 224 226 227 237 283 296
33
10 12 26 27 30 34 38 49 72 75 90 92 103 114 115 121 127 164 168 169 170 173 189 202 205 208 228 241 243 276 282 284 287
22
10 19 26 45 54 70 76 79 82 95 102 116 128 172 187 205 218 220 225 246 251 254
33
11 27 45 52 56 59 62 64 73 77 83 85 86 95 97 99 101 104 114 146 148 165 167 170 186 197 198 215 242 274 276 277 286
26
1 2 26 31 57 65 74 90 104 108 109 151 178 181 194 199 224 238 239 240 272 274 283 293 297 298
20
11 34 35 48 66 82 94 108 113 221 225 233 242 253 256 257 268 287 289 291
30
1 8 11 41 49 53 99 102 107 113 118 120 132 178 183 197 198 202 215 216 239 245 255 257 271 275 276 281 286 300
33
17 23 44 51 57 71 72 84 86 89 97 112 121 126 130 137 167 172 178 179 205 209 211 213 220 237 240 243 262 269 275 276 277
29
2 6 19 21 31 36 37 54 58 134 135 137 144 147 164 166 167 170 184 199 203 206 223 246 248 260 275 290 300
24
4 20 50 52 76 104 110 117 130 145 151 160 179 190 214 218 222 227 230 233 245 263 265 292
26
12 15 20 32 38 59 91 94 105 110 135 155 160 161 175 184 195 201 227 236 244 248 267 276 281 286
37
1 11 17 28 34 36 43 52 58 71 76 90 96 97 98 111 124 135 142 148 158 160 169 179 198 205 207 216 218 221 236 243 248 283 284 286 288
30
3 5 19 24 31 32 40 45 46 58 63 68 74 87 90 94 123 129 147 172 203 205 214 216 222 231 237 239 256 290
35
4 6 16 18 28 31 36 41 64 67 81 86 91 107 108 119 124 137 145 149 151 153 161 165 168 179 180 191 192 217 218 231 243 245 292
28
31 46 59 68 76 83 94 98 110 117 118 120 146 161 175 176 179 186 188 198 202 211 220 238 260 277 292 300
31
4 54 72 81 83 98 103 120 121 135 137 142 156 168 176 191 197 203 207 208 213 233 234 241 256 277 280 286 292 294 299
27
25 31 33 47 50 55 58 63 80 86 96 125 126 135 141 156 172 175 179 201 206 220 245 275 277 296 297
30
6 17 35 36 47 71 91 124 137 139 149 154 160 161 170 172 180 181 183 198 201 202 214 240 244 245 246 263 279 287
25
1 11 15 28 46 53 67 74 75 82 89 105 118 120 146 166 171 186 198 202 247 256 275 280 296
31
32 35 36 44 68 77 94 99 126 130 143 162 168 171 185 192 213 219 245 253 255 265 271 273 274 280 282 285 286 293 297
24
17 21 48 51 63 64 89 90 104 114 119 123 146 170 174 197 201 224 237 240 245 247 259 299
29
10 19 31 34 44 65 70 108 121 125 137 141 154 156 158 174 179 191 192 199 217 220 222 226 260 261 266 267 290
22
19 24 49 56 58 65 80 85 138 144 154 157 158 171 190 218 232 248 257 262 263 264
28
6 11 57 70 85 101 103 118 121 128 142 169 172 179 189 203 210 215 219 228 231 232 234 238 240 244 257 289
26
13 60 68 72 83 124 125 128 133 139 166 171 179 181 196 197 208 217 219 223 266 267 271 282 297 298
21
1 3 13 27 33 37 39 43 64 66 92 109 155 174 196 217 227 246 254 290 296
28
4 9 18 37 50 55 58 86 98 104 112 130 137 138 149 159 163 177 187 204 233 259 260 261 274 277 294 298
30
19 29 32 39 40 41 70 72 73 78 91 124 126 129 163 164 171 191 194 200 223 232 241 246 254 257 258 279 284 294
29
1 22 30 32 43 44 52 55 69 89 95 107 113 131 137 150 158 165 171 207 210 213 231 238 243 265 269 274 292
40
8 9 12 14 16 18 21 22 35 38 43 44 49 65 68 74 80 89 105 113 124 132 134 146 147 164 181 182 186 188 190 191 206 215 231 239 246 262 264 297
33
6 11 17 26 34 36 37 48 70 71 92 117 120 122 134 142 146 157 164 186 188 189 198 201 224 226 238 241 244 248 267 272 279
22
51 52 53 63 74 83 123 134 184 199 211 212 215 223 227 231 234 249 273 276 295 298
22
18 25 81 88 91 110 118 132 144 165 170 177 186 194 228 229 237 250 255 270 281 297
35
17 19 34 44 55 57 81 87 98 104 117 136 144 150 157 168 174 181 187 198 204 223 230 233 234 239 240 242 247 265 269 280 292 293 295
33
2 10 13 24 29 32 36 45 75 84 87 89 100 102 108 126 136 138 145 146 147 148 167 203 223 232 240 251 254 256 268 276 289
28
22 28 37 39 52 68 72 85 88 91 102 115 134 139 156 170 197 199 206 208 224 237 248 253 254 262 283 296
23
2 12 14 17 37 41 42 59 78 123 128 136 155 161 177 187 196 226 231 259 260 265 268
28
15 25 26 34 40 46 49 51 98 108 118 123 131 135 141 148 151 154 176 179 211 222 244 249 261 266 286 287
38
1 4 13 19 45 46 47 59 61 64 67 76 79 84 93 96 101 103 115 125 134 135 142 167 175 180 192 193 202 210 226 240 241 246 252 266 284 288
31
13 19 21 32 34 43 44 72 81 89 91 100 111 130 132 137 145 148 152 165 171 179 189 196 223 224 281 282 283 294 297
27
4 21 32 41 50 54 55 61 67 78 104 108 109 111 115 118 128 137 178 197 210 253 261 275 281 294 296
26
1 14 27 34 42 45 46 56 63 76 78 95 112 147 148 156 177 187 222 238 243 257 264 268 271 288
33
8 11 15 18 36 42 55 58 79 80 85 88 96 103 104 129 153 162 164 177 189 193 200 209 212 235 238 244 247 267 282 287 290
39
1 18 37 46 48 50 59 67 70 75 94 98 104 113 117 119 129 148 149 156 158 162 164 179 182 186 200 204 208 213 217 231 237 239 260 267 268 272 292
38
1 3 4 8 9 15 22 24 28 29 34 49 52 60 61 65 72 99 118 120 121 123 132 133 140 146 156 157 168 212 217 219 239 245 249 257 283 292
28
1 14 16 26 76 85 132 141 143 149 155 162 170 172 177 178 191 202 210 235 267 272 273 274 284 289 292 298
40
9 15 19 23 35 36 44 65 78 82 89 95 97 99 105 109 110 117 120 125 126 143 148 162 165 185 195 200 219 220 226 245 255 257 258 273 275 290 298 300
32
2 9 11 13 14 55 68 83 90 96 115 138 139 140 141 142 155 160 164 195 198 207 208 222 239 242 271 281 289 293 296 297
29
6 36 40 42 70 79 80 82 86 125 135 136 141 166 185 188 194 200 207 214 217 221 236 238 247 281 287 295 298
23
5 8 9 15 20 29 37 44 88 104 107 127 128 149 156 167 170 207 216 225 239 258 296
36
5 20 31 46 52 66 67 72 74 75 77 79 89 101 109 122 129 135 137 145 148 152 156 173 184 186 189 209 224 232 237 238 250 252 257 275
28
2 14 17 24 25 34 41 42 52 53 59 74 80 89 92 110 117 136 163 175 186 204 208 209 220 226 251 266
27
18 35 41 64 75 77 79 83 95 97 99 108 123 129 138 158 164 189 192 206 216 221 238 241 246 262 266
33
3 20 27 29 37 46 48 51 77 86 105 133 137 146 147 153 164 167 181 190 192 205 224 225 242 254 255 262 275 281 288 291 297
37
3 19 21 23 32 36 40 50 54 57 59 61 75 80 84 94 104 106 108 111 116 127 140 158 160 190 193 202 224 244 249 253 259 268 271 283 289
31
1 5 28 37 66 71 73 86 96 99 120 146 147 148 158 161 162 175 179 193 200 211 228 232 235 241 243 244 274 288 299
28
37 49 58 60 71 72 83 107 114 121 146 150 167 173 182 192 203 206 223 228 246 255 268 271 274 277 280 282
33
10 25 34 36 55 76 77 78 97 132 133 150 156 166 169 177 199 201 204 210 214 221 223 226 228 235 243 244 245 260 262 272 286
21
45 46 50 52 76 82 83 89 97 147 163 174 179 213 216 217 224 236 268 272 299
32
10 22 28 33 50 55 57 68 75 76 92 98 104 116 118 121 139 142 145 151 168 171 174 189 204 216 231 247 255 256 281 295
32
2 15 20 26 31 58 66 75 80 84 91 93 95 105 115 134 135 136 139 151 167 169 170 188 198 205 208 223 240 257 262 289
29
20 28 47 64 66 75 78 102 104 105 107 125 130 144 149 153 186 187 191 197 200 203 249 258 268 271 273 287 288
36
22 23 30 55 57 66 78 83 86 89 96 102 104 106 125 135 137 148 181 188 199 201 211 217 222 231 232 236 246 251 259 274 281 285 292 298
29
20 33 46 47 67 72 87 91 95 103 115 120 138 141 151 156 163 170 171 173 178 197 200 211 226 232 242 266 289
28
9 12 15 22 51 57 59 71 72 73 75 90 114 123 124 126 140 164 168 200 216 230 232 236 238 240 285 297
22
1 8 16 20 66 70 87 90 108 109 118 119 135 153 157 180 199 212 250 254 263 264
29
18 24 28 44 57 59 67 91 103 106 146 153 155 162 163 170 172 175 179 209 216 220 231 245 259 260 281 291 296
30
9 28 29 39 44 61 68 73 78 89 90 93 102 110 117 140 142 161 162 182 211 214 218 236 249 252 259 281 291 299
37
6 10 13 20 39 41 59 86 96 108 109 117 128 131 142 149 159 161 186 190 212 216 219 225 228 230 245 246 247 249 252 257 261 267 284 285 287
25
9 11 15 40 46 57 94 117 125 139 148 162 172 177 179 180 185 195 206 257 267 270 271 284 293
31
1 13 15 34 38 39 47 55 66 71 88 111 137 141 147 177 186 191 194 196 199 207 219 227 238 273 274 289 291 293 300
32
14 16 18 35 41 62 66 81 101 116 119 121 123 124 130 132 150 166 182 187 188 190 197 232 249 259 263 267 269 286 288 289
20
4 25 30 38 40 66 119 150 158 173 187 196 207 231 238 250 251 274 297 298
36
14 33 46 54 64 80 84 92 95 102 107 111 122 134 135 136 153 174 175 176 178 180 185 197 199 205 207 218 242 249 254 259 265 281 283 286
27
12 18 22 43 57 58 74 75 77 106 117 130 136 149 150 177 183 192 198 205 224 232 233 260 268 272 294
