50 100
1.0 1.0 1.0 1.0 1.0 1.0 1.0 1.0 1.0 1.0 1.0 1.0 1.0 1.0 1.0 1.0 1.0 1.0 1.0 1.0 1.0 1.0 1.0 1.0 1.0 1.0 1.0 1.0 1.0 1.0 1.0 1.0 1.0 1.0 1.0 1.0 1.0 1.0 1.0 1.0 1.0 1.0 1.0 1.0 1.0 1.0 1.0 1.0 1.0 1.0 1.0 1.0 1.0 1.0 1.0 1.0 1.0 1.0 1.0 1.0 1.0 1.0 1.0 1.0 1.0 1.0 1.0 1.0 1.0 1.0 1.0 1.0 1.0 1.0 1.0 1.0 1.0 1.0 1.0 1.0 1.0 1.0 1.0 1.0 1.0 1.0 1.0 1.0 1.0 1.0 1.0 1.0 1.0 1.0 1.0 1.0 1.0 1.0 1.0 1.0
18
5 6 9 12 28 32 36 41 43 47 48 67 68 69 71 73 95 99
16
6 7 9 11 13 14 52 59 65 69 77 78 86 89 90 99
12
10 25 37 50 52 54 61 80 81 83 90 94
24
1 4 16 27 29 31 32 36 37 39 47 51 58 61 63 65 67 69 71 85 88 89 96 99
25
3 6 7 11 13 18 20 21 24 26 30 31 33 39 42 43 49 54 57 60 65 76 86 90 96
21
2 7 14 20 21 24 33 34 35 39 50 63 64 67 68 77 81 83 87 90 91
30
1 2 9 12 24 28 29 30 31 33 34 38 47 53 54 55 58 59 61 62 63 64 66 71 81 82 85 92 94 100
25
5 8 19 23 32 35 43 46 56 61 62 63 64 66 69 83 84 85 86 88 89 90 91 93 99
22
8 11 17 18 20 21 24 28 38 45 54 57 67 72 75 76 84 86 87 94 97 99
16
1 9 10 14 16 20 23 48 54 59 71 76 78 85 86 88
15
31 32 42 44 50 57 58 59 62 67 77 81 83 92 96
17
1 3 7 20 33 40 42 51 53 58 65 81 85 87 88 91 95
15
7 10 14 16 25 38 40 52 53 59 67 75 94 95 98
21
5 10 19 20 25 26 35 36 38 40 44 45 51 64 65 66 72 86 91 98 100
15
2 11 12 14 30 33 35 36 45 53 60 61 66 72 74
17
5 10 30 33 34 35 37 44 48 49 57 60 62 65 79 86 96
18
11 16 19 21 22 26 27 32 38 41 43 44 51 63 64 79 88 90
17
2 5 21 31 38 43 49 58 59 62 67 73 77 80 83 85 92
17
2 4 12 20 27 42 45 51 54 56 60 64 68 71 78 87 93
20
8 24 30 31 32 37 38 44 45 46 52 61 62 68 73 79 83 84 90 97
15
8 9 12 30 32 33 40 41 46 48 60 61 68 74 91
27
2 4 11 20 21 22 28 29 31 32 35 38 46 51 52 54 55 56 57 63 72 73 76 90 91 95 100
23
3 8 14 17 23 24 26 27 46 49 52 53 57 60 64 66 68 82 83 84 89 91 93
22
4 7 9 10 11 13 15 23 27 34 37 45 47 51 53 59 62 63 73 80 92 99
21
2 3 6 11 25 35 38 44 48 51 60 69 71 73 76 81 88 89 94 95 100
27
12 14 16 19 23 27 32 36 43 53 57 58 59 68 70 71 72 80 86 87 90 91 92 95 96 97 98
25
1 3 4 7 9 10 12 13 26 30 49 55 56 58 60 61 67 68 71 74 79 83 85 89 93
18
3 7 21 33 37 38 53 55 56 57 65 66 69 73 78 80 88 96
17
9 11 14 30 32 35 36 47 64 69 73 76 80 87 88 91 96
24
4 14 17 22 23 28 29 30 35 40 41 46 49 51 57 59 62 64 68 69 71 81 89 94
16
9 13 15 20 36 38 39 48 51 54 56 79 87 90 94 99
24
4 5 13 17 18 19 21 22 31 34 36 40 50 71 74 75 77 82 85 87 92 94 98 99
29
3 5 7 8 10 13 15 17 19 22 26 27 29 37 41 44 45 46 54 69 71 75 76 77 79 82 88 92 97
18
1 3 26 30 31 38 45 46 49 64 66 67 68 70 72 79 87 100
25
3 6 9 22 29 30 35 39 41 43 51 54 56 60 67 68 69 77 79 81 86 91 92 93 96
21
2 8 16 17 22 25 34 40 50 51 61 63 70 73 76 84 86 87 88 95 100
16
6 14 17 25 29 38 39 43 47 51 56 61 83 86 89 94
15
2 6 7 11 13 14 24 30 46 50 51 57 84 94 100
18
1 3 5 8 10 12 25 34 38 47 66 68 77 80 87 89 91 94
15
7 9 14 17 18 21 51 57 59 71 77 80 82 88 98
25
3 5 6 7 16 22 25 26 28 37 39 40 65 67 71 77 82 89 90 93 94 95 96 98 99
27
1 2 6 8 10 12 18 23 25 26 32 45 49 51 54 59 62 69 76 80 81 82 83 84 93 98 100
18
2 12 19 21 23 40 44 46 49 55 56 59 69 77 82 84 91 92
19
1 16 17 26 32 34 35 40 55 56 68 69 71 77 80 83 87 93 94
17
1 22 26 27 32 33 34 44 45 48 54 66 68 69 76 89 98
17
2 3 4 15 20 21 24 25 28 33 46 64 72 90 92 97 98
19
6 9 10 12 25 30 31 48 50 56 57 58 70 75 77 85 92 93 97
19
6 7 11 16 23 44 46 47 51 52 55 59 70 74 77 88 90 93 95
16
1 2 12 16 20 26 38 41 49 58 60 63 70 74 93 98
15
7 14 33 41 43 44 49 56 57 58 61 75 83 95 98
