150 300
1.0 1.0 1.0 1.0 1.0 1.0 1.0 1.0 1.0 1.0 1.0 1.0 1.0 1.0 1.0 1.0 1.0 1.0 1.0 1.0 1.0 1.0 1.0 1.0 1.0 1.0 1.0 1.0 1.0 1.0 1.0 1.0 1.0 1.0 1.0 1.0 1.0 1.0 1.0 1.0 1.0 1.0 1.0 1.0 1.0 1.0 1.0 1.0 1.0 1.0 1.0 1.0 1.0 1.0 1.0 1.0 1.0 1.0 1.0 1.0 1.0 1.0 1.0 1.0 1.0 1.0 1.0 1.0 1.0 1.0 1.0 1.0 1.0 1.0 1.0 1.0 1.0 1.0 1.0 1.0 1.0 1.0 1.0 1.0 1.0 1.0 1.0 1.0 1.0 1.0 1.0 1.0 1.0 1.0 1.0 1.0 1.0 1.0 1.0 1.0 1.0 1.0 1.0 1.0 1.0 1.0 1.0 1.0 1.0 1.0 1.0 1.0 1.0 1.0 1.0 1.0 1.0 1.0 1.0 1.0 1.0 1.0 1.0 1.0 1.0 1.0 1.0 1.0 1.0 1.0 1.0 1.0 1.0 1.0 1.0 1.0 1.0 1.0 1.0 1.0 1.0 1.0 1.0 1.0 1.0 1.0 1.0 1.0 1.0 1.0 1.0 1.0 1.0 1.0 1.0 1.0 1.0 1.0 1.0 1.0 1.0 1.0 1.0 1.0 1.0 1.0 1.0 1.0 1.0 1.0 1.0 1.0 1.0 1.0 1.0 1.0 1.0 1.0 1.0 1.0 1.0 1.0 1.0 1.0 1.0 1.0 1.0 1.0 1.0 1.0 1.0 1.0 1.0 1.0 1.0 1.0 1.0 1.0 1.0 1.0 1.0 1.0 1.0 1.0 1.0 1.0 1.0 1.0 1.0 1.0 1.0 1.0 1.0 1.0 1.0 1.0 1.0 1.0 1.0 1.0 1.0 1.0 1.0 1.0 1.0 1.0 1.0 1.0 1.0 1.0 1.0 1.0 1.0 1.0 1.0 1.0 1.0 1.0 1.0 1.0 1.0 1.0 1.0 1.0 1.0 1.0 1.0 1.0 1.0 1.0 1.0 1.0 1.0 1.0 1.0 1.0 1.0 1.0 1.0 1.0 1.0 1.0 1.0 1.0 1.0 1.0 1.0 1.0 1.0 1.0 1.0 1.0 1.0 1.0 1.0 1.0 1.0 1.0 1.0 1.0 1.0 1.0 1.0 1.0 1.0 1.0 1.0 1.0 1.0 1.0 1.0 1.0 1.0 1.0 1.0 1.0 1.0 1.0 1.0 1.0
61
2 13 18 22 24 27 28 30 45 49 59 60 65 67 68 71 76 77 78 84 86 89 92 95 103 108 114 123 124 137 143 148 156 163 164 180 181 200 205 210 222 235 236 240 245 247 249 255 259 261 268 271 272 274 275 282 283 284 287 295 297
59
1 9 11 22 36 40 46 50 53 54 57 58 62 76 77 79 82 84 97 98 104 105 106 131 141 145 152 154 155 161 164 165 168 169 173 177 178 189 203 204 206 207 215 220 222 224 230 247 248 252 257 264 267 269 275 276 285 287 297
58
7 21 24 29 37 55 56 62 63 70 71 72 73 75 78 84 86 89 92 94 97 98 105 107 108 111 117 124 126 129 137 151 156 159 161 163 179 184 190 208 209 211 216 224 225 238 242 256 257 271 273 276 279 283 285 290 294 297
61
10 11 17 24 25 26 29 31 33 37 38 39 41 42 49 58 60 85 87 89 93 95 98 115 121 122 131 134 138 141 146 154 161 169 172 178 187 189 190 195 199 202 203 208 209 227 231 232 233 240 249 253 258 261 263 277 285 289 294 298 300
52
6 13 17 23 25 32 33 44 68 78 81 85 90 96 98 103 107 116 123 124 139 151 156 157 158 159 163 164 173 181 183 186 193 196 202 203 215 216 225 226 227 229 233 236 238 246 252 254 261 281 286 295
56
9 11 12 16 33 34 44 45 47 49 54 55 71 83 96 98 101 104 106 109 110 117 121 134 139 146 152 156 165 167 170 181 186 187 203 204 206 208 214 217 224 230 234 240 242 243 251 255 257 258 263 280 283 285 286 295
67
1 3 9 16 20 21 24 25 26 29 30 33 36 39 48 50 52 53 56 57 59 75 82 85 90 96 98 100 106 111 112 117 121 131 132 134 137 144 154 155 157 172 179 183 193 202 203 204 210 211 213 223 226 236 246 247 254 261 263 268 269 276 290 294 297 299 300
57
10 12 19 21 24 29 30 39 46 55 57 62 67 68 71 73 76 100 112 115 118 124 127 132 143 149 152 157 160 162 163 169 184 191 197 207 213 222 223 225 230 231 233 234 246 256 262 264 266 268 271 282 283 296 297 298 300
59
2 5 7 10 14 17 19 20 23 27 31 68 76 80 82 83 85 86 95 96 106 111 113 114 121 122 130 131 137 138 142 143 148 163 166 167 179 187 190 198 200 206 218 227 233 236 242 255 256 264 271 272 273 275 276 280 293 297 300
55
2 9 14 22 31 38 39 53 56 59 61 62 64 71 74 77 82 86 90 94 109 116 123 126 132 133 141 145 146 151 152 153 158 165 166 187 189 195 208 210 212 213 219 220 221 227 234 238 240 260 262 276 278 282 295
57
3 10 17 21 25 27 30 31 33 36 44 54 62 78 80 83 85 86 110 116 119 130 141 145 154 165 167 170 178 181 182 185 186 189 191 194 199 202 211 216 221 232 240 241 243 244 255 259 260 265 267 268 273 279 280 283 298
53
4 19 29 44 54 55 71 77 78 84 85 87 88 90 96 103 109 114 117 122 129 138 145 150 157 162 166 169 176 184 185 186 193 195 209 216 221 225 227 228 237 238 239 245 247 249 250 256 267 289 291 292 300
60
7 15 17 18 19 21 24 34 43 46 49 59 63 71 72 73 80 95 97 101 104 105 113 115 119 121 137 139 143 147 153 154 157 173 178 188 190 193 199 208 212 216 219 227 229 233 239 242 243 245 257 259 260 266 271 274 282 284 291 300
55
3 6 9 15 18 21 26 28 31 32 40 48 54 56 61 67 70 71 73 87 88 95 102 104 108 117 141 142 145 152 165 171 177 179 181 183 185 194 203 213 214 216 232 237 242 246 248 254 264 266 273 274 279 281 282
54
2 12 21 24 35 42 50 61 66 73 80 85 94 99 100 107 111 113 116 130 137 138 139 140 143 145 156 160 163 167 174 179 184 186 190 201 215 220 223 226 230 233 234 236 237 241 244 248 260 277 287 289 298 299
65
1 3 14 17 28 29 37 40 48 57 68 75 76 81 84 85 92 93 97 108 112 120 126 128 131 138 139 143 144 146 155 161 169 173 178 182 185 189 198 199 203 204 214 218 221 223 229 233 241 250 251 258 261 263 264 265 269 280 282 286 290 294 296 299 300
64
14 15 23 26 28 44 45 49 61 62 64 67 68 72 75 80 85 95 96 97 99 106 110 117 119 123 125 133 134 141 144 146 149 151 152 154 167 168 176 197 200 202 206 213 218 221 234 235 239 240 242 243 245 247 254 259 271 272 276 278 287 291 293 296
57
3 13 19 23 24 27 28 31 34 36 44 47 68 69 86 101 102 105 107 108 109 117 129 134 143 146 150 152 173 175 177 179 181 189 191 196 198 199 210 214 215 216 218 223 235 238 246 249 252 259 272 277 279 281 282 287 300
54
3 4 10 20 32 39 40 41 43 49 51 53 55 73 85 90 92 103 109 113 116 122 130 158 163 176 179 183 184 198 200 202 203 207 208 214 215 216 226 227 228 231 236 242 245 252 258 261 269 270 283 289 298 299
63
2 8 12 18 24 37 39 52 54 57 60 62 64 65 66 68 79 81 82 83 91 92 93 95 97 107 116 117 119 129 132 151 156 163 166 169 197 199 205 220 222 232 234 235 236 237 239 248 257 258 259 261 268 269 271 278 283 284 287 288 289 292 297
53
6 8 23 24 40 45 51 61 62 63 66 74 78 88 89 93 94 96 100 102 112 120 121 122 135 136 144 146 148 151 153 158 160 171 176 180 184 188 192 195 200 213 216 229 231 236 252 261 265 266 283 288 296
65
2 4 7 8 20 23 25 29 37 39 41 46 48 59 60 61 66 76 79 82 84 91 101 102 110 117 129 139 149 151 154 158 159 162 164 165 167 171 173 178 180 184 188 190 194 197 215 216 225 226 230 231 233 238 240 243 245 248 253 257 266 268 286 299 300
74
11 15 21 22 29 32 34 36 45 46 48 54 55 57 64 71 75 81 82 85 87 100 101 103 104 107 111 114 120 127 136 138 144 145 147 155 158 159 162 171 175 177 183 184 186 192 193 195 200 202 207 209 213 215 216 223 226 227 233 234 241 247 248 249 251 256 258 260 279 282 283 284 294 299
62
7 10 14 16 17 18 20 25 35 43 56 61 73 76 77 79 80 82 83 86 99 100 111 118 120 122 124 127 132 138 147 148 152 157 164 165 174 180 195 201 219 224 225 226 227 232 236 238 246 248 249 264 269 272 274 276 277 281 285 295 297 298
57
5 19 20 26 29 30 32 39 45 50 51 67 68 79 82 83 88 101 104 107 115 124 129 140 143 147 170 175 176 178 179 182 191 195 196 197 200 206 208 209 212 218 220 228 231 236 242 246 256 258 267 278 282 287 291 294 296
64
6 7 9 12 13 14 15 19 21 24 30 31 39 46 60 62 69 74 77 86 102 106 110 111 112 114 119 124 127 131 132 133 134 146 147 152 162 167 169 170 173 180 184 192 195 203 205 216 219 232 233 243 247 248 251 259 260 262 276 279 281 290 294 299
69
2 3 7 15 24 28 31 35 36 43 46 47 48 50 53 59 68 79 81 90 91 94 96 102 105 108 112 116 124 125 130 134 137 142 145 146 147 156 163 170 181 183 185 191 194 195 200 210 221 222 224 228 232 245 246 248 250 252 255 262 268 271 273 274 277 279 288 290 300
63
4 7 17 22 26 34 41 48 57 58 61 62 63 75 77 85 87 88 97 99 100 102 103 113 115 121 127 129 135 137 158 159 165 166 170 180 189 191 194 199 200 201 207 210 213 216 220 224 242 249 253 259 263 264 269 272 276 289 291 294 298 299 300
52
9 16 17 27 37 38 44 45 51 59 64 78 88 93 95 102 112 116 117 127 139 150 151 160 172 179 188 192 194 205 217 218 221 223 226 229 231 237 238 240 241 247 248 256 271 272 282 284 286 290 297 298
60
1 2 3 5 15 18 53 60 63 69 76 80 85 87 89 93 98 108 117 118 127 128 132 142 147 149 154 155 158 161 164 170 173 174 179 180 182 185 192 195 196 200 201 206 208 210 217 224 231 234 249 255 256 259 264 281 285 293 297 300
57
3 15 25 32 47 60 64 74 79 80 87 90 94 95 105 106 108 116 118 119 121 124 125 132 138 143 144 147 151 152 161 171 174 181 190 192 196 199 200 206 216 217 218 224 226 232 247 249 253 258 277 278 279 285 293 296 299
63
6 16 19 28 29 33 35 45 46 60 66 75 81 84 90 95 98 104 114 115 117 123 126 132 133 143 145 146 153 154 162 163 174 176 178 179 182 202 204 206 209 212 214 221 229 232 233 237 238 239 242 248 249 252 253 254 258 262 270 273 274 276 279
63
2 5 6 14 19 27 29 30 42 47 48 55 56 57 59 62 64 65 68 70 83 84 86 92 100 110 113 114 123 124 129 139 144 150 155 171 178 180 181 192 194 199 204 208 215 226 227 229 230 231 232 236 241 259 260 268 272 275 281 290 293 296 297
53
2 12 28 29 30 36 53 57 59 60 61 69 70 76 81 85 98 105 106 109 115 125 128 133 138 142 148 149 152 156 166 168 173 181 184 186 191 193 194 206 208 215 219 234 245 260 278 285 290 291 293 298 300
57
3 10 11 13 14 18 22 31 33 36 38 48 58 61 64 68 72 78 79 80 90 93 95 99 101 113 114 125 127 130 138 151 157 159 163 164 175 179 181 187 202 203 210 213 221 225 226 233 234 244 248 252 259 266 270 280 300
61
2 3 4 7 15 24 28 31 46 54 58 63 68 87 91 93 94 99 100 103 109 118 120 122 125 131 137 139 151 163 168 169 180 186 187 195 206 208 222 225 240 246 247 254 257 260 265 268 269 275 276 278 279 284 286 290 291 294 296 297 300
63
1 3 4 6 10 11 18 21 24 26 31 39 40 49 58 59 71 76 79 80 83 91 105 106 113 128 131 132 135 138 140 158 165 178 183 185 191 192 199 201 202 206 211 214 216 218 219 230 231 234 235 237 245 250 252 254 256 271 279 285 287 288 299
65
2 5 6 8 12 17 18 28 29 32 36 45 47 51 57 67 69 73 75 78 82 83 86 92 95 97 106 118 124 126 127 136 137 139 148 150 155 160 162 173 174 176 179 185 193 202 209 216 221 223 226 234 236 239 242 243 246 256 257 261 269 275 284 290 300
61
15 18 23 25 27 41 47 52 53 54 57 59 61 72 75 76 77 78 82 90 92 95 102 103 106 111 112 121 123 124 127 135 137 140 164 168 187 189 192 196 210 221 227 234 239 247 250 251 254 255 259 266 269 270 272 277 278 283 284 290 299
43
16 20 26 33 36 40 55 58 65 70 77 79 80 85 91 94 98 117 118 124 130 141 142 143 144 149 153 166 168 186 190 192 201 207 223 225 237 250 256 259 263 275 285
54
11 29 31 36 38 42 48 51 55 56 62 65 70 71 72 80 83 85 93 95 109 112 115 120 139 146 152 155 157 158 166 167 178 182 190 207 217 220 229 232 233 241 245 250 254 258 261 273 274 276 286 291 296 299
64
2 7 11 13 20 23 24 25 26 27 29 34 35 38 42 64 67 69 70 79 84 85 87 95 110 123 128 137 151 154 155 157 160 164 165 167 179 184 187 188 189 203 208 211 212 213 222 232 234 237 241 244 246 247 249 255 267 272 278 279 284 290 291 300
48
6 24 26 28 31 33 35 46 52 56 58 72 75 81 84 87 95 97 113 117 118 140 141 159 161 164 172 180 186 189 191 192 205 210 213 215 224 227 228 238 241 246 248 273 274 277 280 294
61
5 6 7 8 12 14 15 26 32 40 41 44 47 53 54 55 62 80 86 88 89 100 105 108 111 115 116 135 156 160 162 163 165 166 168 177 182 185 188 194 195 202 205 217 218 219 226 234 240 246 247 251 259 262 266 271 273 279 280 281 293
71
3 7 8 9 19 24 33 35 40 44 54 56 57 74 96 100 109 112 115 117 118 120 121 127 129 130 131 133 134 138 142 143 150 151 152 161 162 169 172 180 183 192 193 200 206 209 218 221 222 226 227 230 231 247 251 255 257 264 267 268 269 275 278 281 282 283 285 290 296 297 299
61
2 4 7 14 18 20 21 28 31 32 34 38 39 44 48 49 53 56 57 60 61 76 80 81 88 89 99 108 112 114 118 124 128 133 149 153 163 164 174 176 180 184 187 188 191 203 205 218 221 226 233 237 250 252 255 267 286 287 289 295 298
64
1 3 5 6 10 17 18 22 25 30 31 33 37 45 46 56 67 75 77 79 86 93 101 103 105 106 110 113 119 133 147 157 162 164 170 181 189 193 197 202 207 210 214 220 223 228 234 235 240 245 250 253 259 260 263 268 275 277 285 290 291 295 296 297
60
4 6 12 16 28 31 33 41 43 49 50 52 59 63 73 82 90 92 93 103 105 108 113 115 121 129 133 135 137 141 158 161 172 173 174 175 177 180 198 200 204 211 212 216 223 231 232 245 247 250 258 259 266 271 273 279 283 285 292 294
60
7 13 20 22 25 26 30 35 42 53 58 59 64 65 66 72 95 96 104 107 110 111 118 119 120 122 131 145 149 162 163 164 171 178 179 181 186 201 202 210 218 224 227 229 231 236 238 240 246 249 253 254 262 264 272 275 281 291 292 294
55
10 23 24 30 38 43 45 48 57 60 68 75 80 81 82 83 89 91 95 99 104 108 109 127 139 141 142 154 156 160 161 164 166 167 192 193 194 202 212 218 219 223 251 260 264 266 276 277 281 286 290 291 293 296 299
52
7 16 17 19 22 34 37 38 39 58 59 64 66 75 84 90 93 103 105 110 116 125 133 136 142 145 146 148 151 161 166 168 172 178 181 187 189 190 204 205 217 222 238 248 251 261 264 265 278 284 289 292
60
1 3 6 7 12 23 25 32 35 40 45 46 47 48 57 59 61 69 71 76 78 81 82 84 86 87 99 103 106 115 116 118 120 139 142 156 157 165 167 168 173 176 177 181 184 199 209 223 224 226 237 239 257 262 271 277 279 282 286 295
61
1 2 6 10 13 21 22 27 30 33 36 38 47 48 52 53 78 101 103 105 106 115 124 127 128 131 142 145 147 151 152 153 156 161 166 171 174 177 192 200 201 204 207 209 215 220 225 227 233 238 239 251 260 263 274 277 286 289 290 292 297
61
4 5 13 17 23 30 35 37 40 45 57 59 61 66 75 88 89 91 93 114 115 116 117 122 126 129 131 137 139 150 152 154 157 159 162 163 171 172 175 179 181 185 188 192 197 204 205 209 217 219 231 238 251 252 258 263 266 270 278 289 296
71
3 5 12 15 16 17 18 25 26 30 31 36 52 56 58 60 61 70 71 72 74 87 89 98 103 104 106 110 113 114 124 127 139 140 141 145 146 161 162 172 174 175 180 192 195 197 204 210 211 215 228 235 236 241 244 245 246 248 249 251 256 257 261 266 274 276 285 288 291 296 299
58
1 6 8 9 10 12 14 20 24 36 45 57 61 65 66 74 78 79 83 92 95 97 118 127 140 142 146 151 159 161 167 171 172 176 178 182 189 191 194 197 198 204 205 209 215 224 232 241 248 268 270 276 278 284 292 296 297 298
44
1 5 6 16 32 36 39 48 49 56 60 62 65 88 90 91 100 104 109 110 115 116 125 145 171 199 203 204 211 213 215 224 225 231 232 239 253 256 259 266 280 284 295 296
64
3 13 14 23 25 30 34 36 46 59 62 66 72 74 75 82 86 87 90 92 99 108 111 114 116 121 122 124 130 142 143 151 154 157 161 162 168 172 182 188 189 192 195 196 206 207 215 216 219 228 231 233 242 245 254 259 261 269 273 274 280 282 289 293
68
2 3 5 6 19 23 26 27 32 33 38 39 40 46 65 72 77 91 99 100 101 103 107 112 142 147 148 149 156 161 163 170 171 172 173 176 178 184 190 193 195 205 206 219 222 228 229 230 240 243 248 252 255 258 263 266 267 268 271 272 274 277 283 286 287 288 293 296
62
3 5 14 15 25 32 37 41 45 46 47 49 53 55 72 75 76 84 96 100 101 103 106 110 112 114 120 121 129 130 132 134 137 140 141 151 157 164 165 183 185 186 189 191 193 195 205 206 212 222 228 233 234 238 241 257 261 274 285 290 296 298
56
1 3 4 9 10 14 21 32 34 57 58 59 64 65 68 70 72 78 80 85 95 96 101 107 108 112 121 123 126 127 131 132 134 146 147 150 152 154 164 172 178 197 198 203 212 225 227 246 255 258 268 271 289 293 295 300
60
5 7 8 10 20 25 33 36 40 41 43 44 45 49 50 62 64 71 78 86 104 106 110 111 117 123 127 128 131 132 136 139 143 144 154 159 163 165 169 175 178 190 192 194 213 217 220 227 228 239 240 246 254 256 265 266 278 280 292 300
52
2 5 7 8 11 15 32 40 41 45 46 59 74 90 99 109 110 118 127 130 133 135 142 149 153 154 161 166 167 171 178 180 185 187 191 204 207 209 212 218 222 228 229 231 234 240 251 260 262 280 285 295
62
5 15 18 21 25 26 29 33 38 56 57 63 64 67 69 72 78 79 80 90 92 94 96 100 111 115 116 123 128 138 143 145 152 153 158 160 164 170 171 172 174 178 180 182 186 192 193 202 212 213 216 224 225 228 235 237 259 263 287 288 289 295
63
6 10 16 27 30 37 42 46 48 53 58 60 66 74 76 87 91 92 97 99 107 118 120 126 137 140 148 154 155 162 169 175 179 185 186 191 193 199 208 213 230 233 236 240 245 247 248 252 253 261 262 264 265 267 271 273 281 284 290 292 293 299 300
61
4 23 24 33 43 55 59 64 65 71 76 77 86 87 92 99 100 103 106 110 112 125 126 128 138 140 144 148 158 170 172 178 182 193 200 211 212 217 218 223 227 231 232 237 245 248 249 257 259 268 269 279 280 281 287 290 291 292 293 295 300
57
4 7 12 18 20 22 27 31 39 45 46 53 60 74 78 82 89 93 97 100 105 107 111 114 127 130 138 141 149 155 157 172 173 182 186 191 192 200 205 214 215 221 236 241 247 256 257 266 269 273 274 282 286 288 289 292 300
64
7 8 11 19 23 27 29 30 31 33 39 43 51 52 56 66 67 75 77 78 87 90 95 96 98 100 103 110 127 128 131 133 134 135 155 156 169 171 172 180 184 186 190 191 194 200 204 209 210 211 231 236 245 248 250 252 259 268 273 275 276 291 297 300
72
2 3 4 6 12 16 24 42 43 46 50 60 65 68 71 74 84 87 97 100 102 105 106 111 112 115 117 118 119 123 128 131 133 136 137 143 147 148 162 163 175 178 179 181 183 186 187 188 191 201 213 215 216 219 220 224 225 227 229 238 250 251 255 259 260 266 268 276 278 281 282 297
60
5 18 22 32 34 35 36 39 45 54 57 59 61 63 67 68 75 77 85 91 100 105 106 113 117 135 142 147 151 153 168 169 170 172 179 181 182 188 191 200 208 209 218 221 222 223 224 233 236 237 238 240 243 258 261 277 286 292 296 299
62
6 16 19 27 32 57 58 61 62 65 66 69 74 80 87 89 90 95 97 99 101 104 112 117 119 122 123 127 135 136 138 140 142 149 151 173 175 176 189 195 200 202 207 216 227 233 236 245 246 247 248 257 259 264 266 268 269 280 285 286 291 300
58
2 4 6 10 23 25 28 33 35 41 46 52 67 69 104 109 110 115 116 122 126 128 131 132 136 143 144 167 171 174 177 181 187 191 197 201 212 223 227 228 229 233 234 235 244 245 248 251 258 262 267 269 271 278 280 281 283 285
65
2 3 8 19 28 31 36 57 70 73 76 83 85 88 100 101 103 104 106 108 112 125 126 130 131 132 133 136 145 147 152 155 156 163 167 170 173 176 187 190 198 201 202 210 213 214 225 227 229 230 231 232 234 238 240 241 250 261 265 266 272 286 291 293 297
60
2 8 15 18 32 33 35 36 42 44 49 59 61 65 69 70 80 82 87 88 92 104 109 124 125 126 138 139 154 155 156 161 164 172 175 178 181 185 188 191 194 195 203 209 213 224 231 237 241 247 254 262 264 265 275 282 289 294 296 298
56
6 9 22 28 40 47 48 55 63 66 73 74 78 81 82 86 90 93 95 96 101 107 122 123 131 151 155 157 158 164 168 173 174 175 177 178 184 193 195 201 206 209 215 221 233 237 238 246 255 276 277 282 284 285 290 296
60
4 6 8 15 20 22 24 25 27 29 33 39 45 47 50 51 52 58 62 63 70 78 80 81 88 105 107 109 118 122 125 127 143 144 146 147 154 162 163 164 180 196 211 212 219 223 239 240 241 246 247 253 268 271 272 277 284 286 289 293
71
5 6 8 18 19 23 26 34 36 47 53 54 59 65 84 86 90 98 99 103 107 109 110 111 127 132 138 145 146 150 156 162 172 175 177 179 182 183 184 185 190 192 195 196 206 212 219 220 221 225 235 245 248 263 264 265 266 268 277 278 280 281 283 285 288 290 292 293 296 299 300
62
6 11 13 21 22 24 36 38 39 43 45 54 67 71 80 82 84 85 88 95 97 105 110 115 118 120 125 142 143 146 158 162 164 169 170 171 182 187 188 202 211 213 220 227 232 233 234 238 240 245 248 255 259 264 266 267 273 283 286 289 291 300
68
5 11 12 28 30 34 37 40 48 53 55 58 63 82 92 93 94 98 101 109 114 115 116 120 125 128 132 135 138 141 142 145 150 151 153 159 175 180 182 183 185 186 188 189 199 202 206 208 213 214 215 223 227 235 236 237 250 255 265 267 269 271 277 282 285 294 295 297
57
1 3 7 15 18 20 30 34 45 47 50 51 52 54 63 66 67 69 73 74 85 93 98 101 105 122 134 135 136 138 143 147 148 149 157 169 181 183 195 196 197 210 212 214 215 221 224 227 229 247 256 263 266 272 274 276 278
58
5 10 12 23 28 33 37 38 41 45 49 60 61 64 84 86 88 92 97 101 112 113 116 118 129 130 134 139 146 157 162 164 165 166 167 176 180 190 199 203 205 207 225 229 236 240 242 244 245 250 251 253 262 264 273 283 291 300
65
19 26 30 32 38 49 51 52 55 68 69 76 77 86 88 93 103 111 112 117 118 127 133 141 143 145 146 147 156 157 164 178 179 182 186 189 191 200 206 208 211 212 216 217 218 224 226 232 234 235 239 240 241 245 246 253 254 255 273 276 284 285 293 295 300
72
4 27 35 39 41 47 48 49 50 52 54 66 67 71 74 84 91 98 99 100 102 105 106 116 121 123 125 139 143 144 148 151 154 160 166 167 170 176 177 179 183 186 191 195 202 203 210 211 212 213 217 221 222 223 230 239 242 248 260 261 263 277 278 279 281 282 286 289 292 298 299 300
55
2 18 19 28 35 36 41 47 48 54 57 64 68 69 78 81 84 88 95 98 102 111 112 118 119 122 124 127 150 151 170 172 175 179 182 190 192 194 199 200 202 204 207 208 209 216 225 226 235 236 260 267 279 281 291
49
3 4 7 18 21 25 47 54 55 56 75 78 86 88 95 104 110 130 133 136 143 147 152 153 161 164 165 180 183 186 199 204 214 215 216 219 222 224 239 249 251 255 256 257 269 271 277 293 297
57
9 14 20 22 29 30 33 38 46 62 65 80 87 91 97 105 109 113 114 122 132 134 135 141 153 155 162 164 168 173 178 179 183 186 192 194 198 207 211 215 220 225 230 233 235 242 243 252 254 256 260 263 268 276 280 291 300
68
6 21 25 27 30 36 40 41 46 50 51 57 66 71 87 101 108 112 119 121 122 125 128 133 136 138 144 148 149 153 155 164 177 183 189 191 192 193 196 198 199 201 207 214 215 217 218 219 223 226 233 235 236 243 246 256 259 265 267 268 269 271 273 275 279 280 281 284
77
9 12 18 21 24 25 26 44 47 54 56 57 58 60 61 63 65 72 82 87 89 95 96 97 99 100 103 104 107 112 116 120 123 125 130 136 141 148 149 164 165 167 170 173 181 185 191 197 199 208 213 214 215 217 221 224 228 229 231 233 236 241 247 249 253 254 257 269 271 276 287 288 289 293 295 298 300
42
11 12 13 14 25 32 46 50 52 54 56 61 66 76 83 85 86 90 103 116 120 124 148 174 180 193 194 199 211 214 219 220 224 226 232 248 260 265 274 279 281 288
73
1 6 14 16 18 22 23 32 36 38 40 45 57 60 64 68 74 75 77 81 93 95 96 99 100 109 114 115 118 120 123 125 126 127 129 130 132 137 138 146 154 156 157 158 162 169 170 173 180 193 199 201 202 209 210 216 229 236 245 249 254 257 261 268 270 271 284 287 291 292 296 297 300
60
1 3 13 15 17 24 29 34 35 43 44 46 54 59 69 70 76 82 83 87 105 108 119 129 134 135 136 141 150 155 160 163 166 167 171 187 194 197 200 201 207 208 218 221 223 232 238 242 250 255 257 258 275 277 280 281 283 284 294 296
56
6 17 21 24 25 32 57 62 63 68 70 76 88 91 97 103 104 108 110 113 118 129 130 133 136 137 140 145 162 171 177 178 184 188 195 197 203 209 221 224 230 236 238 246 247 267 273 276 277 279 282 284 287 294 297 300
67
4 14 19 22 30 32 33 52 55 58 63 65 67 69 72 73 78 88 94 96 100 103 107 112 113 116 119 123 130 134 142 152 163 164 165 168 169 171 173 178 194 198 204 208 215 223 225 227 229 230 232 239 246 249 252 253 255 257 262 270 273 285 292 293 296 298 299
56
1 10 15 17 20 26 35 36 40 50 51 54 58 61 65 73 82 83 86 95 97 102 104 106 121 124 128 132 137 138 145 147 154 155 160 170 171 172 173 189 205 208 213 224 226 232 235 250 253 258 264 267 276 295 296 298
53
9 12 25 35 37 40 47 53 54 57 83 92 102 111 112 119 120 122 125 127 129 135 136 139 141 147 154 159 161 165 193 196 200 213 217 221 225 232 234 237 239 241 243 244 245 248 252 265 278 279 281 289 300
47
11 14 18 20 23 26 37 47 56 59 65 69 72 76 83 88 90 92 102 106 107 110 111 116 121 139 178 185 187 190 194 204 207 217 224 240 250 251 254 256 258 260 261 271 276 278 285
56
2 8 9 11 39 60 65 66 67 74 85 89 92 99 103 104 116 117 121 123 124 127 131 136 138 159 177 180 181 186 187 202 204 208 209 210 215 223 225 227 231 234 235 246 247 251 261 265 271 279 281 283 285 286 295 297
67
6 9 10 11 13 21 23 25 28 31 32 35 38 40 42 50 54 62 69 74 76 82 86 89 91 95 98 101 105 106 134 135 137 140 143 147 152 154 161 165 179 182 191 204 214 220 222 224 227 231 238 239 244 257 259 260 268 269 270 275 277 280 282 285 290 295 299
55
14 19 24 41 43 45 49 52 53 68 69 73 78 79 86 90 91 94 95 104 107 115 118 129 130 133 137 139 142 147 157 159 167 171 172 178 191 192 193 215 230 243 244 258 265 267 269 277 280 282 290 294 295 296 297
70
1 3 8 10 18 21 24 27 33 36 37 40 42 43 49 67 72 85 87 106 111 119 120 123 125 130 131 132 134 135 137 143 145 148 153 154 157 162 164 174 176 184 190 191 198 199 202 206 210 216 219 222 229 234 235 236 243 251 252 271 272 274 281 292 293 295 296 297 298 300
50
7 11 12 30 31 36 51 53 54 56 64 65 72 75 82 83 94 102 104 107 108 120 130 133 146 151 155 157 167 173 189 192 197 207 213 220 221 225 229 231 233 236 238 259 260 278 280 286 293 295
58
6 19 31 34 36 39 40 44 61 62 68 74 79 84 99 100 102 112 114 117 118 119 120 123 128 130 132 135 148 166 173 184 186 187 188 189 192 193 197 212 213 216 219 224 243 247 256 258 259 260 261 262 266 270 273 275 280 296
69
1 2 9 19 20 21 23 24 41 44 55 63 67 70 71 72 74 75 77 80 90 94 97 98 99 102 110 112 114 116 126 130 133 134 144 148 163 164 167 170 171 173 174 177 188 189 191 195 196 201 213 230 233 238 240 244 249 250 252 254 262 275 280 283 289 290 291 297 300
63
3 7 8 20 23 24 25 38 40 41 42 48 49 51 54 57 80 86 92 93 94 99 102 104 109 116 126 136 137 141 149 154 159 163 172 173 175 180 183 185 196 206 211 212 216 222 223 230 231 232 238 239 242 243 246 249 259 267 268 274 285 292 294
66
5 10 14 15 16 28 29 30 33 34 36 40 46 49 52 55 63 65 67 69 82 83 95 101 102 103 110 119 121 126 140 144 152 153 158 162 163 164 169 172 175 178 184 190 197 201 204 207 211 216 219 231 242 244 245 254 267 269 271 274 275 276 286 288 295 297
70
1 10 21 25 28 33 40 48 53 55 57 58 61 65 67 70 72 78 85 96 97 98 101 104 107 110 112 116 117 122 129 133 134 135 137 139 148 159 161 166 170 171 177 178 189 195 196 198 206 214 218 222 223 229 232 242 246 249 252 253 254 257 265 266 269 271 272 273 292 298
43
2 10 19 23 26 27 46 54 62 65 76 77 82 87 91 98 107 108 110 113 127 142 143 147 158 165 172 176 188 191 203 205 207 214 219 237 244 254 264 278 281 287 298
57
6 9 12 13 18 21 22 23 28 30 44 47 48 52 61 65 66 77 78 79 83 86 88 95 96 99 101 120 122 123 132 140 144 146 150 152 159 166 170 193 199 200 217 219 226 230 235 243 247 251 258 262 263 271 276 297 298
53
3 7 17 25 27 42 51 52 55 56 59 70 83 86 89 90 96 102 114 120 122 123 128 138 139 145 147 155 158 167 183 190 202 205 216 218 232 238 241 243 244 248 253 256 268 273 281 289 290 292 294 297 298
62
1 7 12 13 14 32 37 40 45 46 62 67 68 72 77 78 79 85 86 94 98 103 110 131 133 140 141 156 157 158 160 163 175 180 186 194 199 205 207 215 223 224 225 228 230 237 238 240 248 249 250 251 259 263 266 273 283 285 286 287 299 300
49
16 25 26 27 32 33 34 43 51 61 67 72 73 76 77 93 95 98 100 108 115 125 128 138 153 163 167 170 182 186 190 195 196 207 212 222 223 227 228 229 238 248 256 265 266 272 278 284 293
68
1 5 7 12 13 14 23 27 28 30 35 37 48 57 62 64 67 70 74 76 81 93 94 102 103 120 121 124 129 131 135 140 142 147 149 155 156 159 166 172 173 175 181 187 202 203 210 214 220 221 226 228 243 249 250 251 255 257 261 263 276 280 281 282 286 287 290 298
64
1 7 9 10 13 18 21 39 40 43 57 66 70 72 73 74 77 78 82 86 99 100 105 111 112 116 117 126 135 136 139 140 145 153 155 158 168 179 180 183 201 210 211 217 221 231 232 238 240 241 242 246 253 254 256 271 277 278 279 285 290 292 295 297
54
6 19 26 34 37 40 45 54 62 74 91 95 99 113 114 116 127 135 140 146 157 159 160 162 167 173 175 179 181 182 193 194 202 205 216 218 219 222 225 228 230 231 235 245 249 262 267 272 276 281 284 287 289 292
71
2 5 15 18 20 24 28 32 33 37 39 40 47 48 51 54 61 62 66 70 72 73 74 76 83 92 99 100 110 112 114 117 120 137 143 146 154 155 159 168 171 173 174 176 185 192 202 216 219 225 227 230 231 232 237 241 244 262 263 265 266 269 278 283 289 290 291 293 294 298 299
62
2 16 17 18 25 39 41 48 52 54 65 74 80 95 96 99 104 110 113 114 116 119 120 124 132 134 136 137 141 145 154 176 186 187 190 194 195 198 201 203 213 214 226 228 237 238 242 243 246 248 249 250 254 256 259 260 265 271 277 278 280 284
59
2 9 13 16 19 20 29 30 31 36 37 39 42 45 51 54 66 70 79 80 81 89 98 101 104 106 107 110 119 120 122 125 126 129 131 139 142 146 156 162 163 177 186 190 192 201 203 207 211 225 237 259 269 273 274 281 288 291 294
47
20 26 28 29 30 32 54 64 75 80 86 96 101 113 115 122 129 131 134 139 148 150 157 167 168 175 185 188 191 194 197 203 215 222 238 243 249 257 258 264 268 274 278 282 283 291 299
57
3 6 7 13 23 52 57 61 64 68 73 75 83 87 92 93 96 97 101 103 105 107 111 118 120 129 131 132 139 145 148 149 152 157 163 166 169 171 178 179 190 196 207 211 213 222 233 244 247 250 255 270 274 284 288 291 293
61
2 3 4 16 18 20 24 28 32 36 38 43 44 52 54 59 63 66 68 70 74 80 84 86 101 104 114 122 127 131 133 141 142 146 154 156 158 164 170 174 177 178 193 196 199 212 220 223 231 240 241 253 257 269 271 277 290 293 296 299 300
70
1 2 3 4 6 7 14 24 25 29 31 38 45 49 68 71 73 83 88 92 94 105 107 108 109 121 123 125 126 129 140 143 157 158 159 162 165 166 167 168 169 174 180 185 186 187 190 191 193 198 199 202 209 211 212 215 223 229 230 235 236 240 241 244 250 273 274 280 282 299
52
5 8 14 24 25 28 31 34 35 43 44 51 56 58 64 65 76 81 107 114 120 125 133 135 145 158 160 166 168 175 176 188 189 197 200 205 208 227 230 239 240 241 242 247 253 256 274 276 279 280 283 284
66
1 8 14 35 36 41 42 49 51 53 68 89 90 93 95 99 102 109 112 115 117 120 121 122 133 135 137 139 146 149 153 161 162 164 171 174 176 186 191 193 197 199 207 208 209 214 217 218 223 227 241 249 253 256 257 263 264 267 276 278 281 282 285 291 292 294
61
7 10 16 17 22 23 36 43 45 63 71 82 91 98 100 103 106 110 116 119 122 126 128 143 147 148 152 156 164 173 180 181 182 188 189 190 191 193 201 217 227 233 242 243 244 247 248 253 254 255 261 267 268 270 274 277 281 292 297 298 299
57
1 5 6 23 24 32 35 38 44 57 66 71 75 78 85 86 91 99 100 102 108 112 118 121 125 146 148 155 181 182 183 193 199 205 206 212 214 223 231 236 245 250 253 262 263 267 272 273 276 278 279 280 287 288 291 293 299
54
13 19 24 27 35 39 47 51 52 54 58 60 63 65 68 70 77 98 105 111 112 123 129 130 132 136 142 146 148 160 170 171 173 180 182 197 214 215 218 219 220 222 225 226 243 247 251 253 255 256 258 263 292 300
48
2 4 14 19 23 37 38 41 45 52 74 90 101 106 108 125 136 141 142 150 154 158 164 169 170 172 175 182 193 200 204 207 208 245 247 248 249 250 255 256 262 263 270 281 285 289 293 297
67
1 3 7 11 13 14 15 30 34 41 53 59 60 61 66 68 78 83 85 87 89 97 106 109 113 117 124 128 133 137 138 147 148 149 153 158 162 174 175 176 187 188 196 203 210 211 212 213 215 218 219 221 229 230 234 236 242 247 265 274 275 276 278 282 291 294 296
62
2 4 5 6 11 15 18 21 23 26 35 37 41 47 53 64 68 69 78 81 82 90 95 100 104 106 115 128 140 151 156 161 164 166 172 173 176 185 197 198 203 205 206 213 222 223 226 227 229 230 235 242 251 254 271 275 284 286 291 294 299 300
59
6 25 34 35 37 41 42 45 56 59 60 68 69 70 71 73 77 85 93 101 103 104 108 113 115 116 119 120 135 136 142 147 151 152 168 172 173 177 178 179 186 188 194 197 210 213 217 219 228 230 233 237 244 264 271 275 286 292 295
66
8 13 19 21 25 32 39 45 46 53 55 60 62 66 68 97 102 103 106 107 110 114 116 119 120 123 139 142 152 160 164 166 167 169 170 172 179 180 183 187 189 191 192 199 201 214 217 226 229 230 235 240 244 248 249 251 260 266 267 268 279 281 283 285 288 297
54
1 3 13 24 31 33 37 43 52 55 60 75 76 84 90 96 99 102 109 123 124 125 128 135 136 156 162 164 169 177 180 181 185 196 203 223 225 227 230 236 238 243 245 248 249 259 260 274 278 283 287 295 297 300
71
13 15 22 27 28 30 31 32 42 44 48 50 51 58 60 64 68 70 71 73 74 76 77 78 79 88 93 97 100 104 105 112 117 122 124 129 137 138 145 156 167 169 175 181 182 186 189 195 198 199 204 205 212 217 223 225 236 245 249 250 253 254 255 259 262 269 278 284 292 295 296
62
3 11 19 21 22 36 46 48 52 57 58 63 64 71 74 75 76 84 89 97 106 109 115 119 127 128 129 131 141 142 146 153 154 157 158 161 162 163 165 166 172 173 191 193 196 198 199 205 207 208 214 226 229 236 237 243 245 249 266 282 295 297
57
9 13 15 17 21 23 26 31 32 39 44 45 47 49 51 52 54 80 81 92 94 96 102 105 119 127 130 140 142 149 151 155 158 166 172 186 189 194 207 210 211 225 232 234 244 245 248 256 257 266 268 277 278 286 287 292 300
54
1 15 18 34 36 43 44 59 60 64 66 72 83 86 93 94 96 98 102 109 111 113 114 117 121 125 137 140 154 155 160 171 173 177 190 196 200 208 210 218 244 251 263 266 270 273 274 276 277 279 284 290 293 297
60
1 5 9 12 18 22 26 27 31 38 40 41 44 58 59 70 74 76 77 79 81 82 83 93 101 107 119 125 132 134 142 153 156 160 164 174 178 180 186 187 194 203 213 214 216 218 228 229 240 242 257 259 260 264 271 273 276 280 296 299
59
5 12 13 15 19 21 29 32 34 43 44 47 55 69 71 73 75 79 83 84 88 92 93 97 98 106 115 119 120 130 132 137 138 142 143 154 162 168 183 187 189 194 207 217 231 233 238 239 242 246 258 279 280 282 285 287 291 293 300
54
3 9 15 40 57 58 60 63 68 74 75 94 95 98 103 109 110 113 122 125 126 127 128 136 145 151 156 163 165 167 183 188 191 192 195 196 198 216 217 220 227 230 232 234 238 239 255 271 275 279 280 281 293 300
50
3 8 32 33 51 59 65 66 81 86 90 100 101 102 104 105 128 132 137 139 141 146 153 160 174 177 184 189 202 217 223 224 226 228 233 239 243 244 246 248 249 251 254 258 268 274 276 281 283 287
64
1 8 11 41 45 49 52 57 60 62 65 67 72 76 77 79 88 89 90 95 99 103 108 110 114 115 117 118 123 125 132 134 144 151 154 156 157 158 163 183 185 200 215 221 226 229 232 237 241 244 249 250 254 260 264 265 277 284 286 287 289 292 293 300
63
1 3 4 7 8 11 13 19 26 32 36 37 43 45 55 60 85 88 95 99 104 105 107 112 115 118 127 129 133 135 140 147 150 159 171 176 178 185 191 196 198 206 208 211 222 224 233 234 241 247 251 252 253 258 261 264 272 274 275 279 286 293 298
60
5 8 15 20 27 31 33 35 40 41 42 49 52 53 57 60 64 68 75 95 100 102 106 109 117 118 119 128 134 138 141 155 160 161 166 172 175 178 195 209 214 215 226 227 228 230 233 238 251 256 258 260 269 271 279 291 292 295 297 300
66
3 8 9 10 13 17 29 30 32 43 46 53 55 69 70 79 80 85 98 99 100 101 105 107 113 123 129 138 139 141 151 158 168 170 171 172 173 179 180 181 184 190 194 200 206 214 219 221 231 238 239 240 245 249 252 255 266 267 268 269 270 271 272 279 281 283
53
5 8 14 15 17 21 24 25 26 34 39 41 53 56 70 75 76 85 87 93 98 108 110 117 122 123 125 128 131 135 145 153 160 171 173 178 183 197 201 202 204 212 215 221 232 236 243 247 252 265 273 274 288
50
1 7 23 25 28 35 39 42 49 55 66 91 111 114 115 120 122 130 140 151 155 162 166 172 173 183 189 191 192 195 198 211 219 223 229 230 240 242 245 250 252 254 264 265 266 268 272 278 286 292
64
5 6 7 16 27 28 41 48 53 54 61 64 67 68 69 80 81 85 94 95 101 105 106 109 116 119 126 130 132 142 155 163 166 172 182 184 185 189 202 203 210 211 213 214 217 224 230 233 236 238 239 243 246 249 257 267 268 272 276 281 286 287 290 299
61
2 4 10 19 25 28 37 46 53 57 62 68 78 82 85 87 88 103 110 116 119 123 125 127 129 136 137 140 154 160 164 172 176 187 194 204 206 208 213 221 222 228 235 237 249 250 254 255 260 262 264 274 276 278 279 285 287 288 291 297 300
71
8 12 13 19 21 22 25 26 28 33 44 47 51 60 74 78 85 90 92 94 96 99 101 102 104 107 109 114 115 117 119 121 123 124 129 132 136 148 150 151 164 184 187 189 191 192 194 204 210 213 214 215 218 220 231 233 236 237 238 239 243 253 260 261 262 275 277 284 287 288 300
60
2 9 12 13 14 19 20 31 33 37 43 62 63 64 66 69 71 74 75 87 88 89 101 103 105 122 123 131 135 144 147 148 158 159 160 177 180 183 186 187 191 194 197 199 203 204 208 211 216 224 227 228 240 253 265 267 268 272 275 287
