150 300
1.0 1.0 1.0 1.0 1.0 1.0 1.0 1.0 1.0 1.0 1.0 1.0 1.0 1.0 1.0 1.0 1.0 1.0 1.0 1.0 1.0 1.0 1.0 1.0 1.0 1.0 1.0 1.0 1.0 1.0 1.0 1.0 1.0 1.0 1.0 1.0 1.0 1.0 1.0 1.0 1.0 1.0 1.0 1.0 1.0 1.0 1.0 1.0 1.0 1.0 1.0 1.0 1.0 1.0 1.0 1.0 1.0 1.0 1.0 1.0 1.0 1.0 1.0 1.0 1.0 1.0 1.0 1.0 1.0 1.0 1.0 1.0 1.0 1.0 1.0 1.0 1.0 1.0 1.0 1.0 1.0 1.0 1.0 1.0 1.0 1.0 1.0 1.0 1.0 1.0 1.0 1.0 1.0 1.0 1.0 1.0 1.0 1.0 1.0 1.0 1.0 1.0 1.0 1.0 1.0 1.0 1.0 1.0 1.0 1.0 1.0 1.0 1.0 1.0 1.0 1.0 1.0 1.0 1.0 1.0 1.0 1.0 1.0 1.0 1.0 1.0 1.0 1.0 1.0 1.0 1.0 1.0 1.0 1.0 1.0 1.0 1.0 1.0 1.0 1.0 1.0 1.0 1.0 1.0 1.0 1.0 1.0 1.0 1.0 1.0 1.0 1.0 1.0 1.0 1.0 1.0 1.0 1.0 1.0 1.0 1.0 1.0 1.0 1.0 1.0 1.0 1.0 1.0 1.0 1.0 1.0 1.0 1.0 1.0 1.0 1.0 1.0 1.0 1.0 1.0 1.0 1.0 1.0 1.0 1.0 1.0 1.0 1.0 1.0 1.0 1.0 1.0 1.0 1.0 1.0 1.0 1.0 1.0 1.0 1.0 1.0 1.0 1.0 1.0 1.0 1.0 1.0 1.0 1.0 1.0 1.0 1.0 1.0 1.0 1.0 1.0 1.0 1.0 1.0 1.0 1.0 1.0 1.0 1.0 1.0 1.0 1.0 1.0 1.0 1.0 1.0 1.0 1.0 1.0 1.0 1.0 1.0 1.0 1.0 1.0 1.0 1.0 1.0 1.0 1.0 1.0 1.0 1.0 1.0 1.0 1.0 1.0 1.0 1.0 1.0 1.0 1.0 1.0 1.0 1.0 1.0 1.0 1.0 1.0 1.0 1.0 1.0 1.0 1.0 1.0 1.0 1.0 1.0 1.0 1.0 1.0 1.0 1.0 1.0 1.0 1.0 1.0 1.0 1.0 1.0 1.0 1.0 1.0 1.0 1.0 1.0 1.0 1.0 1.0 1.0 1.0 1.0 1.0 1.0 1.0
46
2 17 19 21 23 28 29 30 33 34 37 41 43 51 60 61 63 68 75 109 111 121 122 150 154 155 161 167 175 189 191 193 195 201 203 205 211 217 228 243 247 253 267 273 288 293
23
14 17 35 42 59 63 82 90 104 110 145 146 150 157 170 179 194 196 202 248 253 262 293
35
7 13 19 51 57 60 67 80 85 90 94 98 111 115 120 121 125 131 146 150 164 168 180 188 196 202 204 242 256 261 266 267 293 295 300
37
1 5 22 26 38 53 83 86 87 99 105 106 123 126 140 161 185 190 198 201 205 207 209 213 216 222 227 231 233 237 265 279 288 289 292 295 299
23
29 73 98 101 110 122 160 170 181 193 198 205 213 215 217 236 237 249 252 253 256 273 296
41
17 18 24 29 31 32 35 40 45 52 67 75 76 79 95 100 107 120 122 133 140 141 158 159 160 168 191 207 216 220 234 240 259 268 270 272 276 280 284 294 297
34
11 18 19 26 37 42 45 52 70 74 76 89 98 114 129 130 137 143 164 169 179 201 212 219 243 249 250 254 257 274 275 280 287 297
25
28 38 40 43 48 49 56 67 99 105 113 136 146 159 186 201 228 232 255 266 267 290 293 297 299
29
11 23 30 34 52 59 62 74 85 95 108 125 129 133 135 169 182 205 206 221 230 239 240 261 262 278 286 287 289
26
6 17 37 44 46 57 97 114 121 134 159 160 166 168 198 201 215 220 222 232 234 235 243 265 280 281
33
3 8 18 26 27 42 47 52 70 71 73 78 79 80 122 123 126 132 139 159 181 182 185 194 211 217 245 251 271 285 288 294 298
26
4 7 8 24 33 46 50 51 53 59 69 92 100 122 132 146 161 167 201 202 204 247 256 268 272 300
31
28 41 52 60 61 64 69 97 105 111 123 127 151 158 160 164 178 193 203 207 212 218 237 244 246 250 259 262 276 289 297
31
11 15 18 22 24 39 52 58 84 87 93 119 123 124 143 155 174 222 223 229 230 232 236 252 255 258 259 262 273 281 294
34
9 17 18 32 34 39 42 59 72 84 106 114 115 121 131 156 157 172 176 179 182 198 218 223 229 239 244 252 255 280 282 287 290 297
31
4 21 22 31 35 51 54 61 82 96 98 101 104 112 120 137 156 158 161 162 170 175 208 225 231 238 240 253 290 294 299
24
5 8 47 72 86 94 101 125 157 160 167 178 180 202 209 215 218 225 244 258 263 268 277 294
38
26 28 45 49 50 57 60 68 93 99 101 113 119 120 136 147 152 160 162 167 171 172 179 180 182 185 190 205 206 208 217 226 246 248 250 264 271 294
35
11 17 23 51 64 66 76 77 81 95 98 99 136 140 141 144 151 157 160 162 204 217 225 232 246 252 254 256 266 283 287 288 292 296 300
26
14 17 21 27 63 68 71 75 77 78 87 109 112 125 143 152 153 162 163 182 185 199 218 233 239 292
39
8 15 18 22 25 30 34 39 41 48 54 68 74 80 82 92 94 114 115 117 122 129 133 138 162 184 185 194 212 215 216 218 232 245 261 268 282 292 296
30
11 62 64 65 77 84 87 94 112 118 121 163 164 165 167 178 194 195 196 204 218 235 240 249 254 264 266 283 292 296
37
22 23 26 27 43 51 68 74 80 97 111 113 120 126 148 151 164 167 168 172 174 176 179 183 210 214 216 222 226 240 252 256 265 279 283 291 292
34
1 3 8 10 13 21 39 51 57 58 70 74 80 88 103 115 121 130 151 154 160 176 179 183 207 210 234 235 237 254 272 278 287 293
33
1 2 24 39 41 70 72 82 93 106 108 113 120 125 136 149 154 155 157 165 171 176 181 220 229 231 240 256 260 276 297 298 300
36
1 15 33 35 43 52 58 72 78 82 87 96 106 120 145 156 163 164 167 178 185 202 206 211 212 214 217 220 226 238 248 271 284 288 292 296
27
13 15 24 52 55 66 68 73 82 103 107 128 129 140 154 164 166 199 206 213 240 242 265 273 277 295 300
34
2 8 9 11 25 35 66 67 69 86 90 92 101 109 116 157 172 177 181 182 194 196 198 209 214 223 225 239 247 264 276 286 290 294
30
9 15 17 23 52 71 85 86 130 131 137 147 152 159 160 164 165 171 175 191 198 211 213 218 227 244 258 271 277 300
30
1 16 17 28 35 39 47 60 62 64 68 94 106 121 129 141 144 152 155 162 169 172 197 211 227 229 289 290 293 300
40
2 5 19 32 33 36 51 64 72 86 99 102 103 104 114 117 122 124 125 137 140 141 161 163 167 173 177 182 190 202 207 211 225 232 247 250 257 259 271 281
31
3 23 37 39 41 49 50 51 61 93 98 132 137 145 153 160 169 175 192 205 213 218 222 227 234 252 262 265 266 279 293
30
2 14 29 37 39 59 64 69 78 81 82 86 106 117 152 155 160 167 188 201 207 211 216 225 227 239 272 273 283 289
37
16 32 45 46 47 55 57 58 62 70 72 77 87 93 97 99 132 145 148 151 152 164 172 173 174 179 183 186 187 190 193 200 204 231 265 284 298
38
12 32 34 37 48 53 63 69 76 81 86 101 115 133 156 160 165 173 187 189 191 197 204 206 208 211 226 234 236 238 243 249 250 260 261 269 272 275
31
7 14 18 20 33 42 44 57 60 61 62 75 91 94 97 99 102 149 150 155 157 170 193 203 221 228 230 239 285 290 292
33
22 32 39 43 51 54 61 62 68 75 81 109 112 136 145 156 165 170 176 184 208 215 224 228 249 259 267 273 274 275 279 291 292
25
5 29 33 49 61 80 81 87 88 96 124 132 142 153 169 179 181 186 204 205 208 214 218 239 270
26
6 10 18 26 29 37 45 61 83 92 120 131 140 143 144 148 156 184 189 205 211 245 256 257 266 279
25
41 45 47 48 57 62 98 108 112 114 134 136 190 195 203 208 213 223 232 237 240 261 269 278 295
30
4 7 30 34 45 53 56 86 89 91 93 96 98 99 110 115 144 155 170 180 181 187 194 210 214 217 218 234 267 281
34
6 18 24 30 33 62 68 69 72 94 96 99 110 130 139 143 154 157 164 166 168 171 176 198 200 210 215 229 232 241 254 271 272 287
31
8 16 22 27 38 39 51 71 74 77 81 88 94 109 115 118 131 138 153 163 198 212 214 232 237 246 259 260 271 287 290
17
8 16 21 24 55 82 110 124 126 128 146 174 195 209 218 286 294
42
5 10 14 20 24 29 31 41 45 47 48 49 55 69 81 99 106 116 118 119 129 132 134 139 142 145 146 157 159 162 171 187 189 209 216 218 223 235 257 284 299 300
28
10 18 30 32 52 75 92 111 119 122 146 147 169 171 175 180 185 187 199 224 233 238 241 246 247 252 267 272
39
6 31 34 38 39 55 57 66 68 74 77 84 94 97 102 111 114 130 151 158 161 166 169 170 184 195 199 206 226 238 242 250 253 261 263 264 272 275 283
24
25 30 69 89 96 99 104 111 126 133 148 155 156 157 160 184 187 215 228 229 270 283 288 290
37
9 13 29 32 37 41 61 72 76 84 99 106 109 121 127 130 149 150 160 162 175 178 187 195 207 208 231 239 240 246 253 257 260 264 269 273 297
37
4 10 14 22 23 31 32 35 40 41 58 59 65 68 83 84 90 92 94 111 133 146 154 156 178 194 203 205 229 251 280 281 285 287 288 290 298
32
3 6 24 28 33 35 49 60 81 84 117 126 142 146 152 187 204 205 206 212 217 219 223 229 235 253 254 262 266 276 295 297
30
14 15 18 29 35 42 51 56 77 81 85 88 107 108 127 155 167 170 180 188 196 207 220 236 239 249 250 284 292 296
38
6 9 15 38 60 67 69 81 83 92 96 98 110 111 127 130 141 148 176 186 189 196 204 207 208 215 225 227 230 235 240 251 252 254 274 278 284 286
28
8 15 34 39 47 49 72 79 80 90 104 105 135 148 152 166 186 191 192 199 211 232 233 258 267 273 294 298
26
29 39 40 57 59 61 72 76 103 126 136 149 196 202 204 219 224 230 258 259 261 280 282 285 291 300
33
1 16 41 48 53 55 62 74 78 114 121 152 159 160 164 167 179 183 188 204 212 220 221 234 239 241 258 261 269 275 281 293 297
38
5 8 13 15 17 37 40 60 75 80 112 116 117 118 122 123 125 131 140 152 159 162 188 191 199 211 217 220 224 242 252 257 264 271 280 282 289 296
34
10 13 14 15 20 21 30 33 40 46 51 62 64 67 75 82 104 106 107 114 129 131 136 137 152 174 195 209 214 239 268 275 283 289
35
4 13 31 36 50 66 86 88 90 91 114 120 122 131 143 148 158 159 178 195 196 199 210 214 221 224 239 242 245 247 249 253 254 267 279
36
9 14 20 21 23 25 26 40 49 56 67 75 121 134 140 143 146 147 150 152 167 195 196 199 206 212 215 217 218 224 244 250 253 254 266 271
23
3 7 9 17 22 31 41 66 69 78 112 128 130 143 149 198 216 217 221 236 237 274 281
30
18 26 65 86 94 95 104 120 126 134 135 148 152 165 167 191 199 203 226 233 241 248 252 255 257 260 270 278 279 287
25
2 5 27 32 33 35 43 62 80 88 118 121 123 147 151 161 176 179 192 197 222 231 240 262 295
29
12 15 20 52 56 57 58 65 72 88 95 104 109 113 160 171 175 189 193 203 219 225 229 245 246 254 255 270 291
36
4 6 26 27 45 47 50 64 74 103 112 114 123 128 137 162 168 170 182 204 210 217 221 227 232 244 249 254 255 273 283 284 288 292 299 300
31
4 16 31 41 49 73 86 90 99 103 106 112 121 126 128 153 163 165 167 197 199 211 213 217 230 239 242 260 268 283 291
30
4 16 24 33 52 68 69 73 82 104 108 131 132 133 148 152 157 160 182 196 214 241 254 257 258 262 270 282 287 296
34
11 21 34 40 43 48 51 55 58 65 73 78 83 93 96 130 136 137 154 155 179 198 206 214 227 239 247 249 259 261 263 266 291 297
26
27 41 52 54 63 67 68 77 95 106 156 160 163 177 187 215 219 220 224 233 240 241 253 257 262 271
30
3 10 19 48 58 64 73 74 75 132 136 162 168 172 180 181 184 187 192 198 229 233 236 245 247 267 272 274 294 297
20
12 15 16 41 47 48 69 70 86 88 90 111 118 154 157 230 245 248 277 284
32
15 25 41 62 64 91 97 102 121 133 135 152 166 169 171 180 203 208 211 231 236 245 253 254 260 263 266 272 274 282 286 295
39
4 5 9 28 33 34 35 43 44 48 53 63 72 84 115 120 128 134 136 141 144 156 163 169 173 185 193 194 202 216 219 238 253 264 268 272 292 296 299
27
4 22 32 57 78 88 101 118 120 127 136 144 146 149 172 173 185 195 197 210 228 238 252 253 283 293 294
22
41 44 57 65 67 91 94 123 124 134 144 147 154 157 168 201 248 269 284 287 290 297
34
1 2 27 35 43 45 47 75 87 92 93 107 109 118 121 140 161 164 174 177 185 194 198 207 216 218 223 229 234 260 263 272 278 290
26
13 18 22 35 46 50 67 83 84 86 106 109 113 117 140 145 191 203 215 255 263 265 270 271 281 297
24
2 7 8 17 29 36 55 60 84 85 88 92 121 128 146 155 165 204 231 240 255 270 272 291
33
17 29 33 41 57 63 67 70 79 80 84 89 93 97 99 101 166 175 180 183 198 209 211 215 220 237 239 261 263 271 277 295 296
22
2 12 14 19 24 34 51 63 74 81 84 95 115 117 138 142 160 161 209 230 232 259
37
10 13 41 47 52 53 69 90 93 97 112 125 131 133 138 139 140 175 178 181 185 189 210 211 217 218 225 235 237 240 265 268 270 271 274 294 296
29
20 25 28 35 55 57 59 80 86 105 112 113 116 120 127 135 143 150 156 182 188 212 227 269 270 283 286 289 297
40
5 13 14 17 18 30 37 55 58 76 81 82 87 100 111 113 117 122 125 130 148 150 154 155 159 183 188 190 194 202 216 230 235 240 258 270 271 272 278 286
26
8 12 16 28 64 73 75 80 83 97 165 189 204 207 209 213 215 220 225 234 254 260 261 285 293 294
32
1 26 28 33 39 57 58 59 70 75 77 85 96 106 107 133 144 145 148 185 196 199 215 234 239 246 251 265 270 277 281 293
27
6 15 16 18 19 39 60 72 74 76 81 95 105 115 168 170 178 198 206 245 257 258 259 263 270 286 290
27
8 14 26 55 67 89 96 98 100 106 138 140 150 155 174 197 200 213 218 219 220 231 240 251 255 271 279
26
19 27 52 59 61 77 79 96 128 134 158 172 176 178 186 189 194 203 209 226 233 241 254 258 271 292
33
3 4 15 24 34 36 37 52 58 73 76 81 88 111 113 123 125 143 166 169 170 178 192 205 206 232 238 256 269 276 277 282 289
33
29 42 49 68 123 129 130 131 137 157 161 169 170 173 179 184 189 190 191 217 220 221 225 230 237 243 253 259 264 265 270 271 279
36
4 10 14 17 19 55 69 73 76 87 110 112 113 118 124 130 135 171 183 187 190 192 202 211 220 222 224 225 231 233 261 269 284 286 288 293
35
12 44 47 51 54 60 70 76 91 101 109 123 131 151 155 158 170 172 194 211 213 232 240 245 258 264 265 279 281 284 287 291 292 294 298
34
12 16 43 50 51 57 83 88 93 95 112 116 136 144 145 166 173 177 182 183 187 189 197 211 212 229 231 233 243 261 269 273 274 276
29
6 9 18 29 53 57 97 99 112 116 118 120 122 126 128 131 133 159 168 188 200 202 214 224 232 236 252 266 300
29
5 35 48 68 85 86 89 90 107 131 133 134 145 146 149 160 165 167 170 192 195 196 213 236 238 240 251 269 271
31
4 8 21 36 39 60 63 66 69 74 87 90 91 125 128 129 133 148 159 170 183 198 218 224 230 231 237 243 244 286 291
41
2 12 18 24 29 31 38 61 78 80 99 113 115 117 126 134 137 141 143 149 161 164 193 196 205 207 216 223 224 225 238 246 258 277 278 280 281 286 288 296 300
32
7 20 44 48 49 59 70 71 91 105 114 133 158 161 167 201 204 213 216 220 230 240 251 256 258 264 269 272 278 287 288 297
21
11 24 27 48 59 95 110 145 158 159 178 179 187 197 203 214 216 219 244 261 289
17
14 46 49 52 63 65 78 87 110 182 187 190 222 248 255 285 300
27
3 15 54 55 68 74 81 118 123 138 144 152 154 159 182 183 185 192 200 204 211 224 242 250 265 283 294
29
20 48 62 70 86 94 108 114 118 124 129 133 135 139 142 144 147 166 170 171 189 238 243 250 253 261 263 284 288
28
2 11 22 33 37 46 58 63 73 79 85 102 130 139 144 169 170 200 207 223 240 243 244 252 262 274 276 283
34
1 4 10 18 55 58 61 68 76 99 129 141 154 155 157 158 166 174 177 182 194 218 227 239 242 243 246 250 255 264 269 276 277 278
27
7 12 14 17 22 24 55 113 131 140 150 158 164 171 180 187 190 194 196 199 200 229 247 266 274 279 287
27
12 46 51 75 81 89 98 104 105 127 128 129 135 156 168 187 189 211 214 228 260 262 274 277 286 291 297
35
1 6 10 13 14 15 22 24 46 47 62 66 70 89 103 111 132 133 135 138 147 148 151 159 169 172 202 210 221 231 242 247 279 298 299
33
10 12 19 20 32 36 58 73 108 110 115 120 124 126 134 136 137 138 159 173 183 190 202 206 228 232 233 238 251 252 259 286 293
29
10 21 27 41 50 51 55 74 108 115 132 134 138 142 143 144 145 147 177 195 202 204 228 261 262 268 278 292 300
34
3 8 19 39 53 60 73 82 86 90 94 100 104 126 129 139 191 195 203 213 218 219 233 236 243 244 248 257 267 272 281 289 293 296
38
5 14 34 35 42 43 65 70 73 92 96 98 100 102 118 132 145 150 155 168 173 175 184 185 186 190 207 208 226 248 249 259 263 269 279 284 296 299
34
1 2 6 9 23 34 41 42 49 60 62 69 102 104 107 113 128 144 150 155 156 171 174 180 191 194 207 235 238 261 267 272 292 299
29
3 7 20 34 44 73 76 84 90 99 115 125 130 138 147 151 164 192 223 227 239 250 266 274 278 281 283 289 293
26
21 27 48 54 56 89 96 110 123 131 134 145 179 205 210 212 215 217 220 228 244 247 257 265 269 272
37
11 14 16 18 19 22 38 49 51 65 66 72 75 80 102 114 117 122 131 168 183 196 200 214 217 228 240 252 253 260 266 272 273 275 282 290 294
28
6 14 17 22 33 36 48 56 64 69 98 117 123 143 146 156 168 199 208 209 240 254 256 269 272 280 284 286
29
5 47 60 62 81 84 85 88 90 92 98 107 115 124 167 169 178 183 184 191 195 206 207 225 255 262 272 277 285
33
2 5 15 17 43 48 53 57 65 73 87 94 102 126 131 138 139 151 158 170 175 178 183 188 222 237 239 260 261 271 288 291 292
32
15 23 26 27 42 62 69 88 108 115 131 138 153 154 163 173 176 203 204 217 221 222 234 235 238 243 251 262 269 271 275 279
34
4 11 13 22 25 51 58 62 64 70 76 82 93 116 118 121 129 131 134 141 156 158 164 173 177 224 238 251 267 274 275 284 288 295
33
7 20 22 41 45 53 57 68 89 98 104 109 122 138 150 153 155 179 184 193 199 211 213 241 256 267 275 281 285 286 293 298 300
28
3 4 7 20 40 56 79 89 99 110 117 119 131 134 137 142 146 158 159 174 178 199 221 228 235 255 277 293
25
11 14 17 20 62 91 97 98 100 103 108 114 120 137 163 166 168 184 186 232 246 260 273 288 293
34
8 11 29 31 36 49 56 62 66 71 74 108 127 130 149 165 169 173 180 185 186 195 207 208 212 222 225 245 272 273 279 280 282 299
30
4 11 18 19 40 64 75 80 84 93 130 135 137 143 146 151 159 160 163 188 196 212 223 237 249 264 274 279 283 284
29
13 35 36 44 63 78 84 96 98 101 102 104 110 115 124 148 174 182 185 193 210 252 259 260 261 286 288 299 300
26
14 18 21 41 54 79 90 91 94 131 145 146 158 159 164 165 169 175 177 204 206 226 238 240 267 274
20
16 29 33 40 41 71 82 84 91 110 115 156 160 230 234 253 261 266 282 299
32
9 20 21 26 35 38 60 68 80 84 91 100 115 123 129 135 139 159 164 167 183 191 212 228 245 259 263 268 279 282 287 292
30
5 9 14 18 34 35 37 48 51 58 68 80 89 100 109 127 133 173 178 186 190 223 226 233 246 252 265 267 270 291
34
5 7 13 18 24 30 54 61 72 79 97 110 114 116 127 129 134 147 149 163 172 178 179 209 215 232 236 252 261 268 274 275 286 297
25
7 13 16 35 84 94 131 136 164 182 194 202 211 214 221 231 237 239 249 258 260 267 270 276 299
26
35 68 70 71 74 96 112 114 118 153 164 170 176 196 229 243 248 250 254 258 260 265 283 287 293 299
27
3 18 20 21 25 31 32 51 53 56 77 78 93 101 103 107 147 159 161 200 203 224 237 257 276 294 298
34
18 22 29 30 31 50 54 63 64 68 73 78 86 92 96 102 114 124 131 134 138 145 153 156 182 185 199 222 230 233 239 241 278 291
30
1 8 34 48 65 68 69 101 127 143 155 185 199 201 204 206 214 216 218 231 234 237 246 250 258 273 274 280 293 299
35
6 12 15 16 17 33 34 62 84 90 101 106 110 124 127 144 156 163 167 168 184 200 204 205 211 218 231 240 247 252 278 283 286 291 298
28
14 26 52 57 60 61 65 69 71 122 130 154 159 160 166 169 175 183 197 218 231 246 248 250 269 274 280 282
29
1 5 19 23 32 34 35 59 61 74 76 88 95 106 109 111 122 135 182 186 204 235 244 259 278 287 294 297 299
32
7 12 25 27 34 35 39 51 54 79 127 137 148 167 170 182 187 209 223 232 237 238 241 247 260 261 262 263 267 268 276 295
31
16 17 23 29 66 67 114 123 133 144 154 173 187 194 198 200 205 211 215 220 221 232 240 246 257 272 273 275 278 289 293
38
4 10 12 22 36 43 52 54 71 75 77 78 79 84 116 117 118 119 128 143 165 168 171 186 188 194 197 198 200 202 215 225 236 247 260 285 286 289
32
11 23 37 51 68 92 99 113 116 122 147 148 149 153 157 161 186 187 190 228 230 231 234 239 242 243 249 250 252 256 271 284
31
3 5 8 21 39 41 50 55 110 117 124 126 133 145 159 162 167 168 169 176 179 184 199 233 236 238 241 250 262 264 277
25
31 34 43 48 67 85 102 115 121 131 154 177 184 193 202 203 207 234 241 251 259 261 264 277 281
36
1 4 9 25 30 39 47 56 58 64 67 68 77 92 94 99 105 118 140 142 154 157 168 170 206 207 231 234 236 239 250 255 256 277 290 297
21
13 40 64 76 80 94 100 113 136 158 159 185 200 204 208 245 246 258 262 278 283
27
42 46 47 69 71 83 88 90 93 103 104 109 125 149 195 206 215 216 228 233 254 262 271 275 288 289 295
35
6 28 46 52 54 59 69 76 82 84 90 100 103 106 121 141 143 147 148 152 159 169 170 179 205 206 208 211 224 238 245 257 260 261 274
32
13 23 38 39 40 52 75 76 93 104 113 129 135 147 153 158 161 162 177 179 198 204 219 222 223 244 254 265 268 269 276 295
