100 200
1.0 1.0 1.0 1.0 1.0 1.0 1.0 1.0 1.0 1.0 1.0 1.0 1.0 1.0 1.0 1.0 1.0 1.0 1.0 1.0 1.0 1.0 1.0 1.0 1.0 1.0 1.0 1.0 1.0 1.0 1.0 1.0 1.0 1.0 1.0 1.0 1.0 1.0 1.0 1.0 1.0 1.0 1.0 1.0 1.0 1.0 1.0 1.0 1.0 1.0 1.0 1.0 1.0 1.0 1.0 1.0 1.0 1.0 1.0 1.0 1.0 1.0 1.0 1.0 1.0 1.0 1.0 1.0 1.0 1.0 1.0 1.0 1.0 1.0 1.0 1.0 1.0 1.0 1.0 1.0 1.0 1.0 1.0 1.0 1.0 1.0 1.0 1.0 1.0 1.0 1.0 1.0 1.0 1.0 1.0 1.0 1.0 1.0 1.0 1.0 1.0 1.0 1.0 1.0 1.0 1.0 1.0 1.0 1.0 1.0 1.0 1.0 1.0 1.0 1.0 1.0 1.0 1.0 1.0 1.0 1.0 1.0 1.0 1.0 1.0 1.0 1.0 1.0 1.0 1.0 1.0 1.0 1.0 1.0 1.0 1.0 1.0 1.0 1.0 1.0 1.0 1.0 1.0 1.0 1.0 1.0 1.0 1.0 1.0 1.0 1.0 1.0 1.0 1.0 1.0 1.0 1.0 1.0 1.0 1.0 1.0 1.0 1.0 1.0 1.0 1.0 1.0 1.0 1.0 1.0 1.0 1.0 1.0 1.0 1.0 1.0 1.0 1.0 1.0 1.0 1.0 1.0 1.0 1.0 1.0 1.0 1.0 1.0 1.0 1.0 1.0 1.0 1.0 1.0 1.0 1.0 1.0 1.0 1.0 1.0
5
29 63 140 142 147
9
3 25 26 62 107 125 172 175 197
10
26 89 94 103 111 119 139 154 161 174
8
2 10 21 82 87 117 130 200
8
6 37 39 106 130 161 170 187
7
4 10 17 24 45 51 91
8
4 54 60 62 88 111 156 168
10
12 18 44 59 99 104 111 115 141 159
6
28 37 114 184 194 198
11
16 23 25 50 68 109 115 116 117 150 156
4
8 25 68 93
10
13 44 84 103 119 124 136 158 167 180
10
15 35 46 75 108 145 157 173 187 195
12
12 57 72 85 106 134 165 167 173 177 195 196
9
41 68 70 96 98 107 114 118 130
7
11 35 48 77 112 130 151
7
4 6 40 116 142 177 198
8
49 59 95 108 117 141 161 167
5
92 105 142 156 185
8
27 35 45 58 128 170 183 186
7
6 27 48 80 116 121 123
11
26 96 97 115 142 152 153 157 164 165 180
8
16 22 55 92 146 155 156 173
10
32 84 89 98 124 157 161 184 186 188
16
11 25 37 38 43 89 105 115 122 126 150 167 172 179 184 198
7
48 54 68 90 117 170 188
16
4 11 22 31 40 41 72 73 79 97 98 102 110 118 154 191
8
11 19 64 114 117 158 170 180
13
10 48 74 84 103 109 135 137 153 155 161 168 194
8
17 46 103 133 139 147 171 179
9
8 27 55 89 103 114 146 148 157
8
9 92 109 119 125 137 155 162
8
11 21 27 41 75 116 149 179
10
10 25 30 85 140 144 148 155 160 199
10
32 72 104 121 161 169 171 186 189 194
11
2 4 13 38 70 71 86 132 135 183 196
9
18 67 69 89 104 107 144 170 179
9
1 14 23 44 88 93 125 183 198
17
7 20 30 32 33 50 67 69 72 88 127 136 142 155 176 185 200
7
25 28 79 99 104 135 163
9
8 9 16 43 77 88 110 167 197
13
14 17 56 62 69 117 118 120 127 151 184 193 196
10
8 31 37 75 77 90 118 140 146 148
13
10 42 47 58 60 65 68 72 75 78 85 118 199
9
10 22 40 76 81 123 132 167 179
18
2 14 17 32 34 36 49 77 81 84 121 125 143 155 157 171 194 196
9
9 15 46 51 136 148 160 175 195
8
2 47 56 90 120 123 167 182
14
19 39 40 43 69 98 105 113 135 153 156 162 173 186
10
26 47 93 101 111 133 142 145 171 173
12
5 7 23 33 58 75 110 161 173 184 189 200
7
18 31 46 81 96 148 161
7
29 44 54 57 185 195 196
13
10 11 24 50 53 70 127 136 137 168 172 184 194
11
5 18 20 74 82 125 127 128 137 185 191
15
4 38 39 55 66 71 107 116 117 118 119 150 162 183 193
11
2 4 15 19 23 31 32 58 96 126 200
9
21 28 39 64 126 148 168 177 197
10
33 40 41 65 77 80 118 155 173 192
13
8 16 28 35 40 42 78 116 132 134 146 165 169
7
20 36 40 46 129 181 182
8
53 97 99 138 177 185 198 200
9
13 36 47 93 121 137 181 195 199
4
9 10 74 189
12
7 12 26 46 90 119 124 137 141 158 168 173
10
16 32 60 76 83 140 157 163 166 174
6
22 32 42 43 105 106
12
1 14 48 57 89 91 118 140 169 183 189 200
7
12 42 89 103 104 178 179
12
8 9 21 66 68 94 102 107 158 170 187 193
12
11 47 59 64 89 104 108 118 136 158 175 198
9
13 19 24 25 55 62 100 127 166
13
4 41 73 75 94 95 122 127 155 165 168 199 200
12
2 64 66 100 111 112 118 119 135 140 142 165
12
20 24 32 99 105 130 134 135 159 178 180 196
10
8 82 103 109 110 135 167 172 185 199
10
22 24 37 38 65 88 100 126 136 180
11
6 32 40 48 75 84 131 143 157 171 174
9
22 23 32 58 69 96 120 130 139
7
7 10 21 48 102 122 141
9
11 28 38 115 137 160 167 180 198
10
2 18 21 53 60 83 90 92 135 162
14
7 8 22 31 36 41 45 96 103 104 119 161 164 168
14
10 17 29 34 65 116 119 138 140 144 152 156 158 180
8
30 42 84 124 139 151 170 187
10
2 55 69 71 101 113 145 152 181 192
11
52 59 60 69 98 103 123 125 171 175 200
12
15 27 29 30 50 65 70 77 86 108 165 193
16
22 31 32 76 79 81 86 99 112 123 126 134 138 164 179 200
10
11 12 42 52 96 148 161 171 182 188
16
4 34 42 56 104 122 134 143 148 149 158 166 177 178 183 199
16
18 25 55 60 66 82 101 102 103 122 136 147 151 161 164 194
10
78 117 143 149 156 172 183 185 188 196
11
1 2 3 5 8 17 66 89 113 156 169
8
20 61 74 107 108 116 130 189
21
30 42 49 54 56 62 75 82 84 88 90 119 121 128 138 151 163 165 180 181 184
8
67 78 96 100 108 109 187 191
15
4 10 28 41 46 49 71 74 78 79 120 131 139 190 196
11
11 22 49 75 80 125 137 148 149 157 195
16
8 14 18 27 29 40 53 54 101 109 120 129 184 185 189 200
