50 100
1.0 1.0 1.0 1.0 1.0 1.0 1.0 1.0 1.0 1.0 1.0 1.0 1.0 1.0 1.0 1.0 1.0 1.0 1.0 1.0 1.0 1.0 1.0 1.0 1.0 1.0 1.0 1.0 1.0 1.0 1.0 1.0 1.0 1.0 1.0 1.0 1.0 1.0 1.0 1.0 1.0 1.0 1.0 1.0 1.0 1.0 1.0 1.0 1.0 1.0 1.0 1.0 1.0 1.0 1.0 1.0 1.0 1.0 1.0 1.0 1.0 1.0 1.0 1.0 1.0 1.0 1.0 1.0 1.0 1.0 1.0 1.0 1.0 1.0 1.0 1.0 1.0 1.0 1.0 1.0 1.0 1.0 1.0 1.0 1.0 1.0 1.0 1.0 1.0 1.0 1.0 1.0 1.0 1.0 1.0 1.0 1.0 1.0 1.0 1.0
7
29 39 48 53 75 76 98
13
9 14 22 23 26 32 47 57 59 63 65 74 77
15
1 23 24 25 31 36 44 45 48 55 63 64 72 88 90
13
3 13 24 28 30 31 32 46 55 67 81 91 95
11
10 18 26 36 58 59 62 65 69 70 74
6
14 26 49 50 78 84
13
3 9 27 35 50 54 62 64 72 77 85 90 95
7
18 40 42 54 57 79 93
5
19 36 58 78 99
6
20 37 48 56 86 93
11
7 13 19 29 37 40 46 65 78 81 93
9
2 21 27 34 41 53 66 80 86
8
8 14 15 35 40 44 61 86
10
3 15 55 63 74 81 83 86 87 100
12
1 4 10 23 40 42 44 59 78 87 91 94
6
2 35 54 76 91 96
7
1 29 39 53 64 79 88
10
2 4 6 20 22 28 51 80 87 99
16
26 41 42 47 48 51 57 62 63 77 83 84 85 87 91 94
11
6 9 11 13 14 21 26 52 76 78 93
15
20 21 31 38 47 54 55 57 65 72 74 76 81 88 99
12
7 20 32 35 50 58 61 68 74 77 82 98
8
8 15 43 46 65 71 85 99
9
1 24 29 39 48 55 60 63 64
13
1 13 15 16 18 21 52 64 65 82 87 90 93
7
12 14 37 41 69 76 80
16
10 18 22 23 27 30 33 49 55 62 67 68 78 84 94 95
12
12 25 36 43 54 60 62 71 77 78 79 90
10
10 12 20 21 37 42 43 61 67 77
11
5 21 43 44 59 64 70 79 84 89 100
6
17 46 56 73 82 86
11
3 9 10 15 26 30 38 56 74 81 93
6
10 29 60 63 95 98
10
2 7 14 16 17 19 42 85 88 97
7
5 10 23 25 43 62 82
12
2 30 40 44 45 48 62 66 80 85 91 93
9
4 11 12 27 38 59 63 71 73
18
7 10 11 16 19 25 30 36 37 38 46 50 53 67 73 86 93 97
11
3 27 30 32 35 42 53 76 87 92 93
12
4 9 17 33 52 56 57 77 84 92 94 96
11
2 6 15 20 23 60 81 86 92 94 97
10
1 21 28 37 40 42 50 53 79 92
8
5 13 35 44 48 62 86 98
6
22 34 35 50 58 76
10
34 49 52 54 65 81 83 87 88 97
8
3 10 24 46 59 90 93 95
12
1 12 15 16 40 42 49 56 59 61 76 99
17
4 14 15 28 42 47 51 64 65 69 75 81 83 85 91 97 100
8
12 23 29 39 48 50 71 93
14
1 2 16 39 48 53 54 55 71 75 84 89 90 93
