100 200
1.0 1.0 1.0 1.0 1.0 1.0 1.0 1.0 1.0 1.0 1.0 1.0 1.0 1.0 1.0 1.0 1.0 1.0 1.0 1.0 1.0 1.0 1.0 1.0 1.0 1.0 1.0 1.0 1.0 1.0 1.0 1.0 1.0 1.0 1.0 1.0 1.0 1.0 1.0 1.0 1.0 1.0 1.0 1.0 1.0 1.0 1.0 1.0 1.0 1.0 1.0 1.0 1.0 1.0 1.0 1.0 1.0 1.0 1.0 1.0 1.0 1.0 1.0 1.0 1.0 1.0 1.0 1.0 1.0 1.0 1.0 1.0 1.0 1.0 1.0 1.0 1.0 1.0 1.0 1.0 1.0 1.0 1.0 1.0 1.0 1.0 1.0 1.0 1.0 1.0 1.0 1.0 1.0 1.0 1.0 1.0 1.0 1.0 1.0 1.0 1.0 1.0 1.0 1.0 1.0 1.0 1.0 1.0 1.0 1.0 1.0 1.0 1.0 1.0 1.0 1.0 1.0 1.0 1.0 1.0 1.0 1.0 1.0 1.0 1.0 1.0 1.0 1.0 1.0 1.0 1.0 1.0 1.0 1.0 1.0 1.0 1.0 1.0 1.0 1.0 1.0 1.0 1.0 1.0 1.0 1.0 1.0 1.0 1.0 1.0 1.0 1.0 1.0 1.0 1.0 1.0 1.0 1.0 1.0 1.0 1.0 1.0 1.0 1.0 1.0 1.0 1.0 1.0 1.0 1.0 1.0 1.0 1.0 1.0 1.0 1.0 1.0 1.0 1.0 1.0 1.0 1.0 1.0 1.0 1.0 1.0 1.0 1.0 1.0 1.0 1.0 1.0 1.0 1.0 1.0 1.0 1.0 1.0 1.0 1.0
36
7 9 12 14 16 18 21 53 56 60 68 76 83 90 92 96 98 103 117 119 123 124 126 136 141 143 144 154 158 161 174 182 189 192 199 200
25
3 12 14 19 29 44 52 54 64 79 81 91 98 101 107 115 122 132 136 137 154 162 170 173 182
46
21 22 29 31 32 41 45 47 51 55 66 69 71 73 74 80 83 93 95 97 102 107 109 112 120 124 130 143 148 154 155 156 157 158 160 161 169 173 178 179 182 183 185 188 190 194
53
3 6 8 11 12 16 17 18 26 29 40 42 43 45 47 51 52 61 62 66 69 74 82 91 93 94 97 101 108 111 114 122 123 124 125 127 129 130 139 143 144 147 150 163 166 168 173 175 177 178 188 192 195
29
15 16 24 28 30 37 42 49 51 52 54 62 63 72 74 97 102 103 107 130 145 151 152 155 172 178 184 186 197
41
1 7 20 21 23 27 29 32 36 37 49 50 55 57 58 63 67 73 79 87 95 99 110 112 113 114 116 121 133 137 141 155 163 165 174 180 182 190 192 198 199
46
1 8 18 24 25 26 27 29 32 38 40 43 45 59 60 61 67 68 71 75 77 87 96 104 111 113 114 116 121 122 126 128 130 133 136 138 139 150 151 157 160 168 169 187 198 200
43
4 6 7 8 9 11 12 25 35 38 58 62 66 82 86 88 91 93 96 106 110 111 114 116 117 118 130 135 136 139 144 145 149 154 160 169 175 177 185 186 190 192 194
45
6 11 21 26 27 31 32 36 38 39 45 49 50 56 60 61 77 79 81 87 88 90 92 95 97 107 109 112 117 126 131 134 135 136 139 140 141 145 149 163 174 179 192 194 199
40
7 11 18 28 30 32 33 43 46 52 54 58 65 66 70 74 78 92 101 106 113 114 117 124 143 144 149 154 158 159 160 166 169 181 182 183 192 194 196 199
26
3 10 17 25 49 70 75 79 85 89 101 118 126 135 141 144 153 162 164 165 168 169 181 182 193 194
44
1 6 21 32 38 42 47 49 54 66 79 88 89 93 104 109 111 113 120 122 123 127 129 130 131 132 137 138 140 143 144 147 148 149 153 160 162 165 168 174 177 179 180 195
42
1 2 4 11 16 18 26 37 48 49 56 60 65 72 77 82 87 92 93 94 108 109 118 121 123 126 128 132 133 136 137 146 148 158 164 168 170 173 175 192 195 200
37
4 5 15 32 41 44 45 56 59 62 71 78 82 88 90 92 95 97 98 100 106 109 113 120 130 136 139 143 146 149 162 163 167 168 175 195 196
38
2 10 12 13 14 19 43 48 55 59 71 80 82 86 87 92 98 107 110 116 117 121 125 126 143 148 152 153 154 157 161 162 170 171 176 189 192 193
43
6 8 14 15 21 30 31 34 36 40 42 53 61 62 63 65 68 69 71 75 78 83 110 111 115 117 118 122 127 129 131 132 144 148 152 157 163 166 176 185 188 191 195
50
1 5 6 8 14 16 21 23 30 43 49 50 54 58 62 64 65 70 75 78 79 81 83 84 93 97 98 99 101 114 125 126 130 131 136 138 140 142 143 148 157 163 166 169 171 177 183 184 185 192
42
5 12 13 14 15 16 19 28 36 42 47 51 52 55 57 67 68 82 90 97 98 107 108 111 114 121 126 128 130 132 138 146 148 151 157 162 170 188 190 194 195 198
44
1 7 18 19 22 35 38 43 44 45 49 50 54 60 66 67 73 76 79 83 88 94 101 108 109 115 118 123 125 126 133 140 148 154 162 163 166 170 176 177 188 189 198 200
37
7 12 17 21 27 36 37 39 40 48 57 59 67 68 72 75 76 78 85 89 90 91 98 102 106 112 122 126 137 147 161 168 185 188 190 194 197
31
3 6 20 24 38 50 57 63 72 78 83 91 99 114 122 125 127 135 146 152 154 156 157 158 159 162 168 178 185 188 198
34
1 13 16 25 35 37 41 45 55 57 60 68 70 71 73 87 94 98 104 109 128 129 130 137 138 144 146 149 157 169 172 184 188 197
38
2 7 19 23 25 44 45 46 49 50 54 58 59 63 87 88 89 92 95 100 103 120 123 124 126 134 136 138 139 156 159 165 175 179 183 191 193 197
33
2 4 28 31 52 57 58 65 67 77 79 80 84 91 95 99 105 107 120 121 126 131 132 134 140 152 162 177 180 183 187 193 196
48
14 16 18 22 31 34 37 38 40 43 47 48 49 59 60 66 68 72 76 78 81 83 86 87 90 92 93 95 118 121 122 124 128 129 143 147 155 156 158 164 168 171 172 183 187 188 189 196
32
1 3 4 5 7 9 15 23 30 40 45 46 60 66 93 103 106 115 126 127 138 141 142 143 146 157 168 170 174 184 189 191
34
3 15 20 25 29 32 35 45 47 48 55 57 58 59 60 63 65 70 73 76 88 93 97 101 102 104 111 117 141 160 172 174 184 194
47
1 5 8 14 19 23 30 38 41 42 44 45 47 48 50 53 60 62 72 74 77 80 97 98 99 115 119 126 127 137 138 145 149 150 153 155 158 159 164 167 172 176 177 178 188 190 200
42
1 3 6 18 20 21 26 27 32 44 48 62 63 65 70 74 76 84 94 96 98 99 103 105 111 112 118 122 127 131 133 143 144 149 154 163 182 183 185 186 196 198
45
1 9 11 19 32 35 41 42 44 48 51 55 56 59 61 63 65 69 72 75 76 81 82 85 88 95 99 106 114 117 120 121 122 126 127 128 145 148 153 160 166 173 181 184 187
40
16 17 20 22 24 25 28 30 33 45 49 58 60 64 68 85 99 103 104 109 111 113 115 117 119 128 133 139 144 150 152 155 166 173 174 177 179 183 195 196
49
1 2 9 13 14 15 26 27 33 41 43 46 47 55 70 73 76 78 79 80 85 89 92 103 115 121 132 133 134 137 139 142 143 146 147 148 150 158 160 164 175 176 179 186 187 190 194 196 197
32
1 11 12 14 33 38 39 41 47 48 50 51 52 61 77 80 87 95 98 122 124 131 133 135 141 151 158 163 182 189 195 199
35
1 2 10 21 22 37 43 45 57 70 74 84 87 89 94 101 105 117 121 124 129 133 138 139 154 158 161 167 170 172 176 177 185 197 200
42
6 10 14 18 31 34 40 44 46 48 49 51 53 55 57 58 59 62 77 81 86 97 105 107 116 119 129 131 137 138 139 141 162 164 167 171 189 191 192 193 194 197
34
4 7 9 13 16 18 21 31 54 55 57 58 69 71 83 89 93 99 106 109 126 135 140 146 150 153 165 176 177 180 181 188 189 190
42
2 6 10 16 19 20 21 30 31 32 47 49 55 64 66 73 77 89 90 94 100 106 110 116 117 121 122 123 144 150 152 154 163 166 170 179 181 185 188 195 197 200
34
10 12 14 19 20 24 26 38 40 49 50 63 64 73 75 77 78 110 112 118 125 127 129 133 145 153 161 170 178 181 184 186 187 196
38
3 11 14 20 22 25 32 34 50 53 59 62 71 80 81 83 84 90 92 98 101 112 114 116 120 124 129 133 134 136 150 161 171 177 179 180 188 192
27
1 11 28 38 42 44 49 61 65 67 73 74 75 94 96 101 114 117 126 128 135 167 168 173 174 188 191
43
23 29 36 37 38 40 41 46 51 57 58 65 73 82 96 98 103 104 111 112 113 118 124 134 136 138 139 145 149 153 155 162 163 164 168 176 183 186 190 192 193 195 198
30
2 6 8 17 25 33 54 63 68 72 79 82 86 89 90 95 106 110 123 124 129 131 150 153 160 168 171 178 179 189
30
1 5 18 23 25 30 33 35 36 40 47 57 64 91 96 97 101 121 128 133 135 137 141 143 153 169 178 182 194 200
37
1 7 8 13 18 32 58 63 64 90 99 106 111 115 116 117 125 129 140 141 143 145 149 150 160 167 174 177 179 181 182 183 188 189 191 192 199
40
3 13 14 17 18 23 24 25 30 32 37 43 49 61 62 69 77 81 84 85 87 91 92 101 108 111 113 116 126 132 141 142 145 148 163 165 182 183 194 199
31
13 20 25 36 47 52 66 72 84 86 91 100 102 103 106 109 111 113 119 120 130 137 160 174 175 180 185 189 193 194 195
38
4 9 18 29 33 34 36 41 42 52 62 64 73 78 86 94 95 96 99 101 102 110 111 114 127 129 130 135 147 165 171 172 176 177 182 186 193 196
44
4 8 14 23 33 43 45 48 49 53 59 66 67 68 79 81 83 84 90 95 96 97 109 112 118 121 125 127 130 135 136 148 151 154 158 160 171 176 179 181 182 183 186 193
30
5 10 13 20 24 36 39 42 57 58 60 62 66 70 88 89 92 93 96 99 120 123 127 133 153 166 179 182 184 192
39
2 3 4 8 16 41 43 45 47 54 83 86 94 99 101 107 110 111 118 119 122 135 142 145 148 149 152 155 159 162 163 164 170 176 180 184 192 197 199
41
6 7 8 10 14 15 16 18 19 23 32 33 50 53 55 59 64 69 86 104 129 131 135 138 144 145 148 150 151 152 156 163 166 169 178 183 185 187 189 190 191
47
3 4 8 23 26 37 40 43 45 52 57 60 64 70 88 90 92 96 97 100 102 108 111 113 114 116 118 129 133 134 138 144 152 153 163 172 173 178 180 182 183 185 187 193 195 197 200
45
5 8 10 14 24 27 28 30 36 37 45 46 53 58 65 66 69 72 75 78 98 105 109 110 113 116 119 120 123 124 125 127 130 132 142 153 156 178 179 184 187 188 193 198 199
39
9 21 23 33 34 36 41 52 53 62 65 70 72 83 84 93 98 100 105 106 109 122 132 140 146 155 158 159 160 172 174 176 179 183 188 192 193 198 199
39
11 15 18 19 23 31 36 52 55 56 61 66 69 73 74 75 76 77 87 109 112 115 124 127 131 138 145 146 164 167 169 170 178 181 182 183 184 189 195
36
2 4 6 10 15 24 28 32 34 42 45 50 54 55 59 60 61 74 94 98 102 114 123 125 129 130 138 156 157 164 175 178 179 181 182 197
51
8 15 26 29 32 34 37 41 43 46 49 52 53 54 60 65 67 71 80 81 85 87 92 94 95 96 97 105 108 113 119 127 129 130 133 135 137 141 142 150 153 156 165 176 181 183 185 187 195 197 198
42
1 2 5 12 22 24 28 31 33 35 46 55 56 62 63 65 69 76 77 79 80 84 88 94 95 106 109 114 117 118 120 122 154 158 159 162 172 178 182 191 196 199
36
7 9 13 15 18 23 28 31 40 54 56 58 67 68 73 82 87 97 100 106 109 113 114 123 125 136 145 146 147 148 150 152 166 182 188 200
52
3 9 14 19 22 24 27 34 35 43 46 47 51 53 55 59 62 70 71 72 74 76 77 79 85 92 101 106 108 116 123 127 128 132 135 137 147 152 156 157 158 159 170 171 173 176 180 186 187 189 198 199
37
4 17 18 19 26 27 29 47 50 52 56 59 61 63 67 68 72 76 84 88 100 105 125 129 139 146 147 149 152 163 164 174 181 189 190 196 199
37
9 28 29 33 34 38 42 43 44 50 57 58 62 65 67 73 75 77 84 85 93 95 99 100 112 130 131 132 133 144 146 154 156 161 162 163 189
31
3 6 12 20 30 37 38 61 63 73 87 95 99 100 106 108 117 129 132 135 141 146 154 155 156 160 166 174 180 185 195
39
2 10 12 13 14 19 29 31 43 44 50 53 55 64 79 90 102 105 106 111 113 117 120 122 127 133 135 136 137 138 140 144 148 149 165 173 176 184 196
42
5 11 13 20 27 28 32 36 40 45 48 55 72 74 76 79 81 88 91 92 102 104 111 118 124 127 131 137 141 142 146 153 155 158 161 162 167 180 183 185 186 187
41
8 14 17 19 21 26 27 35 39 45 46 48 56 57 58 76 78 79 88 89 90 96 106 109 111 112 116 121 123 128 131 142 147 149 152 153 162 170 175 190 200
44
2 3 9 13 15 17 19 30 32 51 53 55 57 65 67 74 81 84 91 96 100 110 114 120 121 124 125 129 130 132 135 140 144 158 159 161 169 171 175 176 178 180 191 195
39
7 8 12 13 20 24 26 31 37 50 53 59 71 73 77 79 80 84 96 101 104 105 118 121 131 132 133 136 140 143 146 147 151 153 154 158 162 178 189
41
9 14 16 23 24 28 33 37 40 43 46 47 49 52 62 66 95 109 114 124 127 128 130 131 145 146 147 149 153 155 157 159 161 163 164 175 181 185 189 193 194
45
2 3 4 5 15 18 31 36 38 40 56 69 83 87 88 90 91 92 95 97 106 108 116 118 125 127 134 138 140 146 147 149 151 154 162 163 164 174 180 184 188 190 191 193 200
50
5 7 8 13 15 22 25 33 34 39 43 47 49 50 52 58 59 63 65 68 74 75 81 84 85 98 106 111 123 124 131 134 143 145 151 155 156 164 166 168 172 173 175 180 181 182 183 188 199 200
32
14 25 32 34 37 40 41 50 56 60 61 70 76 78 81 84 88 99 102 110 130 134 135 137 157 174 175 181 194 195 196 197
46
6 11 15 17 18 19 24 28 29 31 35 37 49 55 57 70 74 76 81 86 90 91 92 94 95 110 123 124 130 143 145 146 148 158 162 164 167 170 174 178 183 187 188 190 193 198
41
1 3 8 11 18 25 34 39 42 47 48 49 50 53 60 62 63 66 69 74 75 76 85 95 99 107 109 122 126 142 155 159 161 164 167 174 181 185 191 193 195
42
9 15 19 22 27 28 36 40 52 56 57 64 70 72 81 82 86 92 93 95 103 104 112 114 117 125 139 143 147 148 151 155 156 159 164 167 174 176 180 190 195 198
41
1 8 14 16 18 19 28 36 43 44 58 64 65 71 73 77 87 89 94 96 100 106 107 108 115 117 119 133 134 140 143 151 153 159 165 179 185 187 192 196 198
36
4 22 23 28 29 32 42 44 48 55 58 61 63 67 70 73 82 91 101 103 117 119 124 127 128 138 142 151 153 158 178 179 180 188 199 200
41
3 6 9 10 11 25 40 42 43 56 60 72 73 75 77 80 85 86 87 89 92 105 108 113 114 115 117 124 130 132 134 142 144 151 153 169 175 177 183 188 197
43
2 5 6 8 19 20 23 24 30 41 44 50 56 60 65 66 71 72 73 77 83 98 99 101 102 103 104 110 118 130 138 150 151 154 156 161 164 165 168 174 183 197 200
47
5 11 13 16 23 29 31 39 43 47 52 56 58 65 71 75 80 82 91 98 103 105 110 112 117 119 127 128 130 132 133 143 144 146 147 148 149 157 161 162 163 171 173 179 184 193 197
37
5 13 20 21 22 25 28 31 43 49 51 53 61 62 66 69 77 89 91 95 96 105 109 111 117 119 131 138 141 143 145 148 156 164 168 175 199
35
18 19 28 31 34 42 44 52 63 67 82 85 89 99 107 118 128 132 135 136 145 148 152 159 169 171 173 175 177 178 180 182 185 186 196
36
6 11 14 20 22 32 42 50 51 54 59 78 80 89 97 99 110 114 118 120 130 135 136 140 143 144 159 162 163 169 172 177 185 186 192 197
38
1 7 9 16 19 26 32 36 45 46 47 53 68 69 85 86 93 95 98 99 105 109 110 117 120 135 136 141 154 157 158 162 172 179 182 184 187 195
42
2 5 7 8 9 10 11 18 25 42 46 47 49 59 61 65 77 82 83 89 96 97 104 109 114 116 117 124 128 135 141 145 150 155 160 161 165 166 170 176 197 200
41
3 13 21 22 27 33 43 45 46 48 49 72 76 77 80 81 83 84 92 93 96 99 105 106 127 135 136 137 139 146 148 151 152 154 157 159 174 180 184 197 199
49
1 6 7 8 12 13 14 15 16 18 21 23 26 31 32 43 51 55 63 73 74 75 81 87 88 96 102 103 109 114 117 120 122 124 131 137 139 143 152 155 156 160 162 165 170 173 175 183 192
33
2 20 27 28 30 31 48 49 76 80 88 97 104 106 112 114 120 123 124 127 134 137 138 140 141 142 157 171 181 184 186 188 199
43
1 11 17 20 55 56 61 64 66 68 72 73 95 96 97 99 107 110 113 117 120 122 123 124 128 136 137 142 144 156 157 158 161 162 176 180 181 188 190 193 194 195 200
44
3 4 18 19 21 22 28 29 31 34 37 39 41 53 54 56 65 74 79 82 92 93 94 102 110 114 117 121 125 132 138 142 147 154 159 160 168 173 174 179 186 190 195 199
34
4 6 7 12 18 19 42 55 63 69 81 89 90 92 93 96 97 100 106 118 120 132 133 140 142 158 159 167 168 171 177 182 186 198
49
7 10 15 17 19 23 26 37 39 43 55 62 63 64 68 70 71 73 82 83 91 101 109 113 114 116 123 127 131 134 139 140 142 147 151 154 156 158 165 170 171 174 178 179 180 183 187 188 196
33
2 12 14 23 32 35 42 77 84 85 90 94 96 108 111 113 114 117 118 120 121 122 129 133 137 151 157 166 169 170 183 193 196
40
2 7 14 15 19 25 26 28 32 34 36 40 41 42 43 45 50 56 63 74 84 90 92 96 97 103 107 116 120 138 140 141 147 150 151 152 159 166 176 199
47
11 18 22 24 25 27 29 31 38 40 41 50 51 65 67 68 69 80 83 84 87 92 104 106 108 116 130 136 140 146 147 148 157 159 169 173 174 175 177 180 187 193 196 197 198 199 200
33
4 8 12 15 20 40 55 62 63 64 70 78 94 97 105 115 123 124 125 128 138 140 154 159 163 168 173 174 176 177 182 183 189
55
1 7 13 14 23 28 38 42 45 46 51 52 53 54 57 59 62 69 71 74 75 76 78 85 89 94 95 106 107 115 121 127 129 130 131 133 137 138 142 143 145 148 154 156 158 159 167 171 176 177 178 181 187 192 194
46
5 12 15 24 25 29 30 34 38 43 51 53 55 56 57 62 66 71 73 85 89 91 107 116 117 119 126 127 128 131 138 140 152 153 158 161 165 167 168 171 172 177 183 185 194 197
41
2 4 6 12 16 23 27 30 31 33 35 36 37 43 45 47 65 75 81 86 88 93 99 101 115 116 120 127 128 132 137 138 146 157 161 166 169 172 192 193 194
45
13 16 17 19 20 25 29 31 35 41 47 51 52 56 61 64 65 70 74 76 77 80 91 93 101 107 120 123 125 127 128 130 133 135 140 143 148 150 155 171 173 174 177 195 197
