100 200
1.0 1.0 1.0 1.0 1.0 1.0 1.0 1.0 1.0 1.0 1.0 1.0 1.0 1.0 1.0 1.0 1.0 1.0 1.0 1.0 1.0 1.0 1.0 1.0 1.0 1.0 1.0 1.0 1.0 1.0 1.0 1.0 1.0 1.0 1.0 1.0 1.0 1.0 1.0 1.0 1.0 1.0 1.0 1.0 1.0 1.0 1.0 1.0 1.0 1.0 1.0 1.0 1.0 1.0 1.0 1.0 1.0 1.0 1.0 1.0 1.0 1.0 1.0 1.0 1.0 1.0 1.0 1.0 1.0 1.0 1.0 1.0 1.0 1.0 1.0 1.0 1.0 1.0 1.0 1.0 1.0 1.0 1.0 1.0 1.0 1.0 1.0 1.0 1.0 1.0 1.0 1.0 1.0 1.0 1.0 1.0 1.0 1.0 1.0 1.0 1.0 1.0 1.0 1.0 1.0 1.0 1.0 1.0 1.0 1.0 1.0 1.0 1.0 1.0 1.0 1.0 1.0 1.0 1.0 1.0 1.0 1.0 1.0 1.0 1.0 1.0 1.0 1.0 1.0 1.0 1.0 1.0 1.0 1.0 1.0 1.0 1.0 1.0 1.0 1.0 1.0 1.0 1.0 1.0 1.0 1.0 1.0 1.0 1.0 1.0 1.0 1.0 1.0 1.0 1.0 1.0 1.0 1.0 1.0 1.0 1.0 1.0 1.0 1.0 1.0 1.0 1.0 1.0 1.0 1.0 1.0 1.0 1.0 1.0 1.0 1.0 1.0 1.0 1.0 1.0 1.0 1.0 1.0 1.0 1.0 1.0 1.0 1.0 1.0 1.0 1.0 1.0 1.0 1.0 1.0 1.0 1.0 1.0 1.0 1.0
9
7 42 66 127 129 133 163 165 200
8
1 7 36 50 80 100 106 129
13
5 8 49 51 87 98 113 119 135 138 179 197 200
16
9 31 52 64 68 74 75 80 96 124 132 154 181 184 192 196
13
13 19 37 54 84 99 106 132 137 163 179 183 190
12
24 55 63 66 88 114 150 175 188 194 196 199
13
25 35 54 56 61 97 110 129 139 141 156 167 187
14
7 22 31 48 58 70 79 80 82 105 138 147 151 175
7
6 42 47 57 61 109 115
9
4 34 87 91 104 143 148 154 160
10
18 29 60 70 84 88 158 164 176 185
6
12 32 151 161 180 196
12
4 24 37 47 92 99 118 127 151 168 171 182
7
15 20 25 34 102 109 125
8
7 13 51 53 80 111 137 139
7
46 92 102 135 147 168 194
11
9 20 117 124 137 139 141 151 187 191 193
11
27 83 92 94 100 137 146 150 162 169 186
13
9 101 107 112 150 156 159 163 166 169 176 185 192
9
15 68 82 128 151 160 169 174 196
12
28 59 62 66 77 94 100 123 132 151 182 194
8
7 143 144 151 164 166 176 193
12
32 53 60 78 87 91 129 131 144 151 172 176
5
39 70 72 85 178
10
17 19 72 83 141 142 151 160 163 183
14
4 6 10 70 95 100 103 113 116 117 151 158 172 183
17
1 4 18 24 25 27 40 66 127 152 155 165 170 181 185 194 197
9
3 52 54 75 84 102 154 170 199
10
6 14 33 45 77 80 93 120 141 150
17
5 17 28 61 64 80 114 117 119 130 157 158 169 177 178 185 192
10
8 48 58 68 75 80 150 157 181 186
15
8 15 25 28 33 43 75 94 98 111 141 142 147 149 181
6
37 109 110 124 136 200
10
8 101 116 135 155 160 163 169 180 197
9
29 58 62 91 117 120 121 142 169
12
4 16 59 88 91 99 119 150 154 167 186 192
11
14 32 38 50 67 68 70 142 156 158 199
12
15 30 45 70 78 79 96 97 102 132 141 143
10
49 58 66 71 84 107 117 124 161 169
12
6 22 25 26 34 35 42 78 96 103 137 196
12
2 55 58 80 86 96 122 127 130 131 160 192
10
6 11 33 95 109 120 142 145 168 170
11
39 40 54 74 93 102 118 127 149 150 158
9
32 56 125 133 135 144 150 153 194
6
1 5 7 18 118 121
3
103 149 154
7
56 100 144 145 146 176 177
12
6 13 17 31 32 45 72 112 147 150 166 182
10
17 56 82 97 100 124 139 160 161 179
7
21 117 121 122 167 188 196
15
18 28 45 54 56 62 64 81 123 136 157 159 182 183 191
9
42 52 70 118 119 130 143 167 179
10
7 26 60 61 69 70 89 98 193 199
12
3 11 20 31 54 63 78 94 116 128 133 163
13
5 26 28 40 44 80 86 97 109 148 179 186 200
8
3 22 88 103 105 130 131 191
7
94 113 117 138 168 175 184
11
6 27 47 63 74 88 120 129 146 172 185
7
33 80 104 123 126 155 168
11
2 31 45 47 91 123 138 152 153 175 182
11
65 81 83 85 108 109 152 156 166 177 191
14
20 35 39 52 71 93 96 126 147 165 181 187 190 200
6
36 50 64 131 157 181
11
12 25 47 69 79 88 94 103 120 131 161
9
53 78 84 88 91 124 167 184 185
16
6 18 34 38 42 66 93 97 101 112 115 120 180 184 186 187
17
23 28 36 42 44 73 76 80 100 112 125 129 131 146 163 169 177
10
10 12 44 46 69 108 110 146 171 181
9
6 17 19 20 25 38 66 177 195
9
3 11 32 37 52 59 61 78 163
10
2 20 25 32 77 101 127 133 163 182
12
16 41 56 62 74 75 78 126 128 141 165 168
12
24 26 33 44 48 53 93 102 120 163 185 189
11
2 38 75 103 105 112 117 124 149 162 182
12
13 23 27 39 41 120 134 146 158 162 176 185
7
4 29 46 55 172 189 196
4
51 57 117 170
6
44 49 69 87 97 140
8
7 29 70 73 80 113 118 169
13
3 5 24 38 63 71 94 110 127 129 133 176 200
8
25 29 47 76 77 102 176 177
7
15 20 26 46 86 104 150
7
22 64 78 109 127 147 188
10
32 36 39 47 59 69 87 116 166 177
13
9 13 24 31 62 67 76 79 84 116 150 167 192
7
16 42 55 103 189 198 199
13
11 30 34 36 45 98 100 106 112 114 145 150 183
6
20 77 102 126 156 173
13
9 20 22 26 31 47 56 62 115 133 137 140 183
8
24 34 85 99 107 130 154 172
2
134 198
10
26 45 47 86 89 99 111 118 184 193
8
12 19 57 65 70 73 99 124
14
3 23 62 69 106 131 134 140 142 148 166 169 176 181
8
19 33 126 143 155 167 187 188
13
7 27 67 87 100 101 109 116 140 148 185 189 190
6
22 80 97 111 118 133
10
8 33 50 51 68 83 104 119 149 163
10
18 21 37 46 81 92 110 111 156 174
19
4 27 33 46 49 50 79 81 93 97 107 160 162 164 168 170 183 193 197
