100 200
1.0 1.0 1.0 1.0 1.0 1.0 1.0 1.0 1.0 1.0 1.0 1.0 1.0 1.0 1.0 1.0 1.0 1.0 1.0 1.0 1.0 1.0 1.0 1.0 1.0 1.0 1.0 1.0 1.0 1.0 1.0 1.0 1.0 1.0 1.0 1.0 1.0 1.0 1.0 1.0 1.0 1.0 1.0 1.0 1.0 1.0 1.0 1.0 1.0 1.0 1.0 1.0 1.0 1.0 1.0 1.0 1.0 1.0 1.0 1.0 1.0 1.0 1.0 1.0 1.0 1.0 1.0 1.0 1.0 1.0 1.0 1.0 1.0 1.0 1.0 1.0 1.0 1.0 1.0 1.0 1.0 1.0 1.0 1.0 1.0 1.0 1.0 1.0 1.0 1.0 1.0 1.0 1.0 1.0 1.0 1.0 1.0 1.0 1.0 1.0 1.0 1.0 1.0 1.0 1.0 1.0 1.0 1.0 1.0 1.0 1.0 1.0 1.0 1.0 1.0 1.0 1.0 1.0 1.0 1.0 1.0 1.0 1.0 1.0 1.0 1.0 1.0 1.0 1.0 1.0 1.0 1.0 1.0 1.0 1.0 1.0 1.0 1.0 1.0 1.0 1.0 1.0 1.0 1.0 1.0 1.0 1.0 1.0 1.0 1.0 1.0 1.0 1.0 1.0 1.0 1.0 1.0 1.0 1.0 1.0 1.0 1.0 1.0 1.0 1.0 1.0 1.0 1.0 1.0 1.0 1.0 1.0 1.0 1.0 1.0 1.0 1.0 1.0 1.0 1.0 1.0 1.0 1.0 1.0 1.0 1.0 1.0 1.0 1.0 1.0 1.0 1.0 1.0 1.0 1.0 1.0 1.0 1.0 1.0 1.0
21
12 23 44 45 57 63 67 69 75 82 84 103 105 113 127 131 164 175 179 192 193
14
4 28 35 41 46 67 77 83 97 99 102 136 173 198
33
7 11 13 15 27 31 38 49 56 64 67 72 76 77 79 81 86 87 89 94 100 121 122 134 142 156 161 168 179 183 186 188 192
19
2 3 35 47 49 50 52 78 89 96 122 126 137 139 150 158 160 173 193
22
10 11 18 41 55 56 60 76 82 86 94 95 108 110 138 141 152 168 183 190 195 197
19
16 30 42 49 50 55 63 69 71 77 89 96 130 131 158 168 169 170 174
26
4 11 24 25 31 32 42 75 93 95 101 107 112 116 121 135 136 153 157 160 177 180 182 186 193 195
23
6 8 37 41 50 71 81 86 102 104 120 121 128 129 130 134 136 142 150 153 168 185 194
15
5 15 39 44 54 69 74 88 145 146 161 187 192 193 198
23
8 26 35 37 38 39 45 52 54 65 77 90 92 104 105 109 124 128 140 156 168 184 195
25
36 41 43 46 52 60 61 67 78 81 91 95 114 117 118 126 128 134 137 160 161 162 166 177 184
23
5 9 30 39 59 63 92 102 106 109 118 119 125 127 128 133 138 140 146 176 180 186 196
19
14 60 65 70 85 89 98 101 108 115 117 118 129 141 151 165 167 168 199
17
9 17 43 51 68 71 79 81 92 96 124 137 140 145 159 186 198
26
1 2 24 25 27 29 31 44 54 63 68 86 102 114 129 133 140 152 160 173 175 180 182 190 194 196
24
2 3 17 18 30 42 51 55 59 63 65 92 97 103 104 142 150 157 160 173 174 177 181 198
21
1 4 10 25 32 40 50 66 70 75 80 89 99 140 146 148 152 155 175 186 198
15
3 9 29 36 37 69 70 83 95 102 105 121 139 157 190
17
18 20 29 47 68 76 95 96 98 108 113 124 133 139 152 157 182
22
17 22 25 28 31 39 55 58 62 65 69 72 79 100 108 109 120 125 137 170 174 194
26
13 14 32 39 43 44 49 51 65 73 84 89 94 100 111 114 116 119 125 130 145 149 185 191 197 199
20
13 19 45 57 67 82 96 100 101 109 122 154 160 166 167 169 170 175 182 196
17
3 11 14 20 39 62 67 76 88 148 150 160 161 162 180 198 200
23
20 30 35 49 50 57 61 64 66 89 99 105 128 134 140 151 155 156 158 161 168 177 192
16
12 22 44 49 62 72 78 87 111 119 120 147 163 185 189 200
15
13 34 46 47 59 72 73 87 112 114 118 151 164 180 197
21
1 17 24 27 37 38 39 48 50 56 68 92 96 105 106 152 153 187 188 189 195
13
35 46 51 58 64 71 86 107 110 136 150 190 192
14
54 57 58 64 70 125 131 138 139 144 148 155 159 163
19
1 21 35 55 63 76 80 85 110 113 129 154 155 160 162 179 180 182 194
29
6 10 19 26 35 42 45 64 65 71 93 95 96 99 100 125 130 134 140 153 160 162 165 166 168 178 184 196 199
14
57 64 97 110 112 118 129 135 136 139 148 159 179 187
24
1 5 43 48 49 55 56 59 62 73 90 104 105 113 119 140 169 172 176 178 180 185 188 195
22
15 17 53 60 62 65 79 89 102 105 106 113 118 141 150 152 155 162 167 169 179 198
16
3 9 12 23 47 59 69 77 106 115 116 120 159 168 172 184
17
1 17 18 21 29 31 39 43 51 91 121 122 134 142 148 182 183
22
3 9 23 34 36 55 58 65 77 83 92 101 109 121 128 131 135 152 180 182 191 199
13
11 12 14 30 69 81 96 116 137 170 181 190 191
19
2 3 14 17 22 28 40 53 69 77 84 96 104 114 122 147 159 180 198
25
16 36 44 47 54 62 64 86 90 94 102 109 110 117 121 138 139 141 158 166 177 179 188 189 199
17
3 16 22 28 61 65 75 78 80 86 134 141 155 168 183 190 199
27
8 12 33 36 58 61 62 67 71 80 82 90 92 95 100 133 137 149 152 158 160 162 172 173 176 197 200
19
10 23 47 58 66 67 74 76 95 101 104 130 150 151 152 158 165 168 200
17
16 28 61 64 74 101 118 121 126 134 141 155 156 157 159 173 191
25
1 4 6 8 9 17 37 41 43 45 49 51 62 86 107 117 125 131 147 158 160 161 163 167 176
17
16 33 42 76 82 93 99 116 120 127 137 152 169 173 177 178 186
17
9 12 15 21 59 62 69 84 93 106 128 135 137 145 147 160 168
25
13 20 24 35 38 39 42 45 52 60 71 78 104 111 113 128 131 136 148 159 164 173 183 189 198
16
39 48 54 74 88 91 92 95 124 132 155 165 177 182 186 188
18
8 48 58 60 66 77 82 91 93 115 117 122 130 174 175 179 180 181
18
7 16 20 34 39 46 78 88 94 97 114 122 160 169 175 190 193 194
27
8 28 37 42 51 60 64 65 70 76 85 94 104 109 116 120 123 124 125 138 140 149 158 166 167 191 197
25
1 3 4 28 34 38 46 55 69 76 78 83 87 95 121 147 159 164 169 175 177 186 189 195 200
21
4 8 10 18 23 25 31 55 58 71 80 115 123 142 160 170 175 180 192 193 199
17
1 7 33 37 45 48 54 66 90 105 106 125 129 137 138 173 190
17
21 51 53 87 90 102 114 123 129 152 158 159 161 174 177 181 194
17
1 13 18 24 43 58 74 95 96 119 122 147 156 180 186 188 199
18
5 25 27 29 41 60 65 91 112 114 120 121 122 129 131 147 169 188
29
1 18 22 32 40 58 74 75 84 87 88 91 105 107 109 114 117 135 148 151 156 171 174 177 178 182 188 192 194
26
1 7 13 24 31 37 60 62 68 84 87 88 92 102 128 133 146 154 162 167 169 180 184 185 189 199
28
9 12 13 37 48 68 76 87 90 92 95 99 101 110 112 114 116 123 125 127 129 136 140 150 165 180 183 190
17
20 26 27 30 35 49 78 83 85 90 109 112 122 123 127 153 175
20
7 8 11 16 27 31 43 71 95 119 126 132 135 139 156 165 175 192 197 199
16
12 20 36 38 64 84 90 101 108 110 117 145 163 178 184 195
12
5 14 20 33 76 86 138 156 159 168 171 180
17
8 9 34 40 51 62 64 73 75 96 98 101 104 126 150 179 186
18
9 14 17 28 47 71 87 100 119 122 135 141 146 155 160 183 185 196
21
1 5 7 10 19 35 61 62 68 88 91 127 139 141 144 151 153 156 158 159 198
21
12 17 18 20 32 36 46 58 75 81 86 111 112 113 137 141 148 153 159 192 195
25
4 14 18 26 31 48 58 64 68 71 91 104 107 140 143 146 150 153 159 170 174 175 186 192 197
16
6 18 22 39 55 58 69 81 87 101 103 122 156 159 174 188
19
7 15 27 33 34 44 48 64 98 101 109 127 130 136 137 141 142 147 163
17
8 19 28 38 68 82 84 90 96 99 108 121 128 139 142 164 178
23
9 13 19 20 22 25 51 68 74 91 102 107 127 135 139 147 155 161 172 181 186 193 199
27
19 26 32 34 71 79 93 94 101 102 105 106 107 111 121 140 156 157 158 166 167 175 191 195 196 197 198
18
2 10 34 58 61 75 76 90 111 114 131 148 159 162 163 164 179 193
20
17 33 35 47 49 56 65 66 81 82 86 89 91 98 108 116 123 155 161 165
18
27 38 66 75 77 79 92 107 119 130 135 142 149 152 172 174 181 197
18
3 8 25 29 35 40 51 59 66 70 115 123 151 159 179 189 190 195
20
2 10 13 23 50 59 67 70 96 101 109 120 127 148 152 160 169 188 189 199
22
6 8 23 44 49 66 78 83 84 87 90 106 108 111 137 147 149 151 154 159 185 200
22
5 6 24 31 37 46 61 72 77 92 93 94 95 105 112 125 143 157 159 170 182 197
19
6 18 33 43 44 64 80 108 114 119 128 130 131 147 150 173 180 197 200
23
4 7 8 15 17 23 29 51 82 83 101 128 134 135 140 143 148 156 157 171 189 192 194
22
14 17 37 45 49 50 66 71 82 92 106 108 111 112 115 116 133 148 157 170 189 192
13
10 15 24 28 75 81 89 99 102 109 113 154 192
21
1 6 11 14 18 52 53 54 83 93 97 102 126 141 156 160 169 179 183 189 193
22
1 2 14 20 24 39 40 44 50 55 79 81 84 95 106 113 120 122 127 153 160 198
20
8 23 27 28 30 69 74 86 87 91 93 101 117 118 128 135 136 159 174 184
23
2 9 18 33 40 41 63 95 96 114 118 133 138 153 154 160 163 165 172 177 185 187 190
24
3 13 14 25 36 39 47 48 57 77 80 82 96 97 98 124 148 152 156 160 163 171 184 190
16
8 10 18 22 41 67 69 78 91 113 117 129 134 138 179 188
18
23 25 26 31 35 45 52 65 83 84 109 110 124 145 151 174 181 187
19
8 12 15 33 39 50 66 68 74 87 106 115 125 157 175 176 178 189 196
16
12 17 26 29 34 38 39 81 120 124 133 164 172 173 177 189
21
4 11 13 28 29 41 44 50 53 59 71 96 106 117 131 136 155 159 176 189 191
18
10 14 33 61 64 67 79 94 123 137 147 162 177 178 186 191 195 198
28
14 23 25 40 61 62 63 83 85 88 95 98 107 111 112 113 118 129 136 137 141 153 158 163 179 192 193 200
18
1 6 23 35 64 66 83 99 106 116 125 133 134 153 165 169 192 196
27
6 13 15 37 53 63 64 70 71 77 84 85 107 139 141 143 150 153 162 167 169 172 173 177 190 194 200
