100 200
1.0 1.0 1.0 1.0 1.0 1.0 1.0 1.0 1.0 1.0 1.0 1.0 1.0 1.0 1.0 1.0 1.0 1.0 1.0 1.0 1.0 1.0 1.0 1.0 1.0 1.0 1.0 1.0 1.0 1.0 1.0 1.0 1.0 1.0 1.0 1.0 1.0 1.0 1.0 1.0 1.0 1.0 1.0 1.0 1.0 1.0 1.0 1.0 1.0 1.0 1.0 1.0 1.0 1.0 1.0 1.0 1.0 1.0 1.0 1.0 1.0 1.0 1.0 1.0 1.0 1.0 1.0 1.0 1.0 1.0 1.0 1.0 1.0 1.0 1.0 1.0 1.0 1.0 1.0 1.0 1.0 1.0 1.0 1.0 1.0 1.0 1.0 1.0 1.0 1.0 1.0 1.0 1.0 1.0 1.0 1.0 1.0 1.0 1.0 1.0 1.0 1.0 1.0 1.0 1.0 1.0 1.0 1.0 1.0 1.0 1.0 1.0 1.0 1.0 1.0 1.0 1.0 1.0 1.0 1.0 1.0 1.0 1.0 1.0 1.0 1.0 1.0 1.0 1.0 1.0 1.0 1.0 1.0 1.0 1.0 1.0 1.0 1.0 1.0 1.0 1.0 1.0 1.0 1.0 1.0 1.0 1.0 1.0 1.0 1.0 1.0 1.0 1.0 1.0 1.0 1.0 1.0 1.0 1.0 1.0 1.0 1.0 1.0 1.0 1.0 1.0 1.0 1.0 1.0 1.0 1.0 1.0 1.0 1.0 1.0 1.0 1.0 1.0 1.0 1.0 1.0 1.0 1.0 1.0 1.0 1.0 1.0 1.0 1.0 1.0 1.0 1.0 1.0 1.0 1.0 1.0 1.0 1.0 1.0 1.0
8
15 64 70 92 97 108 117 169
12
2 34 86 95 102 140 145 157 164 184 189 192
11
9 55 56 64 80 107 112 121 127 129 134
6
58 64 81 87 97 132
8
26 36 42 46 87 120 167 172
13
22 39 55 85 106 118 126 159 166 184 192 199 200
11
28 39 55 79 100 106 129 138 177 193 195
9
12 51 98 113 125 154 172 175 177
7
34 124 129 136 154 164 168
12
12 28 37 55 111 131 142 155 159 162 170 190
9
67 85 86 123 125 135 149 154 170
14
4 10 17 75 77 78 91 96 126 139 169 171 190 195
16
2 21 44 56 69 74 83 90 117 141 160 166 181 186 189 194
17
11 14 34 37 40 53 62 64 76 77 90 91 97 103 110 162 181
12
1 4 13 20 78 87 91 99 155 163 164 184
12
30 35 37 45 66 81 83 122 142 157 178 197
12
3 10 20 58 78 85 102 126 133 140 142 154
7
28 46 81 108 148 153 159
14
1 3 14 74 100 120 140 162 164 180 183 184 195 196
9
48 56 75 80 98 107 123 124 168
11
14 30 44 54 58 68 99 130 148 177 195
10
41 74 75 80 81 119 123 160 163 193
9
8 39 59 61 87 96 128 134 140
11
12 27 65 79 81 112 153 165 171 179 192
7
25 27 38 44 96 101 192
11
14 15 43 47 79 81 85 120 123 130 180
8
14 74 142 172 174 179 187 198
8
32 33 40 76 80 101 108 151
10
42 48 66 81 83 124 157 189 192 198
12
33 48 81 85 115 120 128 133 141 148 185 193
9
16 42 43 54 56 108 130 173 198
11
5 17 52 73 74 94 141 148 176 188 200
3
95 104 129
13
17 47 61 77 78 107 112 124 157 168 182 184 198
10
3 43 48 50 89 99 122 143 172 188
8
7 81 107 120 164 177 191 196
10
17 74 82 91 100 102 159 185 186 191
7
28 36 39 82 92 146 157
13
8 13 14 62 74 88 91 123 125 157 158 191 198
6
14 23 124 127 177 192
11
1 9 13 29 32 38 71 79 93 156 159
11
19 30 35 45 83 88 93 109 110 127 165
14
7 22 23 29 37 43 80 115 119 130 133 142 156 181
7
58 83 94 95 102 122 174
12
4 34 49 62 74 76 82 94 106 127 189 197
5
27 61 63 157 188
11
4 40 55 62 81 120 129 132 185 198 200
12
18 41 43 52 56 68 104 107 135 166 171 185
6
15 46 50 57 162 197
13
5 9 21 43 85 86 92 100 108 122 174 189 193
6
28 72 76 95 163 184
11
8 9 16 30 39 46 91 117 125 160 174
5
19 160 168 180 189
9
1 36 77 106 128 136 157 180 190
13
7 58 62 74 117 123 130 151 152 156 178 191 196
8
1 14 80 108 113 127 180 188
16
8 36 63 69 73 82 112 117 124 129 151 161 170 196 197 199
5
61 105 140 172 178
15
2 14 18 44 50 51 55 59 73 74 96 142 164 194 199
11
22 61 94 97 98 107 130 138 153 167 199
6
15 22 39 69 183 200
8
22 28 51 78 111 173 195 196
17
2 10 18 24 45 62 67 88 92 103 109 111 126 127 131 150 180
4
7 11 95 135
7
53 91 98 118 129 142 194
5
7 104 142 149 196
12
14 19 38 44 55 63 108 130 152 157 169 193
13
19 22 49 67 73 107 115 118 147 153 162 164 165
4
54 57 98 168
10
12 59 65 110 121 124 132 159 174 183
12
4 18 34 36 46 67 72 104 136 151 160 172
15
4 7 16 26 34 36 49 55 74 111 124 141 179 182 188
6
29 41 63 103 129 139
9
2 9 13 22 127 142 144 157 199
9
66 71 79 126 140 147 159 173 200
11
39 46 81 85 87 88 94 114 135 138 176
13
7 18 30 35 44 75 79 88 106 140 167 186 193
14
21 40 49 57 68 82 84 92 110 116 127 140 167 175
11
16 23 46 47 51 76 93 119 140 159 172
12
22 23 50 80 87 92 98 143 152 162 165 172
15
13 17 23 52 59 71 93 94 102 150 153 159 176 178 199
9
36 47 96 104 121 151 161 168 199
12
6 23 26 31 48 63 80 81 119 158 161 179
12
14 36 63 67 77 106 118 135 151 153 168 188
10
6 25 28 61 63 77 104 133 157 160
11
37 52 58 87 108 112 126 149 167 177 199
8
21 46 57 92 110 140 173 190
16
10 24 40 56 59 84 85 122 133 136 138 139 169 175 183 185
8
3 16 18 75 98 107 192 198
10
10 16 20 63 77 83 107 109 140 182
11
23 28 60 61 89 102 113 163 169 177 197
9
1 20 52 57 72 78 90 102 149
9
8 14 15 30 31 54 119 183 191
11
15 30 40 77 126 133 137 139 149 164 191
13
33 44 48 55 72 80 87 96 123 124 136 138 143
6
25 88 117 137 145 183
10
1 77 91 92 106 123 129 137 171 175
5
17 19 169 175 185
13
5 31 58 62 90 107 130 131 136 138 154 180 188
7
5 52 59 61 107 143 187
