100 200
1.0 1.0 1.0 1.0 1.0 1.0 1.0 1.0 1.0 1.0 1.0 1.0 1.0 1.0 1.0 1.0 1.0 1.0 1.0 1.0 1.0 1.0 1.0 1.0 1.0 1.0 1.0 1.0 1.0 1.0 1.0 1.0 1.0 1.0 1.0 1.0 1.0 1.0 1.0 1.0 1.0 1.0 1.0 1.0 1.0 1.0 1.0 1.0 1.0 1.0 1.0 1.0 1.0 1.0 1.0 1.0 1.0 1.0 1.0 1.0 1.0 1.0 1.0 1.0 1.0 1.0 1.0 1.0 1.0 1.0 1.0 1.0 1.0 1.0 1.0 1.0 1.0 1.0 1.0 1.0 1.0 1.0 1.0 1.0 1.0 1.0 1.0 1.0 1.0 1.0 1.0 1.0 1.0 1.0 1.0 1.0 1.0 1.0 1.0 1.0 1.0 1.0 1.0 1.0 1.0 1.0 1.0 1.0 1.0 1.0 1.0 1.0 1.0 1.0 1.0 1.0 1.0 1.0 1.0 1.0 1.0 1.0 1.0 1.0 1.0 1.0 1.0 1.0 1.0 1.0 1.0 1.0 1.0 1.0 1.0 1.0 1.0 1.0 1.0 1.0 1.0 1.0 1.0 1.0 1.0 1.0 1.0 1.0 1.0 1.0 1.0 1.0 1.0 1.0 1.0 1.0 1.0 1.0 1.0 1.0 1.0 1.0 1.0 1.0 1.0 1.0 1.0 1.0 1.0 1.0 1.0 1.0 1.0 1.0 1.0 1.0 1.0 1.0 1.0 1.0 1.0 1.0 1.0 1.0 1.0 1.0 1.0 1.0 1.0 1.0 1.0 1.0 1.0 1.0 1.0 1.0 1.0 1.0 1.0 1.0
36
4 12 23 24 25 32 34 49 57 74 88 92 97 99 101 104 109 116 122 129 132 136 140 141 143 145 146 147 156 162 165 168 171 175 180 200
51
3 8 14 16 20 25 28 30 36 37 45 46 51 52 62 65 68 69 71 73 76 77 81 85 95 98 106 118 125 127 128 130 133 134 136 139 149 154 157 159 160 161 166 178 180 188 193 194 196 198 200
42
4 7 14 22 33 34 36 52 63 65 67 75 79 81 83 89 95 98 104 109 110 111 112 114 120 121 133 141 142 155 159 160 162 171 175 178 184 185 193 195 197 199
37
1 3 10 20 22 34 35 36 40 45 54 55 56 57 61 65 67 69 72 77 78 81 85 90 96 97 104 111 112 115 121 135 171 173 183 184 190
44
6 7 9 13 23 25 28 31 36 43 47 51 52 53 56 68 74 76 84 92 93 102 107 109 118 120 128 129 130 132 135 138 140 141 145 157 162 165 169 176 179 192 197 199
40
1 2 35 37 39 44 46 48 53 54 55 58 60 62 66 69 70 75 81 88 90 91 110 112 118 123 131 134 138 147 149 151 160 161 164 171 180 182 184 198
45
10 12 13 18 26 30 31 34 42 43 48 55 56 61 63 68 69 71 81 85 87 88 98 99 103 105 117 120 127 139 144 146 149 152 153 154 165 170 175 178 180 185 190 197 198
38
6 11 12 18 25 26 35 36 38 44 47 49 52 74 86 89 91 94 98 101 102 105 113 115 122 123 130 132 151 155 172 177 180 184 188 191 192 193
41
7 12 25 36 37 41 42 50 51 53 54 57 61 62 64 67 68 70 76 81 87 94 96 112 113 115 116 123 131 132 141 149 156 164 168 173 178 187 188 190 197
43
2 3 14 15 37 53 55 65 70 76 80 81 86 88 89 92 94 95 98 103 106 109 113 114 125 129 132 139 142 145 148 152 154 155 156 161 167 173 179 186 188 198 200
39
7 18 21 24 26 29 31 33 35 37 54 57 59 62 65 67 71 73 76 78 84 90 95 96 100 115 117 120 127 131 134 140 144 151 164 184 186 196 197
36
7 18 19 34 54 63 64 68 70 75 79 83 87 90 94 95 96 100 119 122 124 133 135 144 158 174 175 180 183 184 185 186 187 192 193 198
47
3 9 19 23 27 34 35 36 41 50 56 63 67 71 79 80 81 89 90 94 95 100 103 106 109 110 116 117 128 133 140 147 149 157 158 161 163 166 168 174 184 187 188 189 190 194 196
38
2 5 17 21 34 36 38 42 46 48 53 54 55 74 75 76 89 94 100 101 106 109 110 112 115 124 130 133 139 142 144 152 156 157 162 165 175 197
48
1 5 7 8 10 16 17 21 23 24 39 40 46 49 51 58 63 76 81 84 90 95 98 111 116 119 124 125 126 127 128 131 132 141 142 152 159 162 164 168 169 170 177 180 182 188 193 199
35
2 3 4 17 21 27 30 46 53 56 57 62 64 67 71 76 84 88 91 95 97 107 114 122 132 141 143 145 154 162 169 179 184 187 192
32
17 20 22 25 31 32 45 62 68 73 75 76 83 88 89 93 97 99 107 121 146 153 162 166 168 170 177 180 186 188 189 196
40
16 19 21 22 23 27 36 37 39 43 51 67 69 70 79 82 85 87 89 94 97 99 105 107 111 116 123 124 128 131 146 150 157 169 171 173 182 185 194 198
49
5 9 17 19 22 25 32 35 39 54 63 64 68 70 71 72 73 84 87 94 96 97 98 102 112 114 119 123 125 129 138 139 141 149 155 157 158 159 175 176 177 178 179 181 184 185 196 198 199
39
1 3 4 13 14 40 41 45 47 59 63 68 71 79 100 101 102 104 106 114 118 121 128 137 139 140 142 153 155 171 172 174 175 177 185 186 187 191 195
40
5 7 12 15 22 23 24 25 42 43 46 59 60 63 65 73 77 80 81 86 88 93 94 95 96 101 111 115 121 134 137 139 150 157 167 175 178 189 196 198
38
5 11 21 26 41 45 52 54 67 75 79 80 81 85 90 101 110 111 112 114 122 130 131 141 150 152 156 161 162 164 166 169 176 182 186 187 189 197
35
6 9 19 21 32 35 43 45 46 50 55 59 61 62 71 79 82 88 94 112 114 119 121 123 125 128 130 144 146 154 156 171 175 181 189
42
4 11 12 13 17 37 41 59 62 64 66 69 73 76 83 86 87 88 90 98 112 115 120 126 128 131 143 151 156 158 169 174 175 177 178 183 187 188 190 192 195 200
42
2 4 8 12 13 20 36 56 60 66 67 69 71 77 84 88 92 98 99 108 121 127 135 137 142 148 154 155 161 162 166 170 176 178 181 185 189 190 191 195 198 200
33
5 7 21 34 36 38 41 45 55 64 75 88 97 98 106 116 130 134 135 136 138 140 143 145 151 155 159 162 175 182 188 193 200
39
2 5 13 19 30 36 37 52 56 58 59 62 64 69 81 85 86 97 100 111 113 114 117 119 129 134 139 143 146 151 152 168 169 170 174 175 183 194 197
42
5 8 10 15 17 18 26 27 29 30 37 46 47 54 57 60 64 71 74 84 87 90 97 104 106 119 121 132 134 141 146 158 161 169 170 171 177 178 179 180 184 192
50
1 7 12 13 17 19 21 22 23 26 29 30 31 32 37 39 40 48 55 63 64 71 74 76 78 86 89 96 100 107 108 110 114 119 121 129 131 134 135 157 158 159 161 170 172 175 181 183 195 199
36
16 21 27 32 34 38 39 46 50 52 56 57 60 81 85 86 89 92 97 102 106 111 112 113 114 122 129 145 149 152 153 163 168 182 195 196
38
2 6 11 14 22 23 24 27 30 34 41 54 56 58 59 67 71 74 90 93 99 108 110 115 116 127 130 133 140 149 151 160 161 167 175 182 187 191
49
11 13 16 19 26 28 33 34 38 42 49 53 54 56 62 63 67 71 72 80 83 88 100 101 107 113 115 119 123 124 125 128 133 135 136 139 142 144 146 148 152 160 169 171 177 186 188 194 195
33
5 14 19 23 24 25 30 55 59 60 62 63 69 73 77 80 99 105 114 122 124 137 138 146 150 157 159 166 178 179 180 181 200
32
2 3 25 34 43 45 47 57 71 75 79 84 88 90 108 109 110 112 129 132 133 137 139 140 146 148 152 154 156 170 182 186
41
1 3 5 12 13 17 19 20 21 29 30 32 37 51 53 57 62 65 68 83 84 92 108 121 124 132 142 144 145 147 152 158 160 164 170 180 181 183 187 188 192
39
3 12 13 21 23 29 30 31 34 35 49 60 62 67 73 74 80 82 89 91 97 99 102 103 116 125 127 128 135 141 142 144 155 161 167 173 178 191 196
35
2 6 10 21 28 33 34 42 46 47 53 65 81 87 92 95 97 104 118 119 120 123 126 130 132 133 163 164 176 178 179 183 187 188 196
42
2 14 15 21 25 31 32 33 37 51 57 59 77 81 85 90 93 102 108 111 112 113 139 140 142 143 145 152 154 157 159 163 165 168 171 172 175 176 179 188 189 199
42
3 4 17 21 30 38 40 43 44 48 51 58 61 73 79 92 96 101 105 118 125 126 130 140 142 146 152 157 159 160 161 164 169 170 173 180 183 184 186 187 191 194
30
1 2 17 22 24 26 38 45 55 59 62 64 86 89 95 100 103 107 110 117 121 124 147 152 154 155 176 178 193 198
36
4 10 12 16 21 25 28 31 41 51 56 57 63 70 74 103 106 110 112 113 123 124 133 136 139 141 151 161 170 180 185 186 190 191 192 194
36
6 23 24 25 31 35 43 53 56 59 68 74 76 77 79 83 85 87 103 104 110 120 126 137 138 143 150 154 162 166 181 184 189 190 195 199
37
5 6 9 16 20 34 43 44 50 58 70 72 76 79 82 83 91 95 100 102 109 116 120 127 135 156 161 162 165 167 171 175 181 188 190 191 194
40
4 5 7 13 17 20 23 25 37 38 40 41 55 66 72 75 77 84 85 89 96 106 109 110 113 120 127 131 133 150 157 160 167 168 174 185 188 191 195 197
33
11 12 20 34 37 46 49 62 64 73 74 81 84 87 90 102 105 106 110 112 116 121 132 144 147 150 152 157 162 165 172 180 186
43
2 7 13 16 20 24 31 32 33 39 54 57 60 61 62 73 83 84 90 91 105 106 107 112 117 121 126 127 132 141 147 151 160 170 171 173 176 178 181 187 192 195 199
40
4 12 21 26 28 32 33 38 39 42 44 45 47 53 63 71 75 81 85 94 98 100 111 115 126 132 135 141 142 148 150 151 154 164 171 177 182 191 197 200
42
8 12 24 28 33 36 37 40 45 46 51 58 59 72 82 88 89 93 95 96 102 113 114 121 128 129 132 135 137 138 143 149 151 152 156 163 167 174 178 182 188 200
43
9 16 22 25 33 34 39 41 45 46 48 49 50 55 56 69 80 89 92 94 106 107 113 116 125 126 128 133 135 139 149 152 153 156 157 160 164 166 173 177 178 183 197
44
6 8 10 15 19 25 27 33 39 42 55 59 65 66 79 80 84 88 93 96 99 100 105 107 110 111 114 117 118 139 144 145 147 150 153 156 157 160 163 167 171 185 187 194
33
5 13 14 19 23 34 52 57 58 61 62 64 74 92 94 101 111 114 121 125 130 132 140 152 158 165 176 178 184 190 194 196 198
45
2 6 9 15 16 22 24 31 38 39 44 50 63 68 72 75 80 81 85 92 93 99 106 107 114 117 122 123 125 130 138 148 151 154 156 159 161 162 167 169 171 186 188 194 199
34
6 8 17 27 30 39 43 44 46 56 66 70 72 73 75 76 79 91 93 96 105 106 120 132 142 155 168 183 184 190 191 195 196 199
34
1 19 29 31 32 47 57 58 59 66 68 81 86 91 111 119 125 126 128 130 137 145 157 158 161 162 163 167 170 175 181 187 197 198
36
6 15 17 24 36 38 51 54 60 61 62 63 64 69 73 82 86 108 110 114 116 129 137 146 151 162 163 167 168 172 174 176 177 179 180 187
33
4 15 24 28 34 39 40 46 53 62 89 90 97 99 100 106 108 115 116 117 121 122 130 140 146 149 151 152 153 169 175 182 198
39
3 10 19 20 21 26 28 32 34 36 46 49 53 61 62 65 67 79 86 88 93 101 104 105 119 122 126 131 144 145 147 150 154 158 166 175 188 190 195
44
2 3 5 15 20 35 44 50 51 55 67 80 82 84 85 95 99 101 103 115 125 126 127 134 136 139 143 145 148 153 159 161 167 171 174 175 176 182 183 187 188 192 195 200
49
17 24 32 36 40 45 47 48 55 56 57 62 64 66 68 74 79 81 86 96 101 102 107 112 114 115 119 124 128 135 138 140 144 147 148 151 154 155 156 157 158 164 165 168 176 181 185 189 194
33
5 6 14 15 22 25 35 36 43 47 49 59 73 78 87 92 99 107 109 110 116 119 126 130 132 150 159 163 170 175 177 179 184
39
4 8 10 11 15 17 21 22 26 41 42 50 51 52 53 56 62 73 74 76 79 82 83 99 103 112 113 120 124 132 138 143 148 150 152 159 178 192 193
32
4 16 17 22 24 32 33 34 42 43 50 54 61 66 75 80 92 110 118 126 130 132 136 143 145 148 160 179 181 182 193 195
44
9 10 11 12 14 15 17 24 40 44 45 46 49 51 53 60 65 69 70 82 84 86 88 93 97 105 106 109 110 112 113 125 133 142 146 150 151 159 161 165 170 176 185 196
38
11 17 19 21 22 24 33 35 36 45 52 64 65 72 73 74 78 79 81 101 107 143 146 152 155 157 159 160 162 168 177 181 182 188 190 194 197 200
49
5 6 7 13 24 26 39 40 45 47 53 54 56 69 76 81 85 91 95 101 105 106 108 109 110 113 116 118 123 125 128 136 139 143 151 160 161 163 173 174 176 177 185 186 189 193 194 196 199
34
11 14 20 21 23 26 31 72 76 77 79 82 85 86 101 103 104 107 114 116 117 121 123 133 145 151 162 164 165 166 183 186 195 198
43
1 3 7 24 27 31 41 43 44 49 51 54 55 56 69 83 86 95 104 107 110 111 118 121 131 139 142 143 145 149 151 152 157 161 174 181 183 184 189 191 193 196 197
34
6 10 15 22 27 28 29 37 49 59 76 82 83 86 94 97 99 118 119 124 133 152 154 160 161 164 168 169 171 174 178 183 187 196
34
9 12 16 18 24 25 29 41 46 53 54 55 56 90 93 95 112 122 124 126 145 146 155 156 158 160 162 169 175 187 189 191 194 195
36
5 19 24 25 38 39 41 51 53 65 67 71 73 75 78 96 102 105 109 113 119 124 128 132 133 134 138 139 153 175 183 188 191 193 195 196
41
10 15 24 26 33 34 38 42 46 52 54 57 70 72 78 81 82 86 88 96 98 103 104 106 119 124 125 131 140 142 145 149 154 161 168 169 173 178 182 183 184
27
7 11 14 27 32 59 62 68 70 88 89 92 104 115 118 128 129 132 136 146 162 163 164 165 175 186 197
42
9 13 15 17 18 27 31 33 37 38 44 46 50 55 56 65 77 93 98 101 106 107 108 113 115 118 120 126 131 133 143 146 151 152 153 163 166 169 172 173 179 181
42
1 4 11 16 18 20 28 44 54 56 57 62 65 67 72 79 81 88 89 94 96 99 109 113 124 127 131 134 138 146 152 153 156 158 161 163 170 171 180 185 187 194
29
4 8 10 21 32 35 47 52 56 73 77 78 79 87 92 114 125 138 144 145 147 152 160 168 170 175 185 194 198
49
1 2 6 18 21 27 34 35 38 47 55 57 67 68 70 76 79 81 86 88 89 93 94 99 103 105 108 110 114 116 117 118 120 130 141 144 147 150 158 159 168 172 175 178 179 186 189 195 200
40
9 33 38 42 43 52 54 56 60 69 72 75 77 82 85 86 87 91 93 97 101 105 107 109 114 116 130 138 143 149 152 153 158 162 166 169 177 188 189 196
43
4 6 16 24 25 26 32 35 41 45 46 48 50 52 58 68 71 75 79 90 91 92 94 99 101 106 107 113 117 119 124 127 130 133 138 143 156 164 171 183 187 193 195
43
4 6 10 12 13 16 21 29 36 38 39 51 53 54 63 67 70 73 75 77 84 87 88 90 110 115 118 121 123 127 134 137 138 139 148 152 158 171 173 176 179 192 194
35
2 4 11 15 20 26 33 42 47 65 75 78 97 101 103 110 120 128 131 133 137 141 145 147 154 160 162 164 173 178 179 180 188 192 199
37
8 35 39 41 42 44 45 46 49 53 55 62 69 71 72 75 77 101 102 105 109 110 114 133 135 146 147 150 155 158 163 164 174 175 177 181 193
30
1 4 7 12 15 24 35 39 40 42 52 61 64 65 72 82 86 137 146 149 154 156 168 171 179 184 186 187 194 197
42
2 7 11 13 26 33 35 36 41 50 52 63 64 67 68 91 107 108 109 110 114 120 126 128 129 130 134 149 152 158 167 170 171 173 174 179 180 181 194 196 197 199
39
2 5 11 13 15 18 24 25 34 35 40 44 50 52 60 69 70 72 77 93 97 101 105 110 117 130 131 143 149 156 159 160 163 166 171 178 188 189 193
39
1 4 6 28 29 31 32 35 41 49 66 69 72 73 88 90 97 102 107 114 116 120 124 128 129 137 138 140 151 152 153 162 170 174 192 193 194 195 198
42
4 9 12 13 16 18 20 22 32 52 54 58 61 75 79 80 84 104 107 110 115 122 125 131 133 148 149 150 156 157 161 163 169 173 179 180 181 182 187 192 196 200
32
5 8 10 12 16 18 21 23 41 45 46 49 52 56 61 63 66 76 91 93 97 100 107 109 110 114 125 134 142 152 173 189
33
8 9 18 24 31 36 40 43 45 52 53 58 67 77 85 86 89 91 97 99 116 122 130 148 152 157 168 171 174 178 180 191 192
40
14 22 23 42 49 55 59 65 73 74 78 84 87 92 98 114 121 124 126 127 131 133 136 141 142 153 154 156 170 171 175 176 178 180 182 183 184 188 191 200
33
8 26 29 30 32 33 56 57 64 65 75 77 78 82 83 84 90 93 94 109 123 137 152 158 160 162 164 167 172 177 188 190 199
43
1 7 10 11 19 23 36 41 42 46 48 50 59 60 61 62 78 79 82 84 85 99 111 115 120 121 122 123 127 133 136 137 141 144 145 150 162 164 172 179 185 194 197
42
1 2 4 6 13 17 20 22 23 25 27 44 49 51 54 56 57 60 64 73 74 83 90 93 94 104 105 112 114 117 124 126 130 137 140 143 150 152 154 171 191 198
36
1 2 4 10 12 19 21 22 25 35 45 46 55 57 58 59 62 71 73 75 77 79 84 87 95 96 99 100 125 133 145 146 151 173 191 192
36
3 9 14 25 28 34 35 37 41 42 52 54 66 72 90 104 112 114 115 119 123 125 127 130 144 154 163 165 166 174 177 180 183 188 189 194
60
7 25 27 28 29 34 35 36 40 41 43 48 50 51 54 57 60 61 68 70 72 78 84 85 87 89 96 97 101 102 111 112 113 115 116 117 118 126 127 131 132 138 145 147 148 149 150 153 166 169 170 171 173 177 179 182 185 190 195 200
32
2 11 13 30 31 46 50 54 59 61 64 70 76 82 89 98 105 109 119 124 130 131 143 160 164 165 173 176 180 192 195 198
45
2 5 6 9 25 27 34 36 38 40 42 46 68 70 77 78 80 81 90 94 95 97 103 104 107 110 111 113 115 118 128 132 134 137 140 142 163 173 180 181 186 187 190 197 200
40
3 5 13 14 15 20 21 22 31 41 42 43 49 52 58 62 63 69 74 87 93 94 95 99 106 108 111 120 122 131 141 144 160 163 166 189 192 193 195 196
32
9 18 25 46 49 58 60 66 67 72 78 82 101 113 114 115 116 123 124 128 139 151 152 154 157 162 163 166 177 182 186 188
40
1 5 14 19 24 25 27 31 32 33 34 37 40 45 47 48 49 50 52 55 64 69 77 84 92 98 103 112 123 124 134 139 151 163 168 170 183 186 189 197
