50 100
1.0 1.0 1.0 1.0 1.0 1.0 1.0 1.0 1.0 1.0 1.0 1.0 1.0 1.0 1.0 1.0 1.0 1.0 1.0 1.0 1.0 1.0 1.0 1.0 1.0 1.0 1.0 1.0 1.0 1.0 1.0 1.0 1.0 1.0 1.0 1.0 1.0 1.0 1.0 1.0 1.0 1.0 1.0 1.0 1.0 1.0 1.0 1.0 1.0 1.0 1.0 1.0 1.0 1.0 1.0 1.0 1.0 1.0 1.0 1.0 1.0 1.0 1.0 1.0 1.0 1.0 1.0 1.0 1.0 1.0 1.0 1.0 1.0 1.0 1.0 1.0 1.0 1.0 1.0 1.0 1.0 1.0 1.0 1.0 1.0 1.0 1.0 1.0 1.0 1.0 1.0 1.0 1.0 1.0 1.0 1.0 1.0 1.0 1.0 1.0
4
15 47 64 97
2
13 21
3
20 39 43
3
10 21 86
4
42 61 76 80
5
23 52 67 70 91
8
6 35 48 74 76 81 87 93
10
10 13 16 26 36 49 50 70 94 96
5
5 40 58 74 80
5
7 71 81 87 88
7
30 32 43 59 80 87 95
11
8 21 22 24 26 28 39 43 46 60 90
1
64
8
6 13 19 45 55 67 73 79
2
11 100
3
15 45 87
11
12 43 44 47 57 71 88 94 97 99 100
5
9 14 44 56 87
6
21 35 47 58 63 91
7
19 20 55 60 78 91 95
8
1 5 9 36 49 54 87 98
7
21 36 66 68 75 79 96
5
8 16 21 68 99
5
14 24 29 44 45
4
13 20 34 62
1
46
6
26 29 38 73 82 97
3
21 79 89
6
26 28 55 63 83 91
4
16 21 33 87
6
29 37 38 77 87 93
5
27 30 37 62 92
5
51 52 62 70 85
4
26 46 62 76
2
15 33
5
2 12 23 72 78
6
8 21 23 24 64 66
2
2 64
6
14 53 71 74 78 83
7
15 22 40 57 65 79 84
3
14 37 84
4
10 26 46 99
5
10 14 21 29 88
4
4 47 68 93
8
13 16 19 20 25 27 54 56
5
13 31 82 85 94
3
24 34 94
7
22 38 45 68 90 91 98
3
4 37 53
2
13 46
