150 300
1.0 1.0 1.0 1.0 1.0 1.0 1.0 1.0 1.0 1.0 1.0 1.0 1.0 1.0 1.0 1.0 1.0 1.0 1.0 1.0 1.0 1.0 1.0 1.0 1.0 1.0 1.0 1.0 1.0 1.0 1.0 1.0 1.0 1.0 1.0 1.0 1.0 1.0 1.0 1.0 1.0 1.0 1.0 1.0 1.0 1.0 1.0 1.0 1.0 1.0 1.0 1.0 1.0 1.0 1.0 1.0 1.0 1.0 1.0 1.0 1.0 1.0 1.0 1.0 1.0 1.0 1.0 1.0 1.0 1.0 1.0 1.0 1.0 1.0 1.0 1.0 1.0 1.0 1.0 1.0 1.0 1.0 1.0 1.0 1.0 1.0 1.0 1.0 1.0 1.0 1.0 1.0 1.0 1.0 1.0 1.0 1.0 1.0 1.0 1.0 1.0 1.0 1.0 1.0 1.0 1.0 1.0 1.0 1.0 1.0 1.0 1.0 1.0 1.0 1.0 1.0 1.0 1.0 1.0 1.0 1.0 1.0 1.0 1.0 1.0 1.0 1.0 1.0 1.0 1.0 1.0 1.0 1.0 1.0 1.0 1.0 1.0 1.0 1.0 1.0 1.0 1.0 1.0 1.0 1.0 1.0 1.0 1.0 1.0 1.0 1.0 1.0 1.0 1.0 1.0 1.0 1.0 1.0 1.0 1.0 1.0 1.0 1.0 1.0 1.0 1.0 1.0 1.0 1.0 1.0 1.0 1.0 1.0 1.0 1.0 1.0 1.0 1.0 1.0 1.0 1.0 1.0 1.0 1.0 1.0 1.0 1.0 1.0 1.0 1.0 1.0 1.0 1.0 1.0 1.0 1.0 1.0 1.0 1.0 1.0 1.0 1.0 1.0 1.0 1.0 1.0 1.0 1.0 1.0 1.0 1.0 1.0 1.0 1.0 1.0 1.0 1.0 1.0 1.0 1.0 1.0 1.0 1.0 1.0 1.0 1.0 1.0 1.0 1.0 1.0 1.0 1.0 1.0 1.0 1.0 1.0 1.0 1.0 1.0 1.0 1.0 1.0 1.0 1.0 1.0 1.0 1.0 1.0 1.0 1.0 1.0 1.0 1.0 1.0 1.0 1.0 1.0 1.0 1.0 1.0 1.0 1.0 1.0 1.0 1.0 1.0 1.0 1.0 1.0 1.0 1.0 1.0 1.0 1.0 1.0 1.0 1.0 1.0 1.0 1.0 1.0 1.0 1.0 1.0 1.0 1.0 1.0 1.0 1.0 1.0 1.0 1.0 1.0 1.0 1.0 1.0 1.0 1.0 1.0 1.0
52
6 7 10 15 20 25 26 30 54 58 60 64 65 71 76 87 88 89 93 96 104 105 111 116 128 132 134 138 140 143 154 156 164 171 172 173 182 183 189 196 243 245 247 254 258 264 275 282 283 293 295 297
63
3 4 8 10 12 15 18 19 26 32 34 35 38 47 48 50 53 60 75 78 85 86 91 93 94 100 109 112 116 127 130 131 135 139 151 152 153 154 155 162 166 171 172 173 195 201 205 209 217 220 223 231 248 250 252 259 262 264 267 268 270 277 300
59
8 9 12 20 27 29 30 39 60 61 67 70 73 79 92 95 96 98 117 118 119 129 138 139 142 147 149 151 163 167 173 176 180 185 187 192 196 199 204 213 216 218 223 236 238 245 246 248 250 258 262 271 273 279 282 283 294 296 300
67
1 7 12 16 22 23 25 38 41 46 50 53 57 61 64 68 69 70 85 86 88 102 121 122 125 144 148 150 158 161 162 169 170 172 173 174 179 181 182 184 190 201 207 208 209 210 211 227 231 232 238 250 254 255 257 259 260 261 264 268 275 283 284 291 293 296 300
59
2 3 4 14 19 37 38 40 47 49 50 51 53 58 59 60 71 75 79 80 81 82 86 93 94 102 103 104 118 119 139 150 153 156 159 161 169 179 184 189 201 213 217 220 223 226 240 241 244 248 259 265 268 273 280 287 288 290 299
55
2 3 4 9 23 34 37 40 44 45 48 51 53 56 61 64 67 73 74 94 105 114 115 118 129 130 143 166 170 178 185 189 191 195 202 203 204 217 233 238 243 245 249 259 262 263 269 270 272 284 287 288 289 293 299
52
19 20 23 31 35 40 42 68 70 72 79 80 83 85 90 93 96 104 111 122 125 136 143 145 148 153 158 161 164 165 171 176 180 184 193 198 206 213 217 222 225 234 239 241 246 252 259 267 268 272 274 287
70
1 4 24 25 27 29 31 33 38 39 42 46 48 50 53 55 64 73 74 76 77 78 81 83 86 92 99 101 113 121 122 130 133 136 141 144 148 154 161 162 165 166 167 168 171 174 175 191 193 195 199 209 218 222 226 227 228 234 245 253 265 271 272 276 278 285 287 294 298 300
57
2 4 10 13 15 23 29 35 42 46 48 49 50 52 53 56 62 68 74 75 81 83 85 87 89 101 104 106 116 129 131 136 139 141 147 165 171 178 181 196 197 202 204 205 215 218 219 229 243 248 249 251 258 270 283 287 296
71
4 7 15 22 24 25 28 30 40 42 43 47 53 54 55 57 59 60 64 66 67 81 83 88 92 94 95 96 101 102 103 104 109 125 126 135 140 146 149 154 158 164 171 172 179 186 187 189 191 193 205 211 222 230 232 242 250 259 262 263 264 268 270 273 274 276 286 291 294 295 296
83
1 5 7 8 14 19 20 21 22 24 29 31 42 43 46 58 62 63 65 67 75 76 81 87 88 93 96 97 99 103 104 106 108 110 114 117 118 120 121 123 126 127 128 129 132 136 138 146 153 154 164 167 171 172 175 176 178 179 181 182 191 199 200 204 205 206 219 224 234 235 237 239 240 242 251 255 264 268 271 279 280 295 300
62
4 6 9 10 23 36 44 52 58 64 72 74 92 101 102 111 115 123 130 139 140 141 149 150 151 152 156 160 161 162 164 167 170 172 173 174 178 196 197 199 207 209 216 223 227 228 230 231 233 237 242 245 248 262 266 275 276 278 281 285 287 295
70
1 5 7 11 15 16 22 23 24 27 28 32 42 47 48 52 55 56 64 71 81 88 93 101 114 118 119 128 135 139 141 144 158 167 168 170 171 172 178 193 198 200 201 204 211 215 223 227 231 233 236 239 248 251 252 254 258 260 264 265 268 269 271 272 278 280 286 287 288 293
66
2 6 24 26 28 31 33 43 44 47 48 55 57 58 62 66 71 82 83 84 95 97 100 105 107 115 116 129 131 139 141 143 145 161 163 164 166 173 192 193 194 195 197 199 203 205 210 219 221 222 228 232 243 246 247 252 253 258 260 268 284 286 288 295 297 300
55
8 9 10 14 15 20 22 25 28 37 48 62 63 75 79 94 104 109 113 118 125 126 127 128 130 134 135 144 145 147 148 160 161 169 175 179 184 185 186 199 218 221 222 232 238 240 241 243 245 246 249 262 270 295 300
58
3 7 8 14 18 23 32 35 44 48 69 81 87 91 100 101 105 110 114 115 119 126 133 137 139 169 174 176 177 178 179 182 185 186 192 193 195 197 204 208 213 215 218 219 225 227 229 232 233 237 239 242 246 247 252 270 274 300
60
1 2 14 16 19 29 31 39 52 53 58 61 66 71 85 86 94 99 102 109 116 117 123 125 127 128 137 138 139 148 151 154 156 158 163 176 185 192 194 202 203 204 207 209 220 221 225 231 232 241 250 253 254 255 257 266 268 275 296 298
48
1 2 3 9 22 24 39 50 54 62 70 77 82 83 84 86 91 92 97 99 101 115 121 137 139 142 148 152 160 169 178 189 191 192 201 202 204 217 222 223 231 239 241 248 266 278 281 289
50
5 6 14 15 17 21 24 28 38 46 49 54 55 56 60 62 65 87 91 110 115 137 143 147 149 157 159 161 168 171 175 176 191 193 199 207 216 222 227 228 236 237 258 261 267 278 280 282 286 292
64
1 4 18 19 26 27 32 36 37 43 58 60 63 64 74 76 80 93 103 109 112 113 116 123 124 127 128 129 132 138 139 142 148 160 161 163 165 167 170 177 190 195 196 197 208 224 234 243 244 248 249 251 256 257 259 263 267 268 271 273 284 292 294 299
65
4 5 12 13 15 18 20 21 32 34 35 42 46 47 60 68 69 71 78 85 86 88 96 104 105 114 115 116 119 122 123 124 126 131 150 151 154 156 161 163 167 168 170 173 178 200 201 208 211 214 217 222 225 231 237 246 248 251 254 258 268 275 281 284 293
63
3 4 5 22 25 27 28 30 33 35 38 41 45 48 52 53 56 59 65 77 78 80 81 83 86 93 94 100 111 112 121 123 128 129 132 143 147 154 164 165 172 175 184 195 201 211 218 220 226 235 236 241 247 252 257 263 264 267 274 279 284 288 297
64
10 17 19 26 29 39 53 66 68 69 73 74 77 78 81 82 98 101 106 107 110 112 123 133 135 137 138 140 147 154 159 160 162 164 166 171 176 181 184 195 196 198 201 211 216 218 219 220 225 237 239 240 246 248 254 255 258 265 267 273 276 285 287 294
56
2 4 6 9 10 11 15 20 22 31 32 35 42 43 45 49 53 54 59 60 65 73 80 85 98 109 119 132 138 140 143 145 151 152 158 166 169 171 179 180 206 221 227 231 234 236 241 247 249 263 269 282 287 288 291 299
63
2 6 8 20 24 28 31 34 35 36 38 41 60 62 70 76 82 84 86 89 95 97 98 101 104 112 115 116 119 120 123 126 128 132 133 135 137 138 154 166 182 189 198 205 208 209 213 220 223 225 235 239 249 253 257 259 261 266 273 280 293 295 300
68
6 11 12 13 15 25 30 34 38 43 47 52 54 60 63 64 65 71 94 102 105 114 121 124 126 128 130 132 141 143 145 147 149 153 156 163 171 178 179 180 185 193 196 200 203 204 205 225 227 230 233 237 239 240 241 243 247 254 256 260 265 268 272 273 288 290 293 296
67
3 16 17 25 31 32 33 35 39 41 49 51 54 56 59 61 67 69 72 76 81 87 89 99 109 117 122 125 131 135 138 141 145 155 158 165 173 178 180 186 195 196 203 206 207 209 212 213 220 223 231 236 242 246 262 263 266 271 276 277 279 284 285 287 289 291 299
48
9 10 12 24 45 46 49 56 57 60 70 81 88 93 95 110 112 130 141 143 145 149 155 156 165 170 173 174 177 188 189 191 194 196 206 208 211 217 237 240 252 256 267 269 287 297 298 299
64
2 4 8 29 36 38 40 47 61 64 66 70 74 76 88 92 99 102 106 107 108 116 122 126 132 133 135 137 146 147 150 156 157 163 164 169 170 173 177 179 188 191 197 202 206 208 214 220 231 232 233 243 248 249 250 262 266 270 273 275 283 284 289 291
64
8 11 14 25 30 31 35 39 40 44 45 46 51 52 58 63 64 71 72 73 79 88 93 95 96 97 100 104 106 114 117 124 129 133 147 149 154 155 156 158 162 182 186 189 192 194 199 204 209 216 220 221 224 228 235 236 246 250 254 269 283 286 288 300
55
5 6 12 14 19 25 26 30 34 60 63 68 83 91 96 103 107 108 112 115 120 123 124 127 132 139 143 144 149 151 154 155 165 175 180 182 183 185 191 196 215 216 224 228 234 238 248 255 256 264 267 271 273 283 299
64
1 5 11 16 17 27 36 40 42 51 59 82 88 91 94 99 103 112 124 135 136 139 143 144 145 146 153 157 158 159 160 164 165 169 170 172 174 180 183 184 188 190 194 198 204 213 220 221 224 226 231 239 242 261 262 263 265 266 273 280 287 295 297 300
52
5 10 13 17 19 23 24 28 37 42 43 48 59 71 73 83 84 86 94 95 102 103 107 113 115 120 124 126 139 148 149 161 165 169 170 171 172 176 177 191 192 200 219 224 239 243 266 269 288 290 293 300
57
12 14 37 45 48 50 53 60 64 68 78 79 81 86 91 92 96 100 102 106 107 108 113 116 121 123 125 131 135 136 148 169 180 181 202 213 228 229 232 233 241 248 250 254 256 266 270 273 281 283 285 287 289 293 296 298 299
52
10 12 13 14 30 36 43 51 60 67 71 82 86 95 103 119 125 126 128 148 149 155 156 157 158 160 161 174 177 179 180 187 188 196 200 205 207 215 228 230 235 256 258 261 268 272 275 280 282 284 290 298
52
4 5 17 18 20 22 31 39 41 49 52 54 61 62 65 74 85 92 96 98 99 100 101 110 119 139 150 158 161 167 169 171 182 201 203 206 219 226 238 248 252 258 259 263 275 279 280 281 284 286 291 295
69
11 21 22 25 27 31 33 40 41 44 45 48 53 68 84 88 90 99 103 107 108 112 115 119 126 134 142 143 146 147 149 165 175 176 185 187 188 193 194 196 202 203 205 215 219 220 224 225 232 233 235 236 237 238 239 240 244 246 247 249 250 253 258 273 285 289 295 299 300
64
1 4 19 24 26 30 35 36 40 49 52 61 65 66 68 70 76 83 89 91 98 102 116 118 121 125 129 130 132 134 137 138 149 155 156 157 163 173 180 187 189 191 195 197 198 199 200 221 226 237 238 245 246 248 251 255 262 266 267 273 275 280 281 295
59
2 3 10 26 28 29 30 41 46 56 63 64 75 79 82 90 95 104 109 110 115 128 129 130 135 136 139 149 152 154 156 157 174 177 183 188 189 193 194 205 206 208 209 210 215 221 222 225 226 240 252 253 262 266 270 281 282 287 293
60
3 5 6 9 21 27 31 35 36 41 43 45 52 55 65 67 69 72 73 77 80 88 89 90 91 99 101 108 111 113 127 128 148 158 169 170 176 178 180 201 202 203 207 222 228 237 243 245 251 254 256 258 260 262 280 281 289 297 299 300
52
2 5 9 12 24 26 27 30 42 43 47 62 67 73 81 87 97 101 104 116 120 126 128 129 134 136 149 151 155 157 165 171 173 175 183 185 200 201 203 205 212 222 238 242 247 258 259 260 262 267 279 283
54
11 12 16 26 42 53 58 59 62 75 76 81 83 84 85 87 88 92 100 113 121 126 131 133 138 141 165 173 175 186 187 190 191 196 198 204 214 218 227 231 237 247 258 259 261 263 267 270 272 274 292 295 296 297
65
1 4 6 7 13 21 30 46 52 62 69 72 76 78 79 80 87 88 90 91 96 97 103 107 115 116 127 129 130 134 135 145 172 173 174 176 182 188 191 193 202 203 208 210 211 226 230 237 238 241 242 250 253 256 257 260 261 262 263 265 266 272 277 287 299
54
1 3 7 9 11 16 28 36 39 40 41 45 59 64 68 71 95 98 105 108 117 119 126 127 139 142 144 149 153 154 159 162 164 165 175 195 202 222 226 233 234 235 239 243 248 253 254 264 271 274 283 290 291 294
62
3 9 13 17 18 24 30 42 44 46 51 52 54 56 60 64 72 74 79 92 100 103 113 128 131 137 156 159 161 166 167 169 178 182 186 188 200 204 205 210 224 225 228 232 238 241 245 248 250 269 270 271 272 273 275 276 279 282 287 289 293 299
59
5 12 17 25 27 37 40 42 63 67 68 74 78 80 87 92 93 94 100 103 112 115 118 127 132 135 142 146 154 159 161 162 172 178 188 190 195 201 202 206 211 218 221 222 232 242 246 251 257 262 263 265 272 273 277 288 289 296 298
67
8 11 18 26 27 30 34 35 37 42 44 57 63 67 73 78 79 80 82 83 88 90 92 99 102 103 106 108 109 117 120 126 127 132 140 141 144 147 148 152 154 158 161 164 166 170 178 182 184 188 198 200 211 215 220 221 224 240 248 252 266 279 280 282 288 294 299
57
1 8 10 11 12 16 21 22 23 32 36 44 49 57 62 63 67 69 74 77 79 83 86 90 93 106 112 116 123 124 125 126 144 146 149 162 163 165 175 180 192 197 218 227 230 239 247 253 254 255 268 269 274 280 281 288 298
70
22 25 32 34 37 38 41 51 54 55 56 57 60 62 63 66 68 73 75 81 83 91 98 114 116 118 121 123 135 137 138 145 147 148 164 167 172 173 176 178 182 186 187 188 191 192 193 205 217 222 226 229 233 246 247 250 258 261 264 265 266 270 271 272 274 278 289 292 294 298
63
1 12 16 18 21 24 37 40 52 53 54 60 68 72 73 79 82 83 87 91 98 101 103 123 135 136 142 145 149 154 160 173 183 190 191 195 197 200 201 202 203 208 214 217 218 225 227 231 233 242 243 244 260 262 266 272 273 274 280 288 291 294 299
69
3 11 23 26 29 32 36 39 44 45 46 51 54 59 74 76 78 80 81 85 86 97 109 111 112 113 116 118 119 125 128 135 142 144 153 155 157 158 166 171 173 186 187 189 193 195 205 206 217 222 223 224 227 230 233 240 246 250 252 254 264 268 284 285 288 289 292 297 298
51
1 4 5 9 12 23 24 35 39 40 42 54 58 66 82 93 96 112 130 136 143 147 157 160 167 169 171 180 183 195 204 208 211 215 232 236 238 246 249 250 255 261 262 264 267 268 273 289 296 299 300
60
2 3 7 12 16 24 30 31 37 38 42 52 57 58 60 64 67 68 69 70 71 89 91 108 113 116 123 136 142 145 151 166 169 174 178 182 183 189 190 199 203 207 216 223 229 234 235 238 239 242 245 259 261 264 265 268 275 276 282 293
71
2 4 7 12 24 27 33 35 41 50 59 62 63 67 75 77 78 79 81 94 99 100 101 109 111 112 117 122 126 131 134 135 136 147 154 157 164 169 172 179 185 187 199 204 206 207 210 212 213 219 228 239 240 243 254 257 258 259 265 267 274 275 277 278 281 282 284 285 293 295 299
51
17 25 28 31 36 45 47 70 72 76 91 96 99 111 112 116 117 118 120 133 143 150 157 158 160 164 167 170 180 181 182 185 196 198 200 202 204 209 234 240 246 254 272 275 277 278 285 286 288 299 300
62
8 14 16 17 21 27 31 38 41 42 43 53 65 67 68 76 80 95 98 99 107 109 110 112 125 128 130 132 137 151 154 166 175 176 177 183 184 191 196 198 199 201 202 207 210 216 217 220 231 248 250 252 254 255 259 261 264 265 279 283 291 295
53
1 4 19 21 22 27 31 35 47 55 56 75 77 80 82 88 91 95 96 111 116 121 122 127 130 132 134 144 160 161 165 170 172 174 186 190 191 192 194 199 200 214 224 226 230 231 236 240 243 245 253 271 289
72
1 5 6 12 13 28 32 45 50 51 52 62 68 77 78 95 99 105 108 109 110 114 122 127 130 135 137 138 141 142 148 150 158 159 163 164 172 178 180 181 184 185 192 198 202 205 212 215 217 219 233 240 242 249 251 255 256 257 264 265 266 270 274 275 279 283 288 289 293 296 299 300
67
9 13 15 28 38 41 46 48 51 52 53 54 55 56 61 62 69 81 84 89 94 96 106 107 112 114 124 126 128 131 142 154 158 169 179 180 183 187 193 194 197 201 209 210 212 214 221 222 226 227 228 229 231 237 238 241 247 254 265 266 267 270 277 279 289 296 298
63
3 4 10 11 16 19 23 35 40 43 60 68 72 73 80 86 91 96 102 108 118 124 131 133 137 140 145 146 153 154 156 160 161 166 172 173 178 185 187 191 192 194 198 199 201 210 213 214 215 224 226 229 230 231 235 248 250 261 263 265 276 293 294
79
13 14 17 21 29 31 34 46 48 50 55 60 63 67 70 76 80 81 89 91 93 94 100 104 106 107 109 113 122 123 124 126 132 133 135 136 138 150 154 157 158 159 160 161 174 175 180 182 183 187 196 197 200 202 205 206 217 221 223 225 235 239 245 247 248 252 254 256 257 264 266 267 270 279 280 288 289 293 295
60
1 4 11 27 36 37 38 41 46 54 71 81 82 85 95 98 105 106 107 117 119 121 127 128 134 137 138 146 147 149 153 155 160 161 162 168 169 170 177 178 182 191 197 200 205 212 214 217 222 227 229 240 242 253 261 276 277 283 288 299
68
7 9 11 20 24 26 30 32 36 37 41 42 44 47 50 54 57 60 66 76 83 88 103 104 105 107 108 112 115 116 117 119 123 131 133 135 137 138 151 158 163 164 165 169 171 173 191 192 196 198 200 211 214 220 227 230 234 246 247 255 259 264 265 267 271 280 292 300
47
13 16 18 24 25 29 31 33 38 54 63 72 82 83 105 107 110 113 120 122 125 128 147 148 149 151 159 161 171 174 175 180 188 206 208 209 211 240 241 242 243 247 249 264 270 285 289
68
5 12 20 22 26 32 33 39 53 54 62 68 81 83 84 87 89 90 95 96 102 109 120 121 122 130 139 140 142 143 155 164 168 169 182 187 188 190 195 197 198 202 209 212 217 221 222 225 231 239 243 247 253 261 263 264 265 276 277 281 282 285 287 288 291 294 297 298
49
3 4 30 34 41 43 45 51 54 66 68 69 73 75 77 95 102 108 111 121 134 136 143 147 153 156 159 167 168 179 184 188 190 197 198 204 207 208 216 224 229 243 244 257 271 273 274 288 296
67
1 5 8 10 13 17 25 40 42 55 62 71 72 74 79 82 83 89 90 92 97 102 108 121 125 130 136 139 145 146 151 152 156 158 160 167 178 189 192 196 197 203 206 214 216 217 219 220 229 236 249 250 254 257 265 269 271 272 279 281 283 287 289 291 292 294 295
65
6 19 24 27 29 31 35 40 43 45 55 62 64 68 69 70 78 88 93 98 100 101 104 114 123 124 138 139 142 153 158 159 160 161 163 168 170 173 176 183 184 194 195 197 210 215 218 219 226 229 230 239 241 246 255 260 263 266 268 270 280 281 282 286 293
73
4 7 11 12 21 22 27 30 33 39 46 52 60 61 64 74 76 78 82 83 92 93 95 97 99 103 108 118 119 121 125 134 148 149 153 159 161 169 174 175 179 187 189 194 195 198 201 204 205 206 210 211 212 213 218 219 222 236 240 241 245 249 250 261 265 273 274 278 280 281 285 286 293
73
5 7 8 15 19 23 25 27 28 42 44 45 61 62 64 66 71 80 81 83 84 85 104 105 109 110 111 117 118 123 124 133 134 151 153 155 156 157 158 162 167 170 181 183 187 189 200 201 203 205 207 209 213 217 219 223 227 233 235 236 241 244 250 253 254 262 266 277 281 292 294 296 298
47
6 16 35 41 42 48 66 70 84 87 90 96 107 120 123 127 129 136 137 139 152 159 161 165 168 170 177 185 194 196 203 204 205 216 224 227 229 255 259 268 270 277 279 280 281 283 290
63
2 3 7 8 10 13 15 16 27 34 36 37 42 48 57 73 75 76 77 90 97 99 102 104 106 115 116 119 120 127 130 150 166 175 181 184 188 189 194 197 200 201 202 203 208 211 215 219 221 238 239 240 242 243 247 251 253 260 261 264 267 271 297
71
2 4 5 9 10 15 19 28 30 31 32 33 38 48 49 60 63 67 71 72 73 74 78 84 85 87 90 92 99 100 106 115 116 127 128 134 141 152 157 166 171 173 174 176 184 188 189 191 193 194 200 203 204 208 221 222 223 226 228 242 260 262 264 266 268 272 274 281 287 295 299
58
10 12 16 18 22 23 31 32 34 36 40 44 55 61 64 66 78 82 84 109 113 118 121 128 133 146 147 148 156 158 168 169 171 186 192 197 198 199 203 206 208 213 216 218 222 224 225 254 260 261 264 272 275 284 291 293 294 298
60
4 7 15 22 23 26 32 34 39 57 58 63 70 75 79 80 94 96 98 104 106 109 123 125 130 132 144 150 156 162 178 181 185 187 195 196 199 201 206 207 208 209 218 226 227 231 233 239 247 252 270 272 273 278 279 280 286 289 290 294
62
1 37 38 43 49 50 51 56 59 64 68 70 75 79 82 101 103 110 114 115 118 136 137 139 151 152 161 164 166 178 185 186 189 190 193 196 197 199 200 205 212 216 220 231 233 237 238 239 249 253 258 260 261 263 268 272 273 276 280 287 291 298
48
3 13 19 22 23 25 26 29 59 69 81 85 131 133 134 137 138 146 157 159 162 164 166 174 175 185 190 196 197 200 201 204 210 215 222 231 232 236 237 240 255 258 264 266 271 277 284 287
53
8 17 28 31 37 42 44 45 46 50 53 54 55 63 71 79 87 91 94 106 108 109 110 114 119 121 129 131 135 147 150 151 153 155 157 166 184 186 194 209 210 212 235 241 243 244 247 258 267 275 286 292 296
70
2 8 9 10 11 24 25 29 45 46 49 51 54 56 74 80 81 87 89 98 101 102 103 104 105 110 112 113 116 122 124 127 129 131 132 136 139 143 145 152 153 159 160 168 170 175 180 183 187 188 190 194 195 198 202 214 220 221 223 228 232 233 237 255 263 269 284 286 287 295
68
3 5 8 30 37 39 40 45 50 57 61 62 65 67 74 79 81 89 92 97 98 104 105 107 111 112 113 121 122 123 127 131 132 138 140 142 147 159 164 171 173 186 191 194 201 204 209 212 217 222 229 231 236 247 248 249 254 256 258 262 274 275 277 281 282 285 290 294
58
11 16 25 33 40 42 47 51 53 58 62 74 77 82 96 104 105 106 107 112 121 132 133 134 135 140 144 152 153 166 169 172 176 183 187 190 192 205 207 219 224 229 230 232 234 235 239 241 243 248 253 259 276 282 290 295 299 300
54
11 18 24 28 32 36 44 46 47 63 66 76 78 88 92 93 97 101 103 107 112 114 116 119 122 129 135 136 143 150 155 157 179 197 200 212 218 221 230 231 232 237 241 251 256 258 260 263 268 272 281 282 285 292
60
11 12 17 18 24 28 29 31 32 33 36 40 45 52 53 55 63 74 77 88 89 94 102 108 112 123 128 131 134 144 154 156 163 167 168 176 179 188 190 191 194 209 212 215 223 225 227 233 237 241 249 264 268 273 274 281 286 293 296 300
62
8 9 10 15 23 25 33 35 37 52 59 67 68 70 73 77 81 84 104 105 107 108 110 112 116 118 120 126 127 133 134 138 143 153 155 162 184 189 192 199 204 215 226 227 228 230 231 237 239 250 253 257 269 271 272 286 287 292 297 298 299 300
57
5 7 8 11 13 17 24 33 40 53 60 62 68 74 91 96 99 102 111 113 118 123 130 131 143 148 155 159 164 165 169 170 175 179 187 191 192 195 206 213 215 219 224 235 242 246 256 261 264 265 267 273 276 279 285 289 296
60
1 10 17 23 27 28 32 38 39 43 45 51 54 63 68 71 74 76 79 93 94 95 96 102 104 105 109 117 122 135 142 144 147 152 155 159 161 164 166 171 194 195 197 204 205 209 211 223 226 255 256 262 266 267 270 276 278 279 290 292
63
2 16 19 22 33 34 35 39 50 53 54 56 71 82 88 93 96 97 99 103 109 111 115 118 119 122 126 127 131 134 135 147 149 151 157 161 162 174 185 186 191 193 196 205 208 210 220 221 225 227 236 238 240 244 249 259 264 266 268 274 282 287 295
68
2 3 8 10 15 38 39 43 50 53 54 56 60 69 70 88 90 92 97 113 117 124 128 131 132 135 138 154 155 158 167 168 171 174 175 186 187 189 191 197 201 205 208 215 216 225 228 230 233 235 239 241 242 244 249 250 254 255 257 268 273 280 283 284 286 289 290 295
56
6 10 11 12 14 17 19 20 24 25 27 40 42 55 56 68 74 81 85 89 91 92 95 104 114 116 127 128 130 136 137 142 144 153 158 164 170 172 179 190 217 219 222 244 249 251 257 263 264 266 267 270 279 281 285 290
50
1 2 5 6 23 30 35 37 39 41 46 51 52 54 60 79 80 83 92 99 105 110 120 121 123 126 127 133 140 148 157 164 175 179 180 187 195 200 202 205 206 221 241 250 262 278 281 282 286 289
65
7 14 15 17 18 25 27 28 30 32 44 65 69 71 72 75 83 85 94 95 97 104 106 107 108 111 116 121 130 143 145 146 152 153 156 164 167 168 171 173 180 192 195 201 205 215 217 220 239 242 244 247 250 251 258 262 266 270 274 282 286 288 296 299 300
53
1 2 4 7 9 18 19 20 23 32 36 63 68 76 84 85 87 94 95 98 111 119 121 125 135 140 147 152 154 156 163 165 169 175 194 197 216 221 224 225 227 233 240 247 249 260 263 269 273 276 293 294 300
59
4 5 8 9 10 15 24 25 35 42 44 48 62 68 69 73 75 82 83 84 90 98 103 120 123 124 133 138 139 141 142 149 150 152 157 160 162 163 169 177 186 188 194 203 209 222 227 235 244 249 261 262 263 270 271 280 287 290 296
67
2 3 11 13 15 24 26 34 38 39 44 48 51 55 57 74 80 81 83 85 87 92 95 100 101 104 108 114 126 130 132 134 137 162 164 165 170 179 181 182 183 186 187 188 191 200 208 212 220 223 230 231 232 237 239 242 244 245 254 259 263 265 283 284 285 288 289
69
4 8 9 12 19 30 36 42 46 50 56 59 62 68 70 72 74 81 85 87 91 93 97 101 103 106 108 109 112 116 117 125 131 132 133 138 145 152 154 156 165 172 182 183 188 197 200 201 208 209 211 215 216 219 221 237 242 243 248 252 257 265 268 270 273 277 282 285 296
66
4 12 16 18 39 41 50 51 53 55 56 61 74 85 86 87 88 90 92 93 96 129 133 139 140 144 148 149 156 159 163 167 168 169 170 190 201 203 204 206 207 212 213 214 215 218 222 223 224 226 227 228 229 235 236 248 253 261 262 273 291 292 293 295 296 298
74
1 2 11 18 19 20 37 42 45 57 62 70 74 76 77 86 89 98 106 110 111 114 115 116 117 121 126 129 130 131 135 138 140 141 143 147 150 152 155 160 169 172 177 180 183 192 207 216 220 222 224 225 228 233 235 237 241 242 250 252 255 258 260 268 269 271 272 273 276 279 280 281 292 297
41
12 40 41 49 53 56 66 69 76 77 79 82 94 114 129 134 135 148 151 156 164 180 190 201 202 217 219 225 229 234 236 239 241 243 252 268 281 288 290 294 299
71
5 7 12 15 18 20 21 22 35 37 39 41 42 47 55 60 61 70 74 75 92 93 99 100 115 116 119 120 121 126 127 133 134 138 143 145 147 157 158 168 169 171 179 180 183 184 185 189 200 203 213 216 223 226 233 247 249 253 255 260 261 264 268 272 276 283 284 286 291 297 300
69
5 7 14 36 39 42 43 47 49 53 55 58 64 65 67 68 70 71 72 73 74 75 82 83 91 108 111 113 117 123 131 132 139 140 142 155 156 161 162 166 171 174 177 178 180 186 198 203 205 218 219 231 232 234 237 241 242 250 252 258 268 270 272 276 282 286 293 294 297
58
3 13 28 34 35 36 37 40 42 57 60 63 68 70 75 80 87 93 95 119 120 122 123 124 126 129 134 137 146 152 177 178 188 191 192 203 204 208 210 211 221 223 229 234 239 241 244 248 252 276 282 284 285 286 287 288 289 296
56
8 19 20 26 34 38 54 57 61 65 76 85 86 100 103 105 107 108 111 112 113 117 127 139 154 155 162 168 175 181 183 201 203 210 213 216 217 226 229 230 241 245 248 251 254 256 257 264 268 269 271 274 281 285 295 298
69
5 9 14 16 19 22 25 29 34 49 50 54 64 69 74 76 85 89 92 99 104 116 123 126 127 133 136 139 144 147 150 166 176 179 180 183 186 189 192 194 195 196 205 215 216 217 218 222 223 224 232 233 242 244 245 248 257 263 264 268 273 274 275 276 277 280 287 289 291
60
15 20 26 27 29 34 39 43 44 48 50 56 57 64 74 75 83 86 90 97 104 105 108 111 112 116 119 122 126 129 134 139 153 154 162 165 178 198 199 200 201 205 210 214 229 233 239 240 248 256 260 268 271 280 281 284 286 290 294 296
65
4 8 9 21 26 31 34 36 42 47 48 49 53 55 59 61 63 65 69 72 74 77 80 88 89 90 95 96 99 101 109 110 126 127 134 135 146 148 150 151 154 156 157 158 162 175 176 189 203 207 210 224 229 234 242 244 251 261 264 268 273 276 288 296 299
69
1 2 3 12 13 16 17 18 19 23 26 35 37 39 42 50 61 71 81 84 87 90 95 97 98 101 109 110 111 120 122 129 135 137 139 141 157 158 160 164 166 170 171 172 185 186 191 192 200 201 203 207 209 214 220 221 226 229 231 245 260 268 273 279 281 286 289 297 300
60
1 8 15 28 32 33 43 50 55 56 60 62 65 73 79 83 84 100 104 115 121 130 135 139 140 145 153 154 155 156 158 160 171 172 175 195 196 208 212 213 219 222 229 233 241 243 244 245 249 255 256 268 270 272 275 278 285 286 291 299
48
2 17 20 26 28 31 35 41 43 44 45 49 54 59 62 66 77 82 130 132 145 149 153 154 159 169 173 177 178 187 194 196 201 204 221 225 226 228 229 231 240 261 269 273 284 287 288 296
67
2 9 12 13 41 51 56 57 66 71 72 74 81 85 87 89 91 94 105 115 120 125 129 140 147 152 155 160 164 166 168 171 173 174 176 179 182 193 196 203 204 209 216 224 225 226 232 233 237 240 241 247 248 249 256 258 261 264 266 269 279 284 290 292 295 296 297
58
4 7 15 17 22 23 26 28 31 35 38 42 57 67 71 72 80 90 95 102 112 113 125 126 140 141 148 149 157 158 174 176 180 189 193 194 212 219 221 228 229 230 238 240 247 251 255 259 260 265 269 270 281 286 288 292 297 299
49
3 4 12 16 24 26 27 33 41 45 51 58 65 74 84 97 106 112 114 115 119 123 140 143 148 158 165 171 176 177 181 183 184 199 209 217 219 221 225 232 237 239 244 249 250 266 280 291 299
67
2 6 9 10 14 19 26 28 33 35 44 48 53 54 58 60 65 70 73 96 99 102 111 112 113 116 121 124 131 138 139 143 144 145 147 148 150 151 156 157 159 165 169 180 181 187 199 200 201 205 218 219 221 243 248 252 253 254 266 273 278 280 285 286 287 296 298
53
4 5 8 9 16 19 20 23 50 51 62 63 79 87 94 96 98 99 108 114 115 122 125 129 137 145 153 154 159 162 170 171 174 175 178 201 203 213 223 226 228 239 240 249 250 256 257 261 281 284 285 297 298
65
3 4 9 12 13 23 24 26 36 42 43 46 51 57 65 67 70 71 76 82 83 86 90 98 99 100 107 108 116 118 122 124 128 131 133 145 147 149 150 155 160 174 177 192 193 203 213 216 232 233 237 238 239 248 252 255 258 267 274 278 289 291 292 296 299
68
6 10 14 26 29 30 31 36 43 49 52 54 58 64 66 68 78 79 83 84 88 89 97 98 99 103 115 123 124 148 149 163 164 166 169 171 173 174 183 185 190 204 205 216 217 218 219 222 223 227 231 233 234 235 238 241 246 251 253 254 255 258 260 261 283 287 296 299
62
3 4 7 8 17 22 24 29 31 32 37 40 43 55 58 69 78 79 86 92 101 104 105 106 112 119 120 121 131 141 143 144 148 151 156 161 166 170 173 177 178 186 190 197 198 202 218 226 234 235 236 243 247 258 260 261 262 265 268 282 285 293
53
7 11 12 29 37 44 48 54 71 72 82 92 100 104 110 112 114 120 121 130 131 146 148 154 156 160 163 165 176 179 183 184 188 191 192 196 214 219 222 225 230 237 239 253 269 271 279 280 284 286 287 289 299
47
5 45 47 48 50 51 59 62 72 74 75 79 85 86 95 97 104 110 116 131 135 145 149 162 163 171 175 179 181 185 216 217 218 229 236 243 251 252 253 254 255 257 260 261 267 274 298
53
7 10 11 12 19 23 26 32 33 38 45 49 52 55 66 67 74 81 83 84 101 105 110 115 117 118 123 127 128 130 133 141 144 166 168 176 177 184 213 219 226 227 229 234 237 253 255 258 262 263 270 273 275
59
1 5 8 9 11 17 21 22 24 28 32 33 35 38 48 59 64 66 70 72 73 80 83 92 96 103 105 111 113 134 148 150 161 164 177 178 188 193 196 198 202 205 207 213 219 222 225 233 234 240 241 244 249 257 265 269 279 280 295
72
2 5 10 12 21 27 39 43 45 49 51 52 53 58 59 61 65 66 68 73 74 76 77 84 100 111 113 118 119 125 129 140 143 154 160 164 166 171 173 176 181 190 192 198 201 203 204 208 219 228 233 235 244 245 247 250 255 256 258 263 264 267 269 275 277 279 281 282 287 288 299 300
71
1 4 6 13 15 19 31 35 41 43 50 51 56 58 63 66 75 79 84 85 86 87 96 106 119 120 122 126 128 136 140 142 144 148 150 162 166 171 174 175 176 182 185 190 198 199 200 202 205 208 210 211 215 217 221 229 234 240 245 246 249 252 257 259 263 264 271 276 281 287 296
69
1 2 3 9 10 12 20 22 30 36 37 43 50 52 56 57 59 66 72 73 75 82 85 87 96 102 105 106 110 112 113 114 119 127 129 132 144 158 166 169 174 176 179 181 182 185 191 194 199 204 205 215 217 221 229 230 232 233 235 238 245 249 250 265 274 283 286 289 297
60
5 9 12 15 25 27 34 39 42 55 58 66 71 73 97 106 108 109 113 118 125 127 133 139 140 152 160 168 169 171 173 175 176 185 192 197 208 210 213 214 215 219 223 228 229 246 247 248 251 252 261 271 272 274 278 287 288 291 294 300
57
6 9 10 29 33 39 42 48 51 52 53 65 66 73 74 75 76 82 85 90 101 102 105 118 127 135 136 137 151 154 155 161 171 177 179 201 202 203 212 218 219 220 221 222 223 228 229 242 244 246 256 259 273 277 292 295 300
51
7 9 34 38 39 47 54 56 58 59 62 70 79 81 83 98 105 107 108 109 119 120 139 148 158 161 170 179 180 189 190 195 198 208 211 216 219 220 225 231 241 248 250 253 255 261 262 266 271 273 288
48
16 27 28 30 31 33 35 37 42 43 44 48 49 54 57 74 77 85 95 139 144 145 157 158 179 180 188 189 200 211 222 232 234 236 237 240 241 244 247 258 273 274 275 282 289 291 299 300
64
1 4 8 10 18 27 33 36 39 40 41 43 45 54 55 58 70 71 78 80 81 82 85 98 101 107 109 114 116 119 124 130 143 147 149 163 164 174 175 181 191 193 196 197 199 200 211 214 220 225 231 242 246 256 257 270 278 281 284 291 293 294 295 296
60
3 7 8 9 19 31 32 44 45 46 48 52 57 66 69 71 75 82 85 87 88 94 110 115 116 123 129 146 152 154 157 162 165 168 170 171 174 175 178 179 184 188 191 193 201 211 219 220 225 226 227 238 239 243 262 266 269 275 277 293
63
1 2 4 10 21 34 35 41 47 50 58 70 74 80 90 93 94 99 114 116 121 128 130 138 139 142 144 145 146 147 151 156 160 167 168 169 173 174 176 179 180 183 184 185 186 194 221 222 224 225 232 234 245 250 259 261 268 274 282 285 292 294 299
56
6 9 20 27 31 33 34 39 41 44 45 48 56 74 79 86 97 100 104 120 130 131 132 135 139 140 148 149 160 161 165 177 179 185 187 189 195 205 210 212 213 217 219 227 231 234 238 239 250 260 265 280 282 283 284 289
55
19 21 24 32 34 38 40 43 45 51 54 55 57 59 61 62 65 96 99 121 123 124 135 138 140 153 155 156 158 162 166 185 189 193 202 203 206 214 215 219 227 229 232 234 238 250 261 265 266 269 272 276 285 291 293
62
3 11 14 17 21 25 39 42 44 45 71 72 76 79 89 93 94 95 102 104 105 106 121 126 130 132 133 136 138 140 144 149 150 152 153 169 170 183 194 202 213 216 223 225 232 238 243 247 251 252 257 260 261 263 268 269 277 278 285 286 291 292
48
6 16 17 19 23 27 28 48 49 51 53 60 64 78 90 99 106 115 123 131 138 147 154 158 165 168 176 177 178 191 193 195 203 212 215 216 226 228 236 237 247 258 263 267 268 282 288 290
51
1 9 15 20 23 25 31 39 40 51 52 57 60 64 66 68 71 74 76 79 80 81 86 91 94 116 123 134 137 151 163 164 176 183 184 201 215 232 235 246 254 256 269 275 276 278 281 282 295 296 297
60
9 10 14 28 40 41 44 46 59 60 73 74 75 77 101 118 126 127 130 131 133 134 135 141 143 146 149 155 156 158 165 170 171 174 177 193 196 197 207 208 213 219 222 233 242 243 245 262 264 266 272 274 276 278 279 281 283 289 291 300
68
5 8 12 15 28 34 47 50 52 57 59 62 63 66 69 73 74 79 83 86 94 97 110 112 116 117 119 120 121 127 130 133 136 142 143 144 149 150 154 156 157 165 166 167 169 173 176 194 195 196 201 202 204 208 216 218 224 243 247 248 252 260 261 267 278 281 288 296
65
2 4 6 14 19 25 28 43 45 51 54 67 84 100 110 113 117 118 127 131 133 135 139 140 141 144 150 155 159 163 164 166 168 178 180 185 189 194 195 198 199 200 201 202 204 206 211 215 220 227 228 245 247 248 250 253 267 273 275 281 286 287 292 293 295
68
7 12 17 20 27 28 33 37 38 41 42 48 50 51 55 59 71 72 74 77 87 92 109 112 115 120 124 135 137 140 141 156 163 171 173 177 179 188 198 200 204 207 208 213 216 224 229 232 233 235 240 251 253 255 260 264 265 267 271 274 277 283 284 285 287 297 299 300
54
3 4 8 12 13 16 18 23 26 29 50 52 54 55 60 72 81 87 90 95 96 99 101 104 107 117 123 132 135 146 151 166 185 191 196 199 202 218 221 226 231 235 238 246 253 254 258 259 264 268 272 286 291 300
68
5 8 16 21 26 32 41 44 47 48 55 56 61 62 78 84 85 92 93 101 104 108 111 112 115 117 119 120 121 128 133 137 146 152 153 154 159 166 172 178 179 190 195 198 200 206 211 213 218 220 221 222 229 230 232 235 236 238 244 249 257 262 263 270 278 280 286 290
48
2 5 6 8 13 28 46 50 51 52 55 74 81 91 100 103 118 125 162 167 181 187 196 197 198 200 201 202 203 205 216 217 218 219 224 227 235 240 241 243 254 257 264 275 276 285 290 300
55
1 9 10 37 48 68 80 82 83 84 91 103 105 118 125 137 141 143 146 149 158 161 162 165 166 167 175 176 177 183 194 198 199 203 204 213 215 218 219 224 226 227 228 230 231 232 237 251 263 265 268 276 287 294 297
60
2 8 21 24 35 37 38 44 52 53 55 56 57 63 65 69 71 81 83 85 90 104 108 119 121 122 129 134 136 145 150 152 158 161 164 168 175 178 183 192 195 198 200 205 209 210 215 223 232 239 253 260 263 264 267 268 273 278 289 293
50
7 12 13 15 18 20 23 27 29 31 40 41 43 44 48 49 70 73 76 77 79 80 92 94 104 109 112 116 131 139 145 146 148 163 174 189 195 200 213 214 217 225 236 248 254 256 272 277 282 285
67
9 10 11 12 26 38 39 49 55 58 63 67 69 70 72 73 84 99 105 108 110 115 117 119 122 123 129 130 131 135 139 145 149 157 170 178 182 183 184 195 198 202 203 207 208 213 217 222 228 229 231 232 237 243 244 251 255 259 265 266 281 284 286 289 292 293 297
58
3 9 14 17 26 37 53 60 66 75 76 84 86 87 91 95 99 100 104 107 108 109 119 127 137 138 140 141 142 149 153 154 162 166 171 173 188 204 205 208 211 213 220 224 228 229 231 233 234 237 241 255 265 275 278 280 292 295
70
1 9 15 16 18 20 25 27 31 35 36 37 44 45 47 51 67 74 76 77 85 88 90 93 108 113 114 115 119 120 125 126 129 130 136 138 140 142 147 149 150 154 159 169 170 171 185 200 202 207 211 216 218 219 220 225 227 230 247 250 253 254 257 262 274 280 281 287 289 295
67
1 9 18 19 20 33 34 43 45 52 54 61 84 86 87 89 91 98 100 101 102 103 107 115 126 134 136 137 146 151 153 157 159 161 167 168 170 173 185 188 192 194 198 200 204 214 216 218 225 231 233 240 245 248 254 257 265 269 273 275 278 279 283 285 291 297 298
48
1 15 17 19 30 31 33 45 46 53 60 62 63 65 80 86 93 100 106 109 111 125 136 144 145 147 152 157 161 162 164 167 184 186 190 198 200 204 207 230 231 242 252 257 259 261 267 296
