150 300
1.0 1.0 1.0 1.0 1.0 1.0 1.0 1.0 1.0 1.0 1.0 1.0 1.0 1.0 1.0 1.0 1.0 1.0 1.0 1.0 1.0 1.0 1.0 1.0 1.0 1.0 1.0 1.0 1.0 1.0 1.0 1.0 1.0 1.0 1.0 1.0 1.0 1.0 1.0 1.0 1.0 1.0 1.0 1.0 1.0 1.0 1.0 1.0 1.0 1.0 1.0 1.0 1.0 1.0 1.0 1.0 1.0 1.0 1.0 1.0 1.0 1.0 1.0 1.0 1.0 1.0 1.0 1.0 1.0 1.0 1.0 1.0 1.0 1.0 1.0 1.0 1.0 1.0 1.0 1.0 1.0 1.0 1.0 1.0 1.0 1.0 1.0 1.0 1.0 1.0 1.0 1.0 1.0 1.0 1.0 1.0 1.0 1.0 1.0 1.0 1.0 1.0 1.0 1.0 1.0 1.0 1.0 1.0 1.0 1.0 1.0 1.0 1.0 1.0 1.0 1.0 1.0 1.0 1.0 1.0 1.0 1.0 1.0 1.0 1.0 1.0 1.0 1.0 1.0 1.0 1.0 1.0 1.0 1.0 1.0 1.0 1.0 1.0 1.0 1.0 1.0 1.0 1.0 1.0 1.0 1.0 1.0 1.0 1.0 1.0 1.0 1.0 1.0 1.0 1.0 1.0 1.0 1.0 1.0 1.0 1.0 1.0 1.0 1.0 1.0 1.0 1.0 1.0 1.0 1.0 1.0 1.0 1.0 1.0 1.0 1.0 1.0 1.0 1.0 1.0 1.0 1.0 1.0 1.0 1.0 1.0 1.0 1.0 1.0 1.0 1.0 1.0 1.0 1.0 1.0 1.0 1.0 1.0 1.0 1.0 1.0 1.0 1.0 1.0 1.0 1.0 1.0 1.0 1.0 1.0 1.0 1.0 1.0 1.0 1.0 1.0 1.0 1.0 1.0 1.0 1.0 1.0 1.0 1.0 1.0 1.0 1.0 1.0 1.0 1.0 1.0 1.0 1.0 1.0 1.0 1.0 1.0 1.0 1.0 1.0 1.0 1.0 1.0 1.0 1.0 1.0 1.0 1.0 1.0 1.0 1.0 1.0 1.0 1.0 1.0 1.0 1.0 1.0 1.0 1.0 1.0 1.0 1.0 1.0 1.0 1.0 1.0 1.0 1.0 1.0 1.0 1.0 1.0 1.0 1.0 1.0 1.0 1.0 1.0 1.0 1.0 1.0 1.0 1.0 1.0 1.0 1.0 1.0 1.0 1.0 1.0 1.0 1.0 1.0 1.0 1.0 1.0 1.0 1.0 1.0
25
14 29 34 39 49 51 58 64 84 99 110 124 126 159 162 189 195 197 207 216 248 258 262 277 300
26
1 3 12 20 25 26 29 36 51 72 78 98 101 103 115 136 140 144 169 194 203 233 234 241 272 286
31
10 16 37 39 41 53 69 70 93 104 105 107 108 110 114 116 123 131 132 133 162 167 186 190 199 208 263 273 274 282 300
29
8 31 35 36 39 61 86 91 105 110 118 119 139 149 162 171 191 207 216 224 230 233 246 250 260 263 273 283 299
28
14 15 17 20 44 73 82 84 92 93 96 121 126 129 153 161 183 184 209 212 214 236 242 263 267 269 281 284
30
3 4 5 18 41 43 58 68 85 88 91 95 98 104 128 156 167 170 172 214 221 234 243 258 261 276 279 280 281 296
21
1 34 56 87 95 108 120 122 132 151 161 187 201 210 228 231 233 236 261 262 275
24
10 13 14 42 57 78 80 89 91 94 113 116 121 134 165 177 195 197 247 265 271 272 279 282
33
10 18 19 22 29 37 68 81 83 91 93 96 98 108 112 124 131 140 142 165 176 186 195 203 220 222 228 243 246 261 265 267 282
35
4 12 27 28 41 46 51 60 74 83 87 89 90 92 94 95 97 116 120 127 141 145 158 169 176 185 204 240 244 250 268 270 278 279 283
28
12 32 59 73 97 115 119 129 136 138 146 152 178 182 189 196 200 202 204 214 231 250 271 281 287 290 293 294
37
7 44 47 50 52 68 121 126 131 143 144 151 156 171 177 179 181 185 199 201 205 209 214 217 220 228 241 244 251 255 259 262 266 270 271 279 297
27
2 3 4 5 40 48 57 63 65 77 80 88 100 101 119 141 157 167 181 183 193 199 211 238 266 283 295
33
12 32 42 51 62 63 77 104 105 108 123 129 143 144 145 147 151 162 166 169 175 179 186 228 233 234 240 249 259 262 267 273 276
33
6 7 18 33 62 78 83 112 122 128 130 131 144 145 147 149 160 174 181 193 198 199 219 226 232 247 252 257 260 263 266 280 289
28
8 14 17 33 44 50 66 70 82 92 96 120 122 124 146 165 167 175 198 227 232 233 258 260 269 271 279 285
37
2 6 12 19 38 41 46 54 78 85 97 99 105 118 122 130 131 150 176 180 193 210 213 219 227 234 235 240 245 247 253 254 263 272 276 280 292
33
1 6 11 18 36 37 38 39 47 62 70 80 96 107 110 114 117 129 136 153 155 164 166 174 200 205 217 220 233 237 283 289 300
27
3 4 12 14 16 18 20 41 51 60 63 107 115 124 131 155 158 179 213 219 220 233 241 250 268 277 297
34
6 13 27 41 57 74 90 91 95 106 112 137 148 153 156 161 173 176 183 186 188 189 190 211 234 235 239 247 261 262 270 281 299 300
29
14 16 22 31 33 44 46 50 80 84 100 125 135 143 149 166 180 192 212 215 225 248 252 263 289 290 291 293 294
38
9 16 25 34 36 42 48 66 104 109 111 129 139 141 142 147 156 157 162 170 177 180 188 191 197 203 212 226 239 256 267 270 277 284 290 294 298 299
29
12 14 15 35 36 38 57 62 70 81 102 134 137 141 144 159 184 186 201 219 223 227 237 240 251 275 288 294 296
32
5 19 22 26 38 39 41 63 87 91 106 114 115 130 139 152 153 154 168 180 181 204 210 214 218 224 236 243 245 258 260 288
26
8 15 23 26 28 29 39 41 61 70 77 87 93 95 103 113 122 128 134 158 165 210 235 272 281 296
36
2 8 20 25 44 72 89 90 91 106 107 115 119 123 130 132 134 164 168 170 175 183 188 195 197 200 212 221 227 232 240 248 250 256 267 281
32
3 16 25 26 60 63 68 81 86 89 90 109 112 140 154 159 163 178 179 192 209 211 212 220 222 250 251 254 262 288 294 299
25
18 23 24 50 62 71 73 79 91 104 117 118 153 160 164 168 195 201 209 212 240 244 245 246 298
30
2 8 20 33 34 35 39 48 53 71 82 83 91 128 140 141 142 153 155 158 159 179 183 198 205 215 252 270 271 272
34
6 22 27 33 63 79 93 96 122 123 124 128 130 132 139 154 180 185 186 202 203 204 225 234 249 257 263 268 271 274 280 283 286 288
30
8 10 15 44 59 64 74 111 143 145 146 151 163 164 170 178 180 182 186 190 201 227 229 261 266 273 276 278 280 290
26
13 52 88 97 115 118 120 149 159 172 183 197 205 217 218 225 227 243 244 250 251 260 263 265 279 283
28
4 5 15 21 24 26 44 51 53 55 73 82 83 104 110 116 122 130 164 165 172 194 195 203 240 260 268 278
29
5 7 10 11 16 21 28 29 36 68 75 77 78 82 102 104 119 138 140 142 168 176 190 201 213 249 253 269 298
30
1 3 17 22 26 62 65 71 73 75 98 100 101 104 107 136 159 163 189 199 200 208 213 222 235 259 264 267 279 291
42
7 17 20 28 36 47 69 95 118 121 125 127 138 140 141 148 157 167 173 175 176 179 189 194 199 210 215 217 221 222 227 232 233 253 256 275 283 284 288 291 298 299
31
41 51 59 62 63 76 93 94 96 104 109 134 136 156 157 180 184 192 193 195 196 197 207 208 220 240 241 250 281 282 289
35
3 15 17 19 21 64 69 76 95 99 102 104 107 108 115 117 128 134 147 175 181 193 200 201 209 217 228 236 239 243 248 249 253 273 277
36
5 9 11 18 24 32 42 69 70 71 73 90 102 112 119 121 131 144 168 171 174 176 180 198 205 229 247 248 258 266 272 274 277 283 284 296
27
24 26 30 32 35 36 54 57 58 74 85 98 121 145 148 149 156 163 164 178 181 184 208 263 270 282 294
40
1 11 16 22 26 35 38 42 48 59 62 70 71 94 101 114 124 145 147 148 151 182 188 195 197 210 211 223 228 235 238 245 250 254 267 270 271 276 279 292
34
7 13 15 19 27 37 40 46 56 68 69 79 85 97 103 116 127 139 141 154 167 189 196 197 213 219 228 231 243 247 287 293 294 295
40
1 6 7 9 20 24 30 40 44 68 79 84 93 99 102 111 112 133 134 151 152 162 168 171 179 184 187 189 192 208 213 221 231 256 261 274 281 284 285 286
28
5 19 26 50 51 76 85 102 104 112 122 149 165 168 170 201 210 216 217 218 229 248 265 278 281 291 293 296
37
3 11 13 14 16 21 32 41 53 59 60 81 91 114 141 158 160 164 200 205 207 208 212 214 232 238 241 242 243 255 265 267 276 277 278 284 287
26
10 18 20 47 49 53 54 60 83 84 94 117 121 158 167 172 184 192 202 211 217 229 237 250 256 258
28
2 4 29 33 35 40 42 65 68 82 96 101 115 150 156 178 188 189 217 222 231 237 242 250 267 277 292 296
35
2 9 11 25 53 57 63 65 67 88 99 101 127 132 134 156 160 172 187 194 202 207 209 213 218 224 225 235 243 256 266 269 272 294 300
29
9 11 37 45 59 62 66 69 83 84 87 93 110 117 133 140 143 146 149 150 171 174 196 241 242 243 248 257 262
29
2 9 31 33 35 36 37 61 109 121 128 135 140 146 147 160 163 164 178 185 190 191 192 220 252 267 272 282 285
30
5 23 29 43 46 53 66 68 71 72 75 79 98 103 118 119 121 122 137 141 180 181 183 192 220 224 263 266 290 294
32
15 20 25 27 39 45 56 67 68 82 86 113 124 127 145 163 164 175 177 188 190 200 213 224 240 252 256 257 261 280 289 293
31
3 21 25 28 36 37 48 73 87 93 98 103 115 121 125 128 137 152 153 160 162 169 171 210 235 236 238 246 259 282 297
25
3 8 23 59 67 69 83 85 90 94 128 165 168 172 181 189 211 214 240 253 269 270 283 286 294
36
7 13 15 24 25 42 48 50 74 81 83 84 93 96 107 108 110 112 126 160 163 186 189 190 200 204 215 219 223 228 231 235 250 276 285 296
28
14 32 39 51 72 86 89 93 97 110 129 135 138 139 147 148 157 165 174 178 183 202 220 252 253 257 260 292
27
18 19 29 30 34 46 47 57 66 80 93 95 103 122 132 137 149 176 177 206 210 236 240 247 253 274 290
25
3 46 47 77 99 107 115 123 128 132 135 160 164 166 167 174 187 217 242 262 268 274 278 288 292
35
1 6 15 22 36 41 46 51 58 63 64 65 69 75 76 82 87 107 112 121 143 152 166 179 185 197 202 231 250 251 267 272 277 288 291
33
16 24 37 40 47 48 51 65 79 90 105 108 110 150 155 169 183 184 185 190 210 227 253 256 261 265 266 267 272 280 292 296 300
25
2 3 10 39 57 78 84 108 109 135 143 168 181 189 201 203 228 229 235 240 253 272 273 282 290
32
11 37 48 60 62 80 82 85 89 107 119 121 125 148 164 166 167 168 176 188 198 204 205 207 218 223 239 240 243 248 252 278
31
3 18 32 36 53 60 67 78 86 87 103 107 108 115 122 126 129 139 140 144 156 175 181 193 195 232 253 261 263 285 295
28
5 27 50 55 64 87 92 112 117 122 123 129 146 159 168 179 191 199 204 212 220 235 237 257 266 268 280 281
29
1 8 19 23 25 27 37 50 55 63 76 78 84 88 92 106 116 121 138 156 157 194 196 197 203 212 213 286 294
29
2 13 16 38 62 105 107 108 136 144 152 153 161 171 173 184 188 196 199 212 219 226 231 235 244 266 280 287 289
31
3 8 11 15 17 24 35 45 61 62 100 115 121 126 136 148 149 152 183 198 205 210 214 220 234 249 250 261 271 273 287
36
2 11 16 17 18 30 47 53 55 63 82 85 103 117 130 137 148 172 175 176 183 188 210 215 218 220 235 239 253 259 268 277 279 282 294 295
31
1 5 43 45 46 47 50 51 60 81 91 101 103 114 123 130 151 158 189 216 217 223 224 235 238 245 247 248 255 271 296
30
5 9 16 34 36 45 54 60 71 96 103 127 130 172 205 208 209 211 224 237 239 242 244 256 273 277 288 289 290 298
29
13 32 65 83 84 87 88 126 136 137 138 155 174 179 184 185 189 193 211 216 239 243 249 266 273 280 282 286 290
31
1 16 29 45 48 59 92 98 107 111 127 132 136 162 163 175 180 193 194 207 210 215 226 244 245 250 252 257 272 291 300
42
14 18 21 25 42 54 57 60 76 82 93 95 105 107 125 131 133 147 151 152 158 161 165 169 173 178 180 199 209 211 213 218 241 257 261 268 271 275 280 286 289 299
22
4 33 46 58 92 108 111 113 114 155 162 183 202 210 229 246 247 251 262 270 271 293
26
2 8 14 20 36 44 51 70 71 86 95 100 101 110 127 136 138 146 150 176 177 214 244 264 288 292
32
19 21 24 27 36 39 53 60 67 69 70 81 87 102 103 136 145 164 166 171 172 173 176 203 209 218 233 248 260 277 278 286
31
3 4 11 20 22 24 27 55 64 79 85 87 95 129 137 138 146 149 155 165 177 188 192 194 196 233 239 243 278 283 294
31
2 4 32 38 53 65 83 86 93 94 110 116 118 134 141 164 171 180 186 196 209 211 213 223 242 250 257 281 287 292 298
37
7 8 16 25 31 38 54 68 80 90 93 94 97 107 112 118 119 124 135 145 154 158 167 169 174 176 207 213 219 227 228 241 246 258 267 278 292
26
1 2 24 29 31 40 65 94 105 108 109 116 139 150 166 185 220 232 235 245 265 268 271 273 287 292
28
10 19 42 62 82 105 109 111 148 153 156 161 163 170 181 194 198 201 206 214 224 227 237 260 262 268 272 299
36
7 11 87 92 100 101 105 106 108 109 111 112 116 118 124 126 130 144 148 163 166 185 199 205 211 220 221 240 245 249 251 255 256 262 271 290
28
2 4 13 16 30 46 48 52 59 63 67 69 72 74 75 138 139 147 156 159 162 163 180 193 195 245 269 278
19
11 12 20 24 27 52 66 67 86 89 159 162 173 181 196 203 271 272 295
29
1 8 13 17 33 45 55 60 80 83 91 104 126 137 138 152 170 177 189 196 198 208 226 240 244 253 258 271 293
30
6 28 39 44 46 56 65 76 97 109 110 117 136 141 143 169 180 181 185 187 204 205 213 239 260 263 271 287 297 300
31
39 49 51 79 83 98 102 105 116 130 135 141 143 158 162 168 171 175 179 185 195 210 224 229 234 240 250 252 254 262 263
34
8 9 18 20 24 26 40 62 66 77 84 90 116 122 125 145 152 177 184 186 199 201 203 217 223 237 241 244 252 263 282 284 295 300
27
23 34 41 42 45 56 69 84 92 96 104 107 108 110 160 164 172 180 197 201 213 217 260 276 279 282 295
29
6 16 27 52 60 76 82 85 119 120 125 128 130 158 172 173 177 185 188 189 205 206 228 236 244 245 267 278 287
39
12 26 36 41 44 52 55 58 65 74 81 100 102 105 128 139 140 164 179 180 191 202 206 214 221 224 225 228 230 232 233 242 247 249 251 261 269 280 292
41
10 13 20 21 23 24 35 43 48 50 68 72 77 84 110 111 120 121 125 128 144 150 161 168 175 181 182 193 195 203 204 207 227 257 272 273 275 278 283 295 298
26
3 18 32 34 40 67 72 99 104 106 118 144 149 151 175 181 185 200 218 235 238 239 248 258 266 278
19
15 18 26 31 43 49 66 79 92 111 175 213 223 224 228 247 271 280 298
32
6 12 20 23 37 46 50 133 139 140 173 201 202 207 218 225 229 232 233 234 235 237 238 240 243 253 267 277 287 292 294 299
27
1 4 17 18 19 50 61 63 68 71 107 109 118 124 127 139 140 187 191 222 237 240 251 258 261 280 286
31
2 16 28 39 49 66 69 81 89 90 96 100 117 131 132 135 139 151 161 171 173 174 190 196 225 249 251 271 277 289 292
35
32 37 45 46 66 82 89 97 102 105 110 117 124 127 128 132 133 140 145 148 176 179 190 212 216 218 222 223 233 246 254 264 271 277 279
35
3 10 18 35 40 44 65 69 80 83 109 128 136 139 148 161 172 173 179 181 195 198 209 210 217 220 226 236 238 244 246 260 262 279 297
33
3 10 13 25 41 54 73 85 90 95 112 119 130 135 143 147 155 170 172 173 176 195 203 224 232 237 242 243 254 263 277 295 299
29
8 10 33 38 48 55 81 82 100 115 118 132 138 139 140 163 166 169 175 192 202 217 218 221 254 261 270 282 289
26
5 19 26 51 59 74 87 97 125 142 148 149 153 155 166 175 196 198 208 224 245 251 274 276 278 287
39
1 4 15 30 37 46 51 56 60 62 71 72 74 81 88 127 131 142 143 161 168 173 175 186 204 208 234 240 243 246 252 260 261 269 271 280 287 296 298
36
27 29 41 43 47 62 64 91 98 104 107 109 111 113 121 124 129 134 151 161 165 174 182 184 191 193 196 217 227 231 235 236 243 251 280 299
28
3 16 32 33 34 40 41 43 60 68 69 73 79 89 102 111 127 145 152 159 179 189 236 244 254 263 264 300
34
4 10 20 25 31 36 66 70 72 73 78 106 109 141 143 150 152 164 166 172 182 190 192 196 210 214 220 237 239 256 257 263 289 298
18
29 55 85 88 96 149 150 154 178 191 197 219 220 226 234 261 276 282
28
10 30 59 60 76 87 88 113 129 131 142 144 179 182 185 187 189 194 201 210 212 235 236 237 268 270 281 282
25
10 17 29 30 59 66 71 99 117 143 150 179 188 205 214 229 238 247 257 260 273 276 280 286 291
27
8 31 34 63 71 83 93 97 100 114 116 119 123 137 139 144 169 176 178 221 229 231 244 245 252 284 294
35
5 7 19 23 36 42 50 56 65 67 87 101 114 117 124 128 154 155 170 176 179 183 199 201 214 233 235 238 251 263 270 277 281 283 284
36
3 10 19 21 27 31 47 55 59 66 71 76 87 89 94 111 115 130 138 142 148 171 179 202 205 207 233 244 252 253 254 256 285 287 289 292
22
19 28 35 74 79 82 106 120 125 145 156 157 199 207 208 209 211 240 245 257 265 300
33
7 12 15 27 35 40 46 71 77 86 94 98 99 108 111 114 117 119 155 177 178 193 200 206 222 227 231 232 240 266 271 286 293
31
11 13 22 28 35 40 41 45 55 65 77 83 87 105 120 138 155 176 178 180 197 198 201 216 245 258 262 279 288 290 294
33
16 17 28 35 41 49 55 65 72 74 75 80 119 157 168 177 180 183 188 196 212 217 225 229 233 241 243 248 255 281 282 284 296
32
5 9 15 21 38 39 45 49 75 76 78 85 86 131 133 140 142 143 144 147 148 157 183 186 189 194 210 224 237 263 266 269
28
3 16 27 34 43 45 49 57 59 61 66 90 102 112 114 130 150 152 158 170 175 188 189 200 205 210 267 284
32
9 10 20 26 29 39 43 61 72 89 90 101 103 105 107 125 133 138 159 191 198 200 208 209 219 228 229 245 246 253 278 284
28
8 9 43 45 49 57 62 79 102 104 107 111 113 122 138 149 180 184 192 213 224 225 230 239 244 251 269 298
30
5 15 16 26 38 40 56 57 61 75 77 97 101 104 130 142 145 158 179 181 191 212 245 247 252 256 270 280 293 300
27
9 13 25 26 28 40 43 60 65 103 105 107 125 130 166 180 192 197 208 221 226 244 256 272 283 285 289
24
31 43 61 72 74 85 100 102 105 124 166 199 203 226 232 233 241 243 246 253 267 290 292 296
32
12 14 17 20 27 69 72 73 91 92 93 97 121 122 128 141 155 157 163 172 194 209 212 215 235 257 267 275 285 287 296 297
24
6 19 61 83 89 112 114 116 122 129 139 150 172 175 183 217 255 272 276 278 286 287 290 300
31
14 50 62 64 79 108 109 110 132 134 159 173 183 186 190 192 200 218 229 230 231 233 239 246 252 266 280 289 291 292 300
20
15 31 35 46 47 61 67 69 90 107 130 158 199 200 203 208 236 237 276 277
26
25 36 41 48 49 62 86 89 104 112 113 115 117 121 135 136 151 170 185 226 236 243 267 270 286 299
31
5 8 20 58 60 66 90 93 105 115 134 137 150 163 167 174 183 190 193 202 220 225 229 231 232 233 247 261 282 293 299
32
9 11 43 44 76 80 88 98 107 117 122 137 144 149 151 154 155 164 171 210 211 213 232 233 241 243 244 245 255 257 278 300
25
30 78 82 90 104 105 110 111 119 121 125 141 143 148 149 159 170 186 191 203 204 233 234 243 288
20
17 28 33 37 40 42 64 67 79 112 117 126 161 166 184 207 237 251 255 277
34
25 30 40 45 46 102 104 110 119 124 127 128 133 148 153 168 200 201 212 218 221 237 243 247 248 250 258 259 263 271 277 278 281 284
34
10 12 14 17 40 44 47 66 73 74 96 97 102 113 115 139 149 154 167 169 186 199 216 222 224 229 232 240 251 254 255 261 265 266
31
5 6 8 9 14 16 27 35 47 48 50 54 60 91 95 104 107 131 135 152 159 164 169 186 194 202 206 213 217 264 290
33
2 11 13 15 18 22 23 38 65 69 70 76 94 106 126 130 133 137 140 161 162 172 197 201 214 226 234 242 258 263 268 274 282
19
42 45 59 63 72 113 125 162 165 170 184 187 220 224 247 251 267 274 278
31
8 13 28 30 40 55 56 69 70 91 99 102 117 121 139 164 166 176 189 192 199 202 211 215 216 221 234 236 277 278 295
20
2 27 36 78 86 142 152 165 190 223 224 233 248 249 251 267 282 283 294 299
25
11 32 34 40 42 55 79 113 121 123 124 151 160 161 170 175 177 181 187 230 244 245 250 280 294
35
3 14 21 31 37 41 50 58 77 89 95 107 114 117 128 133 145 146 148 151 158 168 184 187 234 239 244 247 262 276 285 289 293 297 298
29
3 4 22 38 58 64 67 86 89 96 99 117 121 123 126 128 144 150 163 180 184 189 201 202 237 256 277 279 300
29
2 3 7 17 41 57 70 75 93 96 107 131 168 183 186 189 192 195 201 203 212 214 229 243 250 252 255 278 289
25
7 54 67 68 71 93 105 108 123 134 138 166 180 181 209 226 228 237 265 267 273 274 285 287 298
29
12 24 44 48 50 53 98 101 120 121 126 138 142 149 155 160 183 195 212 216 222 233 234 248 254 260 264 275 285
35
7 14 22 29 38 46 52 55 60 63 65 69 70 85 93 95 96 99 103 117 138 169 177 178 181 182 190 199 229 241 266 270 271 280 287
38
22 26 30 32 36 51 56 60 66 71 72 73 97 99 101 111 113 117 121 136 140 146 149 152 158 181 191 194 204 222 225 232 239 257 263 281 283 284
19
20 84 86 106 107 132 136 141 151 164 167 170 191 195 234 251 254 264 277
23
1 17 35 47 72 86 101 108 131 138 178 192 200 212 219 229 238 242 264 268 281 290 297
38
29 35 37 49 59 60 69 70 80 81 123 126 128 135 147 148 157 187 189 196 200 202 203 204 211 216 231 237 238 240 248 258 263 269 271 276 280 292
