150 300
1.0 1.0 1.0 1.0 1.0 1.0 1.0 1.0 1.0 1.0 1.0 1.0 1.0 1.0 1.0 1.0 1.0 1.0 1.0 1.0 1.0 1.0 1.0 1.0 1.0 1.0 1.0 1.0 1.0 1.0 1.0 1.0 1.0 1.0 1.0 1.0 1.0 1.0 1.0 1.0 1.0 1.0 1.0 1.0 1.0 1.0 1.0 1.0 1.0 1.0 1.0 1.0 1.0 1.0 1.0 1.0 1.0 1.0 1.0 1.0 1.0 1.0 1.0 1.0 1.0 1.0 1.0 1.0 1.0 1.0 1.0 1.0 1.0 1.0 1.0 1.0 1.0 1.0 1.0 1.0 1.0 1.0 1.0 1.0 1.0 1.0 1.0 1.0 1.0 1.0 1.0 1.0 1.0 1.0 1.0 1.0 1.0 1.0 1.0 1.0 1.0 1.0 1.0 1.0 1.0 1.0 1.0 1.0 1.0 1.0 1.0 1.0 1.0 1.0 1.0 1.0 1.0 1.0 1.0 1.0 1.0 1.0 1.0 1.0 1.0 1.0 1.0 1.0 1.0 1.0 1.0 1.0 1.0 1.0 1.0 1.0 1.0 1.0 1.0 1.0 1.0 1.0 1.0 1.0 1.0 1.0 1.0 1.0 1.0 1.0 1.0 1.0 1.0 1.0 1.0 1.0 1.0 1.0 1.0 1.0 1.0 1.0 1.0 1.0 1.0 1.0 1.0 1.0 1.0 1.0 1.0 1.0 1.0 1.0 1.0 1.0 1.0 1.0 1.0 1.0 1.0 1.0 1.0 1.0 1.0 1.0 1.0 1.0 1.0 1.0 1.0 1.0 1.0 1.0 1.0 1.0 1.0 1.0 1.0 1.0 1.0 1.0 1.0 1.0 1.0 1.0 1.0 1.0 1.0 1.0 1.0 1.0 1.0 1.0 1.0 1.0 1.0 1.0 1.0 1.0 1.0 1.0 1.0 1.0 1.0 1.0 1.0 1.0 1.0 1.0 1.0 1.0 1.0 1.0 1.0 1.0 1.0 1.0 1.0 1.0 1.0 1.0 1.0 1.0 1.0 1.0 1.0 1.0 1.0 1.0 1.0 1.0 1.0 1.0 1.0 1.0 1.0 1.0 1.0 1.0 1.0 1.0 1.0 1.0 1.0 1.0 1.0 1.0 1.0 1.0 1.0 1.0 1.0 1.0 1.0 1.0 1.0 1.0 1.0 1.0 1.0 1.0 1.0 1.0 1.0 1.0 1.0 1.0 1.0 1.0 1.0 1.0 1.0 1.0 1.0 1.0 1.0 1.0 1.0 1.0
12
2 3 59 93 107 145 168 225 239 273 291 298
18
14 61 62 64 66 83 90 126 144 169 209 216 239 247 252 255 267 286
15
8 32 42 46 57 72 88 124 134 190 191 195 199 254 299
22
8 31 65 93 97 117 118 168 180 195 196 202 204 208 217 227 228 233 286 292 296 297
13
59 68 69 73 104 117 219 224 235 247 251 269 271
17
30 38 50 53 142 145 185 189 194 217 218 244 247 261 270 273 282
14
14 25 53 62 112 145 150 160 170 197 204 205 217 230
14
5 51 52 56 63 84 134 138 142 164 223 264 265 266
11
28 59 72 137 178 217 227 231 234 247 297
11
55 111 132 138 141 143 158 177 194 245 287
15
6 45 51 64 74 87 148 161 206 212 227 229 244 282 300
15
16 60 64 67 138 149 168 212 222 225 245 247 260 268 284
10
11 51 72 92 102 126 144 164 172 219
8
19 31 113 145 209 224 226 297
13
36 40 91 101 133 161 163 206 237 243 245 273 289
11
27 38 50 52 68 95 143 156 211 254 290
16
25 39 58 61 68 79 83 102 111 157 167 203 235 260 266 268
16
35 43 54 67 121 133 135 145 166 175 178 180 190 197 203 260
16
2 46 58 61 110 122 127 153 166 175 179 181 223 243 256 263
26
29 52 56 67 71 81 96 103 106 115 123 156 161 167 184 187 207 209 218 219 225 237 242 265 295 300
9
17 54 95 131 163 177 198 231 260
11
5 39 63 121 146 175 178 205 237 275 278
20
36 60 68 79 108 119 121 131 159 176 196 203 213 224 228 264 265 270 287 298
14
16 34 70 121 183 189 197 203 207 227 252 262 270 282
21
15 44 51 64 78 86 108 109 119 146 177 189 193 208 231 258 275 277 279 281 297
19
4 5 20 41 46 47 48 73 92 122 136 148 176 199 238 251 265 279 300
19
44 46 70 82 89 109 128 130 132 137 152 159 173 174 205 227 256 288 292
12
90 106 115 117 133 146 152 164 202 204 255 260
22
24 25 46 75 80 91 96 106 135 147 148 181 183 186 195 207 211 226 227 265 272 285
16
13 64 65 66 69 86 104 108 138 144 145 171 175 234 245 254
14
12 41 93 94 147 193 201 220 233 252 255 266 269 298
26
23 36 55 57 59 63 65 68 69 83 89 94 117 125 152 173 190 214 219 244 247 249 263 264 267 293
24
4 12 23 25 30 37 57 60 72 74 85 100 101 108 110 111 172 187 195 205 222 226 259 262
14
2 18 23 90 104 113 156 162 177 181 218 224 227 284
14
22 34 36 119 129 131 140 147 153 195 209 242 262 266
23
3 26 38 42 43 47 66 69 92 101 127 135 173 205 212 214 222 231 250 254 266 280 299
10
36 42 62 81 114 140 163 186 226 269
16
1 8 21 30 39 140 151 154 172 186 210 219 255 266 269 298
20
29 34 49 64 77 93 98 102 114 163 179 208 212 219 227 231 232 271 290 291
17
2 26 29 39 44 65 75 105 110 146 199 218 228 267 268 272 294
16
26 70 80 90 95 115 116 127 133 134 170 174 179 242 253 290
19
9 17 29 69 87 129 136 150 183 203 214 228 239 240 243 278 292 295 299
9
36 50 86 93 117 202 249 258 272
13
28 55 75 80 114 122 134 148 168 194 204 252 278
13
18 32 33 34 36 70 118 207 215 221 229 249 277
18
16 26 41 45 54 57 68 109 115 119 133 144 173 175 184 192 277 287
14
18 41 60 79 110 115 124 125 134 184 185 208 230 255
21
18 24 49 68 84 108 139 147 150 156 202 212 227 228 230 242 244 258 266 283 298
20
11 16 55 78 110 112 119 122 142 143 163 165 180 192 212 220 228 256 268 269
12
20 49 52 98 104 150 196 232 255 265 277 281
20
7 37 42 45 56 66 68 75 83 91 98 116 174 198 209 214 221 240 257 292
12
15 25 37 39 66 74 76 143 148 150 206 245
10
76 106 113 119 145 190 192 267 268 289
24
3 10 59 62 76 121 127 141 159 166 167 168 169 174 175 179 195 209 256 260 261 284 290 296
13
29 35 38 49 63 141 162 207 224 248 275 279 293
12
25 108 128 134 165 183 206 220 230 235 256 276
17
18 19 28 34 62 85 108 112 127 184 192 234 272 275 280 282 288
29
6 13 30 43 46 48 57 63 67 83 89 116 131 133 139 142 145 150 167 182 188 196 221 229 242 248 262 290 300
16
4 12 30 51 58 61 81 102 183 185 235 263 275 278 279 295
15
5 17 66 78 104 109 113 127 152 154 163 223 242 246 258
16
30 36 45 56 113 116 121 127 134 145 154 175 206 229 255 272
12
24 71 98 118 127 158 160 177 197 199 235 253
12
47 93 125 128 158 159 169 198 269 272 283 297
21
15 16 19 21 54 60 64 83 93 98 128 132 180 217 246 249 271 273 277 295 298
15
13 23 27 29 47 55 59 71 116 149 201 240 266 276 278
18
9 44 66 75 104 126 131 137 148 152 155 163 224 231 233 235 256 284
20
4 6 10 26 42 63 75 77 83 137 157 164 194 202 206 213 214 215 251 256
22
5 32 38 40 73 84 102 112 113 115 128 159 167 171 202 206 218 237 269 274 284 299
15
67 82 94 100 102 106 120 160 195 215 271 277 292 294 299
11
1 3 35 46 50 51 122 181 210 261 262
13
5 29 56 118 143 160 166 169 177 184 241 269 300
18
13 15 35 83 84 101 119 126 145 160 170 191 233 237 250 256 264 284
11
66 70 74 127 156 160 183 187 202 240 281
8
12 35 59 139 164 190 223 286
12
12 58 74 77 92 96 100 165 237 238 257 262
10
42 66 76 142 148 194 198 229 239 259
14
9 19 29 35 57 150 175 186 213 234 248 262 269 279
22
4 9 11 26 27 33 71 79 108 143 160 162 174 192 202 204 211 226 227 234 241 291
14
43 52 54 59 203 204 211 212 214 231 250 252 254 290
16
24 26 37 42 43 46 50 53 55 64 137 193 200 274 284 299
16
22 110 113 140 157 174 187 203 213 219 225 229 245 265 278 283
17
9 21 29 31 38 77 87 101 112 158 197 246 248 253 260 261 273
19
25 28 30 33 36 70 117 153 167 170 175 207 217 220 242 273 288 294 295
12
10 46 53 77 147 150 170 187 195 199 253 254
12
1 39 135 147 164 173 189 192 195 238 266 274
24
2 5 11 21 44 54 74 79 83 113 118 123 136 159 188 211 215 235 239 245 273 277 285 286
11
17 23 27 91 111 114 194 223 239 290 291
14
40 44 57 91 92 103 126 156 177 190 242 266 278 299
12
14 57 83 115 123 130 162 237 240 243 282 287
13
23 57 90 98 119 141 151 194 217 244 256 273 276
17
10 19 32 44 87 102 117 125 135 147 148 153 166 195 244 261 264
18
33 40 42 94 96 101 140 148 165 171 188 191 232 241 268 278 291 293
9
23 66 70 91 140 235 236 237 264
16
9 32 88 100 122 131 153 154 160 220 233 246 247 252 285 292
14
45 94 100 117 155 166 204 214 236 248 258 266 276 293
16
16 29 43 110 127 163 186 198 226 228 250 255 261 273 289 290
17
11 18 63 77 88 120 159 166 182 189 190 207 208 211 244 277 289
14
6 29 39 44 53 90 94 106 183 216 251 259 283 296
14
9 20 28 32 54 66 68 72 97 140 178 179 186 272
17
11 12 41 75 123 152 172 186 191 208 211 239 245 257 259 266 282
17
12 17 75 96 122 134 136 145 155 159 160 175 199 209 268 271 273
14
68 73 101 119 128 129 134 167 181 194 217 236 265 285
18
37 40 55 56 72 79 106 108 133 154 179 183 192 242 247 257 266 268
17
18 25 38 57 60 77 113 118 121 147 201 224 259 261 277 285 288
19
10 23 46 48 63 93 95 97 134 143 163 179 202 203 224 233 241 275 289
16
56 99 113 116 130 132 152 174 175 209 242 251 254 259 270 295
11
3 5 45 54 62 75 137 254 255 292 295
11
47 109 172 201 208 274 275 288 293 295 300
14
17 19 22 29 31 42 47 95 109 179 189 205 217 225
12
15 16 46 78 132 136 140 177 183 230 265 292
13
30 57 68 108 141 179 180 201 232 235 239 277 292
15
15 19 76 99 115 124 142 152 185 188 219 221 255 296 297
17
5 26 32 36 59 64 73 81 83 84 129 151 197 216 247 266 299
25
1 3 11 63 69 74 75 77 99 100 110 112 138 147 154 162 165 220 237 238 242 259 268 276 292
7
29 107 122 207 219 227 262
13
11 18 29 47 50 60 64 113 115 148 208 212 239
13
8 11 14 18 73 92 138 144 150 194 222 279 286
15
8 17 27 78 105 117 119 146 169 184 188 210 213 273 299
14
5 21 54 81 98 103 112 115 149 175 199 263 274 292
9
42 52 103 104 126 127 239 244 268
13
27 28 56 70 86 100 113 131 140 180 200 245 298
22
13 25 40 42 75 108 116 126 127 133 154 168 170 181 187 219 247 261 278 280 297 299
17
2 3 35 89 108 117 140 142 153 156 177 183 262 280 283 284 298
14
18 21 24 93 98 137 143 198 223 224 237 253 288 298
17
4 13 20 22 27 36 43 51 61 67 111 133 193 202 227 230 300
17
15 17 29 63 97 109 147 159 191 201 209 222 242 246 250 258 267
25
2 6 19 29 42 61 63 74 105 129 131 139 175 189 196 202 208 221 234 238 254 256 287 292 295
13
2 37 44 53 155 172 215 231 233 277 283 284 287
15
10 33 46 58 61 73 89 97 175 181 217 235 245 254 269
14
8 78 87 88 117 130 133 165 186 216 250 259 281 295
22
9 18 19 48 61 108 120 128 135 156 199 208 227 231 238 246 253 266 269 275 286 292
20
42 48 57 59 62 69 91 103 113 132 178 209 210 216 263 265 266 276 293 297
16
16 18 36 60 73 82 85 112 136 158 172 194 221 243 248 284
21
4 15 23 29 36 56 75 116 123 124 137 156 176 185 189 196 217 260 289 297 298
14
1 4 6 25 150 164 176 188 203 212 256 267 277 285
11
7 10 29 42 57 93 94 96 199 262 270
14
9 15 25 75 95 126 133 137 160 186 237 244 249 297
14
31 35 36 104 138 154 157 180 184 185 214 264 275 298
13
7 18 42 66 67 74 83 155 159 224 252 256 287
15
4 26 40 41 62 95 100 115 177 187 188 217 225 230 277
8
119 131 152 167 191 219 270 278
10
17 68 80 102 116 142 220 235 289 296
15
32 34 90 94 148 205 210 218 222 242 262 269 271 285 288
13
7 17 58 86 107 113 124 171 174 234 236 274 276
20
22 44 66 91 102 119 132 142 161 165 206 210 225 232 236 240 261 276 281 286
11
38 49 63 68 85 98 106 146 156 247 258
9
17 63 100 135 138 154 229 273 294
16
13 15 22 70 84 91 153 192 196 198 206 229 231 238 260 283
22
20 29 35 78 98 109 130 148 155 161 180 201 205 210 233 244 255 257 262 268 278 283
11
15 16 57 89 150 175 178 182 184 250 269
