150 300
1.0 1.0 1.0 1.0 1.0 1.0 1.0 1.0 1.0 1.0 1.0 1.0 1.0 1.0 1.0 1.0 1.0 1.0 1.0 1.0 1.0 1.0 1.0 1.0 1.0 1.0 1.0 1.0 1.0 1.0 1.0 1.0 1.0 1.0 1.0 1.0 1.0 1.0 1.0 1.0 1.0 1.0 1.0 1.0 1.0 1.0 1.0 1.0 1.0 1.0 1.0 1.0 1.0 1.0 1.0 1.0 1.0 1.0 1.0 1.0 1.0 1.0 1.0 1.0 1.0 1.0 1.0 1.0 1.0 1.0 1.0 1.0 1.0 1.0 1.0 1.0 1.0 1.0 1.0 1.0 1.0 1.0 1.0 1.0 1.0 1.0 1.0 1.0 1.0 1.0 1.0 1.0 1.0 1.0 1.0 1.0 1.0 1.0 1.0 1.0 1.0 1.0 1.0 1.0 1.0 1.0 1.0 1.0 1.0 1.0 1.0 1.0 1.0 1.0 1.0 1.0 1.0 1.0 1.0 1.0 1.0 1.0 1.0 1.0 1.0 1.0 1.0 1.0 1.0 1.0 1.0 1.0 1.0 1.0 1.0 1.0 1.0 1.0 1.0 1.0 1.0 1.0 1.0 1.0 1.0 1.0 1.0 1.0 1.0 1.0 1.0 1.0 1.0 1.0 1.0 1.0 1.0 1.0 1.0 1.0 1.0 1.0 1.0 1.0 1.0 1.0 1.0 1.0 1.0 1.0 1.0 1.0 1.0 1.0 1.0 1.0 1.0 1.0 1.0 1.0 1.0 1.0 1.0 1.0 1.0 1.0 1.0 1.0 1.0 1.0 1.0 1.0 1.0 1.0 1.0 1.0 1.0 1.0 1.0 1.0 1.0 1.0 1.0 1.0 1.0 1.0 1.0 1.0 1.0 1.0 1.0 1.0 1.0 1.0 1.0 1.0 1.0 1.0 1.0 1.0 1.0 1.0 1.0 1.0 1.0 1.0 1.0 1.0 1.0 1.0 1.0 1.0 1.0 1.0 1.0 1.0 1.0 1.0 1.0 1.0 1.0 1.0 1.0 1.0 1.0 1.0 1.0 1.0 1.0 1.0 1.0 1.0 1.0 1.0 1.0 1.0 1.0 1.0 1.0 1.0 1.0 1.0 1.0 1.0 1.0 1.0 1.0 1.0 1.0 1.0 1.0 1.0 1.0 1.0 1.0 1.0 1.0 1.0 1.0 1.0 1.0 1.0 1.0 1.0 1.0 1.0 1.0 1.0 1.0 1.0 1.0 1.0 1.0 1.0 1.0 1.0 1.0 1.0 1.0 1.0
18
57 70 73 110 113 121 134 147 153 172 177 212 219 228 260 261 285 299
16
2 17 61 70 74 77 157 159 170 184 186 193 197 220 223 276
19
30 38 67 72 84 109 112 132 147 154 160 195 197 212 218 220 257 273 284
18
13 19 55 99 118 145 152 157 162 197 198 235 241 254 261 266 281 286
20
5 20 25 65 81 94 100 102 119 143 174 188 200 208 229 258 269 271 282 296
15
33 53 98 99 115 137 139 172 176 181 202 229 236 242 252
13
30 38 89 130 132 166 177 180 200 204 236 237 253
10
25 32 40 82 108 174 205 236 266 294
7
38 111 141 205 208 216 273
13
18 77 81 85 110 118 141 153 167 223 258 261 277
13
6 47 52 53 64 87 145 157 189 195 236 263 267
11
50 55 81 82 215 234 264 268 272 273 298
14
18 46 67 93 96 131 167 191 198 203 232 246 252 281
12
70 105 128 132 153 162 189 193 228 239 281 294
11
42 59 63 102 161 163 165 166 182 192 222
16
16 24 26 42 75 93 103 166 203 226 229 230 278 281 284 286
14
3 9 16 18 25 100 105 201 202 214 254 256 271 288
12
15 28 65 76 88 97 120 128 150 202 206 247
16
36 37 41 48 66 72 85 139 160 161 200 209 235 259 273 295
23
14 19 24 52 53 74 85 90 93 109 121 123 161 177 178 189 207 209 217 220 254 265 273
12
31 46 58 83 92 129 142 149 194 195 216 240
19
2 17 27 77 93 110 122 150 152 171 190 210 232 241 243 244 245 290 292
15
28 86 92 139 141 146 167 182 199 201 212 234 238 255 258
17
14 19 21 25 31 45 53 77 181 196 200 245 249 255 267 268 298
17
63 71 102 104 109 118 144 150 151 156 187 205 225 254 256 279 289
14
29 54 127 159 161 165 167 191 194 221 274 276 279 286
8
3 21 47 54 67 84 216 222
13
7 33 101 108 121 165 170 175 177 187 257 281 289
16
24 29 38 60 75 96 148 150 155 156 180 185 201 208 225 247
18
11 21 24 32 47 49 76 117 126 143 167 181 237 246 262 279 286 288
23
6 26 30 59 92 93 98 114 121 133 136 160 166 176 182 196 204 215 239 245 255 271 277
17
6 21 22 42 50 77 82 87 106 125 154 202 205 258 261 276 279
16
7 10 82 90 108 112 144 160 163 199 204 231 238 272 290 296
19
31 39 70 82 88 91 101 113 127 128 145 177 186 226 232 234 236 289 299
11
61 71 114 180 184 187 202 203 256 260 268
16
10 55 57 63 72 113 119 133 187 196 245 251 253 268 284 294
18
1 14 27 35 46 56 71 80 81 93 102 112 119 125 137 184 210 219
19
37 38 40 48 54 57 59 61 174 179 207 219 243 253 256 262 271 274 287
14
33 38 62 78 129 138 142 163 191 197 228 239 279 292
18
41 80 90 92 103 114 151 153 176 192 217 225 231 249 261 284 298 300
21
7 9 19 63 101 116 130 131 135 150 153 164 195 206 252 256 263 272 274 288 292
17
16 36 46 70 71 93 112 140 207 222 244 271 275 276 279 281 295
11
28 44 45 99 112 132 135 156 262 272 299
17
11 24 29 53 59 90 116 130 132 135 148 168 169 174 182 273 290
17
37 48 64 67 76 105 120 121 151 164 192 211 214 223 229 251 257
17
9 20 27 41 43 73 81 94 113 134 205 210 231 255 280 285 286
19
6 12 30 33 35 70 137 149 169 175 178 187 198 212 216 234 242 254 283
19
42 68 106 108 125 141 146 148 163 164 168 173 175 195 205 211 223 228 280
7
12 15 34 141 168 205 290
10
37 69 117 121 172 191 269 274 299 300
11
14 26 48 72 92 113 195 218 226 233 247
14
88 99 111 112 127 131 139 151 169 177 226 283 290 298
13
17 26 54 130 146 164 184 196 200 242 244 261 300
10
29 66 131 157 207 251 262 264 295 300
12
33 65 82 158 160 184 222 242 245 255 259 277
18
28 59 69 72 91 99 109 122 124 127 135 160 184 242 244 248 282 297
17
5 22 67 79 109 165 171 179 200 203 226 230 233 241 242 286 287
13
47 80 121 125 141 144 148 164 196 221 228 243 262
12
4 15 32 40 67 142 149 227 257 264 293 295
12
2 38 64 75 106 114 155 183 200 210 247 287
16
21 62 68 74 95 104 126 146 194 204 234 268 283 285 286 297
15
21 50 57 71 72 79 91 113 115 148 163 165 216 226 249
18
8 9 12 50 51 59 66 75 76 104 128 182 185 190 207 242 264 276
13
26 33 46 76 80 81 143 155 205 219 245 270 296
15
4 7 11 41 81 88 98 103 104 116 177 185 217 233 259
12
5 18 108 123 176 181 192 249 265 270 287 297
14
1 55 59 133 136 167 212 228 242 243 246 257 261 274
13
4 16 28 38 66 95 99 110 112 155 230 239 282
21
7 41 97 118 133 174 180 186 190 197 204 207 217 223 247 265 266 273 275 292 299
18
29 34 41 49 64 80 96 104 154 156 163 178 195 217 222 237 278 282
19
4 37 41 72 99 108 119 128 150 153 156 217 235 237 262 268 274 282 293
15
37 44 53 54 82 90 118 131 186 197 203 239 250 257 278
9
49 61 92 154 171 173 206 212 283
17
6 14 23 35 92 121 134 171 201 227 250 258 270 279 282 286 287
9
17 44 74 129 172 176 179 241 253
13
25 51 60 94 110 111 126 208 229 236 245 290 295
21
31 39 59 72 83 90 131 135 159 161 169 173 175 186 214 223 267 285 290 292 298
20
9 19 24 49 77 85 95 134 140 147 159 166 167 203 205 223 239 242 267 298
14
21 71 85 93 96 126 154 184 187 220 227 228 265 292
19
14 60 73 100 104 117 118 121 135 136 147 148 149 168 178 195 219 268 298
14
10 22 41 56 123 195 206 223 233 252 257 271 284 295
9
40 50 82 116 119 193 195 257 297
11
35 70 90 96 136 181 186 201 218 233 276
14
52 70 108 147 174 183 185 187 192 220 231 232 266 292
15
2 22 52 74 86 91 97 120 125 166 171 173 247 274 278
16
25 26 46 67 117 119 147 193 209 214 223 230 246 249 275 293
8
56 96 114 138 186 215 217 300
9
31 32 37 58 62 67 122 189 282
18
4 28 68 91 106 109 128 147 160 166 172 210 224 243 246 251 292 298
7
39 104 112 233 236 281 283
11
48 77 79 85 128 151 174 176 198 227 256
14
37 48 71 84 123 131 135 140 161 165 169 216 240 269
18
21 33 37 45 65 77 107 108 126 138 146 165 179 217 232 278 281 288
13
58 59 62 106 169 205 206 216 218 220 229 231 245
15
97 123 125 153 159 167 171 173 179 180 183 191 224 249 293
16
8 9 19 41 42 58 65 84 114 119 156 202 208 211 235 252
16
5 47 51 68 142 170 175 196 218 233 260 275 276 282 291 300
15
16 59 69 100 102 125 128 132 139 177 193 226 263 271 292
18
18 20 28 67 71 84 93 118 126 127 153 171 177 185 195 220 235 243
10
7 55 116 120 144 158 165 194 263 290
8
15 20 40 47 82 106 215 246
11
15 79 85 93 125 200 204 219 227 237 283
24
21 27 35 40 54 56 72 80 117 132 140 196 202 205 210 217 219 236 260 264 282 283 293 300
16
4 21 28 61 71 111 120 133 139 198 214 215 224 235 238 260
9
103 110 112 148 154 205 238 255 273
18
4 12 27 32 39 40 122 140 156 162 175 176 179 181 203 205 232 280
10
112 135 187 204 215 218 238 243 267 296
13
66 67 74 115 131 153 173 197 199 216 252 280 287
21
5 19 20 24 59 62 66 68 136 145 155 156 193 203 226 227 229 248 265 269 285
18
24 34 50 89 123 132 134 174 217 222 231 256 260 275 281 285 286 292
15
2 22 51 56 108 132 151 157 176 177 184 225 239 272 298
10
14 27 71 105 128 167 173 237 256 298
14
5 8 40 68 69 99 104 128 138 160 222 241 246 289
15
28 34 70 71 80 92 127 137 146 155 177 211 231 257 276
9
91 129 139 146 187 231 251 289 292
22
6 26 27 86 90 96 97 149 163 167 180 194 214 216 241 246 249 254 255 266 282 293
15
1 43 44 56 78 85 121 166 199 214 229 232 255 271 286
9
88 111 145 219 220 243 260 279 280
9
24 28 81 145 156 164 189 205 254
20
21 53 55 63 69 93 96 101 112 137 140 163 170 227 229 246 248 291 296 300
9
15 53 61 66 100 111 216 226 233
18
32 39 57 96 103 107 116 145 151 179 219 225 226 228 229 261 262 272
14
39 75 82 141 169 177 179 196 200 215 225 228 234 266
20
4 5 22 23 52 53 58 61 89 107 132 140 149 169 209 232 254 258 278 281
19
1 22 23 32 36 56 75 81 107 109 117 135 169 197 226 230 240 243 275
14
6 28 37 46 71 120 151 173 193 213 226 237 282 288
14
32 94 100 110 113 134 159 163 187 212 216 226 285 287
14
15 35 44 55 66 77 154 179 182 202 259 261 264 295
11
77 89 91 111 113 125 144 153 188 204 240
19
23 27 38 40 48 70 114 117 155 177 195 196 214 221 237 242 254 262 282
16
39 61 64 86 88 109 122 139 146 166 174 238 272 276 284 295
17
52 55 62 77 86 103 115 154 174 185 201 210 245 247 266 285 292
16
9 15 17 24 73 77 107 109 116 126 153 174 205 208 246 293
19
22 33 35 36 48 51 63 68 80 86 92 135 139 166 169 190 197 238 291
17
9 37 52 68 72 74 86 100 116 117 125 167 191 215 223 229 290
18
9 19 81 147 150 152 190 194 198 206 208 260 267 269 291 293 297 299
21
3 40 59 66 68 69 76 84 91 98 129 143 154 158 168 172 195 248 287 294 299
16
2 7 41 59 63 78 124 165 167 210 214 217 239 241 266 280
8
16 54 94 121 135 213 253 262
12
3 14 15 110 141 164 194 198 265 270 297 298
16
8 10 25 29 60 78 102 124 132 146 186 190 199 226 273 277
14
1 45 57 92 100 104 105 118 142 190 258 263 265 267
16
3 14 18 20 26 34 76 86 97 100 109 113 147 170 171 284
14
14 16 41 68 93 94 126 149 163 216 221 255 286 298
20
7 21 44 89 91 113 130 133 163 164 169 172 173 188 195 232 234 239 286 295
17
1 6 15 19 24 75 80 112 132 141 146 181 191 238 271 289 299
15
16 21 54 78 160 166 198 210 216 226 230 235 244 254 275
8
44 49 55 125 152 188 217 221
17
40 51 62 86 116 132 136 140 155 159 199 219 234 254 264 281 300
17
7 13 40 64 66 73 91 138 145 147 169 172 196 256 257 265 283
