150 300
1.0 1.0 1.0 1.0 1.0 1.0 1.0 1.0 1.0 1.0 1.0 1.0 1.0 1.0 1.0 1.0 1.0 1.0 1.0 1.0 1.0 1.0 1.0 1.0 1.0 1.0 1.0 1.0 1.0 1.0 1.0 1.0 1.0 1.0 1.0 1.0 1.0 1.0 1.0 1.0 1.0 1.0 1.0 1.0 1.0 1.0 1.0 1.0 1.0 1.0 1.0 1.0 1.0 1.0 1.0 1.0 1.0 1.0 1.0 1.0 1.0 1.0 1.0 1.0 1.0 1.0 1.0 1.0 1.0 1.0 1.0 1.0 1.0 1.0 1.0 1.0 1.0 1.0 1.0 1.0 1.0 1.0 1.0 1.0 1.0 1.0 1.0 1.0 1.0 1.0 1.0 1.0 1.0 1.0 1.0 1.0 1.0 1.0 1.0 1.0 1.0 1.0 1.0 1.0 1.0 1.0 1.0 1.0 1.0 1.0 1.0 1.0 1.0 1.0 1.0 1.0 1.0 1.0 1.0 1.0 1.0 1.0 1.0 1.0 1.0 1.0 1.0 1.0 1.0 1.0 1.0 1.0 1.0 1.0 1.0 1.0 1.0 1.0 1.0 1.0 1.0 1.0 1.0 1.0 1.0 1.0 1.0 1.0 1.0 1.0 1.0 1.0 1.0 1.0 1.0 1.0 1.0 1.0 1.0 1.0 1.0 1.0 1.0 1.0 1.0 1.0 1.0 1.0 1.0 1.0 1.0 1.0 1.0 1.0 1.0 1.0 1.0 1.0 1.0 1.0 1.0 1.0 1.0 1.0 1.0 1.0 1.0 1.0 1.0 1.0 1.0 1.0 1.0 1.0 1.0 1.0 1.0 1.0 1.0 1.0 1.0 1.0 1.0 1.0 1.0 1.0 1.0 1.0 1.0 1.0 1.0 1.0 1.0 1.0 1.0 1.0 1.0 1.0 1.0 1.0 1.0 1.0 1.0 1.0 1.0 1.0 1.0 1.0 1.0 1.0 1.0 1.0 1.0 1.0 1.0 1.0 1.0 1.0 1.0 1.0 1.0 1.0 1.0 1.0 1.0 1.0 1.0 1.0 1.0 1.0 1.0 1.0 1.0 1.0 1.0 1.0 1.0 1.0 1.0 1.0 1.0 1.0 1.0 1.0 1.0 1.0 1.0 1.0 1.0 1.0 1.0 1.0 1.0 1.0 1.0 1.0 1.0 1.0 1.0 1.0 1.0 1.0 1.0 1.0 1.0 1.0 1.0 1.0 1.0 1.0 1.0 1.0 1.0 1.0 1.0 1.0 1.0 1.0 1.0 1.0
14
4 18 47 52 79 111 112 160 190 211 224 231 245 298
14
3 6 16 31 34 51 97 135 165 181 203 210 239 264
19
75 78 85 105 106 153 160 165 169 176 179 215 234 251 256 277 279 290 296
17
46 50 62 70 132 134 142 157 160 165 206 209 224 250 255 286 299
19
4 6 11 31 33 85 102 107 133 148 157 172 173 188 200 211 234 249 286
19
3 29 44 47 53 100 108 136 144 170 201 207 219 222 224 225 265 292 294
18
50 72 74 89 103 105 121 150 158 159 180 186 238 252 264 266 285 299
17
1 4 7 25 47 49 69 96 113 114 179 190 192 208 209 239 267
13
9 14 27 94 96 116 132 178 182 187 199 227 232
18
4 7 10 22 71 133 144 145 175 215 220 243 252 260 265 275 291 298
17
6 23 87 91 95 97 98 107 110 129 145 164 167 252 269 273 288
13
26 77 128 151 153 182 186 193 194 223 231 232 250
17
11 12 29 71 103 154 169 175 181 195 216 269 271 284 290 292 293
17
29 32 38 60 65 71 77 104 142 157 163 188 205 211 220 258 287
6
4 16 20 253 254 265
19
19 20 44 89 117 121 133 150 168 177 181 194 262 267 279 282 284 292 294
11
44 59 82 87 127 149 154 193 212 220 287
11
5 63 125 126 156 158 206 218 238 248 273
15
59 61 106 109 120 126 128 130 167 174 176 186 224 237 263
19
2 6 7 18 59 68 75 126 158 159 184 185 209 216 227 240 269 275 289
12
22 42 49 86 87 113 182 187 215 221 223 242
11
49 50 72 95 115 142 192 222 244 249 280
13
30 36 43 54 70 115 118 121 189 199 253 258 273
20
26 28 29 36 44 47 55 70 105 126 156 190 210 211 220 225 247 263 287 295
11
10 28 92 105 116 139 156 183 261 265 275
17
6 36 37 38 59 72 85 90 117 144 150 179 217 247 248 252 264
18
26 27 45 53 68 93 118 135 142 151 186 207 226 232 254 256 257 287
8
18 43 65 101 228 262 270 298
13
18 44 47 70 88 98 113 151 209 236 237 267 298
10
18 45 46 92 106 129 166 194 278 283
15
10 54 72 88 115 138 151 181 206 217 239 241 246 251 279
10
48 54 110 111 124 141 202 213 229 261
19
8 48 65 83 106 118 150 151 153 182 200 207 210 222 250 263 265 288 294
16
10 18 30 47 78 134 149 156 159 166 186 196 228 271 278 281
14
6 29 86 97 102 115 163 171 176 212 242 245 266 289
15
8 9 38 56 89 101 107 112 153 189 264 268 270 275 286
18
40 41 81 92 120 122 125 145 174 195 200 227 234 238 266 273 276 280
16
12 62 64 113 132 154 155 159 176 178 202 207 214 218 223 228
11
26 28 31 34 58 85 157 191 202 235 281
14
31 52 81 101 104 110 175 177 188 197 214 217 221 294
19
22 29 53 72 103 104 114 115 116 125 154 179 180 183 205 208 251 272 293
16
19 37 51 87 91 103 117 124 137 138 172 180 190 199 200 279
15
7 79 92 101 111 119 146 151 198 203 238 241 246 268 274
14
15 54 60 95 115 132 134 143 193 197 229 232 281 297
12
20 25 44 86 106 139 175 219 226 250 278 293
9
22 46 51 55 67 144 187 228 245
14
27 29 45 62 76 90 131 155 166 214 240 251 281 283
14
13 28 69 71 143 186 190 199 213 237 259 260 263 292
11
23 27 46 49 79 154 159 164 180 181 205
12
36 49 67 68 103 131 152 158 170 184 218 255
12
6 18 19 22 68 161 232 250 251 255 276 297
18
14 15 58 74 84 90 114 120 164 172 179 189 224 229 260 288 289 292
13
70 72 107 131 164 178 203 205 208 225 240 250 256
17
1 14 15 31 48 73 93 98 100 130 144 166 223 229 262 295 296
16
6 12 41 50 69 107 127 140 157 158 182 196 239 256 276 284
14
8 46 79 87 88 115 120 156 223 238 239 245 260 262
14
14 25 34 92 117 130 146 169 216 234 258 263 266 281
17
5 61 93 95 103 117 121 146 147 157 165 188 198 222 243 275 292
9
7 32 33 142 152 161 219 230 285
11
58 86 97 98 99 143 164 198 203 225 231
19
10 22 58 62 77 83 104 129 168 180 206 214 219 222 234 257 268 272 280
16
16 31 38 80 83 91 122 126 143 176 187 199 201 204 242 294
8
5 54 138 166 184 190 210 256
16
1 6 17 67 89 109 113 163 177 223 228 260 271 282 287 296
16
19 41 46 51 98 107 141 176 188 196 207 243 248 271 298 299
17
18 38 57 84 110 118 144 156 171 187 201 233 245 247 264 272 277
16
1 13 17 53 54 93 96 106 110 130 133 201 228 241 242 273
25
13 30 45 57 70 78 87 123 135 136 138 145 154 170 182 196 200 205 213 227 246 273 278 279 297
12
13 17 66 97 110 128 156 192 216 225 236 265
15
8 18 37 49 80 134 147 183 202 208 256 269 271 280 289
14
33 36 38 80 87 102 104 152 161 180 207 223 252 267
10
7 37 78 85 102 103 104 150 208 264
15
25 69 70 77 92 111 128 140 149 178 189 194 243 250 300
13
37 46 80 83 114 132 152 165 181 201 248 274 281
15
12 20 80 115 123 129 144 153 231 237 270 273 277 288 297
17
21 30 31 43 58 61 63 71 97 101 105 166 185 229 237 241 259
13
6 10 29 32 45 64 67 114 181 280 283 297 298
14
41 56 95 97 98 106 107 170 175 195 196 269 275 290
11
15 42 73 111 126 136 164 194 221 276 298
11
8 53 85 89 91 92 168 254 270 273 285
12
7 15 28 80 97 125 135 158 173 174 221 244
19
41 49 50 53 64 76 77 113 142 168 183 186 198 208 214 235 239 246 279
12
8 12 33 40 113 115 148 182 195 208 214 248
22
8 16 17 19 34 73 77 80 109 117 134 136 142 158 162 184 198 199 230 245 249 263
23
31 36 50 70 83 89 125 142 159 162 175 186 187 196 205 243 249 250 257 263 276 288 289
8
7 58 115 126 152 193 228 294
22
6 11 24 56 57 61 97 112 114 117 173 188 195 198 201 220 224 227 230 245 273 281
16
25 81 102 104 112 114 134 143 163 169 193 218 228 230 243 279
9
3 33 36 37 170 195 197 243 291
13
3 9 80 116 134 146 180 222 239 248 259 260 299
15
12 93 111 114 146 152 197 202 223 236 251 254 261 277 298
17
32 55 71 115 143 149 152 166 182 213 217 218 228 244 260 291 293
5
5 50 167 214 261
14
56 72 104 105 113 128 135 171 177 193 226 243 282 295
12
1 21 40 51 110 125 126 145 157 188 190 228
16
1 4 21 45 111 148 178 190 193 208 231 247 261 271 283 288
20
14 52 57 84 109 120 145 149 152 154 167 190 197 207 225 250 255 268 271 282
15
12 29 62 90 117 162 204 209 210 224 246 251 255 279 296
20
19 70 76 84 114 121 163 165 187 192 193 194 200 203 205 230 240 249 254 289
11
17 18 42 50 92 130 169 223 230 265 294
12
27 53 106 107 123 184 227 246 261 266 281 295
18
44 73 75 76 96 106 127 159 203 204 207 220 236 245 247 287 292 293
14
45 103 129 135 143 175 186 190 192 196 210 228 237 241
14
16 37 59 90 154 176 184 187 199 230 245 261 282 295
24
20 25 39 60 76 106 122 128 145 147 149 178 198 200 207 223 229 245 247 249 250 272 283 292
15
6 14 19 52 71 80 82 87 161 170 195 217 231 275 276
15
5 24 32 45 63 81 85 134 139 144 151 169 236 247 298
16
19 26 51 57 77 83 89 101 142 187 194 209 212 280 288 299
17
1 13 21 28 59 93 110 119 123 125 157 174 181 217 234 258 285
15
14 17 49 63 75 100 119 155 174 192 224 252 263 273 288
11
7 76 102 120 141 147 191 197 220 223 224
16
26 87 88 94 104 115 159 194 199 231 273 276 277 291 295 296
16
8 17 49 83 84 86 101 106 111 117 119 124 162 211 235 293
14
22 33 39 69 105 124 159 171 186 195 229 272 290 293
15
42 72 90 101 113 150 168 186 194 204 244 253 257 284 289
9
30 52 84 102 165 180 213 231 266
14
21 30 45 62 77 91 95 133 154 233 239 246 254 284
17
14 30 82 118 121 126 136 138 146 150 173 235 248 260 283 285 290
13
7 10 20 36 42 74 136 140 158 194 232 260 270
11
14 33 57 126 167 178 186 198 213 242 283
12
42 46 51 53 111 137 146 222 224 237 238 261
19
11 15 50 98 103 116 126 127 145 159 206 207 212 216 224 227 272 273 292
9
63 66 127 150 161 195 197 219 274
15
30 58 67 92 99 122 143 172 197 210 274 282 286 293 299
13
8 38 44 49 98 153 161 164 198 209 210 241 269
27
10 18 30 61 74 92 96 119 134 168 178 188 208 214 220 223 226 235 248 250 258 259 266 282 284 289 295
10
16 63 69 80 131 144 146 171 235 258
15
2 21 22 26 41 49 53 70 101 122 160 175 184 199 240
23
34 75 77 82 89 92 101 111 124 135 138 153 168 192 209 212 225 228 257 272 289 293 294
10
39 107 110 113 148 187 201 209 245 287
11
26 95 134 159 175 192 201 207 222 265 284
7
24 51 128 201 222 262 299
14
27 41 57 75 78 118 178 181 225 227 252 272 274 291
12
18 44 52 68 95 117 132 194 214 237 271 284
10
25 41 159 161 167 174 175 230 288 294
17
12 22 41 115 126 136 151 156 157 166 232 244 259 263 270 274 276
15
12 15 40 100 123 138 159 167 169 227 232 233 252 270 290
14
15 68 81 96 106 120 169 180 196 200 205 211 223 297
23
5 71 81 87 93 100 107 109 115 132 151 162 174 212 214 218 226 233 252 272 276 281 300
11
16 17 47 74 94 181 245 252 268 285 288
11
9 26 54 101 108 131 135 158 188 221 273
18
25 28 53 61 92 110 112 149 150 152 169 202 203 218 219 232 251 255
13
24 39 48 87 99 138 147 181 205 232 235 245 263
20
28 60 66 92 103 126 142 146 188 213 215 219 224 226 246 247 257 277 284 286
15
10 45 66 132 150 151 168 195 218 236 260 261 272 274 296
9
52 99 151 179 215 238 246 264 271
14
10 36 48 90 103 111 221 226 229 250 252 267 274 282
17
36 71 89 118 135 139 148 152 154 187 213 225 239 245 279 282 286
16
19 21 27 44 50 101 169 175 176 192 194 213 227 231 266 284
23
1 4 18 24 64 77 79 83 90 92 117 142 146 151 152 161 169 182 185 206 218 233 244
