150 300
1.0 1.0 1.0 1.0 1.0 1.0 1.0 1.0 1.0 1.0 1.0 1.0 1.0 1.0 1.0 1.0 1.0 1.0 1.0 1.0 1.0 1.0 1.0 1.0 1.0 1.0 1.0 1.0 1.0 1.0 1.0 1.0 1.0 1.0 1.0 1.0 1.0 1.0 1.0 1.0 1.0 1.0 1.0 1.0 1.0 1.0 1.0 1.0 1.0 1.0 1.0 1.0 1.0 1.0 1.0 1.0 1.0 1.0 1.0 1.0 1.0 1.0 1.0 1.0 1.0 1.0 1.0 1.0 1.0 1.0 1.0 1.0 1.0 1.0 1.0 1.0 1.0 1.0 1.0 1.0 1.0 1.0 1.0 1.0 1.0 1.0 1.0 1.0 1.0 1.0 1.0 1.0 1.0 1.0 1.0 1.0 1.0 1.0 1.0 1.0 1.0 1.0 1.0 1.0 1.0 1.0 1.0 1.0 1.0 1.0 1.0 1.0 1.0 1.0 1.0 1.0 1.0 1.0 1.0 1.0 1.0 1.0 1.0 1.0 1.0 1.0 1.0 1.0 1.0 1.0 1.0 1.0 1.0 1.0 1.0 1.0 1.0 1.0 1.0 1.0 1.0 1.0 1.0 1.0 1.0 1.0 1.0 1.0 1.0 1.0 1.0 1.0 1.0 1.0 1.0 1.0 1.0 1.0 1.0 1.0 1.0 1.0 1.0 1.0 1.0 1.0 1.0 1.0 1.0 1.0 1.0 1.0 1.0 1.0 1.0 1.0 1.0 1.0 1.0 1.0 1.0 1.0 1.0 1.0 1.0 1.0 1.0 1.0 1.0 1.0 1.0 1.0 1.0 1.0 1.0 1.0 1.0 1.0 1.0 1.0 1.0 1.0 1.0 1.0 1.0 1.0 1.0 1.0 1.0 1.0 1.0 1.0 1.0 1.0 1.0 1.0 1.0 1.0 1.0 1.0 1.0 1.0 1.0 1.0 1.0 1.0 1.0 1.0 1.0 1.0 1.0 1.0 1.0 1.0 1.0 1.0 1.0 1.0 1.0 1.0 1.0 1.0 1.0 1.0 1.0 1.0 1.0 1.0 1.0 1.0 1.0 1.0 1.0 1.0 1.0 1.0 1.0 1.0 1.0 1.0 1.0 1.0 1.0 1.0 1.0 1.0 1.0 1.0 1.0 1.0 1.0 1.0 1.0 1.0 1.0 1.0 1.0 1.0 1.0 1.0 1.0 1.0 1.0 1.0 1.0 1.0 1.0 1.0 1.0 1.0 1.0 1.0 1.0 1.0 1.0 1.0 1.0 1.0 1.0 1.0
12
2 22 68 83 89 99 124 125 185 238 249 280
14
3 8 23 30 68 104 128 136 150 166 179 235 255 283
16
18 32 114 125 129 138 143 157 185 201 217 233 253 267 272 294
19
19 34 37 45 46 56 59 62 91 110 145 166 196 198 217 251 263 267 286
10
11 68 108 124 147 160 200 206 215 232
7
31 111 116 148 212 216 290
20
60 61 83 95 101 113 171 173 190 197 199 210 221 242 251 268 272 280 283 289
19
6 12 26 34 61 86 98 136 150 162 166 209 210 214 216 218 226 251 264
13
35 66 103 120 138 161 172 201 222 268 279 294 300
14
15 27 50 65 85 95 128 144 161 179 193 223 240 286
5
5 118 132 196 232
11
8 74 99 146 151 193 196 216 254 271 293
9
35 105 117 153 170 222 233 252 263
13
9 75 78 83 101 113 118 179 182 209 230 278 294
15
7 42 136 143 162 165 178 182 192 196 210 233 270 278 283
17
2 7 33 45 48 55 72 90 95 99 106 116 186 190 206 223 249
13
10 52 79 83 109 133 176 177 185 277 283 287 300
11
14 17 24 46 67 103 129 183 214 241 258
10
131 133 154 173 175 188 203 231 244 280
17
28 38 41 69 76 79 87 108 135 136 145 155 206 207 224 248 289
16
36 89 99 118 127 158 186 189 211 248 255 257 258 261 274 300
15
10 26 27 35 64 85 107 111 125 132 141 169 215 263 276
17
25 44 50 66 78 86 106 137 141 147 149 190 210 219 221 232 294
13
45 80 81 118 131 132 139 167 190 213 291 294 300
18
20 53 54 65 67 81 84 85 95 115 131 172 173 181 184 220 237 272
13
12 35 38 46 72 89 117 135 136 179 180 242 290
13
1 6 8 20 106 151 162 176 190 251 254 282 299
16
7 25 46 91 93 123 126 127 131 244 263 267 272 276 280 293
14
2 18 67 71 113 114 152 193 200 222 229 257 260 284
14
50 55 70 74 150 152 171 209 210 228 229 240 247 291
19
43 72 74 91 103 111 113 128 135 142 171 196 202 212 275 279 283 291 294
23
34 35 37 53 68 83 93 100 118 142 170 175 183 206 212 219 242 248 261 262 271 289 292
11
43 53 114 157 162 165 216 217 222 227 234
18
9 10 25 29 40 94 113 114 194 212 213 219 220 229 251 254 268 275
25
1 13 18 19 36 38 69 85 87 89 102 123 131 133 150 175 178 181 233 246 248 273 275 282 300
12
2 13 21 42 80 94 210 213 222 234 245 277
13
44 60 79 96 109 172 190 221 235 242 277 285 295
16
11 24 72 97 98 133 153 179 221 261 264 276 283 288 291 295
17
18 27 62 108 117 120 129 153 170 177 180 244 260 271 279 285 290
8
54 70 71 126 169 170 200 247
19
1 3 4 13 69 116 143 144 191 205 213 228 237 244 256 260 261 263 273
14
10 32 62 66 69 72 75 84 102 129 138 165 186 265
12
15 28 121 162 164 181 193 224 228 242 279 287
15
44 46 48 78 87 161 179 181 199 217 242 249 261 280 283
19
20 33 41 44 49 57 79 89 112 121 122 127 167 197 242 247 266 276 288
15
27 28 77 78 103 121 132 182 207 215 227 248 264 279 291
17
8 14 27 35 43 45 47 81 90 109 121 138 160 184 188 204 299
16
56 63 86 123 137 140 142 153 189 210 212 241 265 279 282 285
18
17 22 25 30 49 54 56 65 78 125 180 185 197 236 243 246 277 294
11
83 118 125 144 158 163 171 235 251 279 285
19
41 45 47 64 67 86 93 102 104 107 110 124 145 170 182 212 213 217 235
17
13 36 40 51 63 68 94 117 118 130 150 192 199 213 240 244 296
11
58 74 170 177 187 196 211 230 231 270 271
20
4 6 29 55 59 78 79 93 94 106 125 130 131 139 157 187 241 255 260 275
16
6 12 37 50 54 60 79 138 199 200 201 211 213 227 241 281
18
72 82 90 114 124 137 175 182 185 191 202 207 224 233 255 267 268 270
15
17 25 37 38 60 66 71 133 164 166 214 230 240 248 281
13
3 14 51 139 152 186 209 214 243 253 268 283 290
14
14 19 23 38 120 201 209 214 215 254 272 273 284 287
11
12 34 57 111 127 143 165 237 257 266 292
23
7 42 44 45 49 59 82 98 102 106 121 128 154 161 176 204 206 229 254 259 277 279 300
15
7 33 62 74 104 117 145 161 174 215 224 237 239 245 281
9
21 110 120 134 158 190 225 242 258
19
4 6 14 30 52 66 110 170 189 200 205 211 212 219 237 242 255 260 265
12
14 17 23 57 94 104 120 121 145 224 252 293
13
11 19 45 57 142 148 151 191 232 269 282 283 294
16
22 31 42 57 106 126 133 134 149 163 183 225 247 250 279 299
7
36 70 103 136 155 163 296
10
6 15 29 92 115 138 181 225 227 298
15
4 34 38 48 55 65 72 85 138 177 204 205 213 260 286
13
4 7 54 57 90 114 125 164 166 180 181 237 287
20
18 41 89 98 116 118 141 164 180 192 199 216 218 222 253 254 260 267 282 285
11
37 43 70 143 174 179 185 209 243 254 270
15
80 82 89 93 123 137 142 143 168 208 259 265 266 280 288
20
18 31 32 41 60 62 65 69 72 74 77 79 112 118 223 235 257 281 291 293
27
6 13 14 16 18 23 55 62 67 86 95 122 137 151 157 165 171 177 201 213 215 223 227 230 258 260 264
17
18 19 26 65 66 79 89 131 187 195 197 217 247 249 277 278 300
15
26 33 39 64 77 82 89 107 113 130 142 154 209 233 265
11
2 3 56 106 116 122 157 212 244 245 266
19
7 14 22 75 101 114 125 171 200 203 230 241 243 262 263 272 287 291 295
15
35 70 112 117 141 148 206 214 215 219 226 236 239 245 287
18
22 35 39 40 84 94 116 120 133 143 148 188 206 246 259 278 286 289
13
64 66 98 113 117 122 143 181 183 243 260 265 280
17
15 29 48 54 88 102 142 157 180 224 228 249 258 262 273 289 298
7
42 59 68 97 142 150 177
21
9 13 32 66 82 93 135 157 158 165 171 191 193 213 224 231 235 237 249 252 289
14
19 72 127 151 160 168 174 179 190 199 208 232 250 290
13
62 102 116 121 122 136 137 153 156 163 255 270 282
11
37 87 109 147 176 195 196 197 222 261 292
19
9 12 27 32 107 108 152 153 160 178 225 229 243 254 282 284 287 296 300
18
14 74 106 128 131 140 166 169 174 193 228 241 260 267 268 297 299 300
9
10 91 142 177 187 256 275 278 291
23
12 19 21 24 32 51 55 83 85 113 153 160 163 186 190 206 218 234 236 242 251 259 263
18
25 36 109 195 197 200 209 212 222 225 238 241 246 252 255 273 282 299
17
57 69 76 89 95 141 145 173 180 204 216 219 222 228 261 271 292
11
52 125 127 133 167 183 218 245 247 252 292
15
10 45 46 74 80 86 93 102 115 158 173 222 243 255 282
12
6 24 108 109 119 137 186 193 227 251 267 294
11
18 63 68 81 109 166 169 183 188 243 275
14
33 47 56 64 108 118 120 134 144 200 212 220 230 263
13
27 33 50 81 87 88 133 156 157 196 206 241 260
17
52 69 84 104 144 146 147 148 171 183 217 223 226 244 249 250 261
17
15 18 27 39 137 154 184 187 205 218 220 237 243 254 269 281 290
10
34 47 60 91 212 213 214 223 274 286
21
6 10 37 61 74 82 102 131 140 142 150 155 160 166 197 210 238 243 252 261 272
18
10 24 28 77 78 89 90 106 116 123 138 139 153 212 231 261 269 272
19
31 43 47 64 107 140 178 180 183 200 201 212 227 246 255 273 274 288 296
15
5 6 13 69 87 103 107 120 131 155 165 181 201 224 239
12
40 63 108 114 118 141 175 178 198 218 226 284
14
57 96 121 123 133 143 151 185 193 208 230 257 259 295
12
28 31 51 91 219 222 248 251 257 267 276 277
20
13 26 60 65 79 81 106 163 176 254 264 267 272 273 274 280 283 291 298 300
18
1 5 52 80 81 95 101 103 121 142 148 160 197 210 212 215 247 276
10
14 56 96 110 149 179 237 250 257 268
22
12 21 26 51 56 57 69 77 118 123 130 139 145 154 158 239 257 269 272 285 290 296
18
3 39 70 73 89 91 125 132 135 142 153 155 165 220 236 280 281 283
23
19 39 80 101 128 145 151 161 171 184 194 201 205 211 229 243 245 247 256 258 277 280 283
14
8 10 18 25 92 97 99 200 208 209 212 226 270 297
16
5 15 42 54 66 87 92 118 129 141 147 148 217 219 252 300
11
29 38 43 56 132 167 172 179 215 224 254
21
15 16 57 77 79 84 100 142 154 155 160 176 185 195 203 204 205 231 233 238 291
16
109 115 125 150 152 172 175 178 183 187 217 238 243 249 263 276
15
17 35 97 130 146 153 184 203 205 206 212 227 230 254 257
15
7 34 41 51 81 104 111 135 168 180 190 213 228 232 242
16
6 10 50 54 59 62 65 78 108 137 142 192 247 280 288 298
13
27 62 120 134 135 145 157 176 196 250 272 284 293
15
77 81 101 154 169 170 188 214 237 270 272 281 283 288 294
17
4 29 38 100 125 128 133 149 158 178 191 203 256 259 267 278 286
14
1 16 33 37 106 125 163 175 181 194 237 247 257 288
15
24 55 61 75 80 96 105 113 118 126 130 151 278 279 297
15
23 24 36 41 73 98 150 172 176 189 221 236 270 276 299
17
10 18 35 40 60 73 81 83 84 100 123 170 210 234 244 257 293
14
54 56 82 92 101 117 134 141 145 175 194 233 241 292
14
49 65 70 71 89 94 116 126 141 164 218 220 244 248
16
29 59 88 104 122 125 131 133 141 149 172 173 180 196 262 295
16
19 48 57 132 144 178 180 187 195 205 208 215 226 263 276 290
18
20 25 40 61 75 87 97 103 106 112 120 153 172 178 188 225 226 252
13
1 19 29 83 89 97 101 108 114 183 206 266 272
22
15 51 68 81 107 118 127 135 157 173 187 196 198 203 212 252 257 272 276 293 298 300
18
5 40 79 82 85 99 121 127 138 158 214 216 224 241 243 270 282 296
8
10 42 59 107 144 178 234 287
14
22 30 68 74 90 93 130 172 188 189 213 214 232 234
12
17 28 50 57 83 91 114 117 159 254 263 271
16
42 60 61 76 94 163 182 184 187 225 226 246 259 278 279 295
17
24 31 36 76 82 93 99 142 145 161 223 225 239 247 266 289 291
20
14 41 45 51 61 119 125 135 146 159 183 196 206 218 228 237 250 268 288 291
20
7 11 14 23 30 35 45 46 78 95 100 104 129 137 153 190 252 255 286 300
17
2 38 51 55 86 118 128 136 160 172 190 201 244 247 248 269 293
20
1 2 9 21 55 65 68 77 86 88 117 155 182 191 217 234 253 255 286 288
23
24 26 38 42 52 54 58 70 78 81 101 108 126 131 164 182 192 202 215 229 254 262 295
