50 100
1.0 1.0 1.0 1.0 1.0 1.0 1.0 1.0 1.0 1.0 1.0 1.0 1.0 1.0 1.0 1.0 1.0 1.0 1.0 1.0 1.0 1.0 1.0 1.0 1.0 1.0 1.0 1.0 1.0 1.0 1.0 1.0 1.0 1.0 1.0 1.0 1.0 1.0 1.0 1.0 1.0 1.0 1.0 1.0 1.0 1.0 1.0 1.0 1.0 1.0 1.0 1.0 1.0 1.0 1.0 1.0 1.0 1.0 1.0 1.0 1.0 1.0 1.0 1.0 1.0 1.0 1.0 1.0 1.0 1.0 1.0 1.0 1.0 1.0 1.0 1.0 1.0 1.0 1.0 1.0 1.0 1.0 1.0 1.0 1.0 1.0 1.0 1.0 1.0 1.0 1.0 1.0 1.0 1.0 1.0 1.0 1.0 1.0 1.0 1.0
6
16 21 25 39 65 71
6
14 17 47 86 89 100
5
7 20 23 74 85
5
19 20 25 36 70
7
14 48 62 63 75 91 96
5
40 43 44 62 68
4
7 52 57 100
3
41 68 74
9
4 12 28 41 42 61 73 81 95
10
2 9 21 29 36 38 44 66 85 90
5
9 12 34 60 66
2
36 72
4
8 22 26 29
9
23 30 34 41 42 62 76 77 78
6
5 8 12 59 67 99
5
4 60 78 80 83
3
8 21 75
5
15 32 53 73 78
8
23 34 38 49 54 66 85 98
3
36 39 53
2
48 89
9
1 21 32 45 64 71 85 89 96
9
12 22 34 47 52 60 62 65 95
2
60 73
3
58 76 95
4
7 28 35 79
5
20 25 50 59 73
1
25
3
3 78 84
5
18 48 72 78 81
5
25 48 59 61 89
4
8 49 86 88
6
4 26 29 34 81 82
5
16 45 60 82 84
5
5 10 40 68 72
7
12 28 43 51 53 54 75
6
11 12 30 43 64 80
2
28 32
3
4 24 36
1
70
3
1 31 70
9
11 15 48 52 59 66 79 87 94
1
16
5
1 7 45 89 96
3
4 71 99
5
37 49 76 84 96
4
46 80 82 100
4
13 45 61 66
1
65
7
4 14 17 36 39 59 74
