100 200
1.0 1.0 1.0 1.0 1.0 1.0 1.0 1.0 1.0 1.0 1.0 1.0 1.0 1.0 1.0 1.0 1.0 1.0 1.0 1.0 1.0 1.0 1.0 1.0 1.0 1.0 1.0 1.0 1.0 1.0 1.0 1.0 1.0 1.0 1.0 1.0 1.0 1.0 1.0 1.0 1.0 1.0 1.0 1.0 1.0 1.0 1.0 1.0 1.0 1.0 1.0 1.0 1.0 1.0 1.0 1.0 1.0 1.0 1.0 1.0 1.0 1.0 1.0 1.0 1.0 1.0 1.0 1.0 1.0 1.0 1.0 1.0 1.0 1.0 1.0 1.0 1.0 1.0 1.0 1.0 1.0 1.0 1.0 1.0 1.0 1.0 1.0 1.0 1.0 1.0 1.0 1.0 1.0 1.0 1.0 1.0 1.0 1.0 1.0 1.0 1.0 1.0 1.0 1.0 1.0 1.0 1.0 1.0 1.0 1.0 1.0 1.0 1.0 1.0 1.0 1.0 1.0 1.0 1.0 1.0 1.0 1.0 1.0 1.0 1.0 1.0 1.0 1.0 1.0 1.0 1.0 1.0 1.0 1.0 1.0 1.0 1.0 1.0 1.0 1.0 1.0 1.0 1.0 1.0 1.0 1.0 1.0 1.0 1.0 1.0 1.0 1.0 1.0 1.0 1.0 1.0 1.0 1.0 1.0 1.0 1.0 1.0 1.0 1.0 1.0 1.0 1.0 1.0 1.0 1.0 1.0 1.0 1.0 1.0 1.0 1.0 1.0 1.0 1.0 1.0 1.0 1.0 1.0 1.0 1.0 1.0 1.0 1.0 1.0 1.0 1.0 1.0 1.0 1.0 1.0 1.0 1.0 1.0 1.0 1.0
8
9 18 22 27 99 131 132 188
6
5 65 83 165 176 182
11
31 45 60 81 90 97 130 137 181 184 185
10
47 59 72 101 131 137 146 193 199 200
14
16 28 33 50 54 67 78 108 138 143 157 161 175 192
13
1 33 34 56 64 68 90 103 132 142 147 165 199
15
5 19 20 31 34 56 72 87 97 103 125 131 150 175 200
9
47 78 89 91 101 104 124 160 172
14
20 61 69 70 71 75 106 116 142 168 177 178 183 190
8
9 28 128 133 146 175 181 191
6
1 34 71 106 139 140
14
2 22 35 41 57 97 127 139 144 149 163 177 187 198
12
13 26 28 30 41 47 95 114 118 129 163 194
11
22 32 37 42 80 112 152 164 167 172 191
10
7 8 23 57 60 73 103 104 181 199
11
16 49 78 103 112 129 143 155 158 167 174
5
11 62 135 139 181
7
2 13 42 126 134 141 162
12
35 75 78 85 95 103 130 138 145 168 189 191
8
18 33 77 93 111 153 156 196
9
13 16 39 46 110 114 156 177 185
12
2 6 22 28 60 61 77 118 132 171 184 196
12
4 19 41 52 104 117 129 147 159 180 183 184
11
18 71 100 101 104 108 136 142 144 171 197
10
24 30 51 90 93 104 108 123 157 169
13
13 25 33 39 60 64 66 67 92 104 119 141 193
9
20 25 112 123 124 127 162 173 191
8
23 48 52 60 74 114 160 176
7
7 43 115 117 124 159 189
10
43 62 67 74 112 129 152 168 176 200
11
2 4 16 38 42 43 69 96 108 155 197
16
15 32 35 63 81 84 93 95 101 115 132 147 170 177 185 188
17
7 9 17 35 40 67 70 80 102 110 118 123 133 137 171 175 184
9
42 74 80 107 125 154 167 171 179
7
2 22 43 97 108 113 179
8
31 105 130 137 152 163 168 175
8
6 68 91 117 130 149 155 159
8
26 39 57 59 65 101 105 113
10
19 53 62 76 138 141 143 164 187 196
9
16 17 80 98 105 109 119 187 194
7
43 45 72 111 116 155 179
12
22 33 35 68 70 71 86 100 102 143 155 186
13
3 7 28 29 45 57 76 83 99 162 165 174 191
13
15 61 86 97 100 119 130 136 144 150 151 188 196
13
24 39 42 50 63 86 116 151 157 178 180 193 195
9
60 66 68 84 88 108 137 141 193
13
3 19 71 77 88 94 110 120 130 131 183 185 187
6
8 65 81 102 163 190
7
12 37 92 98 104 115 174
8
6 13 37 49 60 133 145 165
19
5 9 31 35 46 48 52 53 54 56 77 98 106 117 146 148 166 181 200
10
1 2 58 129 144 145 147 160 179 188
11
23 41 51 56 68 74 146 157 159 182 188
9
45 79 114 123 140 148 162 163 185
11
9 32 43 47 50 55 88 99 141 184 188
14
5 7 10 16 68 78 83 120 121 128 140 154 180 198
8
17 42 71 88 120 130 165 197
9
21 24 44 51 55 65 106 126 160
9
10 22 38 51 84 136 139 173 184
15
21 27 40 51 53 74 99 156 166 169 173 174 185 192 197
16
33 39 57 76 83 98 99 108 111 129 141 165 170 182 185 192
10
4 20 22 59 68 124 145 174 178 181
9
2 41 71 74 77 115 146 186 190
10
19 52 61 70 81 88 103 139 146 182
15
2 6 33 36 68 71 81 84 110 112 151 156 177 188 198
11
13 49 64 70 92 147 171 181 191 196 198
9
20 27 28 67 77 81 95 98 125
5
7 13 33 162 180
10
2 29 45 75 83 94 112 119 139 167
9
22 47 83 85 98 162 172 175 181
7
32 40 52 86 121 133 186
9
7 39 67 90 108 129 132 187 193
10
5 46 49 65 95 97 100 102 128 185
11
10 16 52 54 97 100 103 129 133 160 166
11
12 43 72 75 87 92 124 133 153 163 184
10
33 44 59 87 90 117 139 144 148 199
11
1 22 69 118 127 128 142 155 156 162 171
9
46 61 70 93 99 112 131 173 193
10
23 26 31 40 48 78 96 97 115 120
8
5 15 48 51 150 165 198 199
9
10 20 36 80 85 87 103 152 185
8
20 75 118 120 141 142 167 176
11
24 37 40 61 67 74 83 120 129 147 163
10
37 49 59 66 86 106 146 156 162 181
12
13 23 29 31 34 56 59 72 121 173 183 189
7
39 59 152 163 165 167 169
5
19 32 55 160 175
17
23 25 36 47 58 83 87 95 100 122 131 147 156 183 186 189 195
12
23 26 29 42 55 57 91 100 128 181 193 200
6
11 67 83 110 154 157
13
5 28 35 37 54 59 85 88 99 113 128 141 157
7
4 27 75 124 155 163 170
11
20 22 26 40 45 50 86 136 137 138 174
6
23 103 118 134 136 172
12
6 17 49 57 79 81 89 96 112 137 169 190
10
7 14 30 63 85 136 139 150 183 197
9
19 31 34 99 101 124 140 144 159
13
2 7 32 46 70 75 104 106 116 136 149 163 177
10
23 45 46 61 62 114 143 150 175 184
14
26 35 74 75 88 94 108 125 139 144 169 176 186 192
