150 300
1.0 1.0 1.0 1.0 1.0 1.0 1.0 1.0 1.0 1.0 1.0 1.0 1.0 1.0 1.0 1.0 1.0 1.0 1.0 1.0 1.0 1.0 1.0 1.0 1.0 1.0 1.0 1.0 1.0 1.0 1.0 1.0 1.0 1.0 1.0 1.0 1.0 1.0 1.0 1.0 1.0 1.0 1.0 1.0 1.0 1.0 1.0 1.0 1.0 1.0 1.0 1.0 1.0 1.0 1.0 1.0 1.0 1.0 1.0 1.0 1.0 1.0 1.0 1.0 1.0 1.0 1.0 1.0 1.0 1.0 1.0 1.0 1.0 1.0 1.0 1.0 1.0 1.0 1.0 1.0 1.0 1.0 1.0 1.0 1.0 1.0 1.0 1.0 1.0 1.0 1.0 1.0 1.0 1.0 1.0 1.0 1.0 1.0 1.0 1.0 1.0 1.0 1.0 1.0 1.0 1.0 1.0 1.0 1.0 1.0 1.0 1.0 1.0 1.0 1.0 1.0 1.0 1.0 1.0 1.0 1.0 1.0 1.0 1.0 1.0 1.0 1.0 1.0 1.0 1.0 1.0 1.0 1.0 1.0 1.0 1.0 1.0 1.0 1.0 1.0 1.0 1.0 1.0 1.0 1.0 1.0 1.0 1.0 1.0 1.0 1.0 1.0 1.0 1.0 1.0 1.0 1.0 1.0 1.0 1.0 1.0 1.0 1.0 1.0 1.0 1.0 1.0 1.0 1.0 1.0 1.0 1.0 1.0 1.0 1.0 1.0 1.0 1.0 1.0 1.0 1.0 1.0 1.0 1.0 1.0 1.0 1.0 1.0 1.0 1.0 1.0 1.0 1.0 1.0 1.0 1.0 1.0 1.0 1.0 1.0 1.0 1.0 1.0 1.0 1.0 1.0 1.0 1.0 1.0 1.0 1.0 1.0 1.0 1.0 1.0 1.0 1.0 1.0 1.0 1.0 1.0 1.0 1.0 1.0 1.0 1.0 1.0 1.0 1.0 1.0 1.0 1.0 1.0 1.0 1.0 1.0 1.0 1.0 1.0 1.0 1.0 1.0 1.0 1.0 1.0 1.0 1.0 1.0 1.0 1.0 1.0 1.0 1.0 1.0 1.0 1.0 1.0 1.0 1.0 1.0 1.0 1.0 1.0 1.0 1.0 1.0 1.0 1.0 1.0 1.0 1.0 1.0 1.0 1.0 1.0 1.0 1.0 1.0 1.0 1.0 1.0 1.0 1.0 1.0 1.0 1.0 1.0 1.0 1.0 1.0 1.0 1.0 1.0 1.0 1.0 1.0 1.0 1.0 1.0 1.0
17
20 42 43 56 91 101 107 122 161 165 167 171 186 199 224 247 280
11
4 15 33 54 146 161 164 206 221 224 300
14
6 13 22 33 35 54 98 121 124 210 213 223 263 278
8
6 41 46 69 199 277 278 297
13
1 2 34 52 69 132 140 145 188 190 202 207 279
11
3 6 77 90 98 118 127 153 160 167 284
13
4 60 75 80 147 187 207 216 219 241 244 248 280
20
11 15 23 49 54 61 73 75 121 150 158 160 178 182 237 249 250 255 267 291
17
40 41 55 96 117 127 128 132 133 139 160 165 204 207 211 229 240
14
34 63 65 83 99 118 119 173 198 205 235 248 254 257
17
29 54 69 81 90 104 131 132 151 154 164 167 210 234 254 256 274
19
4 11 58 63 67 69 79 91 118 159 163 206 220 225 227 247 271 276 290
10
38 56 58 147 153 194 197 203 218 286
10
45 72 81 136 155 199 216 224 237 275
17
22 40 93 112 122 136 138 153 155 185 207 232 241 250 271 278 279
17
31 68 83 86 90 94 113 129 164 180 197 241 276 278 281 286 288
15
22 50 63 109 131 135 136 160 200 245 249 259 265 275 296
18
27 28 39 43 87 91 103 126 144 167 170 178 185 197 219 231 246 262
19
30 44 76 87 105 158 173 179 183 202 205 208 225 234 240 264 267 285 291
19
12 16 43 60 70 71 79 80 84 107 129 143 159 204 253 259 286 287 293
18
22 28 62 69 74 76 79 94 96 162 175 179 186 207 223 245 258 273
18
1 6 67 77 80 117 123 133 145 165 183 196 197 198 213 292 293 298
10
38 42 105 110 118 173 179 265 266 278
9
3 80 210 218 240 270 279 293 297
11
7 65 74 89 93 111 141 148 190 194 276
11
28 106 120 124 132 166 230 235 254 266 289
17
23 52 57 82 85 86 108 119 122 128 176 208 226 241 254 273 287
14
14 41 49 78 79 103 119 121 128 216 221 242 271 283
19
23 41 93 95 112 113 118 132 155 175 177 182 211 241 262 270 280 282 294
13
84 102 104 116 145 156 161 169 180 210 257 258 259
11
1 22 47 152 161 177 185 186 228 235 270
15
38 43 45 65 99 103 138 163 219 224 249 250 276 285 297
15
6 8 52 78 92 113 129 132 135 142 160 169 193 241 296
19
14 27 34 40 43 54 94 99 138 165 167 202 211 218 232 249 256 291 292
17
2 15 34 81 91 98 176 182 196 206 216 219 231 236 248 250 268
8
25 76 85 105 123 181 197 281
10
4 7 79 148 154 169 217 218 259 276
13
1 33 36 48 57 68 75 105 115 140 201 234 263
11
11 13 49 64 121 163 175 187 256 265 271
18
50 99 119 134 139 141 155 156 167 184 235 238 253 260 268 285 287 297
17
8 22 27 33 38 43 68 144 161 169 184 194 203 211 245 276 288
15
8 11 41 73 82 144 172 198 217 218 238 245 272 287 290
14
59 74 83 87 94 105 121 142 193 197 216 227 262 296
18
4 20 40 47 48 95 163 167 190 191 192 215 245 252 258 279 281 283
19
19 31 34 35 58 74 81 90 92 97 106 114 120 151 158 168 202 258 287
13
32 35 45 65 76 136 198 206 210 226 245 257 291
15
26 33 42 57 69 82 133 173 179 190 207 221 255 261 276
13
48 56 92 122 133 149 172 177 202 220 237 280 295
13
32 54 60 65 157 168 172 177 212 224 241 242 264
21
14 18 20 56 72 93 105 106 113 129 164 171 200 209 210 233 238 260 267 270 300
12
26 70 76 77 110 129 216 217 221 223 227 230
17
29 31 37 62 65 71 106 110 114 119 140 188 194 213 224 291 296
15
1 9 39 70 90 95 120 142 150 188 194 209 214 268 280
12
6 16 49 114 117 135 173 178 217 218 228 273
19
8 10 18 28 35 58 92 104 114 116 118 137 148 165 168 205 241 265 289
24
16 29 40 45 67 75 84 87 113 124 134 139 143 144 152 154 170 189 213 244 253 257 261 270
11
51 92 108 118 131 154 212 238 242 271 287
9
45 61 99 163 170 253 264 282 295
11
68 74 167 173 182 192 193 253 273 283 296
17
23 54 68 116 133 140 142 171 180 199 219 261 280 281 285 289 299
14
12 39 64 67 90 100 134 148 161 219 220 242 259 298
16
11 20 43 60 61 117 131 139 149 202 219 236 246 266 280 299
11
20 40 45 159 188 190 202 232 234 235 241
15
5 21 26 29 61 73 87 96 116 126 179 215 230 253 264
11
13 39 57 64 143 155 191 215 243 293 296
9
58 95 141 144 218 227 240 261 275
17
3 8 42 49 59 67 80 81 83 115 132 138 182 185 198 209 250
13
65 71 96 129 165 182 183 223 238 243 244 267 296
12
15 27 65 73 78 89 94 99 112 135 161 192
13
31 45 89 91 120 162 179 227 243 246 267 286 290
9
15 101 177 179 197 221 224 239 275
16
3 9 12 15 18 64 86 91 97 163 164 204 213 279 282 290
17
22 30 33 38 55 65 100 102 131 188 211 213 217 250 262 283 285
13
6 8 48 62 115 172 175 186 235 245 270 295 298
21
13 14 54 65 78 96 104 110 119 169 181 220 222 230 249 260 268 269 276 292 296
11
11 30 60 87 99 145 148 161 170 222 273
17
11 30 51 92 98 101 122 124 144 156 212 239 251 253 255 285 286
10
83 106 133 183 228 230 231 232 250 291
15
2 17 20 53 114 124 127 148 170 208 245 280 284 290 295
13
8 25 33 53 55 56 80 106 143 186 252 268 273
8
13 52 104 107 169 183 284 294
14
62 77 139 146 159 162 192 204 209 217 235 241 250 257
16
4 26 35 37 62 98 109 117 123 150 157 165 176 233 277 278
17
12 19 38 57 72 73 98 117 129 132 160 217 219 236 256 265 290
16
2 34 146 149 165 166 169 202 206 214 217 227 262 280 283 287
21
23 39 44 66 67 74 91 101 117 146 149 151 153 164 191 197 214 233 245 249 282
13
13 17 22 53 101 115 144 212 225 229 252 283 288
16
59 63 71 75 125 131 166 188 206 214 216 218 248 293 295 299
19
15 20 25 27 50 99 100 122 123 134 136 141 147 148 172 223 224 237 296
12
23 24 76 118 123 164 191 204 214 246 257 296
13
12 31 79 116 126 134 135 142 145 151 223 246 293
18
41 51 59 60 89 103 118 120 152 156 179 180 199 205 239 250 265 287
19
10 27 65 70 77 81 101 120 124 156 175 196 230 232 239 284 292 298 299
14
20 33 51 54 102 106 112 118 145 207 208 237 243 268
16
45 73 76 83 101 106 113 115 120 134 145 154 167 178 205 281
19
26 62 83 101 103 112 125 160 170 173 178 204 217 220 230 247 269 281 288
11
38 75 89 117 152 195 209 227 269 278 299
16
13 19 21 27 111 112 126 157 164 188 219 224 245 256 277 300
18
20 66 80 124 145 146 162 183 196 197 199 226 242 250 258 261 271 275
18
19 27 34 37 83 90 91 107 122 128 155 175 219 229 243 270 275 276
14
31 39 75 90 118 192 195 202 241 245 253 284 289 291
15
13 68 91 116 136 151 165 178 192 222 225 229 242 267 299
21
8 11 37 49 79 99 103 132 141 166 183 194 221 236 258 259 266 274 276 279 286
7
81 84 116 169 184 226 275
25
35 43 53 57 63 64 91 100 101 105 116 119 137 140 151 157 198 201 205 214 237 244 263 272 276
23
5 9 29 30 31 40 41 45 54 61 64 68 85 94 115 116 127 152 222 225 244 269 297
10
39 112 127 150 200 241 258 259 261 282
14
19 25 39 68 92 110 126 133 190 202 214 235 254 286
13
38 42 64 85 149 176 182 252 260 261 270 275 295
15
1 22 24 39 73 91 102 110 147 173 220 241 242 284 293
17
9 24 103 116 125 136 144 149 164 213 215 234 244 249 263 278 285
11
10 35 146 147 161 170 221 238 254 272 285
12
25 87 91 126 157 162 206 213 242 258 269 279
15
13 41 98 108 147 155 156 193 201 214 238 253 270 273 297
14
12 81 117 130 137 141 167 188 203 211 213 232 251 273
16
16 19 36 42 44 128 134 154 200 232 233 240 246 262 266 296
13
12 52 79 87 154 184 186 192 193 203 215 247 267
11
49 56 83 84 142 151 175 205 223 234 236
13
26 48 111 130 141 149 164 173 232 263 283 288 293
14
24 38 47 80 129 132 139 187 197 223 227 282 295 298
16
8 9 19 31 46 53 74 104 112 124 126 171 192 207 267 268
8
11 72 111 114 130 195 210 258
13
14 27 99 108 110 168 201 218 226 228 231 273 275
10
30 49 172 185 189 200 232 252 274 283
25
3 21 36 41 58 66 75 77 88 98 103 109 110 117 128 156 160 188 191 221 234 237 239 242 280
15
32 98 141 155 160 215 223 224 230 240 259 264 283 286 295
24
20 29 38 45 52 60 70 86 121 122 125 129 137 138 142 155 161 163 164 196 242 246 262 289
12
6 21 25 33 83 95 106 127 146 149 172 288
18
1 4 11 37 69 109 164 177 196 207 225 236 241 247 267 275 290 298
13
1 12 48 84 111 122 130 137 153 162 166 241 294
19
7 21 30 36 49 67 77 131 145 186 191 192 194 198 243 246 248 255 285
17
35 42 58 89 104 105 112 118 151 176 182 220 223 224 246 259 268
16
8 31 35 42 44 88 132 167 177 191 192 200 230 280 285 298
23
2 25 28 40 50 71 74 78 86 89 104 111 120 124 176 179 210 221 223 252 261 267 273
19
17 23 25 81 88 118 162 168 170 191 201 225 226 238 240 242 248 272 294
21
7 15 25 26 33 40 65 67 150 161 163 166 169 170 173 200 209 215 228 277 295
16
21 34 44 54 57 94 126 162 173 194 195 226 231 245 269 281
19
35 37 84 88 96 129 142 149 158 169 182 188 201 202 234 260 270 280 291
13
10 26 50 51 130 141 155 177 221 226 235 291 297
14
19 23 29 44 46 75 78 112 116 123 220 231 253 274
16
28 29 31 46 47 66 103 150 166 172 191 194 203 204 254 291
6
4 83 110 194 214 264
16
10 12 59 83 89 97 101 106 108 157 158 171 178 229 232 242
23
14 25 74 87 95 108 127 131 132 134 152 166 171 212 215 225 227 250 264 274 282 287 295
28
6 38 40 41 58 93 96 101 104 126 133 141 143 144 167 185 203 205 215 217 228 257 268 270 280 286 290 291
25
11 15 21 23 36 40 44 45 53 58 71 90 102 105 131 139 153 176 191 250 260 261 285 286 291
17
9 10 23 52 55 62 65 112 136 208 219 235 236 243 248 249 276
17
9 19 73 77 81 111 114 119 155 160 191 197 207 267 273 279 287
13
13 84 88 139 150 171 180 185 203 204 207 217 265
20
31 35 44 53 67 69 82 88 94 99 130 139 164 180 203 209 226 271 275 287
