100 200
1.0 1.0 1.0 1.0 1.0 1.0 1.0 1.0 1.0 1.0 1.0 1.0 1.0 1.0 1.0 1.0 1.0 1.0 1.0 1.0 1.0 1.0 1.0 1.0 1.0 1.0 1.0 1.0 1.0 1.0 1.0 1.0 1.0 1.0 1.0 1.0 1.0 1.0 1.0 1.0 1.0 1.0 1.0 1.0 1.0 1.0 1.0 1.0 1.0 1.0 1.0 1.0 1.0 1.0 1.0 1.0 1.0 1.0 1.0 1.0 1.0 1.0 1.0 1.0 1.0 1.0 1.0 1.0 1.0 1.0 1.0 1.0 1.0 1.0 1.0 1.0 1.0 1.0 1.0 1.0 1.0 1.0 1.0 1.0 1.0 1.0 1.0 1.0 1.0 1.0 1.0 1.0 1.0 1.0 1.0 1.0 1.0 1.0 1.0 1.0 1.0 1.0 1.0 1.0 1.0 1.0 1.0 1.0 1.0 1.0 1.0 1.0 1.0 1.0 1.0 1.0 1.0 1.0 1.0 1.0 1.0 1.0 1.0 1.0 1.0 1.0 1.0 1.0 1.0 1.0 1.0 1.0 1.0 1.0 1.0 1.0 1.0 1.0 1.0 1.0 1.0 1.0 1.0 1.0 1.0 1.0 1.0 1.0 1.0 1.0 1.0 1.0 1.0 1.0 1.0 1.0 1.0 1.0 1.0 1.0 1.0 1.0 1.0 1.0 1.0 1.0 1.0 1.0 1.0 1.0 1.0 1.0 1.0 1.0 1.0 1.0 1.0 1.0 1.0 1.0 1.0 1.0 1.0 1.0 1.0 1.0 1.0 1.0 1.0 1.0 1.0 1.0 1.0 1.0 1.0 1.0 1.0 1.0 1.0 1.0
33
1 2 4 7 9 18 30 31 35 38 50 52 63 64 72 76 81 84 85 103 104 107 109 119 132 133 145 167 172 173 174 180 193
47
3 4 7 8 15 16 19 27 28 35 41 42 46 49 56 65 67 72 73 75 87 90 91 96 101 105 106 115 122 125 127 143 145 154 155 156 158 165 169 170 176 182 183 190 192 197 199
42
9 26 27 28 30 32 35 39 42 48 54 58 61 62 67 70 73 77 81 85 109 112 113 115 118 120 122 126 131 152 156 162 168 169 173 176 183 184 188 193 196 197
41
1 2 5 10 14 17 18 24 28 29 30 48 51 52 59 60 63 70 71 90 97 98 105 108 119 121 122 129 130 134 136 143 154 155 156 180 181 189 192 198 200
44
6 10 11 12 19 29 33 35 39 44 47 53 54 55 57 60 62 65 66 69 73 77 98 114 115 136 141 143 152 155 157 158 165 167 168 169 171 174 179 181 182 196 197 198
37
1 6 11 35 45 47 56 64 65 66 69 78 87 91 100 104 110 111 114 116 117 127 141 144 147 148 164 167 169 170 178 180 184 186 194 195 196
37
3 19 25 33 34 37 39 43 47 51 75 76 77 78 87 94 97 99 107 109 117 121 126 128 130 135 140 141 142 161 163 170 171 177 179 184 189
37
2 7 15 20 21 22 23 29 50 63 67 68 74 77 84 90 91 92 96 111 119 122 123 125 127 132 141 142 148 150 153 162 178 179 182 184 199
41
3 4 27 28 29 31 33 40 42 43 44 45 51 63 65 73 79 81 90 95 99 100 101 124 125 127 129 131 132 136 155 171 172 173 174 176 178 180 182 194 198
41
1 7 15 16 17 19 23 26 30 36 37 49 50 53 65 70 75 81 91 96 99 103 121 123 124 127 130 135 137 142 147 149 155 160 171 174 184 185 190 191 196
42
4 5 6 8 10 21 27 34 37 46 52 55 56 58 59 62 63 66 77 88 90 92 110 111 112 113 117 118 123 124 126 130 138 141 142 146 153 155 158 165 175 194
37
3 8 11 13 20 21 50 62 66 71 82 88 96 97 102 105 118 122 124 125 126 128 132 136 151 156 163 166 171 174 180 182 184 186 187 193 197
45
1 7 19 24 26 27 29 40 41 45 47 56 60 66 74 78 80 90 99 101 105 106 107 110 114 118 125 129 135 138 143 147 149 150 152 162 168 171 173 174 179 180 181 187 199
46
5 6 9 14 23 27 33 42 43 44 52 53 54 58 59 61 64 68 71 72 77 79 80 83 87 89 91 95 97 109 111 120 131 132 134 142 150 155 158 163 181 183 189 193 196 199
46
1 3 9 11 17 19 21 22 23 26 27 29 30 34 35 47 57 64 65 78 87 88 90 98 101 104 105 108 109 111 114 117 118 122 125 130 150 157 161 163 165 171 174 180 189 200
46
1 2 7 8 21 26 27 32 33 34 37 42 47 55 76 79 85 98 100 104 105 114 117 118 119 123 124 126 130 131 142 143 144 151 153 156 159 172 173 175 176 180 185 186 191 196
48
3 4 5 9 11 12 15 25 26 35 37 47 57 63 64 73 74 76 77 78 79 86 95 108 110 111 112 117 132 134 135 143 155 156 157 161 163 165 167 175 184 186 188 189 194 195 196 197
43
2 8 16 20 21 23 24 26 27 30 37 48 50 51 60 64 70 71 75 78 91 94 97 111 117 123 132 133 141 150 151 153 158 165 168 177 183 185 187 188 193 195 199
27
6 11 22 40 47 52 69 72 83 86 90 96 108 114 131 139 145 146 151 156 159 163 172 173 176 178 198
41
1 4 6 8 12 25 31 35 37 38 63 76 82 84 85 87 88 91 94 99 101 102 106 107 108 109 113 117 118 128 133 149 152 155 166 173 178 185 187 195 197
41
6 7 8 10 12 14 27 28 33 34 35 38 41 54 59 66 70 74 94 98 100 101 104 111 114 126 131 136 143 147 148 149 153 163 172 173 176 177 183 184 194
50
8 9 10 21 22 30 31 32 35 39 57 58 64 69 71 75 77 81 84 87 88 92 96 104 111 114 120 126 132 135 137 144 145 146 147 148 157 158 159 163 164 167 169 174 175 179 183 185 189 197
44
2 4 6 7 8 18 35 40 44 60 64 66 80 85 86 90 92 96 98 102 103 104 107 108 109 115 116 119 122 123 125 130 141 143 145 155 157 162 168 172 182 186 195 197
43
4 6 14 21 26 28 29 30 35 36 37 39 49 52 61 82 84 92 98 100 103 106 107 124 125 129 132 134 147 148 153 154 157 159 160 171 180 183 188 189 194 198 199
42
5 17 27 28 29 30 38 40 44 45 46 50 59 70 74 79 90 92 96 97 98 102 118 127 129 134 141 144 146 147 151 155 165 166 175 181 183 185 187 188 196 200
38
3 16 17 18 22 24 25 28 30 31 33 42 58 63 68 92 94 97 99 100 105 108 117 118 125 128 129 143 150 162 167 169 173 178 179 180 190 194
40
2 7 8 12 13 15 17 18 30 32 42 46 54 67 71 75 80 82 87 89 93 94 96 100 111 116 118 122 132 137 152 153 155 158 160 162 168 188 189 196
37
2 7 9 17 18 30 35 39 49 51 53 61 62 63 64 73 77 79 86 89 91 95 100 102 103 112 120 121 126 144 156 162 165 169 172 177 191
46
3 4 12 14 17 18 29 34 37 38 44 47 49 50 51 54 60 62 69 72 75 83 84 98 102 105 109 113 114 120 121 126 134 136 142 158 161 162 171 177 186 193 194 195 197 200
35
1 9 10 17 22 26 44 46 55 64 74 75 77 79 83 101 102 112 120 124 128 135 138 142 143 149 153 154 159 164 166 168 178 188 193
32
5 8 17 31 42 52 56 67 68 79 83 84 90 91 93 98 100 116 124 129 135 139 146 150 154 156 157 162 165 169 173 176
31
5 15 27 29 33 42 43 51 65 69 72 73 78 88 106 110 112 120 129 134 157 164 165 167 169 174 180 182 187 197 198
48
2 6 9 15 22 26 27 28 29 30 36 37 42 45 47 48 52 58 59 65 68 69 79 93 97 99 106 126 134 135 137 138 139 144 151 152 153 159 160 163 171 179 182 190 192 194 195 199
34
2 6 8 9 30 34 36 41 46 50 55 66 69 84 110 115 116 118 120 133 135 138 147 150 157 161 162 166 173 178 179 184 196 198
42
1 2 4 11 14 23 25 30 32 35 37 42 49 63 68 71 74 75 84 94 98 102 118 119 120 123 124 136 137 141 143 148 154 156 165 166 167 173 174 180 187 189
37
1 3 10 12 17 23 26 29 44 48 54 56 61 65 73 81 83 93 96 111 114 122 138 142 143 149 156 158 161 165 168 175 180 183 186 193 199
47
11 17 20 21 22 25 32 34 37 44 47 55 60 61 63 75 76 80 85 92 97 104 112 113 114 115 116 117 121 122 125 130 136 143 148 151 153 160 167 168 169 178 180 181 184 196 200
37
3 4 9 12 26 37 41 44 46 49 56 57 61 68 82 90 98 101 102 103 105 107 114 116 120 129 139 141 146 161 176 177 179 183 184 185 194
38
1 7 9 10 12 36 42 43 53 67 72 73 75 78 82 83 95 104 105 111 117 118 120 129 135 142 145 148 153 158 160 168 172 179 186 189 195 196
40
11 13 21 31 40 52 57 60 63 72 74 80 88 89 91 96 99 103 107 108 110 119 120 129 130 135 142 144 150 153 156 166 168 179 182 183 185 193 197 199
33
11 13 22 25 27 32 42 44 45 47 49 54 92 93 102 103 113 116 123 133 136 141 142 143 153 156 159 163 169 172 178 192 197
35
3 13 15 16 22 33 37 40 41 48 54 56 65 69 72 78 84 87 88 90 97 99 114 115 116 135 146 148 159 160 164 166 175 181 185
47
4 10 18 20 24 28 30 33 36 37 42 43 44 48 51 54 59 65 73 80 81 86 87 91 94 102 105 107 109 112 113 119 121 122 126 129 130 131 135 141 158 161 164 174 181 182 196
45
3 14 15 21 22 23 25 26 29 33 42 43 50 59 60 65 67 71 77 81 84 86 97 98 104 113 114 115 126 128 140 144 147 148 150 154 158 177 178 179 180 181 193 198 199
43
10 12 13 16 17 25 26 27 29 30 32 33 38 40 49 51 52 60 61 66 67 73 79 81 90 94 98 102 103 111 113 115 123 125 137 140 141 151 172 180 181 186 191
41
2 3 6 14 24 46 47 50 51 64 67 68 72 77 79 83 94 102 105 107 108 121 122 123 124 127 133 134 137 141 145 149 159 164 166 167 169 176 181 188 192
39
8 11 12 17 22 26 29 30 34 42 48 50 59 61 63 64 70 77 82 85 91 97 103 107 117 131 138 147 152 158 165 174 177 178 183 185 191 193 196
32
19 20 22 26 28 33 40 42 46 47 48 54 64 69 74 85 95 98 102 103 116 124 134 135 141 145 151 175 176 178 180 198
40
7 10 18 19 31 35 41 43 44 45 47 48 49 54 56 57 62 70 73 75 76 78 94 109 114 122 131 136 140 148 152 156 158 170 176 184 192 193 194 198
40
1 7 20 21 30 32 33 42 45 50 59 66 73 83 88 91 94 100 101 103 104 105 120 123 128 130 133 134 135 147 148 151 152 154 168 170 177 191 194 200
43
11 19 29 34 35 38 41 42 47 67 69 78 79 81 83 84 93 96 98 99 101 110 113 123 124 137 142 147 150 155 157 158 159 165 166 175 178 180 181 188 193 195 199
33
1 4 6 12 20 23 32 35 42 46 51 56 59 66 67 80 81 90 95 105 107 119 120 121 123 155 160 161 167 174 183 194 197
53
4 5 21 23 31 32 34 35 37 38 40 42 43 50 68 70 73 79 83 85 88 89 91 105 106 107 108 109 115 122 129 133 134 135 136 137 141 142 146 149 157 158 159 160 161 166 181 183 184 187 189 193 196
38
1 2 3 6 9 20 23 29 30 44 48 57 70 71 76 90 94 95 97 102 108 111 113 118 123 126 129 130 147 149 162 163 170 178 181 182 183 193
37
13 29 38 39 40 45 51 53 58 59 61 63 72 74 78 80 83 86 94 96 107 109 118 121 122 132 143 146 151 159 163 171 184 189 190 191 195
35
4 7 11 24 25 26 31 43 55 60 61 62 63 70 77 102 105 108 119 120 123 127 129 131 133 134 135 139 143 154 161 168 181 192 198
34
4 12 29 34 35 39 49 55 56 57 58 59 60 65 69 70 82 95 100 103 105 109 112 117 119 134 152 155 156 172 183 192 198 199
38
5 7 20 21 23 25 33 39 40 43 48 60 66 71 74 77 81 84 87 88 127 128 130 131 136 150 155 157 158 165 166 171 173 178 183 184 193 200
37
2 7 12 20 28 32 36 40 43 44 49 59 61 66 74 77 85 89 90 93 95 101 104 105 107 122 133 136 140 154 156 165 168 170 183 186 199
40
1 2 16 24 26 29 36 38 50 55 58 61 64 76 83 84 90 97 114 117 123 128 137 139 140 144 145 148 151 156 162 163 171 177 182 183 191 193 196 197
40
6 7 13 21 31 37 44 45 52 54 55 61 74 86 95 100 102 107 108 109 112 113 114 118 121 125 126 127 134 136 141 158 163 176 181 184 188 191 196 197
39
11 13 15 23 28 33 38 39 41 45 48 52 53 54 59 61 63 65 76 102 103 107 114 115 118 121 123 124 129 134 148 155 160 163 168 170 175 193 200
30
1 9 24 25 28 32 34 40 64 67 69 70 72 73 76 79 99 101 105 107 108 128 132 134 141 158 160 162 167 172
40
1 7 15 17 18 20 22 25 27 38 45 55 59 62 67 70 82 84 86 90 107 114 115 121 126 133 135 141 146 148 149 153 157 160 164 168 176 178 186 200
35
1 4 6 14 30 49 60 62 63 65 75 86 88 96 101 103 105 109 113 119 131 144 146 157 161 164 166 172 177 179 184 188 191 192 200
35
7 16 18 21 29 51 53 66 67 69 72 79 80 81 83 89 98 102 103 121 124 126 127 129 143 148 149 159 161 166 172 177 186 189 195
40
3 11 12 30 36 40 45 55 57 62 63 70 74 79 80 97 98 106 111 113 119 132 136 139 142 143 147 148 149 150 157 158 171 173 174 177 183 184 187 197
41
6 11 14 17 20 31 33 39 40 42 48 49 52 54 55 62 63 69 72 80 81 82 91 103 114 121 128 129 131 135 153 154 155 160 162 166 192 194 195 198 199
41
8 15 20 23 25 28 39 42 45 49 54 55 67 70 76 82 84 85 90 101 105 108 110 111 114 115 117 120 130 131 139 140 150 152 153 166 177 178 192 198 199
41
5 9 13 19 22 24 30 33 35 41 44 46 58 60 64 76 78 81 82 86 87 101 102 111 113 115 116 123 129 135 136 155 163 165 174 185 186 190 191 192 197
37
5 11 13 15 16 27 33 38 39 43 48 53 55 56 57 66 81 87 93 99 100 104 124 127 128 134 150 151 153 159 160 169 170 177 184 186 199
36
1 3 23 36 37 44 61 63 67 68 69 71 78 84 87 94 97 106 110 111 121 123 127 135 139 143 149 150 155 159 162 170 175 178 193 200
40
11 13 18 20 25 27 34 36 43 50 52 60 61 74 77 94 99 108 110 112 113 116 118 119 123 128 131 135 139 140 141 142 145 164 167 171 174 179 191 198
39
12 16 21 23 32 35 36 42 46 62 76 81 84 90 93 96 104 111 114 118 124 128 132 134 136 137 138 143 146 147 149 150 157 158 169 171 172 179 198
41
5 8 18 19 22 26 30 33 35 38 41 42 48 56 59 72 85 92 97 101 102 103 105 106 127 129 130 137 139 151 152 154 156 159 160 162 173 183 185 190 191
45
2 3 5 6 8 15 18 27 33 42 44 48 54 63 64 66 69 70 72 79 83 95 96 101 103 104 106 110 122 123 128 130 132 141 148 154 161 175 176 177 186 192 193 197 200
44
5 9 17 20 24 28 31 33 34 37 38 41 42 47 52 54 57 63 66 68 74 80 90 91 96 97 103 105 110 112 129 137 152 154 156 167 172 182 185 186 197 198 199 200
34
10 11 13 21 24 38 43 54 55 59 61 65 77 106 109 118 123 125 129 139 141 143 145 147 162 169 170 172 174 175 176 178 195 197
49
3 14 19 22 24 32 34 40 45 47 49 52 53 54 55 64 65 75 86 88 89 97 98 101 109 114 115 116 120 130 133 140 142 144 148 149 151 156 159 160 168 170 172 180 189 191 197 198 199
31
1 10 11 12 18 23 29 32 39 43 46 56 73 76 82 85 97 119 146 148 155 157 158 159 169 177 179 181 182 194 195
38
3 6 7 12 18 23 25 35 42 43 44 52 57 58 61 64 70 72 81 85 86 88 97 105 111 120 122 139 142 145 150 168 180 183 185 190 191 194
41
8 22 26 30 34 39 40 41 45 57 66 75 79 85 86 91 92 97 101 102 103 105 112 116 120 123 125 126 132 137 147 157 159 174 176 187 189 192 193 195 196
35
4 5 7 17 24 31 35 36 44 51 52 62 65 67 70 72 73 77 83 84 90 98 102 105 106 117 128 147 149 150 167 176 193 196 197
28
13 18 24 25 26 34 35 64 73 78 87 102 103 107 135 139 141 142 144 148 151 181 183 185 186 189 190 193
40
7 11 13 19 24 29 31 45 50 58 61 62 66 67 80 86 90 92 96 97 99 115 123 128 129 149 156 158 159 160 168 173 176 178 180 190 192 193 195 198
43
3 7 8 13 16 20 21 27 29 31 33 35 51 53 55 59 60 63 70 71 73 76 77 89 93 95 97 103 121 123 126 129 132 139 140 144 145 153 158 172 178 194 198
43
4 7 20 21 28 31 34 41 50 52 53 55 56 58 63 70 73 74 78 81 87 90 97 104 112 115 135 136 138 139 144 148 149 151 152 157 168 171 177 188 194 196 199
29
2 8 9 18 20 24 42 60 61 65 67 70 78 80 98 104 116 128 135 136 137 151 174 175 179 183 191 198 199
41
2 4 8 17 22 23 28 29 40 47 50 55 58 60 63 65 68 72 74 79 83 86 89 90 92 95 105 110 112 127 132 134 141 151 165 167 168 171 175 185 196
44
5 8 13 17 19 28 34 35 38 56 57 58 62 65 72 80 82 83 96 101 105 113 114 116 123 126 128 131 135 139 144 160 166 167 169 173 177 178 184 185 191 192 193 194
46
6 7 17 21 22 24 25 26 29 37 38 41 45 55 56 59 60 78 82 89 93 95 96 109 115 119 120 123 127 132 134 139 147 155 156 157 168 169 174 175 180 185 186 188 190 200
36
1 6 12 17 22 24 26 32 35 37 41 42 44 45 47 48 50 58 60 66 67 81 90 97 136 138 148 153 154 164 172 177 179 180 186 200
31
3 16 33 38 58 62 73 74 83 89 90 95 104 105 116 120 122 133 135 138 142 143 144 145 150 160 164 182 186 188 191
36
14 15 19 26 34 35 40 47 54 66 71 72 73 75 76 77 82 83 85 105 116 138 139 142 143 144 150 154 160 174 175 178 179 182 183 184
55
1 5 7 14 16 19 20 25 32 33 35 45 49 52 56 57 59 62 64 72 77 80 83 88 101 102 106 107 115 117 122 126 130 131 135 140 142 143 146 148 153 160 165 169 172 173 174 176 180 182 185 187 190 191 194
30
8 11 13 24 26 42 51 65 66 68 69 70 71 72 73 77 81 83 106 113 114 124 140 143 157 159 166 172 176 193
37
9 24 35 45 51 52 57 64 65 66 69 70 71 72 75 85 89 90 105 107 119 122 126 130 139 146 151 157 158 164 170 178 183 196 197 198 200
42
2 5 10 15 19 21 27 33 44 47 48 50 54 56 64 67 69 74 79 82 87 89 90 92 95 99 108 114 125 128 129 130 140 141 152 154 158 167 175 176 180 190
38
2 5 8 12 27 31 32 36 43 48 54 59 68 75 80 83 93 94 98 106 108 112 114 115 117 118 124 128 130 154 157 160 162 169 175 179 189 192
33
4 12 38 42 47 58 60 65 76 77 78 85 89 101 107 110 111 114 117 120 133 134 137 141 153 157 171 173 174 180 188 190 193
