50 100
1.0 1.0 1.0 1.0 1.0 1.0 1.0 1.0 1.0 1.0 1.0 1.0 1.0 1.0 1.0 1.0 1.0 1.0 1.0 1.0 1.0 1.0 1.0 1.0 1.0 1.0 1.0 1.0 1.0 1.0 1.0 1.0 1.0 1.0 1.0 1.0 1.0 1.0 1.0 1.0 1.0 1.0 1.0 1.0 1.0 1.0 1.0 1.0 1.0 1.0 1.0 1.0 1.0 1.0 1.0 1.0 1.0 1.0 1.0 1.0 1.0 1.0 1.0 1.0 1.0 1.0 1.0 1.0 1.0 1.0 1.0 1.0 1.0 1.0 1.0 1.0 1.0 1.0 1.0 1.0 1.0 1.0 1.0 1.0 1.0 1.0 1.0 1.0 1.0 1.0 1.0 1.0 1.0 1.0 1.0 1.0 1.0 1.0 1.0 1.0
8
15 51 52 64 72 88 92 99
8
29 33 44 51 56 75 80 89
10
10 26 41 52 53 55 65 87 94 99
14
36 43 45 47 50 55 58 66 70 72 76 84 85 95
8
10 25 36 39 47 64 77 95
8
1 9 20 34 40 49 54 90
7
5 11 46 60 69 80 88
16
5 8 9 12 29 30 37 47 49 54 73 78 85 89 91 95
6
4 16 43 50 87 100
10
15 22 27 41 50 62 70 80 83 89
9
2 11 12 18 19 20 51 58 62
7
19 53 54 71 83 86 99
7
23 48 51 55 78 79 83
8
6 9 12 19 34 42 79 90
9
18 24 29 54 58 62 81 86 88
8
6 25 33 48 54 55 70 82
10
2 4 33 40 42 48 83 84 85 88
10
7 15 23 45 52 67 72 88 89 97
14
2 6 8 12 16 21 28 37 46 69 70 71 74 86
10
3 9 24 46 62 74 75 88 91 96
6
14 31 43 51 94 96
10
2 7 12 13 16 19 42 59 86 95
12
10 22 28 32 48 52 66 73 74 88 92 98
10
13 17 26 31 32 58 61 69 73 99
8
9 21 37 41 46 51 74 86
13
16 22 24 28 35 38 62 68 73 75 77 88 99
10
4 13 14 19 27 52 58 70 73 89
9
10 11 23 33 65 84 91 98 100
12
3 4 20 26 34 45 48 54 55 63 68 89
16
2 6 11 12 22 27 33 49 50 60 67 81 88 91 97 99
14
3 8 12 14 17 29 34 48 50 55 66 77 79 95
14
8 9 11 16 27 34 41 42 47 48 68 75 82 95
12
27 30 32 33 34 39 69 73 75 79 85 86
12
12 15 16 35 38 48 58 75 78 82 83 87
9
15 27 32 57 66 72 82 87 89
9
10 22 31 33 71 74 87 89 90
11
5 19 42 49 52 69 88 92 94 95 99
8
6 27 30 47 72 74 85 100
5
13 42 57 68 97
8
25 33 52 56 71 73 77 81
9
10 15 29 33 42 51 57 78 94
9
9 12 15 27 56 61 74 89 97
10
1 8 16 29 33 44 47 70 74 80
14
2 10 11 14 18 40 46 51 63 69 71 81 87 96
11
13 42 57 60 67 71 75 77 84 89 93
6
11 35 65 81 90 96
8
2 14 27 28 32 62 85 88
7
12 16 24 26 43 51 79
6
22 36 45 69 79 80
13
3 6 12 17 23 27 28 54 60 67 68 81 88
