50 100
1.0 1.0 1.0 1.0 1.0 1.0 1.0 1.0 1.0 1.0 1.0 1.0 1.0 1.0 1.0 1.0 1.0 1.0 1.0 1.0 1.0 1.0 1.0 1.0 1.0 1.0 1.0 1.0 1.0 1.0 1.0 1.0 1.0 1.0 1.0 1.0 1.0 1.0 1.0 1.0 1.0 1.0 1.0 1.0 1.0 1.0 1.0 1.0 1.0 1.0 1.0 1.0 1.0 1.0 1.0 1.0 1.0 1.0 1.0 1.0 1.0 1.0 1.0 1.0 1.0 1.0 1.0 1.0 1.0 1.0 1.0 1.0 1.0 1.0 1.0 1.0 1.0 1.0 1.0 1.0 1.0 1.0 1.0 1.0 1.0 1.0 1.0 1.0 1.0 1.0 1.0 1.0 1.0 1.0 1.0 1.0 1.0 1.0 1.0 1.0
27
1 2 5 12 17 32 36 38 42 45 50 51 56 59 62 68 69 70 74 76 79 83 85 90 92 98 100
24
2 4 5 10 16 24 25 32 35 37 44 46 50 53 55 58 64 66 74 82 85 89 90 93
21
3 12 16 23 27 28 30 31 33 40 43 50 51 54 57 74 81 83 84 88 99
28
4 8 13 18 20 21 24 28 30 31 34 35 38 42 44 45 46 51 55 74 77 79 82 85 87 89 91 98
27
4 6 11 12 13 14 20 22 27 30 37 44 47 49 50 53 57 59 65 68 70 71 77 86 89 90 91
19
7 9 17 22 28 34 41 46 50 52 54 60 61 66 69 75 80 87 93
21
2 4 5 9 27 29 36 40 42 44 51 59 60 61 64 71 72 73 79 90 97
23
6 10 14 18 20 25 29 36 44 48 52 58 62 64 67 68 75 80 83 85 96 98 99
15
1 8 13 15 39 47 53 61 62 69 79 81 85 86 99
18
8 17 34 37 45 46 49 53 54 56 60 66 68 79 83 91 96 97
22
17 22 24 25 40 44 45 46 49 51 60 62 67 74 76 78 82 84 85 88 94 96
20
12 13 15 25 30 44 46 50 55 56 57 62 65 74 82 83 86 88 95 96
19
6 10 11 15 16 21 32 33 38 40 44 54 57 67 70 74 81 84 99
22
3 10 17 20 21 26 31 52 56 57 60 65 66 68 69 82 85 88 89 91 97 100
23
12 22 34 35 39 40 43 44 48 50 51 52 58 59 63 67 70 72 74 84 89 90 97
23
4 6 10 11 14 15 20 22 23 28 32 42 56 71 79 80 82 83 84 85 86 92 98
25
3 7 24 26 29 33 36 44 45 46 50 51 54 55 57 64 68 69 74 76 81 85 86 89 94
21
3 17 20 21 23 26 30 33 35 39 44 46 49 50 59 65 76 81 83 87 96
19
3 5 14 16 31 33 36 38 41 43 54 60 66 69 77 89 90 91 97
21
7 15 20 25 26 28 30 31 32 36 43 50 54 56 64 73 74 80 83 84 91
19
1 2 4 7 12 23 24 36 39 44 47 48 53 59 61 62 85 89 98
18
2 4 11 16 26 28 35 40 47 54 58 61 76 79 83 88 89 91
24
6 8 15 17 23 30 33 40 42 44 46 51 54 62 64 67 71 77 78 80 84 89 90 92
19
3 5 7 14 15 16 20 24 27 29 32 54 56 58 64 84 86 89 94
15
4 7 8 14 16 22 25 26 51 54 56 63 64 70 78
18
9 11 18 22 23 26 34 39 47 49 51 58 59 68 69 70 87 92
22
7 9 14 25 28 29 59 60 63 68 69 73 75 76 77 83 87 89 92 97 98 100
17
13 14 15 17 23 25 50 51 53 57 58 72 77 80 84 85 99
22
14 16 22 24 38 40 43 47 48 56 57 60 63 68 70 78 79 85 86 92 93 97
18
1 4 13 15 39 44 45 48 52 53 59 62 65 82 86 88 94 98
26
6 13 19 25 36 43 45 46 48 52 56 57 58 59 62 63 64 66 68 73 74 79 84 85 89 97
19
2 4 5 10 11 24 25 27 39 44 48 72 74 75 81 85 89 99 100
24
8 12 13 15 18 22 23 25 28 30 34 35 36 43 50 54 59 60 62 64 65 77 92 99
25
16 17 18 21 40 47 48 49 51 53 58 62 65 70 72 73 78 79 82 83 90 91 94 95 96
27
1 4 13 15 16 19 20 21 25 27 30 31 42 47 48 49 52 55 58 61 72 80 87 89 96 97 100
22
5 6 10 13 22 24 33 34 37 38 40 41 46 48 51 65 66 67 70 73 80 98
23
9 14 15 17 24 30 35 36 38 39 40 42 55 58 60 73 74 80 81 82 84 90 96
17
12 14 16 20 25 33 41 42 45 46 61 63 65 71 73 91 92
24
1 5 9 10 14 21 36 40 41 43 47 50 57 58 61 65 66 67 69 82 88 92 95 96
30
1 6 9 12 14 16 17 20 22 23 24 28 29 32 33 36 38 41 44 48 52 62 63 70 79 80 86 90 95 97
22
2 5 10 14 16 19 24 29 33 35 38 42 48 59 64 66 67 68 73 89 95 97
15
7 16 23 30 32 35 40 58 62 64 86 87 90 93 94
22
1 3 4 7 15 19 40 41 43 51 66 69 70 73 75 77 79 81 83 86 90 96
15
3 10 15 18 36 37 41 48 50 56 58 68 80 90 98
15
4 7 9 19 27 31 45 46 54 56 64 65 67 81 91
16
14 19 24 28 34 37 49 51 62 71 72 77 78 88 97 99
20
8 9 10 28 31 39 42 44 45 50 53 73 78 83 86 87 88 90 92 97
23
4 5 7 15 16 22 23 24 28 34 40 57 59 60 68 74 75 76 80 88 93 97 99
22
6 13 14 15 18 21 26 29 31 32 34 35 45 64 72 77 85 87 89 90 98 100
21
3 14 17 19 25 27 29 34 38 43 50 55 59 60 64 72 84 89 91 92 100
