100 200
1.0 1.0 1.0 1.0 1.0 1.0 1.0 1.0 1.0 1.0 1.0 1.0 1.0 1.0 1.0 1.0 1.0 1.0 1.0 1.0 1.0 1.0 1.0 1.0 1.0 1.0 1.0 1.0 1.0 1.0 1.0 1.0 1.0 1.0 1.0 1.0 1.0 1.0 1.0 1.0 1.0 1.0 1.0 1.0 1.0 1.0 1.0 1.0 1.0 1.0 1.0 1.0 1.0 1.0 1.0 1.0 1.0 1.0 1.0 1.0 1.0 1.0 1.0 1.0 1.0 1.0 1.0 1.0 1.0 1.0 1.0 1.0 1.0 1.0 1.0 1.0 1.0 1.0 1.0 1.0 1.0 1.0 1.0 1.0 1.0 1.0 1.0 1.0 1.0 1.0 1.0 1.0 1.0 1.0 1.0 1.0 1.0 1.0 1.0 1.0 1.0 1.0 1.0 1.0 1.0 1.0 1.0 1.0 1.0 1.0 1.0 1.0 1.0 1.0 1.0 1.0 1.0 1.0 1.0 1.0 1.0 1.0 1.0 1.0 1.0 1.0 1.0 1.0 1.0 1.0 1.0 1.0 1.0 1.0 1.0 1.0 1.0 1.0 1.0 1.0 1.0 1.0 1.0 1.0 1.0 1.0 1.0 1.0 1.0 1.0 1.0 1.0 1.0 1.0 1.0 1.0 1.0 1.0 1.0 1.0 1.0 1.0 1.0 1.0 1.0 1.0 1.0 1.0 1.0 1.0 1.0 1.0 1.0 1.0 1.0 1.0 1.0 1.0 1.0 1.0 1.0 1.0 1.0 1.0 1.0 1.0 1.0 1.0 1.0 1.0 1.0 1.0 1.0 1.0 1.0 1.0 1.0 1.0 1.0 1.0
17
6 11 18 34 40 50 63 79 88 95 97 98 99 118 126 145 173
16
31 45 53 81 83 94 107 110 145 159 174 182 189 193 196 199
16
6 9 27 30 55 61 67 82 119 120 132 136 153 157 160 193
19
20 37 44 45 47 58 66 72 81 92 95 99 106 138 140 142 146 147 171
12
8 10 71 77 82 84 99 123 160 174 178 189
18
5 6 7 11 43 60 65 77 84 96 115 122 131 135 148 150 163 194
18
13 29 43 51 53 57 62 72 75 91 92 95 103 110 119 146 188 191
22
5 10 16 18 19 43 47 57 74 80 82 90 94 102 140 142 146 151 164 184 192 195
20
33 34 56 61 76 84 87 88 91 118 123 130 138 149 156 161 181 182 187 194
24
1 3 8 30 33 38 49 51 53 54 58 66 87 88 93 98 106 109 116 136 167 170 173 185
21
11 15 20 30 33 34 41 56 71 78 81 109 113 132 140 144 148 156 167 170 196
17
3 17 29 36 38 50 59 66 78 87 114 130 147 150 165 181 192
25
1 3 5 12 13 21 26 29 32 42 49 63 68 70 81 90 114 122 126 131 134 153 169 173 186
18
1 8 13 15 26 30 49 53 70 73 74 87 96 103 111 128 174 188
12
2 13 60 82 102 111 124 143 162 177 181 199
22
6 22 23 28 32 34 47 70 73 88 96 101 109 119 129 133 144 149 153 170 196 200
32
1 9 11 20 27 37 45 46 49 53 60 70 72 77 100 105 107 109 112 113 127 131 135 144 146 149 154 158 160 165 179 194
20
12 14 19 20 21 57 60 61 73 75 129 151 153 155 156 163 176 183 184 197
13
36 40 46 85 100 107 125 147 160 164 183 184 188
16
14 18 31 41 56 58 75 98 105 110 133 143 149 182 190 194
18
6 11 16 31 32 62 67 96 99 115 140 144 155 163 176 188 190 196
18
8 26 29 64 103 106 117 127 130 138 139 149 150 178 181 184 190 200
16
11 20 30 31 49 90 104 105 108 118 119 133 153 169 173 174
25
12 24 31 35 37 41 43 51 58 62 63 72 76 86 96 102 103 128 131 140 148 161 162 183 197
16
15 21 22 30 44 68 79 93 110 114 121 126 129 173 180 193
17
5 9 10 26 31 46 50 67 75 82 85 102 104 129 142 152 187
19
25 32 34 44 48 58 75 85 88 91 96 106 127 138 150 158 162 173 189
9
33 92 112 130 134 159 169 178 196
18
8 18 46 49 53 60 67 72 73 76 89 98 124 133 158 168 184 200
20
1 9 13 24 26 35 43 53 67 77 92 105 129 138 139 147 153 160 195 197
19
11 16 26 39 46 50 60 66 72 77 78 83 107 139 152 163 182 187 200
24
31 45 55 65 71 75 87 90 92 111 113 119 120 127 129 132 139 144 146 171 177 192 195 198
10
48 59 76 84 85 104 126 155 172 181
27
3 7 11 14 28 38 39 43 45 50 62 66 70 83 93 97 98 104 107 112 123 129 132 141 170 188 200
18
4 8 14 17 21 55 59 72 105 106 120 136 142 152 156 164 177 182
25
8 11 22 26 40 59 70 73 79 82 85 89 90 102 116 133 137 143 153 155 165 166 168 170 181
19
7 8 10 12 26 45 72 82 93 101 106 109 120 136 140 163 174 187 194
15
13 16 20 36 41 52 80 96 112 119 131 147 150 158 166
16
7 23 27 44 60 87 99 122 135 150 169 171 179 182 191 199
12
15 26 41 44 58 72 77 81 89 168 177 185
24
2 12 19 21 32 35 39 51 66 67 75 77 103 109 120 121 149 155 169 170 171 175 182 192
26
8 14 16 17 31 39 40 46 86 91 92 105 108 122 123 124 130 133 146 153 157 158 159 163 166 180
22
12 19 24 52 64 76 88 95 96 101 107 110 114 117 135 146 152 169 174 181 193 198
22
11 23 24 26 40 56 57 64 67 68 70 76 113 122 123 130 143 151 160 169 185 194
15
2 10 15 32 52 67 79 82 85 86 89 123 138 179 184
9
6 8 9 45 61 109 123 126 196
14
5 16 26 43 75 99 111 114 129 148 164 181 197 200
24
4 8 10 18 19 23 25 26 32 39 44 54 58 61 82 99 107 116 119 127 142 147 166 181
19
36 54 68 78 91 92 95 97 98 101 115 116 121 123 126 129 150 188 190
20
4 17 24 29 42 52 55 63 65 68 71 77 98 137 141 155 176 184 185 192
28
10 35 51 52 70 74 78 85 88 90 96 104 107 120 123 129 132 146 147 149 153 157 160 169 180 186 190 192
17
16 29 32 43 44 46 56 61 70 84 112 119 142 152 166 179 193
25
6 19 28 30 35 62 64 67 70 80 91 94 96 104 108 109 113 128 159 162 176 180 183 185 190
24
8 21 24 52 55 61 71 82 86 87 93 125 129 133 137 150 155 161 167 174 182 190 194 200
21
11 24 37 44 61 64 68 70 80 88 100 103 110 114 123 135 142 144 147 162 191
10
26 60 72 85 122 125 127 139 159 169
20
12 32 49 56 71 73 74 100 104 118 129 132 135 144 147 154 171 174 178 200
26
4 6 17 19 45 49 50 56 57 64 70 77 90 120 122 123 144 154 161 163 164 165 169 174 185 192
19
15 38 58 70 92 98 105 112 118 120 139 140 145 152 172 176 182 192 194
20
15 23 26 29 39 49 55 63 72 81 120 123 125 138 142 155 158 170 179 194
17
31 39 47 48 62 81 86 116 119 126 131 146 168 170 174 175 187
24
3 16 29 37 39 41 50 68 77 88 93 96 110 116 137 139 148 166 171 178 183 185 194 200
23
2 6 12 22 41 46 49 64 87 111 120 134 138 151 152 158 167 172 182 188 190 194 196
20
3 15 19 20 31 54 65 69 72 87 99 103 104 122 124 135 143 163 182 199
24
9 22 39 48 71 72 80 84 88 93 94 95 112 113 137 138 142 157 171 175 179 189 194 196
18
6 7 16 29 63 64 81 94 98 113 122 133 143 145 151 152 155 184
22
4 7 13 18 21 68 76 79 81 93 94 97 108 116 129 133 157 158 179 182 188 195
18
5 9 14 22 54 59 66 75 83 95 97 99 137 158 159 176 181 182
32
9 18 22 33 48 56 63 74 75 85 87 88 92 93 94 116 123 125 126 129 130 134 142 144 147 148 154 160 182 185 191 193
25
4 21 22 26 29 39 40 42 44 55 58 59 64 75 85 90 102 104 128 136 150 166 178 184 190
26
2 6 10 14 15 17 25 38 41 46 49 52 61 89 96 102 116 134 144 150 152 160 167 177 183 185
19
5 16 22 27 34 43 46 54 70 80 81 96 106 107 113 167 175 177 194
21
6 17 21 25 55 59 74 88 93 101 130 158 160 166 170 174 178 180 191 194 199
18
5 8 25 62 64 74 93 99 113 132 136 139 142 159 163 166 167 193
29
5 6 8 12 35 37 48 55 56 63 65 75 83 88 95 97 98 106 110 119 120 123 132 159 161 169 176 185 198
19
3 7 8 9 45 55 56 57 68 79 98 102 104 120 124 126 140 182 197
19
12 16 34 38 45 48 55 61 68 72 75 83 92 93 105 111 119 126 174
28
12 19 26 29 38 49 53 55 71 78 83 86 89 92 95 98 113 117 127 129 130 136 139 149 158 168 184 185
18
1 14 18 20 40 65 69 79 91 99 112 125 128 178 179 185 187 200
20
6 15 39 45 52 93 104 108 114 120 132 146 158 166 169 177 184 188 191 192
13
7 27 47 53 96 101 105 116 131 133 145 175 182
16
10 17 23 24 49 52 54 60 72 86 97 110 131 153 178 193
17
22 25 52 60 86 100 104 112 124 125 126 143 147 157 163 177 198
15
12 25 27 62 91 94 96 99 107 110 138 139 150 187 200
14
1 7 16 23 24 29 35 48 80 119 148 157 164 180
18
22 35 36 40 58 68 73 84 118 135 142 143 150 155 165 180 189 190
16
10 15 62 65 84 86 97 110 119 125 142 151 169 171 178 180
24
3 5 13 16 31 43 50 54 59 84 85 97 98 99 114 121 132 136 155 157 158 167 169 177
24
6 8 10 48 51 71 74 88 90 94 104 112 120 127 128 133 148 154 161 163 171 176 185 195
14
11 16 30 52 65 68 81 102 104 133 140 143 185 197
17
1 7 21 31 62 73 85 97 106 122 128 132 137 151 153 155 190
17
22 69 72 87 93 94 116 125 127 134 143 156 172 176 185 193 194
29
5 16 31 42 53 59 65 94 95 99 106 108 109 119 124 125 127 128 133 141 142 143 158 164 168 169 172 188 191
18
7 13 25 30 37 47 55 66 88 109 134 136 140 144 150 153 160 164
21
22 48 52 53 55 57 72 79 86 88 99 109 121 133 164 175 180 184 188 193 195
22
5 9 17 18 28 29 31 38 42 67 71 79 93 106 108 136 150 152 165 172 187 196
23
4 6 8 12 17 36 46 55 66 70 96 100 107 120 130 152 157 160 162 169 171 173 189
23
4 7 30 36 54 56 59 67 75 78 86 89 140 143 146 147 167 177 178 181 186 191 193
24
2 8 9 11 14 38 46 70 77 89 97 112 133 152 153 170 172 175 179 181 184 186 192 193
33
1 4 10 11 13 30 34 35 63 75 80 81 86 92 95 125 131 132 135 138 142 153 159 164 176 182 184 189 192 193 195 197 198
