50 100
1.0 1.0 1.0 1.0 1.0 1.0 1.0 1.0 1.0 1.0 1.0 1.0 1.0 1.0 1.0 1.0 1.0 1.0 1.0 1.0 1.0 1.0 1.0 1.0 1.0 1.0 1.0 1.0 1.0 1.0 1.0 1.0 1.0 1.0 1.0 1.0 1.0 1.0 1.0 1.0 1.0 1.0 1.0 1.0 1.0 1.0 1.0 1.0 1.0 1.0 1.0 1.0 1.0 1.0 1.0 1.0 1.0 1.0 1.0 1.0 1.0 1.0 1.0 1.0 1.0 1.0 1.0 1.0 1.0 1.0 1.0 1.0 1.0 1.0 1.0 1.0 1.0 1.0 1.0 1.0 1.0 1.0 1.0 1.0 1.0 1.0 1.0 1.0 1.0 1.0 1.0 1.0 1.0 1.0 1.0 1.0 1.0 1.0 1.0 1.0
8
5 7 17 26 43 48 55 74
14
2 6 8 14 19 45 63 64 71 72 77 87 89 96
10
8 19 22 39 59 60 76 79 89 98
11
13 30 45 69 77 81 85 86 88 94 97
13
5 6 15 29 51 53 59 68 71 73 80 89 99
9
1 4 11 13 22 27 39 83 86
9
3 11 16 18 23 27 34 72 79
8
3 5 11 13 23 53 77 78
12
1 10 33 34 35 42 52 64 66 67 84 87
13
8 14 24 32 42 45 58 60 61 65 75 76 96
9
22 56 58 60 62 64 66 79 97
15
3 9 10 11 17 26 30 32 33 35 62 69 81 90 98
11
4 7 8 24 32 34 73 74 81 95 98
13
4 16 38 41 55 57 73 74 77 82 95 98 100
9
12 35 48 60 66 79 87 90 97
6
22 28 62 89 97 100
14
1 11 19 23 32 34 37 40 60 62 75 79 87 93
11
3 16 37 46 50 58 63 69 79 82 100
7
14 21 24 66 76 90 94
17
4 13 14 23 38 47 61 64 77 78 80 83 86 87 88 93 100
10
4 29 33 65 69 75 76 83 89 94
11
1 10 15 26 35 36 44 50 81 83 89
6
54 55 63 71 78 80
12
10 23 33 34 53 58 60 67 68 78 89 92
7
16 32 61 72 79 87 98
14
8 13 24 38 44 49 56 60 72 74 76 78 86 95
9
15 37 39 40 62 63 64 81 88
8
18 24 35 47 59 79 93 100
8
2 16 31 50 57 67 84 98
12
4 5 11 13 26 30 38 46 49 63 82 86
11
1 6 8 11 12 24 31 42 80 90 93
8
4 13 36 46 69 87 88 89
8
8 21 25 49 52 53 80 84
11
24 31 37 40 41 44 48 49 74 91 95
11
5 23 43 65 74 81 84 85 89 91 93
10
1 2 15 29 38 40 45 54 55 68
11
11 12 15 21 25 26 35 47 53 87 95
14
13 34 39 49 50 61 64 66 83 84 85 87 95 96
11
6 8 19 30 41 45 55 58 83 94 100
14
2 13 15 28 31 37 48 51 55 57 61 66 88 90
10
20 36 38 56 63 66 68 85 86 87
9
18 28 29 33 38 52 73 76 100
14
17 21 31 35 45 46 50 52 60 89 90 94 99 100
11
2 15 38 44 47 49 51 52 75 76 83
14
3 13 16 27 28 30 36 40 45 73 78 83 85 86
8
7 9 15 19 23 34 43 60
7
10 26 31 44 68 79 96
10
12 21 24 26 39 48 51 52 58 63
13
1 7 11 20 27 30 34 40 52 55 68 73 75
11
5 7 22 31 37 42 44 46 58 67 96
