100 200
1.0 1.0 1.0 1.0 1.0 1.0 1.0 1.0 1.0 1.0 1.0 1.0 1.0 1.0 1.0 1.0 1.0 1.0 1.0 1.0 1.0 1.0 1.0 1.0 1.0 1.0 1.0 1.0 1.0 1.0 1.0 1.0 1.0 1.0 1.0 1.0 1.0 1.0 1.0 1.0 1.0 1.0 1.0 1.0 1.0 1.0 1.0 1.0 1.0 1.0 1.0 1.0 1.0 1.0 1.0 1.0 1.0 1.0 1.0 1.0 1.0 1.0 1.0 1.0 1.0 1.0 1.0 1.0 1.0 1.0 1.0 1.0 1.0 1.0 1.0 1.0 1.0 1.0 1.0 1.0 1.0 1.0 1.0 1.0 1.0 1.0 1.0 1.0 1.0 1.0 1.0 1.0 1.0 1.0 1.0 1.0 1.0 1.0 1.0 1.0 1.0 1.0 1.0 1.0 1.0 1.0 1.0 1.0 1.0 1.0 1.0 1.0 1.0 1.0 1.0 1.0 1.0 1.0 1.0 1.0 1.0 1.0 1.0 1.0 1.0 1.0 1.0 1.0 1.0 1.0 1.0 1.0 1.0 1.0 1.0 1.0 1.0 1.0 1.0 1.0 1.0 1.0 1.0 1.0 1.0 1.0 1.0 1.0 1.0 1.0 1.0 1.0 1.0 1.0 1.0 1.0 1.0 1.0 1.0 1.0 1.0 1.0 1.0 1.0 1.0 1.0 1.0 1.0 1.0 1.0 1.0 1.0 1.0 1.0 1.0 1.0 1.0 1.0 1.0 1.0 1.0 1.0 1.0 1.0 1.0 1.0 1.0 1.0 1.0 1.0 1.0 1.0 1.0 1.0 1.0 1.0 1.0 1.0 1.0 1.0
42
1 4 8 11 13 14 15 17 19 20 23 27 29 34 37 38 41 42 43 47 60 69 73 74 89 109 113 119 120 126 127 137 143 144 147 150 156 163 182 188 197 200
38
4 8 15 20 23 25 27 29 35 46 61 63 64 66 69 72 77 81 87 88 90 95 98 103 104 106 110 111 116 132 133 134 151 181 185 188 196 199
41
4 5 8 9 11 15 24 30 35 36 38 48 52 55 62 66 78 81 82 83 88 90 92 95 108 111 112 116 120 134 135 138 142 160 162 168 170 172 179 180 200
43
2 8 13 18 26 29 43 45 48 52 53 58 65 67 69 71 80 81 84 87 88 92 103 106 109 112 136 138 142 143 150 151 156 157 159 165 170 176 177 182 183 188 199
40
4 16 19 24 37 45 51 53 58 66 71 72 77 80 81 82 87 89 90 92 98 103 112 120 127 128 129 136 138 143 149 150 151 156 166 173 178 184 192 194
37
2 17 19 24 30 35 36 41 42 53 58 60 69 70 75 78 80 82 84 93 107 108 111 114 124 125 140 150 160 174 182 184 188 189 191 192 198
36
5 11 12 15 25 26 28 35 39 45 46 49 50 51 53 54 59 68 84 85 88 97 104 120 128 130 131 135 148 149 166 178 182 184 186 196
37
15 16 19 21 33 35 37 38 53 58 63 67 72 74 75 76 77 80 81 88 89 95 108 116 121 126 128 135 155 161 169 170 174 175 177 186 187
36
14 19 26 28 31 37 40 42 45 48 53 55 58 61 63 76 78 86 94 106 119 123 130 134 137 141 146 154 155 163 166 168 173 182 191 196
38
5 7 12 13 17 24 25 28 40 41 43 53 62 66 69 76 80 82 85 90 93 97 119 121 123 127 128 130 137 142 148 159 162 168 172 186 192 197
44
1 5 25 32 36 38 45 46 48 58 64 65 66 70 71 87 94 100 104 105 106 108 115 116 118 123 127 129 132 134 135 149 155 158 159 166 168 171 173 182 195 196 198 199
33
5 23 24 36 38 40 44 47 59 68 73 77 78 84 86 89 90 111 121 127 129 131 132 141 146 148 160 162 167 169 182 190 198
49
8 11 12 14 24 26 36 42 47 49 50 53 55 59 65 66 69 71 77 78 80 90 91 94 96 99 100 106 109 112 113 116 117 126 130 132 143 144 146 147 152 154 160 161 169 180 185 195 197
39
8 22 26 27 39 40 43 51 52 55 57 61 62 63 64 67 76 79 86 99 110 113 121 124 135 141 142 144 145 146 153 155 180 182 183 185 188 199 200
35
1 4 16 30 33 49 50 54 60 71 90 92 95 111 112 114 122 126 132 136 142 150 156 157 169 171 180 184 185 190 192 195 196 199 200
46
1 3 4 8 14 23 24 42 45 50 53 60 62 63 67 68 72 78 81 84 86 87 96 100 103 105 113 115 122 126 131 132 133 137 139 140 142 143 148 156 159 177 178 182 190 191
48
1 4 5 6 7 8 12 16 19 22 26 31 44 52 54 66 74 78 79 81 82 91 97 100 111 112 120 123 127 134 147 148 156 157 159 161 162 165 166 170 172 173 176 183 186 191 197 199
39
3 4 6 11 12 13 15 29 30 48 54 57 59 60 63 64 65 70 78 99 100 110 114 130 132 133 142 147 149 155 167 169 172 174 180 185 186 195 198
38
2 11 13 16 33 34 36 54 64 65 72 78 95 101 107 108 110 119 120 123 142 143 146 149 150 151 156 157 173 176 179 180 181 195 196 197 199 200
42
3 5 8 17 32 34 35 36 38 40 42 43 48 60 64 68 78 80 83 86 87 90 96 103 111 121 122 130 138 145 150 153 155 158 167 179 187 192 194 195 196 198
33
5 13 19 20 22 27 34 36 46 48 54 55 78 80 84 86 91 96 104 106 111 114 118 144 164 168 169 172 175 178 184 185 190
33
4 14 16 19 21 24 26 27 28 37 38 43 59 65 72 73 89 91 95 110 121 126 130 143 148 150 153 155 166 179 181 193 199
50
1 2 8 9 13 15 16 26 36 37 41 58 61 64 65 66 68 71 76 79 82 84 89 93 94 95 97 100 102 103 104 105 122 134 135 149 156 161 171 175 177 183 184 186 188 189 193 194 196 200
32
21 23 25 30 33 36 39 55 65 69 80 83 86 87 96 98 101 111 120 133 134 148 153 154 155 160 163 171 172 186 194 196
44
2 5 8 13 14 18 20 28 31 37 42 51 57 60 63 65 66 67 77 80 84 92 96 98 101 107 108 111 114 122 131 135 137 143 148 150 166 181 183 187 192 193 197 200
42
1 18 20 28 29 37 39 45 49 55 56 61 63 66 68 70 80 89 93 96 98 99 103 106 109 140 141 142 152 154 156 158 161 166 175 176 177 184 185 193 195 197
49
9 12 14 15 16 20 23 24 32 33 34 35 45 52 63 65 72 79 97 102 119 121 125 126 129 131 132 133 134 135 136 139 144 147 149 152 153 155 156 163 167 169 175 180 182 183 191 193 200
54
3 6 10 17 25 27 31 35 36 55 56 57 59 64 68 69 71 73 80 83 84 85 89 93 95 97 104 105 120 121 126 129 134 136 141 146 147 149 150 153 159 172 174 177 178 179 182 186 190 192 193 194 195 197
50
3 4 6 8 9 10 21 22 25 35 40 41 42 43 44 46 60 63 64 68 70 71 77 78 85 88 91 94 104 105 110 112 120 123 125 134 137 141 153 158 161 166 172 177 180 185 190 191 193 194
49
1 3 9 12 15 22 39 40 41 44 45 47 53 59 62 72 73 74 76 88 94 100 105 106 107 111 112 116 117 123 125 129 131 136 139 144 148 163 179 182 186 187 188 191 192 197 198 199 200
34
5 29 31 34 37 39 41 43 48 55 57 61 65 71 74 85 90 100 101 105 116 122 125 133 141 142 147 152 167 172 175 185 187 195
44
1 10 12 44 54 58 59 63 66 67 68 69 72 75 76 78 80 82 86 91 106 118 119 121 125 129 131 139 142 143 144 154 158 161 162 163 165 184 186 187 188 191 195 199
38
8 13 14 21 24 33 35 37 42 47 49 54 59 71 76 79 81 87 104 106 110 112 122 124 133 138 144 147 150 153 160 168 174 177 180 188 189 198
41
5 9 16 22 24 29 32 34 40 44 45 48 56 67 74 82 84 89 95 102 107 111 114 123 128 137 144 147 148 152 160 161 162 163 165 167 173 180 190 194 197
45
1 4 5 9 16 19 20 35 41 43 45 48 56 58 59 61 69 72 78 79 92 93 95 96 101 104 112 118 122 124 129 130 139 147 149 153 156 157 163 170 174 188 192 199 200
40
4 10 13 14 23 25 27 39 47 53 66 86 90 95 99 100 104 115 116 122 129 130 131 136 137 139 142 143 144 146 157 162 165 169 175 178 183 185 194 199
40
6 10 14 16 19 22 24 29 32 37 58 67 68 80 82 85 87 90 97 98 103 118 121 123 124 126 127 152 153 154 155 159 162 165 170 172 178 180 183 194
37
3 10 12 13 17 25 29 30 38 42 43 44 50 55 69 71 74 78 100 105 112 119 127 130 135 139 144 151 154 155 157 167 169 179 185 186 200
38
16 20 24 40 44 48 51 55 56 61 64 66 68 72 83 89 92 95 100 103 111 112 113 116 118 126 139 143 150 153 159 166 169 175 177 184 196 198
40
6 8 10 15 19 20 22 23 38 39 52 65 68 74 75 87 89 96 97 102 104 105 127 129 130 134 136 151 154 156 160 169 172 176 180 185 186 187 198 199
32
3 12 15 17 18 29 34 43 48 51 52 66 86 89 91 102 107 111 117 125 132 136 141 157 162 163 166 169 175 183 187 191
45
1 2 4 7 9 11 12 13 19 34 37 43 44 49 52 65 69 71 73 75 84 88 89 91 96 103 108 114 129 130 132 135 138 141 143 148 150 155 161 164 166 173 179 186 194
32
3 4 7 14 17 21 44 47 48 52 53 62 66 68 79 80 81 84 96 97 103 110 113 123 126 131 134 156 175 181 194 196
51
10 11 13 15 19 25 27 29 40 43 45 51 54 61 69 70 73 74 77 79 83 84 85 88 91 93 95 107 108 109 113 118 123 126 136 137 143 144 145 147 152 159 164 165 170 171 184 186 191 196 198
37
1 10 11 16 19 30 33 42 48 51 55 72 76 86 87 94 97 102 117 121 122 124 139 142 145 153 154 158 160 164 180 183 184 191 193 199 200
31
2 8 17 19 28 29 30 32 36 53 57 68 75 76 81 83 84 97 99 106 128 136 143 145 147 160 165 184 194 197 199
47
2 8 9 10 11 18 27 34 35 37 40 45 46 60 64 75 82 84 98 104 112 116 117 119 122 123 126 128 129 130 136 138 142 148 156 158 163 164 167 168 173 175 176 181 186 199 200
24
15 24 27 28 32 46 48 58 59 77 104 118 119 120 126 129 130 137 144 167 173 175 188 198
39
1 11 12 23 27 29 30 33 36 39 42 51 69 73 75 81 83 87 88 92 101 102 103 109 110 112 114 120 124 128 135 136 150 163 185 190 192 199 200
26
13 23 26 32 33 44 49 58 61 62 74 81 82 87 92 98 102 126 137 140 175 178 187 192 195 198
53
2 3 5 8 9 15 17 18 19 25 27 30 32 36 40 41 45 69 74 75 77 78 82 84 88 92 95 96 97 100 104 105 110 115 116 121 133 141 142 144 151 152 159 162 163 174 178 179 187 189 190 191 199
43
1 6 11 16 20 25 27 41 43 51 54 56 58 60 66 72 75 81 85 86 87 91 96 99 100 106 117 125 126 133 136 139 142 145 148 151 158 178 182 186 187 192 199
36
8 18 20 29 30 39 40 46 50 58 61 66 74 77 81 89 94 98 103 109 119 126 127 130 134 139 143 147 150 158 167 174 186 197 198 200
43
1 4 9 10 13 14 22 26 30 38 45 47 48 52 55 56 57 62 70 74 87 90 97 105 109 115 116 117 123 125 126 132 135 141 151 155 156 172 175 179 184 196 197
39
4 13 14 18 25 28 30 36 40 46 49 50 66 69 91 93 96 103 104 111 114 118 121 122 124 127 130 138 141 148 165 168 174 181 187 188 191 192 196
42
3 5 20 21 29 34 37 39 45 48 52 53 56 57 66 67 77 81 86 87 94 98 102 104 106 122 125 127 140 142 151 155 156 158 163 167 171 176 188 192 194 199
39
2 10 18 19 20 29 37 39 41 45 46 48 61 62 65 66 78 81 82 88 89 92 94 96 108 123 136 141 146 150 153 155 157 158 162 167 171 184 187
38
4 5 14 17 25 27 28 29 31 35 51 52 54 68 81 86 95 121 126 127 132 134 142 143 147 150 154 155 156 166 172 175 177 183 189 190 191 196
43
1 2 7 14 15 18 25 31 32 34 38 47 50 54 61 65 68 80 82 84 89 94 96 99 100 108 110 115 118 122 127 138 143 149 155 164 165 176 186 196 197 198 200
35
17 25 30 32 37 47 49 50 53 62 64 67 80 81 82 91 93 96 99 107 110 115 121 123 125 144 171 172 178 180 182 185 187 190 192
39
1 4 7 17 26 30 33 35 38 39 46 48 49 55 71 75 85 86 88 91 102 103 112 120 121 135 139 140 149 151 158 165 169 170 179 181 183 188 189
40
3 11 14 15 17 21 28 29 40 46 51 54 63 65 75 77 80 83 106 107 108 110 114 122 124 127 130 140 142 143 148 162 165 166 169 171 176 180 192 200
50
2 3 6 15 22 25 26 27 33 40 51 53 57 64 66 68 74 76 84 86 88 92 96 97 105 107 114 116 119 123 133 135 136 154 155 156 157 161 163 164 168 171 173 175 176 181 184 189 191 196
44
5 9 14 17 18 22 23 27 33 36 38 40 45 46 47 49 52 54 57 65 66 67 73 77 85 97 99 101 103 107 108 109 133 134 139 142 145 146 157 180 186 189 194 195
36
7 11 14 15 22 31 39 44 49 50 53 56 69 73 78 82 84 85 87 104 107 110 117 121 122 128 130 136 147 149 151 152 160 174 178 200
44
10 14 15 17 19 21 24 35 40 54 55 61 62 63 64 66 68 70 71 73 80 82 84 85 87 88 92 104 111 115 116 120 134 138 143 144 150 152 166 170 176 182 189 193
43
3 26 31 32 33 34 35 39 46 47 49 52 54 61 65 72 75 78 81 85 92 93 96 103 104 110 116 117 121 129 134 137 139 141 150 160 161 165 169 170 182 194 195
49
1 6 11 13 30 33 36 37 43 47 58 59 61 63 64 66 70 71 72 89 90 92 108 113 115 116 121 131 135 137 139 142 148 150 152 153 154 157 158 163 166 170 176 178 188 189 197 198 200
41
9 10 11 13 15 23 24 27 30 44 45 48 60 67 91 94 102 105 106 108 112 115 118 119 128 133 138 142 154 155 156 161 165 171 174 175 180 187 188 190 195
28
2 5 8 20 22 29 36 37 51 60 67 74 104 121 124 134 146 149 150 152 166 169 174 180 182 191 195 197
37
6 7 9 18 20 23 48 53 55 62 66 73 74 75 77 85 87 103 105 114 123 128 137 145 158 159 160 170 171 173 176 180 188 191 195 197 199
38
5 7 28 32 35 43 46 47 50 52 54 58 62 81 84 93 103 104 105 111 114 116 128 131 135 136 143 156 159 162 163 170 184 186 187 191 195 197
45
13 14 15 17 34 36 39 40 41 42 44 47 48 50 64 68 73 75 78 80 81 88 98 99 108 109 110 113 115 121 131 133 141 144 149 157 158 161 167 170 172 188 190 193 195
45
7 10 14 15 16 17 20 21 24 27 28 31 35 43 47 57 66 68 71 73 74 84 98 99 105 109 110 111 112 113 114 121 124 128 132 136 146 154 158 166 167 184 189 190 200
44
5 8 12 17 29 31 38 40 46 51 56 65 66 67 68 73 77 78 79 81 88 89 93 97 98 99 104 108 116 118 122 127 129 142 145 147 154 165 174 175 179 180 188 189
36
3 9 16 28 29 38 40 43 55 65 74 77 80 82 83 84 85 88 90 91 95 112 117 118 120 133 135 144 147 151 158 183 186 188 193 199
41
6 11 12 17 32 38 39 41 42 47 55 57 66 79 83 88 89 92 98 111 113 115 116 121 126 129 135 139 143 149 153 155 157 163 167 168 169 183 185 186 194
40
9 10 16 29 34 36 40 41 50 54 56 61 64 66 68 69 75 77 80 86 87 89 90 91 99 108 114 120 123 124 134 140 147 151 156 157 174 184 194 198
38
4 7 10 17 24 27 48 55 62 66 67 70 74 81 83 86 108 112 117 119 122 124 125 126 129 133 136 143 149 157 167 171 176 177 183 191 192 194
51
2 5 6 8 10 13 14 20 21 26 28 34 43 44 46 49 52 53 54 62 63 64 67 74 76 83 85 88 89 97 98 109 110 115 116 117 121 124 141 143 144 146 150 153 159 175 176 182 191 197 200
49
5 17 25 26 29 30 31 33 40 41 45 46 51 52 56 61 62 70 74 82 92 95 96 117 120 121 124 129 130 135 139 152 153 158 159 160 162 164 172 173 179 180 182 183 184 186 187 193 194
41
3 10 14 17 20 30 41 45 60 67 71 72 75 81 82 84 94 95 96 97 100 101 107 111 112 117 119 121 123 131 143 154 167 171 172 179 188 189 193 195 196
45
3 4 9 12 26 35 45 53 55 61 62 74 76 80 82 84 85 91 94 95 106 110 113 115 116 118 121 123 124 131 133 151 152 153 156 163 165 175 176 178 179 181 185 188 190
34
2 4 7 15 24 34 40 41 44 65 69 83 84 90 91 102 109 119 130 132 135 141 151 153 157 163 166 168 169 170 172 174 182 199
35
6 7 12 17 18 19 21 26 31 47 51 58 59 65 71 73 74 89 103 117 122 133 140 142 149 159 160 165 173 174 175 185 188 198 199
53
3 4 5 10 11 12 15 18 23 27 28 30 35 37 44 47 48 50 52 53 59 60 64 72 74 84 85 92 93 95 102 115 118 124 132 138 139 148 149 154 155 161 171 174 178 180 184 185 186 188 191 195 199
42
3 19 30 32 33 43 46 47 49 57 64 66 68 74 77 78 82 83 85 96 107 109 110 116 123 124 127 132 134 137 140 142 144 146 151 166 169 173 176 185 196 198
48
1 2 4 6 16 19 22 25 27 31 33 34 35 36 39 43 44 45 48 49 51 57 72 77 80 91 94 102 103 104 107 131 135 136 138 147 163 168 170 172 174 176 186 187 188 190 192 195
41
5 6 12 18 20 27 28 30 40 46 50 52 53 54 60 61 69 70 81 86 92 98 116 117 119 130 136 140 142 149 150 151 155 171 172 178 180 182 186 190 192
34
23 33 35 36 38 42 57 59 60 76 81 86 93 97 101 106 111 119 123 127 129 137 138 150 151 154 157 169 173 177 183 188 197 200
29
3 17 22 23 28 33 37 39 46 55 64 65 70 85 98 101 103 106 115 118 121 127 136 151 161 171 179 187 195
45
1 14 19 21 22 24 39 50 58 61 65 75 76 80 81 82 83 93 95 97 103 105 108 110 113 115 118 121 122 123 127 132 139 142 143 146 147 150 157 160 164 169 174 183 192
39
2 9 21 29 42 43 57 67 68 75 77 83 86 88 91 93 99 100 101 112 116 118 122 127 133 142 147 148 153 154 156 160 165 170 180 181 188 195 200
36
3 4 10 11 19 32 35 38 45 54 58 60 68 72 79 80 81 83 113 114 134 140 145 152 153 160 165 166 178 179 182 185 188 190 197 199
33
6 12 14 25 28 32 33 49 52 57 61 64 72 73 79 86 94 99 100 101 110 124 129 140 141 144 166 176 179 181 186 189 200
45
12 15 18 24 25 37 45 52 59 60 63 67 69 71 79 88 91 92 94 98 99 109 113 120 121 122 124 127 128 135 137 143 144 151 170 171 173 174 176 181 182 185 197 198 199
37
4 5 15 24 33 35 38 40 41 45 47 48 51 53 54 56 60 62 64 70 72 77 85 103 122 124 127 128 139 144 149 162 168 177 188 196 200
38
7 15 22 23 28 39 48 50 55 57 58 60 69 72 82 87 90 98 106 113 114 122 123 133 136 142 144 146 148 161 163 166 168 172 178 179 190 197
49
1 3 6 8 9 12 20 22 25 39 42 45 48 51 55 56 58 64 67 70 73 76 77 87 91 96 97 99 103 111 115 122 129 130 133 135 139 144 145 150 153 156 159 166 174 179 182 185 189
43
8 15 18 24 32 33 40 43 45 55 59 62 63 66 70 77 86 88 93 95 104 110 114 119 124 127 130 135 142 149 156 158 161 162 169 173 177 189 191 192 196 197 198
