150 300
1.0 1.0 1.0 1.0 1.0 1.0 1.0 1.0 1.0 1.0 1.0 1.0 1.0 1.0 1.0 1.0 1.0 1.0 1.0 1.0 1.0 1.0 1.0 1.0 1.0 1.0 1.0 1.0 1.0 1.0 1.0 1.0 1.0 1.0 1.0 1.0 1.0 1.0 1.0 1.0 1.0 1.0 1.0 1.0 1.0 1.0 1.0 1.0 1.0 1.0 1.0 1.0 1.0 1.0 1.0 1.0 1.0 1.0 1.0 1.0 1.0 1.0 1.0 1.0 1.0 1.0 1.0 1.0 1.0 1.0 1.0 1.0 1.0 1.0 1.0 1.0 1.0 1.0 1.0 1.0 1.0 1.0 1.0 1.0 1.0 1.0 1.0 1.0 1.0 1.0 1.0 1.0 1.0 1.0 1.0 1.0 1.0 1.0 1.0 1.0 1.0 1.0 1.0 1.0 1.0 1.0 1.0 1.0 1.0 1.0 1.0 1.0 1.0 1.0 1.0 1.0 1.0 1.0 1.0 1.0 1.0 1.0 1.0 1.0 1.0 1.0 1.0 1.0 1.0 1.0 1.0 1.0 1.0 1.0 1.0 1.0 1.0 1.0 1.0 1.0 1.0 1.0 1.0 1.0 1.0 1.0 1.0 1.0 1.0 1.0 1.0 1.0 1.0 1.0 1.0 1.0 1.0 1.0 1.0 1.0 1.0 1.0 1.0 1.0 1.0 1.0 1.0 1.0 1.0 1.0 1.0 1.0 1.0 1.0 1.0 1.0 1.0 1.0 1.0 1.0 1.0 1.0 1.0 1.0 1.0 1.0 1.0 1.0 1.0 1.0 1.0 1.0 1.0 1.0 1.0 1.0 1.0 1.0 1.0 1.0 1.0 1.0 1.0 1.0 1.0 1.0 1.0 1.0 1.0 1.0 1.0 1.0 1.0 1.0 1.0 1.0 1.0 1.0 1.0 1.0 1.0 1.0 1.0 1.0 1.0 1.0 1.0 1.0 1.0 1.0 1.0 1.0 1.0 1.0 1.0 1.0 1.0 1.0 1.0 1.0 1.0 1.0 1.0 1.0 1.0 1.0 1.0 1.0 1.0 1.0 1.0 1.0 1.0 1.0 1.0 1.0 1.0 1.0 1.0 1.0 1.0 1.0 1.0 1.0 1.0 1.0 1.0 1.0 1.0 1.0 1.0 1.0 1.0 1.0 1.0 1.0 1.0 1.0 1.0 1.0 1.0 1.0 1.0 1.0 1.0 1.0 1.0 1.0 1.0 1.0 1.0 1.0 1.0 1.0 1.0 1.0 1.0 1.0 1.0 1.0
31
15 21 24 46 64 79 88 103 109 120 121 128 133 154 175 177 178 196 206 209 216 220 222 234 249 267 268 277 284 298 300
28
1 4 16 17 31 54 60 76 90 96 100 101 105 109 136 160 162 184 187 196 198 223 236 251 257 263 283 297
32
17 49 50 87 94 110 120 123 139 142 150 166 184 186 187 198 200 203 204 214 215 221 222 228 239 246 265 266 269 285 293 295
28
5 14 15 18 19 37 70 85 88 110 113 117 121 128 150 164 165 175 178 186 190 236 240 271 273 275 279 284
27
3 8 16 23 26 53 55 83 122 126 141 144 152 170 173 177 190 203 207 213 238 245 259 265 285 286 292
36
3 8 9 10 12 20 31 33 38 42 52 53 54 69 77 83 95 96 106 126 129 134 136 138 149 167 172 191 209 228 236 242 249 252 288 289
30
2 10 13 24 37 41 42 53 88 91 97 110 124 134 145 147 152 160 162 165 180 193 196 216 217 234 244 246 275 280
25
10 22 47 55 60 68 85 86 91 103 105 121 139 159 162 165 172 197 205 215 239 243 252 278 290
38
1 23 31 51 77 91 106 107 110 112 122 126 128 136 137 139 148 151 167 169 171 173 178 192 200 203 219 227 229 247 256 259 266 273 276 295 297 299
28
2 12 16 30 32 53 64 85 97 118 124 128 137 138 145 147 173 198 199 205 212 217 242 246 263 287 292 298
35
3 16 26 34 36 39 43 54 57 73 87 98 105 117 118 153 156 159 169 174 183 184 186 187 193 205 212 230 252 254 258 267 269 275 284
28
18 29 35 36 37 65 66 69 83 93 98 99 110 114 116 121 128 139 167 188 194 202 216 220 260 271 277 289
26
16 20 45 87 92 95 97 119 121 125 135 138 141 167 177 187 193 194 204 209 211 241 249 260 285 296
27
4 10 17 31 80 85 95 96 101 114 126 131 158 163 167 180 185 193 194 211 232 244 246 249 279 290 292
25
5 6 16 17 26 41 58 70 79 95 114 127 139 141 168 189 222 226 232 239 249 250 253 263 299
31
15 51 52 56 63 89 102 103 110 125 137 139 146 156 161 170 172 185 194 199 206 215 218 225 233 252 260 272 273 276 298
34
13 23 36 38 40 43 55 58 67 68 73 96 98 100 115 123 129 136 145 150 157 181 187 195 198 219 238 254 255 269 286 289 297 300
31
23 24 43 45 80 81 83 92 105 120 131 134 135 146 155 214 216 224 237 238 241 243 256 260 262 266 272 279 283 287 294
26
1 6 22 45 60 67 74 82 89 98 102 109 116 138 152 154 164 166 234 237 239 241 253 274 281 298
25
5 17 31 49 55 56 64 67 96 104 107 131 140 144 148 157 160 197 207 224 229 245 283 284 290
34
9 14 15 18 24 33 37 43 44 52 68 75 78 79 93 99 102 112 114 121 122 125 174 179 183 208 221 225 246 257 261 265 268 276
37
7 16 21 36 92 101 107 112 114 125 133 138 147 149 152 153 155 156 158 163 176 177 195 198 223 224 230 233 235 253 265 270 271 275 279 293 294
26
1 16 20 30 91 114 119 123 132 135 167 175 184 190 193 200 205 207 240 243 246 251 261 278 283 297
33
2 7 13 29 30 47 59 66 74 78 82 123 135 136 146 147 149 160 163 167 181 187 189 190 205 233 239 270 274 277 282 287 296
29
1 2 4 10 28 38 76 87 90 116 119 129 138 151 153 154 161 164 188 191 203 219 240 242 257 259 277 286 295
31
18 23 39 42 45 46 54 66 68 69 75 77 93 99 106 115 117 120 124 168 192 195 205 210 226 250 262 264 277 296 299
33
4 6 12 33 34 42 50 52 70 76 79 113 114 128 129 131 159 167 178 210 216 221 239 240 248 258 265 267 269 271 280 281 297
36
2 5 11 26 45 68 70 71 79 85 110 117 129 135 137 150 155 156 163 165 186 192 201 207 208 211 234 242 254 259 272 274 276 281 283 294
39
3 19 32 51 52 67 78 84 85 89 95 99 103 111 113 122 149 150 151 162 167 168 170 173 185 188 189 193 194 204 211 228 238 240 245 277 281 291 295
22
7 28 39 53 59 60 61 76 89 104 112 116 125 127 135 137 144 176 200 244 274 300
24
46 67 77 103 119 127 137 138 144 173 188 197 210 212 214 229 234 251 276 277 283 285 286 290
31
1 5 24 47 49 51 53 76 79 89 110 121 129 132 146 181 184 204 205 207 216 225 227 232 244 251 261 262 276 281 289
33
5 13 20 21 30 42 47 62 67 82 83 89 106 118 132 138 141 150 180 185 190 212 214 220 223 225 240 243 249 267 292 293 296
33
11 14 23 34 39 41 44 54 66 78 88 96 113 133 147 155 158 159 183 185 186 201 224 226 229 255 261 262 269 282 283 284 286
27
15 16 19 28 35 60 79 85 91 109 120 130 133 155 159 160 164 169 173 192 194 197 202 253 263 288 293
41
2 4 13 14 18 20 33 42 50 51 83 85 95 98 99 110 111 116 124 125 130 136 146 174 178 186 200 204 206 229 232 238 244 249 251 260 271 280 283 286 295
29
15 20 36 41 77 82 87 125 130 142 145 163 168 170 192 196 209 224 233 244 252 253 255 256 260 268 281 290 293
25
23 37 79 87 89 98 109 112 113 116 121 137 143 152 161 166 176 201 202 224 231 243 246 272 295
29
32 41 47 61 62 65 68 83 84 86 94 99 108 126 147 169 179 184 205 216 219 244 255 272 276 283 291 298 300
33
4 6 11 21 86 98 109 120 123 132 149 150 158 165 166 167 169 172 192 194 198 199 206 209 210 217 239 240 243 258 259 290 296
21
12 23 31 42 57 66 72 90 100 110 122 129 140 149 166 176 191 199 272 273 298
31
11 32 41 44 49 54 75 84 86 93 96 106 109 113 121 146 152 154 157 159 185 203 205 207 208 235 246 277 289 299 300
27
20 24 31 42 53 65 74 80 110 113 115 150 158 165 172 174 185 192 214 226 236 240 245 258 263 268 283
28
4 24 53 54 56 59 75 79 82 109 130 143 150 152 157 161 166 187 198 206 255 257 260 265 282 290 298 299
26
16 31 43 52 56 59 83 85 89 127 129 135 142 151 165 169 207 214 221 222 248 249 262 285 286 294
27
2 4 10 13 16 26 27 61 65 78 88 94 98 102 118 120 136 139 175 177 189 190 207 213 238 255 262
34
14 45 48 50 51 55 56 68 94 97 99 101 102 108 111 125 134 144 150 162 170 180 184 188 199 214 222 224 229 233 247 265 285 298
25
3 6 17 19 53 54 59 63 65 66 84 105 106 125 160 163 174 182 192 213 252 264 266 274 275
34
1 11 49 55 74 82 86 87 95 100 103 107 118 123 125 135 141 149 160 177 180 193 207 231 232 234 253 258 259 266 276 279 283 292
32
3 15 21 28 37 46 58 81 92 112 113 114 118 121 153 158 161 166 167 184 196 203 207 212 233 237 239 258 260 284 292 299
34
1 12 16 31 41 49 51 57 74 93 97 105 109 116 123 126 147 151 164 181 205 239 250 258 259 270 271 273 275 277 282 283 288 297
22
6 28 39 60 82 99 103 118 120 124 162 184 225 227 249 257 267 276 280 294 295 297
35
12 13 17 26 38 45 70 72 74 81 83 102 108 117 119 125 132 153 164 166 184 186 200 209 221 231 233 239 245 250 259 260 268 270 285
31
2 3 33 38 43 45 51 60 65 73 92 96 107 109 120 126 128 130 137 158 169 172 179 187 190 221 241 254 258 286 297
30
2 5 11 17 19 24 48 61 63 71 95 97 104 105 110 111 115 121 125 126 142 146 160 167 170 171 201 277 282 292
27
1 52 70 94 109 113 116 125 127 128 132 142 153 160 180 210 215 218 221 224 233 236 239 253 255 267 277
37
15 23 32 47 50 56 59 64 68 69 86 94 109 124 128 139 164 166 178 179 183 189 195 197 201 214 216 226 234 246 247 260 269 272 275 278 299
25
13 33 40 41 64 78 83 84 91 105 142 161 163 195 213 214 225 233 247 254 269 271 282 287 289
31
12 21 22 26 46 52 73 102 110 115 137 145 146 148 152 155 157 198 201 216 225 256 262 263 265 268 273 277 280 298 299
26
1 2 9 19 40 41 51 55 64 83 109 142 147 150 153 158 178 239 260 261 275 283 284 286 296 298
23
3 28 34 67 87 88 111 121 123 154 166 174 175 187 195 197 204 218 223 244 246 287 297
29
5 23 37 67 79 92 121 147 158 162 175 184 194 198 203 213 223 227 230 238 240 241 247 249 259 265 291 295 299
24
5 6 15 16 60 68 98 127 142 158 185 221 225 227 231 239 240 261 266 276 277 281 285 297
31
8 11 31 38 66 81 84 98 115 143 147 148 156 162 173 176 183 192 203 208 212 232 243 255 261 269 271 277 281 288 298
27
3 16 27 45 59 72 76 77 82 106 118 124 132 159 161 166 168 177 179 210 216 218 230 236 248 256 261
30
12 17 19 29 36 43 51 53 58 60 95 108 116 117 142 147 165 179 185 204 217 224 232 234 251 269 275 283 295 297
31
5 24 30 48 63 76 84 96 105 108 119 123 126 129 130 136 143 150 151 152 153 173 187 192 203 247 250 256 258 259 299
30
2 11 17 27 31 41 42 50 54 68 82 91 94 113 116 129 138 157 162 176 177 183 189 192 218 221 242 269 282 287
40
2 7 19 30 45 47 48 69 76 77 83 87 92 95 97 110 115 116 119 126 132 135 155 156 161 166 168 170 182 187 190 192 196 200 205 230 253 254 279 292
25
6 14 45 50 55 62 64 93 95 105 106 116 140 141 147 160 185 206 227 238 250 269 273 274 289
33
26 35 51 82 84 89 92 111 114 137 139 140 141 145 152 157 158 161 172 188 189 195 196 224 228 230 234 236 252 254 276 286 297
29
2 5 14 16 17 31 39 53 54 76 81 85 99 104 109 157 165 168 171 181 185 201 216 221 246 251 267 279 283
34
7 10 16 17 35 46 47 55 57 71 75 91 93 98 109 120 121 122 126 132 147 165 184 194 213 217 232 238 249 258 262 266 296 299
22
2 19 33 57 72 91 104 108 127 136 140 152 155 166 181 198 199 201 257 276 277 283
35
2 12 20 22 37 48 58 72 83 85 100 101 108 109 118 140 141 182 190 191 194 197 200 203 204 218 226 252 254 258 260 272 273 276 294
35
11 13 26 52 53 58 60 66 79 82 85 86 90 110 111 133 145 146 151 157 175 180 182 183 194 199 201 222 265 275 279 280 291 292 293
25
39 42 49 59 64 93 102 111 112 119 122 124 127 132 135 137 171 174 195 221 224 260 266 270 273
31
7 28 37 40 41 48 59 60 94 95 99 110 143 145 149 152 189 190 201 214 219 222 235 237 247 252 265 269 282 284 296
29
21 28 32 48 50 64 66 71 72 76 85 87 96 111 122 124 128 138 157 163 168 171 197 198 212 233 235 252 266
28
6 21 31 39 54 85 93 95 106 148 149 154 156 163 173 187 206 218 223 232 235 241 244 252 267 282 283 289
23
6 24 46 76 81 86 94 96 117 141 146 157 160 166 179 188 201 220 224 237 247 268 286
33
32 34 41 44 100 101 122 129 132 134 138 146 153 154 160 163 174 177 181 187 188 192 206 216 223 231 238 272 277 279 283 291 299
37
8 9 11 19 39 47 50 64 66 71 85 93 106 131 142 143 145 159 160 166 167 176 182 185 188 190 192 194 198 200 211 221 228 230 260 261 285
24
9 12 31 33 49 53 64 78 102 113 136 139 142 178 192 224 225 230 239 248 256 278 295 298
25
16 29 49 57 95 99 108 136 143 154 181 186 187 189 209 215 219 247 251 255 259 272 283 284 289
37
5 9 11 28 30 54 58 77 79 87 107 111 112 120 121 152 157 159 171 172 191 194 195 198 201 205 210 212 221 232 244 245 249 259 272 283 291
29
8 18 23 25 27 30 41 53 71 77 85 98 102 107 115 120 130 131 164 188 206 209 211 229 230 233 273 282 289
29
4 17 28 63 73 74 87 100 113 134 149 164 170 172 176 196 212 213 216 217 218 227 228 238 239 241 258 267 274
22
12 17 18 30 32 48 59 72 74 80 83 93 104 105 145 161 200 223 225 259 263 268
25
18 36 42 44 46 48 105 123 125 130 152 158 160 173 178 181 185 191 198 209 234 241 268 285 288
29
2 6 24 39 53 62 71 80 81 84 94 95 97 110 113 138 139 151 180 183 192 232 236 254 270 277 278 291 294
30
3 20 24 33 43 56 78 80 107 119 121 122 152 160 174 181 188 192 196 215 220 243 250 266 268 271 277 285 293 297
28
1 4 19 49 50 88 89 106 122 123 132 133 137 139 148 167 174 186 211 216 228 243 263 275 276 277 284 287
27
9 10 60 68 74 76 86 111 116 125 152 158 170 176 196 210 211 217 243 245 252 264 286 291 292 294 296
22
11 17 37 61 62 101 113 117 121 125 145 149 165 199 224 242 255 262 263 276 281 294
30
13 45 49 60 72 77 78 86 90 92 100 101 108 155 156 166 174 178 183 184 193 196 200 201 229 230 243 260 265 273
30
5 6 12 20 33 34 59 66 70 82 92 107 121 127 128 138 144 163 169 170 175 196 203 214 216 225 239 278 288 294
19
7 26 37 47 70 79 160 179 204 207 210 211 214 221 227 230 237 245 263
31
16 25 27 36 40 58 60 73 85 87 98 100 109 110 115 124 142 148 150 152 167 188 190 193 197 199 227 270 285 288 291
23
13 34 44 49 59 63 120 133 143 150 178 181 191 198 202 218 223 224 235 239 246 249 258
29
16 22 42 52 56 59 61 63 121 126 133 150 155 156 166 170 192 196 203 211 221 227 249 254 282 287 290 297 300
40
13 15 17 18 21 32 37 47 49 66 79 83 86 88 92 126 130 133 138 165 167 184 190 195 202 207 209 215 222 224 240 257 258 263 271 279 282 289 295 300
26
5 14 31 54 91 122 126 133 142 163 164 192 201 207 208 211 218 226 227 247 248 260 266 272 283 288
31
8 33 54 66 68 73 81 84 99 104 107 117 125 134 144 158 162 177 185 190 197 243 245 248 249 264 271 272 275 283 287
34
3 20 22 25 31 49 51 55 61 69 70 78 80 83 115 116 129 135 137 138 146 153 159 168 169 170 183 194 220 274 277 279 290 296
23
2 7 48 93 104 107 116 118 122 123 139 161 165 174 184 190 193 219 227 238 246 259 297
34
12 18 31 33 36 38 42 71 75 81 91 92 109 118 129 133 134 136 177 191 200 216 219 220 225 226 244 245 246 254 255 276 281 298
33
2 6 17 18 21 41 48 49 57 62 63 104 108 111 138 150 152 156 158 165 172 196 203 205 209 212 216 226 230 246 248 293 298
28
16 63 64 69 71 77 102 134 137 139 149 155 183 186 198 219 222 227 233 241 247 255 259 270 271 277 281 299
30
7 35 58 75 84 86 96 100 102 123 124 126 127 146 172 176 194 199 200 212 213 224 239 250 253 259 269 270 274 279
32
11 14 34 36 51 58 61 104 116 125 139 141 158 164 167 172 178 188 197 198 211 217 232 234 248 249 258 260 263 264 276 281
39
2 8 30 31 34 36 39 45 51 56 65 78 84 90 98 100 101 108 112 113 118 124 126 138 139 173 182 199 207 214 215 217 234 237 255 265 272 287 293
32
2 19 26 31 51 54 62 67 78 99 108 113 120 139 147 156 178 195 197 198 201 238 239 249 252 254 260 272 276 292 294 299
31
3 4 13 19 28 35 42 63 68 73 82 88 91 122 131 139 143 163 166 168 180 186 188 205 209 220 231 252 254 268 278
30
19 42 44 55 61 64 72 85 91 94 108 111 123 131 135 150 152 169 174 180 197 201 210 223 240 246 252 276 285 299
33
2 17 19 25 31 33 34 47 57 67 70 80 86 89 102 107 141 163 166 172 180 192 193 203 209 215 223 225 236 237 270 286 295
30
5 26 36 42 43 54 57 58 68 97 106 115 123 126 136 137 138 142 146 153 168 181 191 206 219 248 251 261 285 299
30
27 59 89 93 98 101 118 123 124 135 137 138 141 143 151 159 172 182 230 231 232 233 235 236 238 248 257 258 262 285
33
2 3 10 19 23 25 31 42 55 66 67 74 84 114 116 125 138 156 172 190 193 197 199 205 232 243 247 248 278 281 291 294 295
34
1 7 33 35 40 41 63 64 69 71 72 78 86 88 93 95 111 131 134 143 154 169 175 189 190 192 213 218 225 228 249 251 267 300
28
3 8 11 36 41 51 60 65 78 96 98 101 102 125 134 142 147 153 181 193 195 210 246 257 262 271 283 287
26
6 15 18 26 33 38 43 47 48 63 101 110 127 148 163 166 180 185 216 236 249 258 262 264 267 292
32
4 9 11 13 21 22 27 43 48 51 55 73 78 126 144 161 168 173 187 195 196 201 213 214 225 230 240 248 252 281 285 297
24
21 27 39 48 55 58 63 72 74 113 125 127 139 152 204 205 214 215 222 237 281 285 292 297
25
8 49 50 54 64 77 84 91 93 108 129 139 159 190 198 201 202 209 222 227 228 232 237 262 283
37
14 19 28 32 36 84 87 91 94 96 99 100 101 106 111 125 127 134 136 142 143 154 174 205 206 209 215 217 221 222 229 235 239 255 262 284 287
33
12 41 45 55 57 64 70 72 84 90 116 134 147 148 151 155 160 162 165 166 169 181 200 202 211 223 228 256 257 259 260 272 292
36
5 18 57 59 71 73 89 102 104 105 114 125 129 135 140 158 160 172 174 196 213 221 222 225 236 242 251 253 263 265 267 270 286 293 295 300
27
4 8 15 25 59 74 78 85 96 104 119 123 146 147 183 189 202 209 210 223 224 227 246 248 250 253 259
26
7 29 31 51 53 67 70 93 130 135 141 142 160 167 180 188 190 198 217 219 231 239 240 243 257 269
34
34 40 45 48 49 50 81 102 119 126 139 143 152 178 179 183 186 197 200 204 211 212 214 221 225 227 230 253 277 279 283 284 288 292
24
70 95 114 120 132 133 135 138 150 154 181 201 207 210 227 238 255 265 269 279 288 292 296 298
28
14 16 22 33 51 73 82 91 110 137 140 148 153 159 161 164 171 185 208 235 237 240 252 257 265 272 273 286
40
22 30 52 53 59 60 64 69 76 90 91 96 97 111 117 122 123 133 140 141 142 160 161 162 166 167 173 189 205 209 216 226 243 256 258 265 273 284 293 299
28
4 15 36 79 95 100 113 118 129 136 144 145 167 182 184 188 194 195 205 209 218 248 259 261 267 287 290 293
30
9 12 23 31 35 36 41 49 60 63 65 69 72 103 121 128 136 137 147 174 176 183 184 207 210 219 228 247 273 289
38
5 23 33 42 45 53 67 69 74 79 84 105 108 109 110 112 117 125 132 177 182 191 193 230 238 241 244 247 256 258 260 264 269 275 283 293 294 295
31
14 20 23 30 43 52 54 62 76 77 83 93 99 111 130 156 168 169 170 185 196 214 216 230 232 240 253 256 260 263 300
41
3 12 21 22 34 35 39 43 51 52 58 60 64 67 68 69 70 77 93 97 99 102 107 115 116 126 135 136 160 164 165 171 183 217 231 233 262 264 266 282 300
24
8 26 48 54 77 81 83 84 100 104 127 130 139 171 175 190 196 221 245 246 269 275 285 295
20
19 26 36 60 63 72 108 115 123 127 137 159 160 173 187 213 222 268 271 290
31
8 29 33 47 55 67 69 70 79 88 92 130 139 149 153 166 179 181 182 184 192 201 215 218 228 242 243 254 263 274 290
29
1 15 26 61 76 92 108 124 131 132 136 163 168 184 188 197 204 209 217 223 237 248 251 262 268 270 274 291 295
26
11 17 42 58 69 82 86 115 137 154 159 187 193 197 199 221 223 224 240 245 258 260 283 286 287 298
25
12 19 68 76 84 94 116 131 141 151 159 174 179 190 205 208 213 221 222 234 239 241 246 249 263
30
9 49 62 65 74 77 86 106 113 119 130 139 150 160 177 183 196 198 213 218 220 230 246 248 249 262 277 282 285 288
33
4 5 18 20 23 33 35 36 38 71 84 86 96 105 107 124 148 158 189 195 197 202 204 205 224 228 230 253 255 259 276 281 283
26
4 12 14 15 33 54 73 83 86 91 99 106 113 136 137 140 172 181 183 198 214 216 217 268 270 296
25
11 16 21 42 47 65 75 86 93 101 104 143 146 150 165 166 185 194 207 238 253 262 270 287 297
18
5 25 27 30 60 75 132 140 176 184 202 205 206 226 238 268 277 289
