50 100
1.0 1.0 1.0 1.0 1.0 1.0 1.0 1.0 1.0 1.0 1.0 1.0 1.0 1.0 1.0 1.0 1.0 1.0 1.0 1.0 1.0 1.0 1.0 1.0 1.0 1.0 1.0 1.0 1.0 1.0 1.0 1.0 1.0 1.0 1.0 1.0 1.0 1.0 1.0 1.0 1.0 1.0 1.0 1.0 1.0 1.0 1.0 1.0 1.0 1.0 1.0 1.0 1.0 1.0 1.0 1.0 1.0 1.0 1.0 1.0 1.0 1.0 1.0 1.0 1.0 1.0 1.0 1.0 1.0 1.0 1.0 1.0 1.0 1.0 1.0 1.0 1.0 1.0 1.0 1.0 1.0 1.0 1.0 1.0 1.0 1.0 1.0 1.0 1.0 1.0 1.0 1.0 1.0 1.0 1.0 1.0 1.0 1.0 1.0 1.0
14
7 14 26 27 34 39 48 53 56 70 74 77 83 96
9
16 22 31 32 36 60 82 93 97
9
12 13 23 41 47 53 64 65 92
6
23 34 35 56 69 97
9
15 30 32 34 35 62 64 79 84
10
5 30 31 40 43 54 57 78 85 98
13
4 6 36 48 51 53 55 57 69 71 74 81 89
13
10 14 26 32 36 43 51 60 63 77 78 88 96
15
13 18 20 23 25 30 42 43 50 61 63 71 81 95 96
6
4 9 25 44 59 71
8
2 25 44 53 57 84 87 88
8
14 26 27 40 67 74 76 79
4
4 41 54 91
10
22 23 30 39 55 62 63 77 78 86
11
2 7 19 22 35 67 81 82 84 93 98
10
3 6 10 17 50 63 69 70 74 96
11
3 10 13 49 61 64 66 70 72 80 99
7
13 28 33 36 47 49 99
8
10 17 29 32 34 53 58 72
11
18 22 25 27 41 48 50 76 80 93 99
9
47 64 70 73 78 79 84 94 97
10
2 10 26 31 39 45 57 60 61 86
9
3 15 23 27 34 45 66 81 82
15
3 4 7 8 32 42 44 47 54 55 63 64 71 82 99
10
4 5 13 18 20 25 36 64 68 73
8
6 20 23 31 63 78 82 98
10
2 8 9 24 27 41 44 50 60 72
6
4 5 20 47 64 68
12
14 18 20 25 27 41 45 56 58 72 81 91
15
4 9 21 32 35 50 54 55 57 60 65 70 73 78 97
7
13 26 34 65 94 98 100
12
3 17 25 29 38 46 52 53 63 78 94 99
14
3 4 19 23 27 43 45 49 53 56 71 76 87 91
12
3 9 13 19 21 37 38 63 68 73 78 100
16
4 13 14 22 24 31 32 38 41 43 49 61 68 79 85 99
14
8 9 11 17 19 30 41 49 50 69 83 88 94 96
11
5 20 26 32 48 61 67 78 84 90 99
9
5 9 14 36 37 56 63 65 96
13
4 13 21 24 29 33 64 67 75 79 80 89 98
10
9 27 43 72 75 78 79 85 97 99
6
8 16 33 42 50 62
7
21 36 52 61 69 78 80
11
5 22 27 29 30 38 51 53 56 77 96
15
2 6 11 16 25 33 47 58 62 66 79 84 85 87 90
9
14 29 52 57 58 69 77 86 89
9
4 26 42 47 61 73 84 93 98
11
7 18 24 29 39 49 66 70 74 78 98
11
7 9 10 16 45 56 61 78 83 94 100
15
15 17 21 29 31 32 33 36 41 44 47 48 57 72 84
6
16 47 69 70 72 83
