100 200
1.0 1.0 1.0 1.0 1.0 1.0 1.0 1.0 1.0 1.0 1.0 1.0 1.0 1.0 1.0 1.0 1.0 1.0 1.0 1.0 1.0 1.0 1.0 1.0 1.0 1.0 1.0 1.0 1.0 1.0 1.0 1.0 1.0 1.0 1.0 1.0 1.0 1.0 1.0 1.0 1.0 1.0 1.0 1.0 1.0 1.0 1.0 1.0 1.0 1.0 1.0 1.0 1.0 1.0 1.0 1.0 1.0 1.0 1.0 1.0 1.0 1.0 1.0 1.0 1.0 1.0 1.0 1.0 1.0 1.0 1.0 1.0 1.0 1.0 1.0 1.0 1.0 1.0 1.0 1.0 1.0 1.0 1.0 1.0 1.0 1.0 1.0 1.0 1.0 1.0 1.0 1.0 1.0 1.0 1.0 1.0 1.0 1.0 1.0 1.0 1.0 1.0 1.0 1.0 1.0 1.0 1.0 1.0 1.0 1.0 1.0 1.0 1.0 1.0 1.0 1.0 1.0 1.0 1.0 1.0 1.0 1.0 1.0 1.0 1.0 1.0 1.0 1.0 1.0 1.0 1.0 1.0 1.0 1.0 1.0 1.0 1.0 1.0 1.0 1.0 1.0 1.0 1.0 1.0 1.0 1.0 1.0 1.0 1.0 1.0 1.0 1.0 1.0 1.0 1.0 1.0 1.0 1.0 1.0 1.0 1.0 1.0 1.0 1.0 1.0 1.0 1.0 1.0 1.0 1.0 1.0 1.0 1.0 1.0 1.0 1.0 1.0 1.0 1.0 1.0 1.0 1.0 1.0 1.0 1.0 1.0 1.0 1.0 1.0 1.0 1.0 1.0 1.0 1.0 1.0 1.0 1.0 1.0 1.0 1.0
27
11 17 19 21 31 44 49 54 68 80 101 108 113 115 119 125 132 144 145 146 147 150 177 178 182 185 194
17
5 7 34 42 45 53 61 70 92 103 115 123 124 153 154 167 177
11
5 63 69 76 99 115 123 151 158 159 163
16
5 8 58 77 87 92 97 98 107 109 115 137 143 145 156 181
29
4 6 15 16 23 25 27 34 39 44 47 54 57 63 69 74 75 96 105 110 127 141 145 150 171 174 178 194 197
14
1 24 26 28 29 49 53 95 109 115 120 150 161 182
13
16 26 45 46 66 84 87 94 100 120 121 137 161
17
3 5 21 24 38 40 44 48 98 100 110 125 135 138 142 152 197
19
1 9 10 46 61 62 66 94 95 98 103 108 116 150 152 160 175 184 199
19
8 24 27 36 46 53 58 67 68 71 76 96 104 123 127 153 169 182 187
17
1 24 42 58 62 67 70 85 105 121 127 130 141 164 192 198 200
18
8 25 39 40 47 48 71 76 125 136 141 153 159 171 178 189 197 200
18
4 10 42 61 74 78 85 95 104 105 113 114 129 140 141 150 166 197
18
2 8 16 17 22 36 60 71 72 85 88 125 139 146 150 153 161 199
10
14 55 70 77 78 122 171 196 198 199
32
6 11 24 35 39 42 43 44 47 49 62 63 74 76 83 85 97 107 109 115 121 122 126 131 135 136 141 149 154 155 180 197
18
1 28 36 71 72 76 79 83 96 101 105 108 128 134 138 168 192 198
19
10 12 24 34 49 53 60 65 79 84 95 104 121 125 127 139 153 192 197
24
16 22 26 31 37 38 50 59 72 73 80 104 110 121 145 150 153 156 157 168 173 181 197 200
19
5 6 15 16 35 41 45 49 76 77 81 106 126 147 148 149 168 177 199
16
24 27 34 42 50 57 74 94 111 121 125 127 159 173 182 184
18
2 15 20 39 46 49 51 52 55 80 83 93 94 118 142 181 192 200
26
2 3 5 20 25 34 41 52 61 65 74 77 83 89 98 99 103 104 127 137 138 147 156 169 179 193
23
4 17 27 36 58 93 94 96 100 104 111 122 136 139 155 159 163 173 178 180 187 190 192
15
12 19 25 42 48 54 65 78 85 99 127 130 141 151 175
18
19 37 46 57 70 79 88 94 95 102 106 109 114 125 148 162 170 194
19
13 29 44 56 57 65 84 120 122 134 141 142 143 158 165 169 171 178 189
16
15 22 27 74 100 114 116 124 132 133 135 139 164 173 180 186
18
7 10 19 31 38 57 69 73 78 84 100 116 121 167 174 185 189 197
23
4 13 20 34 43 50 59 60 63 75 82 84 89 112 126 127 135 142 167 175 183 186 195
23
1 8 10 23 26 38 43 46 65 67 81 87 88 96 116 118 121 125 131 140 146 147 179
26
11 13 27 30 31 40 44 58 87 88 101 102 104 105 118 121 126 128 132 151 158 174 177 182 185 200
20
4 26 30 31 32 36 52 60 81 86 115 116 120 124 127 141 147 183 194 195
23
11 17 28 39 40 43 51 57 63 75 78 93 97 98 102 108 129 140 157 167 168 172 178
18
13 20 22 39 50 52 61 80 88 104 121 134 145 153 159 182 187 189
23
6 7 10 11 26 37 39 40 44 47 50 78 90 96 97 102 111 115 119 135 148 158 165
14
20 41 52 66 74 84 93 105 112 137 170 178 193 194
21
24 37 38 43 65 87 88 96 97 99 101 118 129 133 161 167 181 185 186 189 200
15
24 32 46 49 50 52 77 79 83 87 113 131 134 155 195
12
7 35 48 69 109 114 142 155 176 182 187 193
20
4 6 22 26 28 33 40 53 56 77 101 105 111 142 150 160 165 169 172 185
29
14 22 28 31 36 48 50 52 55 58 59 93 98 113 117 119 126 135 136 137 147 153 157 168 176 184 193 198 199
24
1 12 14 19 69 77 87 100 104 106 107 114 118 123 136 140 142 145 148 151 166 188 189 199
18
16 34 46 69 73 100 110 112 118 123 138 141 152 156 159 174 185 197
16
3 39 40 59 64 69 71 76 94 100 105 125 133 156 184 200
19
3 27 31 34 61 75 86 102 116 117 122 124 147 149 166 168 189 192 195
19
4 12 13 16 21 32 51 52 62 80 81 95 108 125 131 134 147 185 186
19
4 11 21 32 43 51 66 81 94 99 117 120 150 151 158 163 165 187 193
17
9 30 33 47 55 59 74 77 89 103 107 115 124 145 159 165 176
14
3 11 18 21 30 31 48 67 69 113 159 172 179 182
20
6 16 17 21 26 30 32 57 63 95 96 110 120 128 131 135 153 154 192 194
19
1 35 45 56 64 73 77 79 93 97 106 146 151 172 174 178 181 188 199
23
2 4 9 26 33 39 45 46 51 53 71 77 82 102 114 116 122 128 152 173 177 192 200
23
11 15 23 27 43 46 49 50 59 81 91 103 110 119 129 133 155 165 171 181 184 186 196
23
5 23 28 47 54 58 59 61 70 88 103 116 124 126 131 133 134 151 158 162 179 187 199
22
3 17 19 21 31 32 39 48 58 92 95 131 133 137 140 152 155 156 163 167 168 199
18
14 34 53 56 57 64 81 85 88 104 108 137 140 144 157 161 165 200
24
6 9 12 14 34 40 49 54 66 85 93 97 100 101 103 135 139 153 173 178 182 195 199 200
20
6 7 13 28 31 38 41 46 54 73 85 88 98 128 143 160 161 162 168 176
14
2 18 56 64 81 92 124 128 141 142 147 160 182 183
21
8 16 20 38 47 54 71 76 83 89 90 91 112 145 146 150 160 170 173 188 189
24
3 4 8 24 38 47 68 69 91 92 93 97 100 106 112 118 133 136 139 145 158 170 185 194
17
23 27 43 50 71 77 80 83 91 112 117 136 139 147 150 176 194
16
6 52 60 72 75 79 98 102 123 133 147 155 157 164 172 188
18
7 25 69 72 75 87 124 127 128 136 137 139 148 151 164 177 181 191
14
34 46 51 53 55 78 85 94 136 152 159 168 173 188
17
11 18 37 39 70 82 107 110 111 126 139 153 166 186 187 189 199
19
12 15 34 36 37 65 79 82 83 97 128 136 151 154 156 173 175 185 195
13
14 19 20 28 84 92 99 119 144 156 177 190 196
22
13 19 32 40 57 67 70 73 74 76 86 92 95 121 142 152 153 156 178 179 194 199
21
11 14 30 35 42 47 53 56 85 98 106 110 137 141 145 148 161 163 176 185 190
19
15 30 40 42 43 54 56 57 62 89 93 96 106 163 167 168 170 185 195
20
7 23 51 59 67 71 89 91 101 104 108 124 126 153 155 156 162 163 176 197
18
2 10 32 40 45 53 72 79 94 113 119 121 127 141 149 170 176 177
21
8 22 33 65 74 77 82 86 106 118 129 131 134 147 152 154 157 160 172 174 182
22
18 30 62 84 98 101 104 114 126 139 142 143 146 159 162 173 181 184 186 188 192 199
21
2 13 14 72 79 92 97 101 129 134 139 140 148 149 155 165 176 188 189 191 198
24
7 10 17 18 39 41 63 64 74 81 85 97 115 125 130 132 137 146 156 168 185 188 190 191
22
1 8 11 20 25 35 50 70 75 77 104 106 130 134 137 152 170 171 178 185 195 200
21
3 16 20 23 26 31 37 44 48 77 78 105 113 122 134 144 146 167 184 193 194
22
1 14 18 20 31 33 51 56 64 75 88 89 101 108 141 144 164 171 182 190 198 199
29
1 2 3 19 29 35 57 58 70 73 78 83 84 90 95 114 116 121 133 141 151 152 157 160 172 178 179 195 198
27
12 14 22 23 25 31 34 39 55 59 60 72 77 94 97 99 104 106 108 109 129 137 142 150 158 170 172
21
6 8 17 20 23 35 43 53 62 65 80 85 90 109 114 124 133 135 138 144 152
16
2 6 8 15 42 47 69 81 102 105 158 159 165 169 183 185
19
3 14 48 55 62 74 95 110 120 123 126 142 144 167 177 185 189 193 196
13
15 20 22 26 66 80 85 97 99 115 142 160 198
15
3 6 7 29 33 42 70 91 121 141 162 166 180 181 189
19
10 35 40 47 55 57 62 89 108 109 110 121 142 144 145 148 170 176 193
17
3 22 32 47 68 86 91 97 108 110 124 127 132 139 159 177 178
21
14 15 28 39 51 90 104 105 106 108 113 116 122 125 126 133 155 167 168 176 197
16
19 36 42 73 79 83 87 89 103 106 113 138 142 152 160 195
22
15 30 45 51 55 79 80 93 97 107 117 121 124 131 134 142 149 163 168 175 182 199
35
1 9 10 16 24 28 41 42 43 48 66 67 83 96 105 114 127 131 132 137 149 150 161 162 167 175 178 181 182 183 188 190 191 192 196
20
5 10 33 42 63 72 80 82 101 106 132 145 151 167 175 188 189 193 195 196
26
3 4 19 21 29 33 34 41 43 45 64 70 76 81 85 97 105 106 112 147 153 154 179 180 196 197
21
23 36 42 50 58 59 62 89 100 103 107 113 120 143 146 148 181 182 189 193 199
20
5 19 21 27 32 37 41 63 72 82 89 94 130 135 138 161 167 173 176 191
20
7 10 13 19 27 38 41 65 71 100 107 120 127 138 144 148 155 156 173 174
22
1 19 25 39 47 59 77 80 82 97 110 119 123 126 135 136 137 145 150 156 172 176
