100 200
1.0 1.0 1.0 1.0 1.0 1.0 1.0 1.0 1.0 1.0 1.0 1.0 1.0 1.0 1.0 1.0 1.0 1.0 1.0 1.0 1.0 1.0 1.0 1.0 1.0 1.0 1.0 1.0 1.0 1.0 1.0 1.0 1.0 1.0 1.0 1.0 1.0 1.0 1.0 1.0 1.0 1.0 1.0 1.0 1.0 1.0 1.0 1.0 1.0 1.0 1.0 1.0 1.0 1.0 1.0 1.0 1.0 1.0 1.0 1.0 1.0 1.0 1.0 1.0 1.0 1.0 1.0 1.0 1.0 1.0 1.0 1.0 1.0 1.0 1.0 1.0 1.0 1.0 1.0 1.0 1.0 1.0 1.0 1.0 1.0 1.0 1.0 1.0 1.0 1.0 1.0 1.0 1.0 1.0 1.0 1.0 1.0 1.0 1.0 1.0 1.0 1.0 1.0 1.0 1.0 1.0 1.0 1.0 1.0 1.0 1.0 1.0 1.0 1.0 1.0 1.0 1.0 1.0 1.0 1.0 1.0 1.0 1.0 1.0 1.0 1.0 1.0 1.0 1.0 1.0 1.0 1.0 1.0 1.0 1.0 1.0 1.0 1.0 1.0 1.0 1.0 1.0 1.0 1.0 1.0 1.0 1.0 1.0 1.0 1.0 1.0 1.0 1.0 1.0 1.0 1.0 1.0 1.0 1.0 1.0 1.0 1.0 1.0 1.0 1.0 1.0 1.0 1.0 1.0 1.0 1.0 1.0 1.0 1.0 1.0 1.0 1.0 1.0 1.0 1.0 1.0 1.0 1.0 1.0 1.0 1.0 1.0 1.0 1.0 1.0 1.0 1.0 1.0 1.0 1.0 1.0 1.0 1.0 1.0 1.0
7
35 41 93 136 146 155 191
7
69 82 88 95 134 141 177
9
20 31 43 55 58 70 130 174 188
13
9 13 32 51 57 60 73 89 127 131 134 166 193
7
16 50 71 85 185 186 192
12
2 40 44 73 83 91 94 128 142 144 170 189
11
23 29 46 49 61 75 105 112 126 139 167
12
2 15 22 35 46 47 56 69 72 106 119 121
5
27 53 92 138 151
10
6 69 119 142 143 153 165 167 174 182
12
16 36 61 70 80 83 86 99 121 146 147 157
12
3 50 55 64 73 99 113 119 158 176 181 193
13
42 89 90 97 123 136 138 143 167 173 178 194 200
12
16 38 79 107 120 140 146 158 179 180 186 192
15
12 27 30 46 69 81 89 91 93 103 115 121 124 143 144
7
11 25 78 86 95 108 130
12
5 48 50 54 58 84 132 142 165 175 180 193
7
56 85 139 159 160 175 185
10
18 26 28 59 75 82 83 105 136 140
7
6 144 154 167 169 188 197
9
47 52 72 92 103 106 131 133 147
14
26 30 44 49 60 91 93 101 113 114 130 178 194 195
12
5 42 55 57 58 66 77 83 152 160 161 162
11
21 30 40 58 83 105 119 122 147 153 193
3
17 20 34
10
6 33 71 84 138 143 149 163 180 182
12
25 62 79 86 104 116 122 146 170 195 196 199
16
21 26 49 65 67 75 93 103 113 130 134 141 156 175 189 198
11
10 17 27 28 55 58 81 98 133 163 174
10
37 44 77 85 101 128 130 151 171 191
5
54 55 67 109 118
9
81 114 148 154 156 158 170 173 177
8
2 21 40 44 101 107 115 173
14
10 36 44 57 88 92 95 112 124 128 156 176 178 184
11
13 23 39 63 72 75 86 87 89 120 123
8
7 74 76 81 94 122 137 155
9
52 82 87 109 134 139 158 171 181
10
43 48 76 85 100 116 120 149 171 196
8
34 63 116 150 163 171 173 179
9
4 5 21 38 67 95 151 163 166
9
9 11 34 38 53 70 91 150 175
7
97 124 152 153 154 168 173
3
28 108 182
7
4 50 88 110 144 149 162
6
5 11 105 122 161 171
9
16 18 20 46 61 76 109 120 131
5
12 73 88 144 178
12
4 21 37 41 54 62 72 92 119 140 141 146
11
35 47 85 110 137 152 157 161 188 190 200
14
7 10 33 59 61 72 79 95 113 132 134 140 143 187
13
23 28 43 44 48 67 104 116 122 140 154 167 168
14
17 24 32 38 43 45 67 74 128 139 145 161 172 184
9
10 51 65 82 97 182 183 187 197
9
16 89 103 104 122 138 145 153 158
9
28 30 78 79 80 114 120 126 156
7
55 65 122 157 158 176 196
7
33 58 97 107 162 163 181
7
46 51 72 105 129 143 184
5
5 41 46 75 131
5
14 99 113 143 175
13
34 35 54 55 58 68 98 100 107 109 117 155 195
11
4 36 93 98 100 104 110 126 156 174 176
14
55 58 69 73 122 134 148 165 170 173 181 184 193 195
8
25 52 107 117 144 158 166 180
16
6 32 52 64 76 86 98 112 120 137 143 144 169 192 197 199
12
31 37 46 52 54 59 65 71 90 93 178 193
14
11 12 41 45 54 58 62 113 119 146 159 165 168 187
5
10 71 82 116 173
10
1 31 52 59 80 96 136 160 172 194
17
29 46 49 61 65 75 85 98 101 109 119 123 141 145 148 190 196
9
28 34 37 111 116 130 160 161 180
12
17 26 44 55 60 67 82 105 122 135 164 174
6
54 83 94 117 129 165
6
20 22 25 49 90 118
6
22 39 74 138 155 185
10
14 17 36 45 71 99 108 163 174 200
11
13 37 51 61 65 83 106 125 142 173 192
9
50 51 143 147 155 157 163 170 172
13
18 19 28 41 49 53 72 102 114 118 124 126 130
13
19 81 86 103 108 109 117 122 123 126 131 163 176
16
5 11 12 30 42 43 51 86 93 99 105 140 152 158 184 196
5
21 102 139 140 174
12
3 17 29 48 76 86 89 107 110 134 150 180
14
3 15 31 37 50 52 68 72 84 107 133 145 149 175
11
4 34 66 73 79 82 87 116 122 181 183
10
1 33 51 110 155 158 162 170 186 199
5
8 19 114 184 193
5
19 66 81 133 150
12
6 27 53 102 121 127 132 149 152 167 178 183
15
3 13 35 45 59 68 90 98 101 105 116 121 123 157 158
10
15 40 72 75 80 104 109 127 132 159
7
13 43 44 65 77 124 140
13
2 5 6 22 23 59 66 96 139 177 178 184 187
9
32 33 42 90 92 93 120 182 187
8
2 4 42 69 91 94 118 121
10
42 82 89 110 124 146 160 190 194 197
9
28 30 40 85 118 149 158 159 199
7
41 88 119 153 155 168 186
13
1 29 32 54 61 80 95 131 132 142 160 191 197
7
20 53 148 150 164 167 199
