150 300
1.0 1.0 1.0 1.0 1.0 1.0 1.0 1.0 1.0 1.0 1.0 1.0 1.0 1.0 1.0 1.0 1.0 1.0 1.0 1.0 1.0 1.0 1.0 1.0 1.0 1.0 1.0 1.0 1.0 1.0 1.0 1.0 1.0 1.0 1.0 1.0 1.0 1.0 1.0 1.0 1.0 1.0 1.0 1.0 1.0 1.0 1.0 1.0 1.0 1.0 1.0 1.0 1.0 1.0 1.0 1.0 1.0 1.0 1.0 1.0 1.0 1.0 1.0 1.0 1.0 1.0 1.0 1.0 1.0 1.0 1.0 1.0 1.0 1.0 1.0 1.0 1.0 1.0 1.0 1.0 1.0 1.0 1.0 1.0 1.0 1.0 1.0 1.0 1.0 1.0 1.0 1.0 1.0 1.0 1.0 1.0 1.0 1.0 1.0 1.0 1.0 1.0 1.0 1.0 1.0 1.0 1.0 1.0 1.0 1.0 1.0 1.0 1.0 1.0 1.0 1.0 1.0 1.0 1.0 1.0 1.0 1.0 1.0 1.0 1.0 1.0 1.0 1.0 1.0 1.0 1.0 1.0 1.0 1.0 1.0 1.0 1.0 1.0 1.0 1.0 1.0 1.0 1.0 1.0 1.0 1.0 1.0 1.0 1.0 1.0 1.0 1.0 1.0 1.0 1.0 1.0 1.0 1.0 1.0 1.0 1.0 1.0 1.0 1.0 1.0 1.0 1.0 1.0 1.0 1.0 1.0 1.0 1.0 1.0 1.0 1.0 1.0 1.0 1.0 1.0 1.0 1.0 1.0 1.0 1.0 1.0 1.0 1.0 1.0 1.0 1.0 1.0 1.0 1.0 1.0 1.0 1.0 1.0 1.0 1.0 1.0 1.0 1.0 1.0 1.0 1.0 1.0 1.0 1.0 1.0 1.0 1.0 1.0 1.0 1.0 1.0 1.0 1.0 1.0 1.0 1.0 1.0 1.0 1.0 1.0 1.0 1.0 1.0 1.0 1.0 1.0 1.0 1.0 1.0 1.0 1.0 1.0 1.0 1.0 1.0 1.0 1.0 1.0 1.0 1.0 1.0 1.0 1.0 1.0 1.0 1.0 1.0 1.0 1.0 1.0 1.0 1.0 1.0 1.0 1.0 1.0 1.0 1.0 1.0 1.0 1.0 1.0 1.0 1.0 1.0 1.0 1.0 1.0 1.0 1.0 1.0 1.0 1.0 1.0 1.0 1.0 1.0 1.0 1.0 1.0 1.0 1.0 1.0 1.0 1.0 1.0 1.0 1.0 1.0 1.0 1.0 1.0 1.0 1.0 1.0
70
1 2 3 7 19 22 23 25 29 30 31 40 46 48 51 76 80 86 87 93 94 105 108 109 112 115 121 122 123 134 135 141 147 149 158 165 167 168 171 173 174 184 192 194 196 197 204 209 210 215 219 220 227 228 234 237 241 245 247 256 257 259 261 264 266 280 286 288 292 295
54
2 10 13 16 22 30 37 40 43 56 64 67 68 69 73 74 80 83 86 95 97 104 107 114 118 121 133 134 148 162 172 175 182 195 205 217 222 232 233 235 238 241 243 248 250 256 257 260 263 267 276 277 287 299
62
3 8 17 18 23 29 31 32 35 43 46 47 48 49 55 58 60 76 78 80 82 85 90 92 112 119 120 134 150 158 160 162 171 173 177 183 185 186 187 192 200 204 207 213 214 227 234 236 238 241 245 248 253 255 257 269 286 287 291 297 298 300
59
11 13 20 26 30 32 33 34 45 50 51 53 56 68 72 78 83 87 95 96 97 101 102 111 113 117 120 131 136 138 139 143 144 147 148 149 152 153 161 173 175 179 187 192 194 195 203 204 222 223 239 242 246 271 277 284 290 294 295
65
7 9 14 15 18 20 23 25 28 41 43 47 49 56 58 60 62 66 67 70 73 76 83 84 99 104 106 109 110 116 118 120 122 123 134 135 138 143 165 168 169 172 174 178 184 189 196 206 208 223 241 242 248 249 257 258 261 269 271 276 282 287 291 294 296
77
1 3 4 5 11 13 16 22 23 25 26 27 30 31 37 40 44 50 51 58 59 64 79 82 85 92 93 97 101 104 111 118 124 132 139 140 145 149 150 152 157 158 160 164 169 176 182 188 191 193 194 195 207 210 213 215 226 229 234 238 241 246 249 253 254 256 262 263 280 285 286 288 289 291 292 295 298
58
4 14 21 26 27 30 31 32 34 35 36 38 40 46 68 69 74 76 78 82 87 88 94 104 106 116 126 138 144 148 151 153 160 163 164 177 188 189 225 232 235 239 242 245 246 250 251 253 256 258 264 270 282 283 286 289 295 300
61
3 4 15 16 20 21 25 26 27 30 33 35 38 43 46 47 50 54 61 63 65 70 72 83 85 89 95 97 98 107 117 118 121 125 129 133 135 143 145 147 157 161 164 166 171 172 187 189 197 207 220 221 227 228 243 264 268 283 285 288 293
74
1 3 6 12 14 17 19 21 22 24 25 32 33 43 45 47 50 53 55 59 65 66 71 84 101 104 105 107 113 127 128 131 135 143 144 150 154 169 175 181 186 188 190 193 195 197 199 206 208 217 219 222 231 233 234 238 243 252 255 259 261 266 269 270 273 274 277 279 281 283 285 288 291 294
58
4 12 14 20 29 30 32 36 38 46 48 56 57 61 63 76 77 86 87 91 96 98 116 118 119 120 126 131 132 136 139 144 150 157 165 166 169 174 177 179 183 187 200 207 211 241 244 246 250 259 266 267 269 270 273 287 288 297
64
1 4 6 7 20 29 33 35 36 40 44 47 53 59 61 62 64 65 74 75 78 82 83 115 116 121 122 123 124 126 127 129 130 142 150 156 157 159 160 165 166 167 170 182 184 187 199 206 209 225 229 231 238 247 251 256 259 270 273 279 281 285 289 297
50
1 8 21 26 31 32 36 40 41 51 52 59 64 68 70 78 88 90 92 94 102 103 109 114 129 132 133 139 141 153 164 173 187 207 214 226 233 239 243 248 254 256 264 265 266 276 277 289 296 297
59
12 13 23 28 29 42 49 54 59 60 63 64 70 71 72 76 80 95 101 106 115 124 127 130 138 139 143 152 156 158 165 171 174 175 180 182 187 191 196 204 206 208 216 220 223 227 233 248 257 259 264 272 273 277 278 280 286 288 299
64
13 14 24 33 34 44 53 55 59 62 68 75 76 79 83 85 86 88 95 100 103 109 114 121 125 128 133 136 139 143 145 147 150 162 164 166 181 182 192 197 199 216 223 226 232 233 235 245 247 249 250 251 255 258 266 268 274 277 278 284 286 289 299 300
51
15 18 37 42 49 53 55 60 62 96 101 127 128 133 136 138 141 146 149 154 158 162 167 168 178 188 192 198 202 215 218 220 222 230 241 243 249 251 252 254 266 269 273 275 283 284 286 287 290 291 295
61
18 23 27 30 54 62 65 70 74 80 82 86 87 88 93 95 99 100 104 109 111 113 134 135 139 144 146 150 153 154 157 159 160 170 172 175 185 187 190 192 199 205 208 212 213 218 228 229 232 243 244 246 250 257 261 268 281 284 288 296 298
56
15 16 21 24 26 34 35 36 39 44 47 56 69 72 75 83 89 90 96 99 109 111 121 141 145 149 150 160 167 184 189 190 192 203 207 211 216 221 224 227 239 242 244 245 247 255 266 275 276 278 287 289 291 293 294 298
59
16 22 30 34 41 44 49 55 64 65 67 78 79 81 82 83 88 93 103 106 114 125 128 133 137 140 141 144 146 151 154 155 174 178 182 188 189 193 202 203 206 209 210 214 221 222 223 224 236 239 240 251 262 264 270 275 282 288 289
75
6 7 8 10 12 14 18 19 21 25 28 32 38 39 42 48 49 51 56 64 71 73 74 75 76 78 82 92 98 100 110 128 129 131 133 135 136 146 151 157 159 160 169 177 193 195 196 198 205 206 209 210 212 213 214 219 222 225 228 236 238 242 243 248 254 255 256 257 259 271 274 284 285 292 295
73
1 3 17 18 20 22 28 31 34 35 36 37 38 39 40 45 46 48 50 55 61 66 67 68 69 72 80 83 84 89 98 102 105 108 120 131 141 144 151 152 154 155 156 158 172 173 182 194 196 204 205 208 211 218 220 221 232 233 236 248 254 258 259 260 262 263 264 267 272 275 295 297 299
50
2 3 7 16 20 21 24 27 29 30 40 45 51 52 56 57 58 63 64 70 74 83 90 99 104 107 108 112 138 144 151 152 162 164 166 171 179 186 191 214 227 233 248 251 267 280 282 291 294 295
61
8 22 23 24 26 29 30 32 33 36 37 39 40 48 50 55 57 58 61 65 68 69 72 76 81 83 93 103 108 109 112 124 128 133 135 138 151 153 159 160 164 165 182 186 197 208 221 228 231 232 234 239 240 246 250 256 275 277 279 290 298
67
4 9 14 19 28 30 35 36 37 40 41 46 53 55 58 65 68 74 75 78 91 100 106 107 108 109 111 113 114 119 124 140 142 145 148 158 161 164 166 169 171 176 177 179 180 183 184 188 193 195 203 212 215 219 222 225 244 252 256 260 268 275 279 282 292 295 299
63
4 17 21 24 25 30 39 41 42 44 46 49 52 66 67 68 71 73 76 81 84 86 87 90 91 101 105 113 120 122 126 137 138 142 154 156 159 161 183 191 196 200 208 210 215 236 238 239 241 242 250 254 256 262 263 270 272 273 275 280 282 291 298
74
2 4 5 12 16 22 33 42 45 55 59 61 83 86 88 94 101 107 120 123 124 127 129 130 131 132 133 140 153 154 156 159 165 167 171 173 176 177 183 184 188 189 191 194 206 207 208 210 215 220 223 224 230 236 238 240 247 250 251 252 256 257 260 265 267 270 275 276 281 284 291 292 295 297
66
1 3 5 9 10 11 12 16 17 20 21 22 28 29 38 39 58 64 83 90 98 99 100 101 124 125 131 132 137 141 147 155 157 167 172 173 182 184 185 189 197 199 202 207 209 215 223 226 238 239 241 247 248 250 253 254 255 259 264 266 268 275 278 285 293 300
64
3 5 13 14 15 17 20 21 22 25 26 33 35 40 50 60 65 68 69 76 85 86 92 93 98 99 101 113 114 118 126 136 139 144 145 150 161 171 173 178 186 187 193 196 203 210 211 216 219 230 233 234 240 241 249 258 259 260 272 274 277 287 291 292
54
4 7 11 12 20 32 46 47 48 60 63 79 82 86 87 89 93 101 108 112 116 117 124 126 129 130 137 140 141 176 177 178 179 182 188 196 198 205 208 212 213 214 221 225 230 242 244 251 268 286 294 296 297 298
64
3 4 11 13 16 21 22 25 29 30 32 36 47 53 56 63 69 71 72 75 85 99 103 108 121 132 139 145 146 147 153 156 158 159 165 166 167 172 180 183 186 188 192 200 204 206 210 211 212 214 216 230 236 238 243 245 250 263 269 270 278 291 293 300
49
4 7 18 19 23 24 25 43 44 50 59 65 80 89 90 94 98 109 110 111 116 128 132 134 136 137 146 150 152 159 161 162 163 170 181 187 190 195 217 222 236 237 238 255 263 279 284 292 295
42
29 32 41 58 64 70 71 76 82 86 87 89 108 111 116 118 124 136 138 169 171 172 176 179 191 214 220 226 232 239 241 243 246 262 264 266 269 273 277 294 297 298
62
11 14 18 19 33 37 38 43 52 53 55 60 62 64 69 74 75 76 79 81 85 95 100 104 106 108 112 127 128 133 153 166 167 171 172 182 183 186 191 196 200 202 208 215 217 218 223 228 233 239 240 247 258 279 282 284 285 286 288 290 293 297
52
13 17 26 31 36 44 45 51 62 69 74 77 90 99 118 126 132 139 148 162 163 166 167 173 179 184 192 203 210 220 223 224 228 235 241 246 249 252 255 257 260 266 269 274 275 276 289 293 295 297 298 300
59
1 7 28 29 30 32 45 48 60 62 63 66 67 71 73 75 76 79 80 81 88 97 98 102 105 106 108 112 113 114 116 117 125 133 135 140 144 151 162 168 171 188 191 194 197 212 218 221 230 232 237 243 258 261 262 274 280 294 299
53
7 19 24 26 27 31 34 36 49 60 79 93 97 99 102 104 106 111 115 128 133 152 154 156 163 164 165 167 172 182 184 186 187 188 208 216 235 238 244 247 249 253 254 256 259 266 268 275 278 282 284 288 300
76
8 11 17 21 22 25 28 31 32 35 36 44 48 54 56 58 59 75 77 81 82 84 87 88 89 99 105 108 110 111 118 119 121 123 127 128 130 131 134 138 142 145 151 159 160 164 166 167 168 176 182 186 187 188 194 196 204 208 209 210 211 215 225 229 230 237 244 245 248 254 268 273 283 289 293 296
49
10 17 18 19 23 29 32 39 43 45 50 53 63 71 78 80 85 86 98 99 103 110 112 114 125 126 130 133 141 149 157 180 191 205 208 209 216 223 235 237 245 246 257 262 263 268 274 290 291
63
1 4 8 16 31 34 42 43 46 51 52 54 56 59 63 66 72 77 79 86 97 118 119 120 123 130 131 135 136 137 139 147 149 150 155 159 162 166 176 180 185 192 199 208 210 221 225 229 238 243 245 247 251 253 255 258 269 283 286 289 291 298 300
62
2 3 8 30 44 50 57 62 69 71 74 80 85 97 103 106 111 115 131 132 135 138 140 141 149 151 154 156 163 165 174 180 189 196 202 203 206 209 212 217 221 223 225 230 233 235 236 249 250 258 259 264 268 271 273 274 286 289 290 291 295 300
60
8 16 24 26 27 37 49 50 51 56 57 61 62 71 78 80 86 92 95 101 102 110 118 126 137 159 161 166 174 180 191 192 194 196 197 198 199 206 209 211 215 217 218 233 242 243 251 264 266 270 274 276 279 282 284 291 295 296 297 299
53
2 4 22 26 45 46 48 53 57 61 85 95 98 101 125 126 139 142 146 151 152 166 168 170 174 179 180 183 193 195 203 210 216 221 224 227 228 230 234 239 240 244 252 259 262 272 275 278 280 281 284 292 294
57
13 15 23 32 34 38 42 55 61 62 84 95 98 101 102 105 114 115 116 126 136 141 142 159 160 165 166 169 173 174 178 179 198 202 204 210 213 219 220 224 226 229 230 234 251 258 259 260 261 262 268 269 284 285 289 295 298
53
10 12 14 15 24 26 27 32 38 40 52 61 66 69 70 75 84 91 95 101 106 114 139 144 145 147 150 152 164 167 168 169 191 192 197 213 214 228 229 235 236 245 246 249 258 259 262 274 282 288 295 297 299
54
2 3 8 21 28 36 39 53 54 56 57 58 60 73 75 78 80 83 106 109 112 121 135 136 141 143 147 153 157 160 168 172 173 179 181 184 187 194 200 202 203 206 215 217 220 235 239 241 245 247 269 280 283 288
46
2 4 24 28 31 39 43 44 50 54 66 82 86 91 103 105 118 121 122 133 163 164 167 171 173 181 185 190 200 213 216 218 231 233 234 237 238 242 245 249 258 265 269 275 279 290
65
10 15 22 23 25 36 47 53 65 69 76 78 98 99 101 112 116 121 122 125 130 131 138 139 140 143 154 157 171 175 178 182 183 185 190 194 195 198 201 203 204 212 213 218 229 230 232 235 236 237 238 240 243 245 249 252 253 257 260 262 269 272 274 287 297
48
4 11 17 36 39 41 42 58 60 63 64 65 71 81 82 100 104 115 116 134 143 148 149 155 166 172 198 200 201 206 212 219 231 234 241 247 250 252 257 259 261 264 268 274 281 292 294 297
54
1 6 17 18 38 43 55 60 62 72 73 74 77 86 94 104 106 109 124 138 142 143 165 181 184 189 195 200 201 208 216 228 229 231 233 237 247 250 252 260 261 262 267 268 269 272 275 280 281 283 286 287 294 298
63
7 13 16 21 30 37 40 42 44 47 48 52 53 54 57 61 67 69 72 75 84 90 92 94 95 97 102 107 111 113 115 118 120 121 125 130 131 134 136 137 141 143 156 158 166 167 193 195 199 207 208 223 224 225 233 240 241 242 258 268 281 286 287
51
10 21 41 44 46 49 51 58 60 65 68 76 80 88 90 103 110 116 125 130 133 135 140 146 154 157 160 166 176 179 186 190 195 199 214 216 237 239 242 244 248 249 251 254 258 260 264 271 274 279 281
53
2 10 24 25 39 43 44 55 57 67 72 81 84 86 88 89 93 100 101 103 116 119 123 125 126 128 142 152 164 168 170 171 173 177 180 187 191 193 211 227 228 241 249 252 255 263 264 266 267 282 286 287 294
57
1 8 11 21 26 32 37 55 58 60 66 67 71 86 91 94 98 99 101 104 107 115 124 127 128 129 140 146 149 157 161 163 169 183 191 193 197 206 207 208 218 221 222 224 225 239 245 247 249 252 260 268 277 278 283 290 300
68
5 9 21 23 26 29 38 49 52 56 64 68 69 70 73 76 81 93 100 105 108 109 110 122 125 130 135 136 138 139 141 147 152 156 157 161 162 163 168 173 175 177 179 183 191 194 201 202 207 217 221 226 235 242 247 254 256 258 260 263 266 267 270 276 278 290 293 297
57
2 12 15 21 25 34 35 41 43 45 49 51 59 66 70 83 87 98 99 103 108 112 117 121 132 135 141 145 148 159 161 175 176 182 183 198 203 209 212 222 227 228 234 237 245 248 251 258 259 269 272 279 282 285 292 293 296
55
13 16 19 20 22 26 32 50 51 57 61 64 66 67 68 71 73 75 81 83 85 92 95 96 101 103 105 115 122 126 135 152 160 163 182 186 192 194 201 202 206 217 221 222 223 227 239 246 248 250 262 263 272 273 274
63
4 5 9 10 11 18 27 30 31 33 35 47 52 68 70 72 75 77 82 92 98 102 104 105 107 108 119 129 130 135 139 140 142 146 153 156 164 169 170 176 178 184 193 203 204 208 212 216 225 227 228 231 235 238 239 241 256 262 266 274 279 283 293
56
12 23 28 30 36 45 66 69 76 84 86 88 90 93 95 96 105 111 116 120 129 148 159 165 167 168 170 173 178 180 186 187 189 192 195 201 205 207 212 228 231 237 242 252 254 264 265 267 269 271 275 277 283 294 297 300
61
1 17 18 29 35 37 38 54 56 60 62 67 72 82 85 92 93 98 103 105 106 115 116 118 128 129 134 141 145 148 155 164 170 173 176 180 183 185 191 194 197 199 200 208 209 212 213 216 230 237 243 249 250 253 257 274 276 278 280 282 299
67
2 12 22 27 28 29 34 36 37 39 40 42 46 49 52 54 55 58 59 60 61 62 66 99 107 108 111 120 127 130 133 139 142 144 147 149 155 159 169 178 180 181 184 190 194 196 198 202 206 227 228 229 234 243 249 253 254 261 266 273 280 281 282 283 288 290 292
53
17 25 33 34 37 39 46 49 50 55 57 58 60 66 84 105 110 111 113 114 123 128 130 137 143 144 154 158 160 162 165 176 178 184 186 190 194 203 209 232 233 236 237 239 241 243 250 256 259 266 280 284 290
61
8 14 23 24 25 26 32 34 38 44 45 51 60 64 67 68 69 70 81 98 106 114 116 122 126 138 141 159 160 169 171 175 177 180 195 196 206 208 211 215 219 226 227 229 238 240 245 247 260 267 268 272 275 276 282 283 288 289 290 297 298
61
3 10 17 39 43 47 49 51 59 66 70 76 88 89 95 103 107 111 118 120 130 131 137 138 143 152 155 167 169 170 174 180 192 193 194 198 201 208 213 215 218 225 234 238 243 245 246 247 248 251 252 257 266 269 273 277 278 285 287 290 298
60
14 17 19 23 31 35 36 37 41 48 58 59 68 69 77 80 82 90 95 99 102 107 108 109 111 114 118 121 125 126 129 131 140 141 143 148 149 151 162 169 177 181 182 184 186 192 201 203 217 218 240 243 244 248 251 252 257 267 273 280
59
3 9 11 15 18 37 38 47 54 58 63 64 65 66 68 70 76 77 78 81 86 90 93 95 109 126 132 133 142 148 162 180 182 183 185 188 197 199 201 209 210 211 216 224 227 234 236 245 246 259 264 266 271 275 284 287 292 294 297
64
4 6 8 9 13 16 17 23 25 26 27 31 32 35 39 40 44 49 51 62 63 69 70 73 78 81 92 93 98 105 125 126 128 129 152 164 166 167 178 181 188 196 198 199 200 201 202 204 206 214 217 219 228 237 240 249 260 273 275 278 279 289 290 293
55
3 5 19 28 51 58 64 68 69 72 82 89 93 97 98 99 104 113 115 118 119 131 141 144 151 153 156 166 169 172 174 179 185 188 190 192 195 196 201 204 223 229 235 239 245 255 256 258 259 268 273 278 281 282 284
56
1 6 10 16 21 33 34 37 40 45 48 49 50 58 61 62 66 70 72 73 74 79 82 84 85 87 93 104 111 116 125 135 136 149 162 168 170 176 184 189 194 196 204 211 213 226 235 251 261 264 268 272 275 280 290 294
57
4 8 9 16 20 23 29 35 45 65 71 81 84 93 95 97 99 104 110 111 117 129 130 132 144 145 147 148 153 158 167 174 184 189 192 212 214 228 234 243 249 250 256 266 270 272 273 274 275 277 278 280 284 286 289 298 299
62
1 3 5 7 8 16 26 28 47 50 52 54 55 66 72 80 83 89 115 121 131 132 141 143 144 145 148 157 158 165 166 171 175 176 179 186 188 193 196 198 222 226 227 229 233 234 238 241 242 246 250 251 254 259 265 267 269 279 283 289 291 297
55
6 8 9 11 17 24 26 28 32 41 44 48 50 51 64 65 82 92 106 111 115 117 123 126 146 149 152 156 158 162 168 169 174 185 188 196 199 208 214 220 240 247 248 249 253 255 257 259 264 270 273 278 284 289 294
47
6 13 17 19 27 31 32 41 45 47 53 54 67 81 85 93 97 152 158 174 181 182 186 187 194 201 205 207 213 219 223 227 228 230 241 243 244 248 252 254 257 267 280 286 289 292 300
68
2 3 12 16 21 36 38 45 51 52 56 65 66 69 70 79 81 90 95 111 112 121 127 128 136 138 139 140 150 152 153 163 165 166 168 169 172 189 192 194 201 202 205 207 210 212 216 217 221 222 228 230 231 233 243 244 247 251 254 256 258 272 273 275 291 296 298 299
69
2 5 11 12 17 19 22 26 28 42 45 57 62 64 65 73 77 78 80 85 89 91 96 97 101 102 104 111 119 122 123 125 129 133 134 135 138 141 150 154 166 172 174 185 187 188 189 200 206 210 211 216 219 220 230 234 239 244 250 254 263 265 277 279 282 283 285 289 292
55
7 10 13 17 27 29 31 37 39 46 47 56 64 65 66 73 83 88 90 91 97 100 101 102 104 114 122 132 136 139 143 156 159 160 161 176 184 190 192 195 208 224 227 228 229 230 247 251 255 258 260 268 273 295 296
59
1 4 8 12 21 23 26 29 36 41 46 47 51 59 64 71 77 79 82 87 92 107 118 121 135 142 143 153 156 159 172 174 175 179 183 187 199 203 205 210 212 213 224 227 235 239 240 241 250 251 252 275 278 286 289 291 297 299 300
78
5 6 7 11 15 17 18 22 28 44 45 49 51 54 56 57 59 64 65 71 73 74 77 78 80 87 96 102 103 108 111 112 114 120 121 122 123 124 128 132 137 139 146 152 154 156 158 162 164 178 179 183 189 194 205 207 210 212 213 215 218 227 234 236 242 246 251 253 259 260 261 266 268 272 284 287 294 299
59
2 8 15 19 20 22 31 32 38 40 46 47 49 54 55 74 75 77 93 96 97 98 106 107 111 112 118 128 134 135 139 146 152 158 166 167 179 189 192 201 220 223 232 235 237 238 241 250 267 269 271 273 279 285 288 289 292 296 299
61
7 10 12 13 22 27 29 30 34 38 42 45 52 53 54 57 66 70 79 82 85 98 111 122 140 150 157 159 164 169 170 173 180 192 198 206 207 208 210 221 225 226 227 228 231 236 241 251 254 255 256 257 258 260 263 266 271 278 284 286 299
50
10 12 17 18 22 26 39 45 55 62 63 65 77 78 82 90 98 102 104 116 123 124 127 132 133 136 137 144 146 148 149 158 159 167 179 193 205 211 226 243 244 250 257 259 267 268 272 273 293 300
57
3 6 8 10 11 13 22 23 27 32 36 38 47 63 72 82 92 93 105 108 116 117 133 136 145 147 153 162 173 179 184 189 193 196 199 205 212 215 217 220 225 226 228 230 238 245 249 251 256 258 260 267 286 289 291 296 300
62
2 4 7 14 20 24 32 37 38 39 41 42 45 47 48 52 54 65 66 67 72 74 75 80 95 98 100 104 111 115 117 132 138 151 152 153 158 160 171 173 183 187 188 192 193 197 199 200 205 210 214 215 220 230 242 251 281 283 286 291 294 300
64
1 13 20 23 33 38 39 42 50 66 67 73 79 82 83 84 93 97 98 104 105 106 107 112 118 122 124 130 131 144 148 149 153 154 155 159 175 176 191 197 201 202 208 224 225 228 230 234 235 242 243 247 257 263 264 266 267 268 271 287 289 290 291 297
61
1 3 4 9 26 38 42 54 55 56 57 64 66 70 78 80 83 89 94 96 97 103 113 115 118 119 120 126 127 132 134 135 138 142 146 155 159 164 173 176 188 191 192 219 220 223 225 227 236 237 241 250 252 253 260 262 265 269 282 283 290
66
6 7 12 14 15 20 22 24 27 28 29 37 43 48 51 60 61 67 78 80 89 92 100 105 108 119 121 125 135 141 144 145 146 147 150 159 162 167 168 174 186 187 193 203 206 207 212 217 221 223 236 242 247 252 253 254 265 266 268 278 283 285 286 290 292 297
56
2 3 4 12 13 14 19 30 32 35 40 48 50 53 55 62 63 72 77 79 80 83 85 93 105 126 129 131 134 139 140 149 168 171 177 181 183 187 212 219 228 233 234 239 260 262 263 264 267 270 271 283 284 292 293 297
60
1 2 5 10 13 18 25 28 39 40 52 54 59 68 69 72 81 93 96 102 104 109 122 129 132 134 137 140 141 142 144 146 153 158 165 172 176 196 212 217 218 223 229 233 234 236 237 243 245 250 253 261 263 265 268 280 287 288 289 298
51
16 17 33 34 45 47 48 60 70 72 76 79 87 91 95 107 113 114 115 121 132 141 142 143 147 154 158 165 172 173 174 184 185 189 195 216 248 249 253 256 257 258 263 268 278 279 285 286 288 290 293
56
8 12 20 31 40 41 49 53 55 58 72 84 85 87 92 96 97 107 108 112 115 121 125 127 130 133 135 136 153 175 177 180 182 184 193 198 203 207 212 222 224 225 226 227 232 235 239 245 260 263 269 271 277 278 283 287
69
3 9 10 11 14 15 17 18 21 31 33 39 46 54 57 62 67 74 80 86 104 113 117 118 123 126 130 132 140 141 144 145 159 167 181 185 192 193 195 199 200 207 208 209 210 211 212 213 215 219 220 225 226 231 233 237 239 253 254 260 269 271 275 279 286 290 291 294 295
63
2 6 14 23 25 38 40 49 55 68 75 89 95 99 100 104 111 113 114 115 116 125 128 129 131 133 136 143 148 160 162 163 170 172 175 177 180 190 195 201 204 213 215 220 221 222 224 225 226 242 251 255 258 260 266 274 282 283 284 287 288 290 296
62
1 7 9 24 28 30 40 43 48 52 58 60 63 65 74 76 78 81 90 102 110 112 119 121 122 130 132 135 143 146 147 157 159 161 162 171 175 179 181 183 189 191 196 197 204 208 215 229 230 231 243 248 252 258 277 282 286 290 291 292 296 299
58
1 4 6 12 17 32 33 54 68 72 87 90 91 92 98 107 113 121 125 132 133 138 143 144 146 147 148 149 152 160 165 166 176 177 182 183 189 190 193 194 199 204 205 206 218 231 247 253 258 270 271 280 284 285 286 288 289 300
55
1 14 17 22 24 37 38 52 55 56 58 74 76 78 89 101 103 105 110 111 114 124 127 128 130 140 151 156 159 174 175 178 193 196 197 201 202 205 208 210 217 219 224 226 235 245 251 260 276 286 290 293 294 296 299
68
6 18 21 24 25 26 30 33 34 44 45 46 50 53 54 60 64 65 66 70 74 75 80 89 96 99 110 119 122 124 126 130 131 147 149 152 159 161 165 177 179 181 186 189 191 195 197 211 215 222 226 228 233 236 243 244 249 253 255 258 261 264 270 272 273 284 294 298
64
7 12 13 19 21 27 29 39 42 50 54 55 57 59 65 66 68 72 74 76 83 84 85 92 93 94 96 101 105 108 117 128 134 139 148 154 164 165 167 172 176 181 185 188 199 206 209 210 226 234 235 241 250 253 256 263 265 270 278 281 286 288 289 291
58
5 15 17 23 28 36 44 48 50 56 57 58 66 73 79 86 101 103 114 123 131 136 145 157 168 169 185 190 196 198 199 204 212 213 215 219 231 232 233 237 238 239 248 255 257 258 260 270 272 274 278 280 282 285 290 296 298 300
56
6 9 12 13 16 26 34 44 47 54 57 61 69 84 104 105 109 115 117 128 152 163 167 173 176 178 184 185 186 190 191 195 208 210 211 214 216 218 220 223 225 227 232 243 244 247 252 253 272 273 274 278 286 289 290 293
61
13 17 19 30 33 42 43 47 48 53 57 62 74 75 90 91 92 102 103 114 117 119 124 126 130 154 157 159 167 169 170 178 190 210 211 219 224 226 228 233 237 240 241 251 254 262 263 268 270 272 275 277 278 283 284 287 291 297 298 299 300
70
2 4 13 15 16 21 30 35 37 40 43 47 55 58 59 60 61 64 66 77 81 82 84 86 88 100 105 106 117 121 123 125 129 137 138 144 149 150 156 157 159 167 176 180 181 186 189 192 197 205 209 217 222 228 236 246 251 253 258 259 265 269 275 276 279 283 290 297 299 300
50
28 29 31 36 46 62 77 79 80 81 98 99 112 114 115 118 119 124 132 140 147 151 155 163 175 177 178 185 190 193 196 199 203 205 212 224 225 227 235 237 246 249 257 258 262 264 268 271 293 296
65
1 3 6 32 35 37 38 41 42 53 55 57 59 67 75 79 80 81 83 84 97 104 105 113 115 118 119 122 124 126 130 135 140 143 146 148 152 157 163 167 174 178 189 193 195 199 202 204 207 213 216 222 237 257 261 262 265 269 272 278 282 284 293 296 298
43
4 7 12 15 29 30 64 85 90 100 102 104 105 116 119 122 127 130 131 132 134 137 144 156 179 186 192 193 207 213 217 221 223 224 248 250 267 273 276 281 287 288 291
57
5 15 29 39 52 53 55 57 64 74 78 79 84 85 90 94 96 100 105 115 116 126 129 131 135 141 142 145 160 161 164 169 170 173 176 198 201 202 205 212 219 235 241 246 249 261 265 267 270 275 280 282 284 286 294 295 299
66
6 8 15 16 21 27 29 32 44 57 60 70 76 77 81 85 90 91 94 95 98 108 113 123 125 134 135 137 144 158 159 164 172 173 180 185 191 197 199 200 204 207 209 211 218 219 223 226 227 236 237 242 248 249 250 251 254 255 268 269 274 277 281 289 292 298
61
2 5 9 16 19 23 27 30 36 39 40 44 48 49 51 58 75 76 78 88 89 99 102 109 116 117 121 132 147 154 156 161 163 164 166 168 169 171 174 178 187 196 197 204 207 208 211 220 221 228 235 239 257 260 261 262 267 268 273 282 292
66
1 2 9 12 14 17 21 24 27 45 50 52 58 62 64 66 67 74 75 76 78 81 89 91 92 100 102 103 108 110 111 115 118 120 140 145 149 150 156 169 173 183 190 194 198 202 212 213 215 226 228 229 231 232 247 258 260 265 273 275 277 278 286 292 294 295
52
12 19 26 33 40 42 48 50 51 57 60 70 71 76 83 88 95 97 98 109 121 130 131 132 137 138 155 164 167 177 181 193 195 199 208 210 214 219 232 235 239 240 247 249 252 257 266 271 272 275 282 300
69
13 17 18 24 25 27 28 31 35 39 45 53 57 60 62 65 68 82 90 92 95 96 99 100 110 117 118 120 122 123 129 135 145 149 151 152 160 163 166 168 169 176 184 185 188 192 193 195 198 202 208 215 226 233 240 242 252 254 263 271 277 278 279 282 284 289 293 295 296
66
10 12 13 16 18 26 27 28 30 32 40 42 46 48 51 59 66 70 73 82 84 86 93 101 105 106 108 110 112 113 119 140 148 153 156 159 161 166 169 171 173 185 188 197 198 199 209 214 216 217 223 238 242 245 252 255 259 260 262 275 279 283 287 288 295 300
58
10 11 22 24 26 49 53 57 64 69 70 72 73 76 81 89 92 103 104 114 120 125 127 138 139 144 149 153 158 167 168 172 177 179 181 184 187 189 195 197 198 211 213 227 232 237 247 249 255 258 259 260 263 265 271 284 293 299
55
4 13 22 23 24 29 40 42 43 53 56 62 64 65 71 74 81 92 94 104 107 114 118 125 132 133 136 141 146 150 152 155 174 182 188 194 197 198 200 201 203 208 210 213 219 227 236 239 240 252 265 267 275 276 279
61
6 8 10 12 13 18 25 26 28 30 34 39 43 44 46 47 48 54 62 64 68 72 85 87 88 99 102 110 121 125 126 139 142 143 160 164 168 176 183 188 189 194 196 202 204 207 209 215 230 231 233 234 243 251 252 253 270 271 273 283 297
64
4 12 27 30 32 38 39 41 45 46 51 57 62 68 71 86 89 96 97 106 121 125 128 131 133 156 161 162 166 172 174 175 178 197 199 201 204 208 215 217 225 229 231 232 233 234 237 238 239 243 247 248 249 251 256 260 266 268 269 274 283 292 293 299
62
7 12 14 16 17 20 27 30 31 33 39 46 51 53 58 63 67 71 78 80 81 88 96 99 114 120 123 125 128 132 144 145 146 149 154 160 164 167 170 171 183 184 186 192 194 201 211 220 232 235 239 240 245 254 255 263 266 268 272 289 293 297
71
1 4 6 7 11 14 18 26 30 35 40 54 57 64 66 69 70 74 76 77 80 91 92 95 98 99 101 104 106 108 113 117 121 125 135 138 145 146 159 170 174 175 176 180 187 191 198 202 203 212 214 236 237 240 241 244 245 251 263 264 265 267 274 275 281 282 285 289 295 297 298
55
5 6 8 21 26 30 34 37 41 48 53 54 60 62 67 71 77 82 84 97 100 102 106 109 111 115 119 138 177 186 188 193 197 200 201 204 206 208 210 211 212 223 225 232 238 239 242 248 256 261 264 266 278 282 293
62
9 14 16 24 26 31 36 37 40 41 46 52 55 59 73 75 84 85 87 89 93 95 102 112 119 121 122 132 135 150 153 157 158 163 164 168 175 186 189 191 192 200 205 212 217 219 221 227 233 238 242 259 264 267 272 274 276 282 286 293 297 300
63
3 5 16 32 47 56 58 63 64 77 78 80 81 100 103 105 110 114 117 118 122 127 133 165 166 172 174 177 183 184 187 188 195 197 203 205 206 215 217 222 226 227 228 229 234 241 242 250 251 258 261 263 264 268 269 278 280 281 284 287 296 298 299
65
9 15 17 18 19 21 32 33 35 36 47 62 67 69 74 79 81 82 83 87 89 92 96 100 101 103 106 113 114 115 119 134 144 147 151 158 162 167 170 173 178 179 180 182 186 194 205 208 216 222 231 236 244 245 247 268 271 280 281 289 290 292 293 294 296
54
7 15 24 27 29 30 32 33 36 40 49 56 58 67 70 76 78 81 87 97 99 104 109 112 119 123 124 142 145 147 149 151 161 163 166 168 175 187 190 194 197 213 219 220 222 227 240 245 271 285 286 292 294 296
56
3 4 6 7 14 15 28 33 44 47 50 55 58 63 67 71 76 82 90 91 98 104 114 118 119 120 141 146 151 156 159 166 167 186 188 199 204 207 212 237 239 241 253 257 258 267 270 271 274 275 277 278 285 292 297 299
63
4 8 19 22 28 30 33 34 35 41 43 44 51 54 57 61 80 82 83 86 88 100 101 103 104 105 108 109 115 122 123 125 130 133 136 138 144 148 151 163 174 177 178 185 190 198 201 203 205 213 222 226 228 232 246 251 263 272 274 277 293 294 297
61
1 14 17 19 20 26 31 34 35 36 37 40 48 57 59 60 70 71 72 80 83 90 101 104 108 109 111 116 126 132 134 142 149 151 156 157 159 162 167 185 187 194 195 199 201 210 211 214 215 216 221 223 229 238 241 265 273 277 295 298 299
59
1 4 11 13 16 18 22 26 30 34 40 46 50 51 52 59 63 65 67 72 78 80 81 93 98 101 103 105 108 122 125 127 128 136 138 145 148 155 156 158 165 167 170 171 173 179 182 194 206 211 240 241 253 258 259 264 267 276 279
61
1 4 5 8 10 17 19 26 42 46 48 49 54 55 56 57 60 62 66 71 73 82 102 106 108 109 110 112 116 119 124 125 132 135 136 142 150 158 169 170 172 177 178 187 201 210 218 235 242 259 261 272 273 276 278 282 284 287 293 298 300
57
1 7 12 23 27 30 41 42 44 67 72 75 79 102 104 108 110 117 121 122 129 130 139 140 148 164 174 186 195 198 200 208 209 210 216 223 230 236 238 241 246 248 252 253 257 262 270 271 272 279 280 282 285 287 289 296 299
71
3 14 23 25 30 31 35 47 48 50 51 56 58 60 62 68 70 71 79 87 92 100 104 105 106 113 114 120 124 129 135 142 146 148 151 153 157 163 168 169 173 178 180 183 189 196 197 201 208 215 226 231 232 233 234 251 252 254 257 258 262 263 264 265 270 273 278 279 281 293 298
61
8 9 10 12 18 21 22 38 42 50 55 56 61 62 65 74 75 87 92 100 109 110 111 113 123 131 135 143 145 149 155 160 164 179 197 198 202 205 207 210 218 220 221 222 223 224 225 231 240 241 251 252 254 263 270 278 279 284 288 289 299
57
6 12 17 22 25 26 30 35 42 51 52 53 56 67 75 80 83 84 89 99 101 104 110 116 124 128 131 133 137 140 142 143 145 146 163 170 177 182 185 187 190 201 202 207 214 220 224 238 245 251 254 274 283 284 286 289 300
63
1 28 29 31 35 39 41 47 51 53 59 74 77 79 81 83 87 106 110 114 120 122 125 136 137 144 147 148 151 152 153 155 157 158 161 166 182 184 186 192 200 202 203 208 214 219 220 226 227 228 231 233 234 236 239 242 250 259 272 278 289 298 300
59
3 11 30 34 37 47 48 54 59 65 68 69 84 88 97 99 109 116 128 135 138 148 150 153 165 168 169 174 182 183 190 191 192 195 196 197 207 208 210 217 223 225 228 229 230 234 245 255 256 260 263 264 270 278 281 282 287 288 291
59
1 2 12 50 52 55 58 63 64 70 74 75 78 80 81 82 83 87 91 93 94 100 102 114 116 117 130 132 134 139 140 161 163 168 170 171 177 191 198 210 212 214 218 221 224 231 241 244 248 251 257 263 272 273 277 278 283 285 300
52
1 3 12 17 25 26 28 49 50 54 55 67 69 87 93 100 116 120 121 124 126 128 135 137 153 160 161 165 182 183 185 189 190 215 216 219 226 227 228 229 232 253 255 263 264 268 273 276 277 282 293 300
65
1 9 17 20 22 24 27 36 43 56 57 72 75 76 77 80 83 85 87 90 91 107 111 112 121 123 125 131 132 134 137 147 151 153 167 169 175 176 181 191 194 201 206 208 209 210 213 224 225 229 234 238 240 243 252 268 270 276 281 282 283 288 290 291 298
64
2 4 5 7 8 15 19 27 29 34 45 49 51 54 59 63 83 86 88 89 94 98 101 102 106 107 118 119 121 123 127 128 129 130 132 135 136 138 145 148 149 161 170 181 188 203 208 209 210 220 223 225 234 236 245 252 253 257 261 279 282 284 294 299
59
1 2 8 10 12 25 31 32 37 39 45 50 51 58 62 66 67 69 73 81 85 90 104 107 110 116 150 153 154 156 159 162 165 173 180 188 189 190 196 212 214 216 221 227 239 240 250 253 256 264 268 271 274 281 283 284 287 294 299
70
4 6 9 14 20 24 34 36 38 39 49 54 55 57 59 61 62 64 66 68 77 78 83 87 96 106 111 114 121 126 133 137 140 143 144 145 151 153 156 160 165 171 185 192 195 198 203 206 215 216 217 223 224 227 230 234 237 243 245 254 257 259 264 273 283 285 291 294 296 300
63
1 3 31 33 39 45 46 54 67 68 71 83 91 103 105 107 110 111 119 122 123 124 130 133 135 136 147 148 152 156 157 165 171 175 178 184 187 191 194 199 202 211 213 218 221 224 229 234 236 248 257 262 269 270 272 279 283 285 287 289 293 294 297
59
2 3 14 23 31 33 34 37 41 43 53 70 72 73 74 75 84 89 107 111 114 121 123 128 129 132 133 142 144 146 149 150 153 156 159 161 162 164 168 174 178 186 187 188 207 208 210 217 223 225 241 245 253 256 264 266 279 281 290
60
2 4 6 8 13 20 30 34 35 36 39 41 43 49 50 65 69 72 81 84 85 87 90 92 93 102 103 104 122 126 131 133 144 150 156 167 171 174 175 181 184 187 198 204 210 211 222 230 238 239 242 257 265 271 272 278 279 286 291 296
60
2 3 17 18 29 32 34 46 56 57 58 63 72 75 76 77 83 93 96 101 108 110 116 125 126 129 133 138 145 146 147 151 155 156 161 169 170 185 186 189 199 203 204 210 214 215 220 222 238 252 253 256 260 266 268 275 277 287 297 299
70
15 21 33 35 37 40 45 48 50 51 55 58 71 73 74 79 83 85 88 89 90 92 100 104 106 110 111 112 115 116 117 118 120 121 126 129 139 148 150 156 157 159 169 171 173 178 181 184 188 199 200 202 205 218 229 236 244 246 255 256 261 262 265 270 278 285 287 295 297 298
51
18 21 29 44 51 54 59 60 61 62 82 90 94 102 112 113 114 115 132 134 136 137 142 143 147 154 168 170 172 177 190 194 195 200 205 213 222 224 227 234 237 242 248 249 255 258 272 279 284 288 289
64
3 10 16 19 21 50 52 54 61 66 67 71 73 76 81 85 86 88 96 98 99 103 105 108 117 123 127 129 134 138 141 142 150 151 157 175 179 182 191 196 198 199 205 206 217 218 222 230 232 237 238 245 252 263 266 267 273 278 279 282 287 288 295 296
54
5 6 13 21 25 32 38 49 50 51 57 65 69 71 73 74 77 79 80 88 91 93 95 96 106 108 139 143 146 147 160 167 168 187 189 197 205 215 219 225 229 238 243 244 253 259 260 266 267 269 271 272 280 287
58
11 13 16 19 25 27 28 29 31 38 44 55 56 57 59 65 84 91 93 98 99 100 106 109 112 115 116 117 119 127 130 140 143 147 157 162 166 168 175 177 180 181 182 190 204 212 224 228 232 233 235 236 246 266 268 269 281 285
72
7 9 10 15 17 19 22 26 27 28 30 38 40 42 44 47 49 52 53 57 58 64 79 80 83 85 89 92 111 113 114 115 121 123 129 132 140 146 154 159 163 171 177 178 179 191 198 199 201 205 206 216 222 224 241 247 248 252 255 258 266 271 273 274 277 280 283 285 291 294 298 300
58
10 16 19 20 22 37 58 61 67 68 79 90 102 103 106 107 114 115 119 123 125 128 129 136 141 145 146 147 151 156 164 165 167 176 181 188 192 194 205 211 218 219 228 233 234 237 238 245 254 256 266 267 274 278 281 287 290 295
55
2 10 26 29 36 38 44 49 52 54 63 64 72 75 76 80 95 99 100 101 103 104 110 124 134 136 138 140 141 144 145 146 158 162 167 176 184 188 197 200 201 203 223 224 234 244 248 256 261 268 269 281 291 297 299
53
1 6 13 16 40 42 44 52 54 63 64 65 72 74 84 92 95 97 102 104 118 119 121 125 127 128 131 138 142 144 173 177 178 179 186 188 191 193 202 213 215 219 223 225 233 244 259 275 281 286 290 292 293
