50 100
1.0 1.0 1.0 1.0 1.0 1.0 1.0 1.0 1.0 1.0 1.0 1.0 1.0 1.0 1.0 1.0 1.0 1.0 1.0 1.0 1.0 1.0 1.0 1.0 1.0 1.0 1.0 1.0 1.0 1.0 1.0 1.0 1.0 1.0 1.0 1.0 1.0 1.0 1.0 1.0 1.0 1.0 1.0 1.0 1.0 1.0 1.0 1.0 1.0 1.0 1.0 1.0 1.0 1.0 1.0 1.0 1.0 1.0 1.0 1.0 1.0 1.0 1.0 1.0 1.0 1.0 1.0 1.0 1.0 1.0 1.0 1.0 1.0 1.0 1.0 1.0 1.0 1.0 1.0 1.0 1.0 1.0 1.0 1.0 1.0 1.0 1.0 1.0 1.0 1.0 1.0 1.0 1.0 1.0 1.0 1.0 1.0 1.0 1.0 1.0
28
1 3 7 16 18 21 22 24 26 31 34 38 40 41 42 45 46 48 61 62 66 70 81 82 83 92 93 99
22
8 16 20 29 35 36 38 41 45 50 53 56 58 60 68 69 72 74 79 81 92 94
20
5 11 14 26 27 30 31 43 46 47 49 51 52 56 63 67 70 78 88 96
23
1 5 7 10 12 15 19 20 25 29 41 44 46 47 56 57 63 66 71 73 78 84 90
19
1 3 4 8 12 18 24 26 39 43 45 53 57 64 68 69 71 91 96
25
13 17 27 31 32 35 37 39 42 44 48 50 54 61 65 69 72 74 77 84 86 88 92 95 96
16
2 5 7 19 26 34 48 70 72 76 77 90 92 96 97 99
19
7 15 25 38 40 42 46 50 51 55 70 75 78 87 88 91 93 97 100
20
1 7 8 10 17 24 28 37 38 43 55 56 63 68 73 75 83 84 93 95
23
2 3 10 16 23 26 30 32 43 44 45 49 50 54 61 66 70 77 83 84 87 92 100
21
4 5 7 12 14 28 30 37 38 41 49 53 55 59 63 64 76 79 83 85 95
20
8 13 15 17 18 19 25 33 37 39 41 46 49 60 62 69 75 78 88 90
20
2 7 11 13 18 21 27 37 43 45 50 52 64 66 68 71 81 92 95 96
23
2 8 11 12 18 32 36 38 40 58 59 61 63 68 70 71 72 73 75 79 85 89 90
20
4 7 9 23 27 28 30 31 33 46 47 49 54 57 60 65 71 81 88 94
19
11 18 27 32 39 41 42 44 50 58 60 61 68 78 85 86 88 97 100
18
5 21 23 24 30 32 37 42 49 59 62 64 65 72 74 79 85 89
21
2 3 12 16 20 23 27 32 35 41 46 55 58 64 68 73 76 80 82 83 96
20
1 20 26 31 33 38 40 43 55 59 61 65 70 73 75 84 86 87 90 98
17
5 6 9 10 11 14 27 32 44 51 56 62 64 67 81 88 100
16
2 4 15 18 29 40 51 55 62 63 76 81 82 83 93 97
17
3 5 6 16 19 22 23 34 44 46 55 57 59 66 78 82 97
17
2 4 7 11 17 29 38 56 59 60 62 67 75 89 91 92 94
20
2 13 23 29 34 36 39 44 45 67 69 71 72 83 84 85 86 87 95 98
12
13 20 30 35 48 69 82 83 84 93 96 99
13
20 21 23 24 25 30 38 39 47 48 52 98 99
19
1 3 8 10 14 28 38 39 42 48 52 54 65 73 77 80 82 92 97
16
17 25 28 29 31 35 39 42 46 48 67 77 81 85 91 96
26
1 8 10 12 19 27 34 35 39 43 46 48 51 52 53 55 60 62 63 71 73 78 84 87 89 91
20
7 12 20 31 32 33 35 40 41 42 44 51 54 57 60 76 80 82 85 93
24
5 9 15 18 24 37 43 45 46 49 54 55 59 61 62 64 71 75 77 83 89 92 93 99
15
6 8 10 38 53 54 56 62 70 71 84 86 91 92 97
15
11 15 24 35 43 58 62 64 65 68 70 72 82 84 98
22
2 7 11 13 15 19 21 31 33 37 40 46 54 55 61 63 68 70 79 80 88 95
14
4 5 8 18 38 46 48 54 56 76 78 82 94 95
22
20 27 29 33 34 38 42 45 46 47 51 52 53 61 64 65 66 72 76 86 90 95
18
4 10 27 31 32 34 39 52 54 56 57 61 72 76 77 80 88 95
21
1 2 7 14 24 25 26 28 36 45 50 53 65 70 76 86 88 89 90 92 100
16
9 16 17 22 23 31 39 44 48 54 56 81 84 87 91 98
14
15 22 23 24 25 30 31 44 53 67 75 78 83 95
19
4 5 23 25 28 29 47 51 52 62 66 72 73 76 78 80 84 95 96
16
7 13 14 18 24 28 29 38 49 51 60 62 72 91 98 99
17
13 16 25 30 35 45 46 50 52 66 71 72 77 78 85 88 91
16
14 16 41 43 47 49 52 57 59 68 73 87 90 92 97 98
22
4 7 9 11 20 37 53 58 63 65 70 71 73 78 80 81 87 88 90 93 99 100
19
9 15 18 21 31 32 36 42 44 45 47 55 57 84 86 87 95 96 98
21
6 11 12 14 28 30 32 38 42 44 54 55 62 66 70 75 76 85 91 95 99
19
4 5 8 12 14 15 21 36 37 57 59 61 63 72 76 80 88 89 95
27
2 8 18 19 21 24 26 29 30 35 46 48 51 53 57 58 63 64 65 74 75 77 82 87 92 99 100
16
3 4 5 11 24 25 31 35 39 40 50 60 65 72 79 80
