50 100
1.0 1.0 1.0 1.0 1.0 1.0 1.0 1.0 1.0 1.0 1.0 1.0 1.0 1.0 1.0 1.0 1.0 1.0 1.0 1.0 1.0 1.0 1.0 1.0 1.0 1.0 1.0 1.0 1.0 1.0 1.0 1.0 1.0 1.0 1.0 1.0 1.0 1.0 1.0 1.0 1.0 1.0 1.0 1.0 1.0 1.0 1.0 1.0 1.0 1.0 1.0 1.0 1.0 1.0 1.0 1.0 1.0 1.0 1.0 1.0 1.0 1.0 1.0 1.0 1.0 1.0 1.0 1.0 1.0 1.0 1.0 1.0 1.0 1.0 1.0 1.0 1.0 1.0 1.0 1.0 1.0 1.0 1.0 1.0 1.0 1.0 1.0 1.0 1.0 1.0 1.0 1.0 1.0 1.0 1.0 1.0 1.0 1.0 1.0 1.0
17
9 10 15 27 33 44 47 51 57 71 75 80 85 87 88 89 90
16
3 15 20 29 37 39 40 44 55 69 74 76 79 81 82 97
11
3 6 22 24 44 55 58 61 78 90 95
18
1 4 20 22 25 26 44 50 56 70 72 81 84 85 89 90 98 100
19
5 6 8 12 17 19 22 29 45 50 55 66 69 75 77 78 79 88 90
32
2 6 18 20 22 24 26 31 33 35 37 44 50 51 52 53 54 56 57 61 65 68 69 73 75 77 79 80 83 95 97 98
13
3 19 21 27 30 36 37 38 67 70 75 87 97
13
4 6 11 16 23 38 47 48 49 73 75 82 99
25
4 10 16 17 25 27 30 33 35 36 38 43 46 55 58 61 62 71 74 79 89 90 93 94 100
18
7 8 10 12 20 21 24 33 36 47 52 65 66 68 74 77 78 79
22
1 10 14 15 19 27 33 34 40 42 45 52 69 70 72 73 76 80 82 90 99 100
19
5 11 16 19 21 23 31 35 38 48 52 54 58 68 69 71 92 93 97
18
5 6 13 23 24 34 37 44 45 47 53 58 61 62 71 83 85 91
22
6 14 15 17 20 30 36 38 40 44 50 60 61 72 74 80 81 83 86 87 92 96
21
3 5 15 17 25 31 32 39 41 47 49 58 60 61 64 67 77 84 92 93 95
19
1 4 10 15 16 23 27 29 37 38 44 61 62 66 69 73 75 96 100
18
1 8 12 13 27 29 45 49 52 59 60 65 69 73 75 76 80 89
13
2 6 7 8 10 14 20 26 38 39 49 75 81
22
1 6 8 12 23 24 31 37 39 40 43 56 57 66 68 74 82 86 87 88 96 100
18
2 10 26 32 37 42 45 51 64 70 78 80 82 89 92 93 94 98
29
5 9 12 16 23 30 34 37 38 43 44 48 49 50 53 58 66 71 72 78 84 86 88 90 93 96 97 99 100
16
10 13 28 34 37 39 46 49 51 55 57 88 89 90 91 97
21
4 6 7 19 27 30 33 35 37 43 49 51 62 65 67 70 77 83 93 97 99
18
1 16 26 35 42 52 54 59 65 71 79 80 81 83 87 91 98 100
19
2 11 16 20 26 31 35 37 38 60 65 72 73 81 83 85 89 93 100
21
4 7 12 13 24 29 38 40 41 42 45 48 56 63 66 67 70 71 79 83 86
20
3 5 41 43 48 49 53 55 59 60 66 67 75 77 84 85 92 94 99 100
19
7 10 15 19 24 33 41 42 44 51 56 59 60 73 75 77 79 93 97
14
5 10 13 16 18 23 25 35 42 66 68 82 91 100
21
3 7 16 22 28 31 39 43 46 47 52 62 63 66 67 69 71 78 79 89 100
30
2 6 10 15 19 22 24 28 29 32 33 34 36 37 39 52 59 61 66 71 73 74 76 77 86 87 88 89 91 94
25
1 2 8 9 11 15 19 21 27 33 36 47 48 49 67 68 69 75 76 80 82 83 86 94 95
19
4 7 11 17 19 20 26 33 59 64 67 76 79 80 83 89 90 97 99
34
1 3 4 5 10 11 12 18 19 23 24 32 36 37 38 39 41 44 45 47 53 58 62 65 78 79 80 82 88 89 90 91 98 99
25
2 3 7 11 17 25 31 36 50 53 57 62 64 67 70 74 86 88 90 93 95 96 97 98 99
20
2 7 8 9 16 24 28 30 44 49 51 54 55 67 72 80 86 94 99 100
18
1 8 12 20 21 25 29 32 34 35 51 52 54 67 68 74 75 94
15
1 2 3 10 19 22 33 38 51 52 55 68 72 78 81
16
5 10 16 19 21 23 27 30 38 41 47 65 77 94 98 99
19
9 10 13 14 15 28 31 32 34 35 36 39 43 50 71 74 90 93 95
16
2 4 12 22 26 32 34 38 39 51 54 61 68 84 87 99
16
5 17 18 22 25 39 43 44 48 49 52 54 79 89 90 95
19
7 14 15 18 29 30 31 32 53 54 58 59 62 63 73 84 94 96 100
25
2 8 11 18 25 27 28 34 35 40 44 45 46 48 56 68 73 80 81 85 86 89 90 95 96
14
8 12 14 26 29 36 42 46 56 64 66 72 73 99
17
1 5 12 23 41 43 46 57 65 67 69 81 89 90 92 96 100
23
2 6 7 8 9 11 15 21 25 27 28 29 53 57 58 68 71 74 85 87 88 92 96
15
2 7 16 19 25 33 50 53 55 61 63 84 87 95 98
21
4 7 10 12 17 21 30 33 35 39 47 50 60 67 68 73 74 86 93 95 97
21
1 4 6 7 8 10 11 17 21 28 30 38 41 43 55 56 81 90 91 92 93
