150 300
1.0 1.0 1.0 1.0 1.0 1.0 1.0 1.0 1.0 1.0 1.0 1.0 1.0 1.0 1.0 1.0 1.0 1.0 1.0 1.0 1.0 1.0 1.0 1.0 1.0 1.0 1.0 1.0 1.0 1.0 1.0 1.0 1.0 1.0 1.0 1.0 1.0 1.0 1.0 1.0 1.0 1.0 1.0 1.0 1.0 1.0 1.0 1.0 1.0 1.0 1.0 1.0 1.0 1.0 1.0 1.0 1.0 1.0 1.0 1.0 1.0 1.0 1.0 1.0 1.0 1.0 1.0 1.0 1.0 1.0 1.0 1.0 1.0 1.0 1.0 1.0 1.0 1.0 1.0 1.0 1.0 1.0 1.0 1.0 1.0 1.0 1.0 1.0 1.0 1.0 1.0 1.0 1.0 1.0 1.0 1.0 1.0 1.0 1.0 1.0 1.0 1.0 1.0 1.0 1.0 1.0 1.0 1.0 1.0 1.0 1.0 1.0 1.0 1.0 1.0 1.0 1.0 1.0 1.0 1.0 1.0 1.0 1.0 1.0 1.0 1.0 1.0 1.0 1.0 1.0 1.0 1.0 1.0 1.0 1.0 1.0 1.0 1.0 1.0 1.0 1.0 1.0 1.0 1.0 1.0 1.0 1.0 1.0 1.0 1.0 1.0 1.0 1.0 1.0 1.0 1.0 1.0 1.0 1.0 1.0 1.0 1.0 1.0 1.0 1.0 1.0 1.0 1.0 1.0 1.0 1.0 1.0 1.0 1.0 1.0 1.0 1.0 1.0 1.0 1.0 1.0 1.0 1.0 1.0 1.0 1.0 1.0 1.0 1.0 1.0 1.0 1.0 1.0 1.0 1.0 1.0 1.0 1.0 1.0 1.0 1.0 1.0 1.0 1.0 1.0 1.0 1.0 1.0 1.0 1.0 1.0 1.0 1.0 1.0 1.0 1.0 1.0 1.0 1.0 1.0 1.0 1.0 1.0 1.0 1.0 1.0 1.0 1.0 1.0 1.0 1.0 1.0 1.0 1.0 1.0 1.0 1.0 1.0 1.0 1.0 1.0 1.0 1.0 1.0 1.0 1.0 1.0 1.0 1.0 1.0 1.0 1.0 1.0 1.0 1.0 1.0 1.0 1.0 1.0 1.0 1.0 1.0 1.0 1.0 1.0 1.0 1.0 1.0 1.0 1.0 1.0 1.0 1.0 1.0 1.0 1.0 1.0 1.0 1.0 1.0 1.0 1.0 1.0 1.0 1.0 1.0 1.0 1.0 1.0 1.0 1.0 1.0 1.0 1.0 1.0 1.0 1.0 1.0 1.0 1.0
8
11 16 24 87 98 135 141 229
14
22 48 97 124 136 170 171 185 225 232 254 259 287 292
15
24 36 56 95 109 120 137 138 165 207 236 251 252 276 300
15
27 31 68 76 97 104 112 149 153 168 211 244 254 271 290
21
34 37 46 65 87 105 116 167 201 202 225 235 244 246 250 275 279 281 284 291 299
19
10 39 44 72 95 109 110 119 120 149 161 183 204 228 241 266 267 270 293
21
11 43 47 90 141 158 180 184 193 218 221 248 256 263 269 272 282 286 293 298 299
13
2 12 20 82 85 87 125 166 174 187 252 278 295
11
22 61 71 176 202 204 226 237 240 268 280
8
58 79 107 131 169 191 192 237
16
35 53 57 103 131 195 220 221 224 227 236 242 246 269 276 287
8
65 79 94 161 196 220 255 291
12
16 26 46 68 69 127 149 201 221 226 243 276
11
63 67 93 165 167 192 207 213 244 261 295
20
5 9 25 30 52 54 59 70 98 106 110 142 153 161 170 173 199 228 258 271
15
31 38 52 108 127 150 168 176 201 205 237 252 254 298 299
15
11 12 23 29 72 73 99 117 163 174 215 245 259 266 279
17
5 34 38 40 43 85 107 126 133 173 175 176 265 268 275 276 296
16
22 25 62 66 77 107 129 148 183 189 223 246 250 272 286 287
11
66 73 89 94 180 188 207 215 256 280 283
13
2 17 53 91 131 135 157 170 186 250 263 278 298
6
109 149 175 215 246 251
11
9 19 53 139 151 182 191 196 218 277 281
18
4 29 37 40 57 105 122 123 161 163 169 207 231 249 265 270 287 299
11
6 10 76 82 115 221 223 245 253 258 289
10
28 33 42 100 148 196 253 284 294 296
13
21 29 37 52 62 72 119 127 218 238 247 274 288
17
31 36 92 117 123 125 133 150 199 203 216 217 220 229 254 261 275
17
1 7 22 62 72 89 116 127 144 153 158 166 167 174 201 237 251
17
16 29 58 80 85 88 97 122 135 161 188 193 215 244 267 277 289
14
24 58 97 119 142 151 173 179 195 217 232 246 258 282
16
17 21 23 63 109 123 126 131 148 149 179 239 245 251 284 292
15
3 17 78 85 93 121 125 135 225 235 251 256 273 297 298
18
12 24 26 36 49 52 91 122 128 143 174 175 179 198 206 218 269 293
10
2 51 126 143 167 219 223 250 279 293
17
27 45 74 82 91 116 120 150 151 156 194 195 208 219 246 263 283
9
16 17 61 104 107 119 152 207 292
17
3 17 102 119 131 138 148 166 183 203 205 229 231 260 262 285 297
14
5 12 18 76 120 186 196 202 219 221 225 251 252 255
18
14 15 22 34 42 72 78 113 115 132 136 163 177 211 226 245 262 275
13
11 42 77 82 94 97 99 135 152 188 205 230 233
15
1 13 33 92 106 141 152 154 163 178 183 231 240 248 297
10
19 57 121 146 183 216 222 223 230 292
12
24 35 65 126 145 181 186 240 271 289 292 300
17
17 34 40 67 110 135 138 155 165 186 202 204 234 255 264 290 293
15
8 18 43 84 115 126 132 140 151 163 178 211 234 266 268
8
92 172 191 205 217 279 288 298
17
3 27 45 67 83 107 121 125 142 179 185 252 256 280 289 299 300
16
35 39 65 74 96 97 109 135 186 192 203 208 212 229 248 277
16
7 16 25 32 33 69 85 124 130 170 179 197 235 241 244 278
17
6 10 48 63 86 109 112 135 139 155 164 189 199 239 266 269 298
22
5 14 20 58 60 63 75 77 79 112 123 133 147 167 183 216 240 243 251 259 281 287
15
2 14 20 37 38 44 121 129 149 215 228 237 245 251 270
18
12 89 114 118 142 149 174 193 213 232 241 256 257 263 269 286 287 292
20
12 25 31 33 43 59 60 64 69 73 83 119 120 121 139 143 146 155 225 278
17
5 11 14 34 71 106 108 152 162 173 189 194 202 208 225 264 287
11
39 113 170 177 218 224 243 255 266 273 283
12
12 15 32 33 36 99 106 170 186 257 259 271
17
84 117 118 126 130 133 145 164 182 197 209 213 214 221 246 254 270
7
2 87 147 154 177 182 211
17
5 8 15 64 98 138 157 159 200 202 204 206 210 233 238 260 282
17
11 24 31 39 74 75 99 147 160 169 198 203 242 260 262 289 297
17
3 5 49 74 84 97 128 143 144 183 196 208 222 232 244 249 268
16
37 68 77 81 91 101 126 138 149 193 200 203 227 228 252 290
23
8 10 19 29 38 52 86 91 100 122 139 167 173 175 190 191 204 212 252 264 286 288 296
17
16 56 66 67 92 98 100 107 151 172 193 222 233 240 254 272 273
14
22 26 31 40 80 100 102 116 159 165 178 235 245 263
14
11 31 43 62 80 90 99 120 127 165 194 202 239 268
12
18 30 33 60 145 183 189 191 246 273 287 295
14
7 24 44 75 100 115 122 130 196 213 259 284 290 294
17
60 70 78 79 90 92 99 111 143 153 184 186 201 242 260 266 289
19
15 21 45 52 86 97 117 132 139 143 186 212 215 219 223 234 249 251 290
16
7 27 36 67 91 131 141 154 199 200 218 229 260 261 272 285
16
8 44 57 104 119 168 171 173 175 177 186 208 233 238 242 254
17
15 31 34 49 91 105 113 121 180 197 201 225 250 252 265 268 287
16
30 68 77 79 81 96 107 109 112 132 139 195 204 228 232 260
11
2 111 112 130 190 201 237 256 263 267 284
24
39 50 54 84 88 129 134 141 150 151 154 161 168 173 199 201 202 206 244 262 264 270 292 294
16
31 40 42 56 61 105 110 118 128 132 195 227 240 256 264 295
18
8 15 31 56 61 64 83 99 103 126 149 152 159 200 213 272 273 285
15
20 25 44 126 140 163 169 173 185 198 221 228 234 283 293
11
8 82 95 124 130 134 147 159 194 255 261
15
33 53 69 79 87 93 136 149 150 226 237 265 266 279 287
15
16 36 134 154 159 174 180 191 219 224 250 263 270 276 297
23
9 12 32 84 103 120 134 155 158 163 179 198 202 219 222 224 229 240 242 259 273 298 299
17
17 23 32 83 100 110 115 123 135 151 155 164 203 210 271 292 299
16
17 27 84 120 125 136 147 197 202 205 224 240 243 255 258 277
13
14 37 68 76 99 133 162 208 236 253 286 296 298
8
6 9 71 83 90 107 181 272
17
26 40 55 69 73 124 132 134 156 199 207 210 211 220 233 270 277
12
12 94 96 128 129 131 146 154 156 161 201 226
15
1 12 53 62 66 85 86 117 118 141 153 175 193 268 298
13
6 13 79 95 108 133 141 168 169 172 236 246 264
15
11 30 54 55 110 149 170 221 238 242 250 252 273 282 296
11
19 78 88 98 101 134 164 179 250 266 293
15
22 38 46 66 69 128 145 146 148 160 166 189 211 236 260
16
19 27 41 70 156 157 161 162 174 177 198 210 215 244 257 258
18
16 70 86 87 106 110 130 141 168 206 212 219 244 257 258 266 277 285
8
20 29 93 174 246 249 281 298
18
68 105 107 112 136 170 179 194 207 209 214 223 229 248 261 274 285 292
19
1 6 35 42 63 82 100 127 143 149 150 160 172 223 225 241 271 277 284
17
5 23 25 31 32 60 69 125 135 186 194 203 212 250 270 293 297
13
7 17 67 75 82 83 137 177 188 201 229 235 287
18
10 12 18 20 47 50 57 80 95 119 164 177 181 186 226 235 244 263
13
6 17 45 56 135 167 191 194 199 206 234 248 260
13
11 22 43 71 82 99 149 150 202 208 214 240 276
9
6 79 93 110 131 135 179 228 270
12
38 84 94 106 130 148 153 185 223 227 288 289
16
1 6 20 26 29 58 94 106 138 162 207 217 221 270 280 281
22
14 15 20 28 32 34 131 132 136 139 144 149 152 170 172 193 199 218 222 240 286 288
20
4 30 79 112 130 144 145 155 156 158 162 176 177 182 196 218 225 234 240 277
13
9 30 40 81 89 113 116 164 184 225 238 256 281
15
1 10 35 49 60 79 129 138 198 202 227 233 234 236 242
17
17 20 25 35 76 84 128 133 151 156 179 188 200 230 246 274 297
14
2 40 49 81 82 103 108 111 114 134 141 261 270 273
16
13 41 52 55 61 64 97 156 159 219 224 225 227 242 290 297
13
3 42 45 85 99 136 153 169 181 186 192 231 299
19
9 12 13 24 43 50 55 65 124 130 172 173 181 186 221 233 257 269 293
18
23 32 40 42 64 89 135 144 151 177 192 209 211 213 218 253 260 292
15
2 8 11 28 43 47 64 65 77 87 118 170 221 262 293
14
51 96 155 165 166 195 196 221 238 250 262 266 268 300
12
54 55 66 72 126 131 147 195 226 238 269 276
11
9 57 71 159 164 182 197 227 280 283 286
21
2 5 16 24 45 59 60 73 76 100 104 107 122 206 212 227 234 246 248 274 286
23
25 48 53 54 61 79 84 85 110 125 127 145 169 173 184 203 216 224 237 240 241 251 272
20
5 13 14 21 39 81 101 110 136 145 174 207 212 213 243 267 269 287 289 296
23
20 32 53 62 70 81 86 105 147 148 155 163 180 188 199 208 211 212 217 219 275 283 288
16
7 30 40 87 90 99 100 166 175 182 188 194 204 224 234 238
14
5 95 127 132 160 176 184 185 189 211 214 215 229 287
10
6 59 93 108 160 161 169 267 273 286
18
5 25 51 68 72 90 137 163 172 181 218 219 222 226 271 297 299 300
10
8 40 74 126 134 152 196 219 261 294
9
26 29 69 93 109 117 144 234 264
10
11 13 17 33 62 108 139 177 252 295
16
45 78 123 131 136 158 180 190 198 217 250 257 266 280 286 287
8
37 43 59 70 177 189 209 239
14
5 6 62 101 120 147 175 192 212 213 232 259 268 288
13
6 26 36 38 40 41 65 89 111 134 202 220 293
13
4 29 54 61 82 97 105 110 131 154 201 236 257
14
5 9 38 54 77 117 194 221 229 236 244 251 276 288
15
19 25 50 69 78 82 88 95 166 177 187 216 272 275 295
16
18 22 55 61 66 116 154 162 177 194 225 231 236 258 290 294
12
21 23 100 124 148 169 191 200 214 245 254 272
17
25 38 114 115 125 134 149 182 183 186 207 214 218 234 238 256 280
13
24 30 70 73 81 85 117 166 174 185 233 237 287
18
24 37 46 56 67 69 74 79 95 116 140 169 187 249 262 276 298 300
18
3 10 16 24 52 174 178 196 201 211 212 214 223 225 244 254 268 273
17
3 15 20 29 35 59 100 117 119 148 154 160 163 169 171 215 248
10
8 48 49 88 98 115 152 190 229 255
12
3 32 65 70 84 154 179 247 248 264 284 294
