150 300
1.0 1.0 1.0 1.0 1.0 1.0 1.0 1.0 1.0 1.0 1.0 1.0 1.0 1.0 1.0 1.0 1.0 1.0 1.0 1.0 1.0 1.0 1.0 1.0 1.0 1.0 1.0 1.0 1.0 1.0 1.0 1.0 1.0 1.0 1.0 1.0 1.0 1.0 1.0 1.0 1.0 1.0 1.0 1.0 1.0 1.0 1.0 1.0 1.0 1.0 1.0 1.0 1.0 1.0 1.0 1.0 1.0 1.0 1.0 1.0 1.0 1.0 1.0 1.0 1.0 1.0 1.0 1.0 1.0 1.0 1.0 1.0 1.0 1.0 1.0 1.0 1.0 1.0 1.0 1.0 1.0 1.0 1.0 1.0 1.0 1.0 1.0 1.0 1.0 1.0 1.0 1.0 1.0 1.0 1.0 1.0 1.0 1.0 1.0 1.0 1.0 1.0 1.0 1.0 1.0 1.0 1.0 1.0 1.0 1.0 1.0 1.0 1.0 1.0 1.0 1.0 1.0 1.0 1.0 1.0 1.0 1.0 1.0 1.0 1.0 1.0 1.0 1.0 1.0 1.0 1.0 1.0 1.0 1.0 1.0 1.0 1.0 1.0 1.0 1.0 1.0 1.0 1.0 1.0 1.0 1.0 1.0 1.0 1.0 1.0 1.0 1.0 1.0 1.0 1.0 1.0 1.0 1.0 1.0 1.0 1.0 1.0 1.0 1.0 1.0 1.0 1.0 1.0 1.0 1.0 1.0 1.0 1.0 1.0 1.0 1.0 1.0 1.0 1.0 1.0 1.0 1.0 1.0 1.0 1.0 1.0 1.0 1.0 1.0 1.0 1.0 1.0 1.0 1.0 1.0 1.0 1.0 1.0 1.0 1.0 1.0 1.0 1.0 1.0 1.0 1.0 1.0 1.0 1.0 1.0 1.0 1.0 1.0 1.0 1.0 1.0 1.0 1.0 1.0 1.0 1.0 1.0 1.0 1.0 1.0 1.0 1.0 1.0 1.0 1.0 1.0 1.0 1.0 1.0 1.0 1.0 1.0 1.0 1.0 1.0 1.0 1.0 1.0 1.0 1.0 1.0 1.0 1.0 1.0 1.0 1.0 1.0 1.0 1.0 1.0 1.0 1.0 1.0 1.0 1.0 1.0 1.0 1.0 1.0 1.0 1.0 1.0 1.0 1.0 1.0 1.0 1.0 1.0 1.0 1.0 1.0 1.0 1.0 1.0 1.0 1.0 1.0 1.0 1.0 1.0 1.0 1.0 1.0 1.0 1.0 1.0 1.0 1.0 1.0 1.0 1.0 1.0 1.0 1.0 1.0
29
25 31 38 45 66 72 97 103 105 109 113 122 142 163 169 175 177 180 181 193 199 211 238 266 274 289 290 291 297
31
3 20 26 28 55 56 78 84 88 91 92 93 103 109 120 132 149 156 176 182 185 188 209 211 217 218 251 254 257 274 285
27
3 6 15 43 54 74 95 102 103 114 120 132 161 165 167 190 197 199 201 203 256 276 280 283 286 292 293
41
1 2 4 5 14 23 32 48 55 58 59 63 64 69 76 81 82 97 105 118 123 132 135 138 143 144 157 179 186 204 214 229 237 255 267 271 275 278 291 296 298
35
11 13 27 41 46 50 57 72 75 87 94 105 127 131 134 140 157 165 184 188 195 221 222 224 230 251 254 263 266 269 270 272 285 287 291
32
2 3 10 16 23 31 44 52 61 79 82 91 95 98 100 102 146 148 152 153 154 157 165 173 181 185 201 234 243 247 271 276
28
7 14 21 34 39 44 57 64 74 84 88 93 113 128 130 141 155 159 162 171 210 215 232 264 272 275 288 300
31
1 18 29 42 44 60 77 84 102 104 107 111 149 153 156 165 184 190 200 202 208 212 213 225 226 237 245 261 262 266 293
22
9 15 30 56 70 87 89 95 105 129 135 154 155 165 188 204 208 269 277 279 292 295
31
1 10 12 23 33 40 71 85 89 96 104 115 120 129 136 151 162 163 175 178 180 196 211 213 225 233 238 243 265 287 292
29
11 32 38 39 44 47 57 64 70 88 121 126 127 128 140 154 169 189 196 202 224 225 235 256 257 263 285 286 295
39
1 10 20 37 41 52 58 65 67 68 73 81 94 97 98 100 105 106 109 131 136 143 158 180 186 196 209 213 218 230 244 246 249 250 259 261 266 270 281
33
14 17 27 31 34 54 57 64 78 86 96 108 114 140 168 170 183 188 190 191 207 221 227 232 233 234 238 245 247 253 255 285 288
31
2 8 19 35 38 39 66 70 75 83 112 120 130 134 138 143 165 168 180 182 186 189 198 223 234 249 278 279 283 285 298
28
2 13 27 51 59 65 75 78 88 128 134 135 142 172 186 195 200 202 203 204 220 249 255 271 278 281 284 285
34
8 10 25 31 37 40 54 64 72 73 78 81 91 108 112 114 119 139 142 149 158 167 178 187 195 208 213 219 234 246 256 257 260 277
25
12 31 34 38 39 54 66 76 85 89 139 151 157 161 190 195 201 236 248 256 260 280 284 292 300
26
6 32 41 50 57 75 92 103 107 132 133 142 172 178 179 186 196 203 222 228 235 248 271 281 282 285
18
17 19 20 24 39 60 113 137 151 194 196 203 212 217 221 232 244 262
27
17 29 42 44 58 69 70 96 100 113 135 141 153 158 165 169 171 172 181 184 185 202 207 229 231 247 293
31
6 10 18 21 37 43 45 52 60 64 70 76 94 95 98 99 106 108 126 167 179 190 194 205 208 210 219 234 262 284 288
30
2 4 15 19 26 57 62 67 78 87 93 98 106 113 122 148 150 153 154 176 178 187 195 212 214 218 245 246 263 269
35
6 11 15 18 19 34 39 54 60 63 82 83 88 90 98 106 111 125 131 146 168 174 178 189 192 194 200 204 230 237 273 283 290 293 298
29
18 26 39 45 55 63 65 75 78 85 95 110 124 139 142 153 156 164 183 184 203 215 216 223 229 238 254 264 276
33
14 28 98 122 149 151 164 166 167 172 175 183 190 194 195 196 208 211 219 231 237 242 245 247 251 258 267 272 273 276 287 288 293
36
2 3 8 10 13 16 31 33 35 36 37 42 49 50 52 54 62 100 124 152 155 156 164 165 174 183 196 220 242 253 266 267 271 273 278 284
22
36 45 74 86 93 94 110 147 152 164 188 193 213 217 223 226 239 241 245 257 274 278
40
13 16 19 41 44 56 58 70 73 78 81 93 98 99 105 114 118 130 139 141 149 160 169 172 176 198 202 207 211 236 237 249 261 275 281 283 285 293 295 299
19
35 49 75 112 134 176 188 189 191 192 193 203 209 222 225 228 238 244 255
31
11 13 28 30 43 44 47 49 75 102 105 139 145 163 175 206 213 240 251 257 259 268 269 270 274 277 281 282 294 295 299
38
32 49 50 68 72 85 87 93 99 109 111 112 118 126 131 132 137 139 142 145 160 171 174 193 207 216 222 225 226 238 241 254 258 276 278 286 293 298
26
32 38 42 45 60 66 67 97 138 143 152 165 173 189 194 213 221 227 231 241 245 247 261 270 283 289
29
4 6 7 23 36 38 40 81 107 114 139 144 163 168 170 175 177 189 197 206 213 222 223 230 233 249 277 281 296
37
9 11 15 29 34 41 47 54 73 77 85 96 97 109 111 127 135 139 147 151 160 163 179 191 198 200 208 212 213 215 244 259 268 271 283 291 299
36
13 23 29 30 43 58 69 71 87 108 117 119 120 124 125 138 141 152 168 169 178 201 217 224 226 230 249 253 257 258 265 276 277 292 293 296
24
14 26 30 31 49 65 67 69 94 117 121 148 153 154 157 161 170 202 203 217 264 274 282 298
30
3 6 19 21 51 55 56 57 90 91 92 95 100 104 114 158 164 174 178 188 192 201 232 233 251 268 269 275 278 285
32
9 18 22 25 27 38 46 57 61 86 101 106 109 131 136 141 146 152 158 175 178 181 195 214 220 230 247 261 269 275 286 287
27
2 29 32 41 56 76 81 86 104 115 131 147 153 160 166 171 174 175 191 215 228 239 242 268 278 289 299
33
5 6 8 19 28 33 40 58 76 93 95 98 117 118 119 138 139 146 175 191 202 220 225 228 244 248 249 250 277 287 289 297 298
29
7 34 58 73 83 111 122 124 136 140 147 164 168 171 181 192 194 196 199 204 211 213 246 258 262 267 278 283 284
29
5 9 12 14 19 24 28 44 56 58 72 78 83 98 115 116 161 171 178 198 200 204 207 216 234 237 242 281 284
30
21 47 56 66 73 76 79 81 106 145 165 177 183 188 189 190 194 195 200 203 204 217 235 249 253 259 269 286 289 293
23
25 45 49 62 73 78 80 120 127 130 133 140 156 165 172 197 223 240 256 263 266 278 288
32
6 9 22 37 46 48 53 54 56 58 70 83 86 89 123 130 154 157 172 200 204 210 218 229 230 248 261 265 278 281 296 297
32
22 27 30 57 71 77 82 93 97 114 134 135 139 153 159 166 187 198 210 213 223 228 237 238 260 262 265 275 276 284 288 297
32
1 12 43 67 73 81 103 108 114 135 145 157 181 182 191 192 199 200 204 206 220 228 237 261 264 265 280 287 288 293 294 297
31
3 11 18 21 23 47 50 57 66 97 98 112 116 119 138 146 157 159 161 193 204 205 209 214 220 223 224 244 255 268 291
43
9 11 26 38 42 61 62 65 70 73 78 84 88 94 98 99 101 120 121 125 127 129 133 141 151 152 159 163 172 186 192 200 201 213 229 235 263 267 270 271 275 279 293
31
6 10 17 37 61 62 86 92 93 97 99 107 132 136 162 189 206 214 227 228 229 230 231 234 258 270 277 279 282 286 296
24
2 3 18 20 33 34 47 52 59 93 112 162 168 175 202 204 227 234 237 240 259 277 288 289
44
4 20 31 37 40 42 53 55 64 84 85 87 89 97 99 100 105 109 119 123 130 131 132 135 137 162 171 178 186 188 190 205 208 210 217 222 235 243 258 259 270 279 282 289
33
2 15 24 82 87 95 108 121 126 134 137 145 151 158 174 180 183 186 198 212 213 223 233 237 238 259 265 267 272 273 282 284 295
23
37 42 57 66 91 130 135 142 157 163 174 183 185 186 192 200 206 212 218 220 268 277 294
43
6 12 15 20 25 28 42 48 51 61 62 63 77 79 82 88 97 100 111 114 117 125 136 149 156 161 165 171 181 183 200 205 213 218 221 233 235 238 256 257 268 273 287
29
19 36 47 50 56 77 83 88 90 108 118 134 138 145 156 165 174 176 177 187 191 194 207 231 232 239 245 251 288
29
1 5 10 11 50 53 72 76 78 118 122 127 132 136 140 145 148 159 173 183 187 189 194 200 208 225 254 257 296
31
2 4 20 22 33 40 72 89 113 114 122 126 142 150 152 166 167 171 174 175 182 201 205 213 225 235 245 248 249 266 284
20
2 4 68 69 106 124 131 145 165 187 188 197 208 213 220 229 237 270 283 298
29
2 13 18 27 36 67 81 85 100 102 103 108 122 131 152 158 181 189 191 198 218 220 229 259 273 279 280 288 290
39
1 4 6 20 29 36 38 56 62 65 69 71 79 87 91 104 117 142 144 148 154 178 188 191 210 211 212 213 215 219 220 224 229 237 243 256 267 274 297
29
11 25 31 40 62 68 72 92 93 100 101 135 143 144 155 158 163 177 186 189 194 200 220 222 231 244 253 273 297
25
4 18 25 45 62 66 102 121 129 134 141 143 163 168 174 185 223 234 257 259 271 279 288 290 299
28
12 19 23 53 54 81 85 98 107 114 119 128 134 148 170 171 174 178 202 236 243 244 261 271 281 293 296 299
31
10 28 44 50 61 68 71 72 74 76 81 89 99 110 115 117 128 132 136 172 181 213 221 230 240 255 263 274 280 285 290
38
1 6 8 26 28 29 52 65 68 73 75 79 107 109 110 111 119 121 137 141 159 178 199 207 210 213 229 237 241 244 253 258 266 274 287 290 291 299
27
3 16 22 41 56 63 78 83 96 100 116 118 127 165 183 193 196 197 240 241 251 265 271 275 278 285 290
34
13 16 23 37 47 49 52 64 94 95 98 113 133 144 146 155 161 166 168 172 178 199 210 234 242 244 245 251 258 269 272 281 285 297
31
9 13 14 18 23 26 41 52 53 63 72 94 95 100 122 127 140 141 146 179 183 193 215 237 238 245 258 262 281 284 296
33
7 16 29 34 51 56 57 68 71 95 101 105 113 121 130 144 160 168 172 173 174 185 210 217 222 233 253 260 263 265 268 277 283
30
9 14 17 23 64 74 80 109 113 118 124 147 155 159 161 162 164 189 191 193 212 224 230 234 240 250 251 252 262 300
27
1 3 8 37 40 59 75 78 79 90 91 106 112 133 141 147 152 189 194 224 235 239 246 248 250 273 284
36
11 16 39 40 43 61 64 66 68 76 83 90 99 102 108 110 112 118 119 128 135 137 142 151 154 158 172 186 195 202 237 251 265 269 271 296
24
4 8 10 32 70 77 111 125 142 146 153 163 186 191 198 209 211 233 241 246 257 266 278 284
29
12 30 31 51 52 57 58 64 68 73 88 110 116 122 126 137 144 150 161 167 178 183 190 196 199 205 214 250 264
39
3 15 20 23 30 46 51 64 65 68 70 74 77 79 83 89 93 95 96 98 106 118 119 124 138 162 183 188 189 207 218 222 230 244 257 277 285 287 291
25
1 9 27 29 36 40 56 57 102 105 106 116 119 132 136 161 170 190 237 239 258 282 283 289 300
31
2 3 4 19 31 42 46 87 93 108 111 113 122 128 129 136 141 144 146 178 187 189 190 195 197 202 206 213 222 254 268
29
5 7 9 28 31 35 36 37 42 44 70 77 110 125 138 168 176 188 191 192 197 207 208 212 243 249 280 295 299
27
6 14 16 33 49 68 71 73 76 82 94 99 104 117 132 133 156 162 185 193 198 202 223 250 252 259 283
37
4 16 18 22 37 45 58 67 77 79 91 104 119 122 144 146 167 177 180 184 188 192 196 200 206 209 216 224 228 239 241 283 286 287 288 291 294
26
15 18 22 41 83 92 106 112 131 140 148 160 174 176 186 196 201 206 216 228 247 254 261 268 289 299
17
21 26 33 35 40 71 75 86 93 126 164 193 211 219 240 245 291
27
2 24 47 64 77 90 109 117 124 132 142 147 164 172 187 195 199 204 207 224 230 282 291 292 293 296 297
32
3 12 13 18 30 56 59 102 108 115 121 122 127 134 138 141 147 166 167 172 182 203 214 215 240 247 250 265 282 285 292 299
32
8 26 30 31 63 65 70 82 88 94 102 105 107 122 125 151 153 158 165 167 177 187 190 221 229 230 247 255 264 272 277 286
29
8 17 27 42 56 64 95 110 122 135 138 147 153 158 173 181 185 192 227 228 242 247 249 269 272 274 284 286 297
24
5 7 16 23 30 31 84 85 111 124 152 161 172 190 211 241 242 244 249 254 260 281 284 300
33
5 18 58 62 65 69 75 78 86 96 105 124 129 133 146 166 168 170 172 180 181 198 227 228 231 234 238 260 263 268 269 294 296
30
3 22 24 36 39 55 67 72 73 75 82 86 94 112 115 132 135 145 189 201 205 207 219 262 267 269 270 272 294 300
27
8 18 19 30 62 64 74 88 101 108 117 120 135 137 173 189 196 201 204 225 226 250 256 275 277 280 289
40
7 20 34 38 44 62 67 69 71 73 74 84 89 93 95 107 122 132 137 147 149 160 164 172 174 182 189 211 213 219 226 233 236 260 271 273 274 284 285 289
26
2 4 22 25 44 45 67 70 105 111 123 133 147 155 162 171 173 189 252 254 259 269 275 277 293 294
36
6 17 24 33 45 46 47 61 62 75 76 82 93 94 104 105 106 109 118 121 139 159 177 178 182 196 208 212 222 231 238 276 279 282 287 293
29
7 8 11 38 68 75 80 81 82 84 87 88 91 100 109 130 160 207 213 218 230 233 236 247 249 251 272 277 299
28
7 24 33 43 71 111 129 163 176 183 192 199 200 202 203 205 207 212 235 249 252 261 263 264 271 277 294 297
37
18 19 20 43 57 75 81 85 105 107 112 113 114 152 160 163 168 169 171 179 180 182 183 184 200 202 209 211 213 215 230 242 244 262 265 282 287
25
1 28 56 57 58 60 67 86 89 99 102 105 136 159 162 166 167 176 178 198 207 226 234 251 266
17
20 35 42 132 137 149 156 157 195 197 206 219 239 251 257 264 273
27
43 45 55 80 83 93 130 137 138 147 151 159 166 184 189 193 200 214 216 224 233 256 258 263 264 265 282
30
1 2 3 7 12 19 28 52 58 72 73 87 110 126 132 136 150 168 178 180 197 199 207 233 246 252 255 267 269 296
35
11 30 31 45 48 54 67 69 70 84 85 88 90 92 109 113 124 130 139 148 180 186 204 213 226 228 229 253 259 262 266 269 270 272 287
33
11 27 30 64 67 73 75 91 95 109 120 121 128 140 162 173 181 182 196 206 214 234 252 253 257 260 267 268 276 278 289 290 292
27
29 31 33 41 42 44 45 57 58 74 84 87 88 92 143 148 161 171 176 189 203 224 243 244 279 281 285
32
8 12 29 48 51 56 59 66 69 84 88 89 139 159 161 169 174 179 182 187 191 207 209 211 218 226 260 269 276 290 291 293
28
45 60 61 72 96 97 98 103 125 135 139 144 149 158 186 199 207 224 229 230 244 254 256 268 280 287 292 296
32
4 9 15 16 20 56 57 72 81 83 93 104 110 114 130 136 157 178 186 188 198 204 215 224 225 229 234 260 268 269 272 297
27
5 13 16 21 30 42 83 102 105 112 114 126 129 149 155 188 196 197 207 227 229 230 239 256 275 286 293
29
27 44 46 49 50 51 54 62 74 82 108 118 127 142 152 159 160 166 169 178 184 195 215 216 241 251 266 268 289
32
9 22 33 35 42 47 48 54 65 75 80 96 99 109 113 135 164 175 176 178 188 198 199 217 230 235 246 255 274 283 292 300
35
1 7 14 32 36 39 49 57 69 72 80 104 124 128 129 142 145 180 182 183 184 193 204 206 210 247 251 252 256 263 267 275 277 281 297
26
6 14 19 24 25 27 31 32 55 95 122 132 157 167 168 191 211 220 246 271 273 278 279 288 291 292
36
9 15 18 30 34 66 68 70 74 87 97 104 119 122 146 147 170 177 184 189 192 201 202 210 221 223 231 232 241 252 253 256 278 280 290 299
22
6 14 60 68 81 86 92 96 98 116 123 130 133 137 144 150 151 188 209 214 227 286
35
5 6 10 11 21 48 51 63 76 79 84 86 98 123 124 125 133 148 157 182 186 187 189 208 224 236 237 244 263 267 273 274 280 293 299
30
2 4 8 22 29 61 72 87 91 103 108 125 132 136 139 140 144 155 158 171 196 217 229 238 254 263 271 279 293 299
28
12 36 38 47 51 60 69 100 122 123 130 140 147 148 156 169 175 183 194 204 205 207 208 221 237 252 266 278
22
11 47 62 66 68 89 101 106 142 146 181 184 189 208 216 229 233 257 265 267 273 295
27
12 17 23 30 33 53 55 65 78 80 82 83 97 109 118 130 142 150 151 170 172 198 239 250 255 273 283
27
16 27 73 76 80 96 103 109 133 134 140 146 152 165 182 216 219 221 227 234 258 266 268 270 282 299 300
33
15 19 23 34 57 60 62 72 92 95 99 114 115 118 128 140 141 144 152 155 174 178 180 188 191 194 248 259 277 290 291 298 300
29
4 16 31 34 38 40 47 48 54 58 68 88 100 113 122 127 139 140 144 180 202 209 224 236 251 253 266 288 292
34
11 12 16 39 47 51 66 73 74 76 77 79 82 83 93 105 117 124 130 134 140 151 166 176 177 191 199 204 207 228 230 240 245 282
29
2 7 10 12 28 29 31 33 43 44 71 82 108 109 122 125 139 145 153 163 183 220 226 244 273 286 292 298 299
32
1 8 9 21 29 34 47 51 53 59 77 88 92 94 101 118 119 123 124 132 133 134 165 173 203 204 209 216 228 269 273 290
41
5 10 18 29 32 38 49 51 53 81 91 112 115 118 124 129 147 152 157 168 170 201 206 210 212 221 222 226 227 234 243 251 252 253 258 265 271 272 274 294 299
29
37 47 52 63 68 74 89 93 99 102 126 130 134 140 143 158 166 170 212 217 219 229 252 256 269 278 285 287 291
33
1 11 17 31 36 47 48 68 69 70 76 84 98 102 111 113 122 136 146 157 167 198 208 209 222 228 237 266 268 273 279 282 297
28
4 6 35 36 44 45 47 49 89 102 103 113 137 162 168 173 174 187 191 198 203 217 219 235 240 246 249 285
22
8 13 84 88 97 112 136 138 150 160 169 190 195 206 229 250 257 267 272 273 290 295
16
16 30 54 62 69 89 130 147 159 178 199 232 257 262 268 279
36
1 8 21 30 37 47 48 62 81 86 87 88 90 111 136 148 155 160 162 167 183 186 187 204 207 212 236 252 257 263 274 275 281 296 298 300
29
7 27 34 35 39 40 79 89 91 93 102 108 109 114 143 144 146 149 151 174 185 187 188 204 205 220 243 277 295
30
7 10 27 29 31 41 49 53 59 98 103 113 117 119 123 127 145 157 176 185 203 207 213 225 236 248 255 264 287 296
26
9 23 31 37 41 43 46 87 88 102 103 104 115 123 128 136 167 168 213 238 241 255 278 292 296 299
25
1 13 24 33 39 47 55 111 112 114 119 154 172 173 182 183 184 196 199 203 216 226 227 264 266
25
7 9 29 33 43 48 53 67 83 90 92 101 111 117 119 123 130 132 141 168 174 181 192 199 229
32
13 24 35 43 50 54 66 87 94 96 105 109 122 128 142 157 159 182 185 191 195 197 217 235 245 254 260 274 278 290 296 300
30
11 14 19 26 33 44 47 51 56 65 77 82 98 119 133 135 141 150 153 161 174 181 190 212 214 222 224 258 262 300
40
1 2 12 24 29 32 36 37 38 44 47 52 63 70 80 82 83 85 106 108 114 121 145 153 156 157 159 177 182 205 224 231 232 237 239 247 250 261 277 288
29
18 27 35 64 68 83 103 112 142 154 158 159 168 172 203 208 219 222 235 239 242 252 260 264 266 273 286 291 300
32
25 60 68 72 76 77 80 82 96 99 101 114 122 123 146 155 156 169 174 182 211 227 229 231 234 256 263 265 268 270 278 300
28
10 12 29 54 56 63 79 92 95 99 105 109 121 130 135 146 156 191 201 204 207 229 239 251 264 270 271 279
27
1 4 42 44 54 87 106 112 126 135 141 144 146 149 166 182 192 193 196 207 235 245 248 259 275 285 286
39
10 11 18 20 29 50 65 69 78 79 100 103 116 119 126 133 169 172 186 194 210 212 220 223 226 240 247 250 251 257 268 276 279 280 282 284 285 296 298
29
11 25 45 50 52 67 72 79 85 88 98 101 104 108 113 116 119 124 134 139 142 153 183 186 193 241 250 278 293
26
16 32 33 37 41 51 72 94 132 147 149 161 171 186 193 196 204 205 209 229 239 245 263 275 287 296
27
1 15 20 22 28 30 44 49 65 106 122 133 137 160 165 166 167 170 200 203 223 228 240 246 262 281 300
31
3 20 26 32 40 82 91 95 96 109 116 120 128 134 140 144 150 168 175 176 178 183 191 218 235 236 241 246 252 266 276
19
2 20 24 65 78 101 102 109 152 165 172 173 176 194 230 231 271 283 284
