100 200
1.0 1.0 1.0 1.0 1.0 1.0 1.0 1.0 1.0 1.0 1.0 1.0 1.0 1.0 1.0 1.0 1.0 1.0 1.0 1.0 1.0 1.0 1.0 1.0 1.0 1.0 1.0 1.0 1.0 1.0 1.0 1.0 1.0 1.0 1.0 1.0 1.0 1.0 1.0 1.0 1.0 1.0 1.0 1.0 1.0 1.0 1.0 1.0 1.0 1.0 1.0 1.0 1.0 1.0 1.0 1.0 1.0 1.0 1.0 1.0 1.0 1.0 1.0 1.0 1.0 1.0 1.0 1.0 1.0 1.0 1.0 1.0 1.0 1.0 1.0 1.0 1.0 1.0 1.0 1.0 1.0 1.0 1.0 1.0 1.0 1.0 1.0 1.0 1.0 1.0 1.0 1.0 1.0 1.0 1.0 1.0 1.0 1.0 1.0 1.0 1.0 1.0 1.0 1.0 1.0 1.0 1.0 1.0 1.0 1.0 1.0 1.0 1.0 1.0 1.0 1.0 1.0 1.0 1.0 1.0 1.0 1.0 1.0 1.0 1.0 1.0 1.0 1.0 1.0 1.0 1.0 1.0 1.0 1.0 1.0 1.0 1.0 1.0 1.0 1.0 1.0 1.0 1.0 1.0 1.0 1.0 1.0 1.0 1.0 1.0 1.0 1.0 1.0 1.0 1.0 1.0 1.0 1.0 1.0 1.0 1.0 1.0 1.0 1.0 1.0 1.0 1.0 1.0 1.0 1.0 1.0 1.0 1.0 1.0 1.0 1.0 1.0 1.0 1.0 1.0 1.0 1.0 1.0 1.0 1.0 1.0 1.0 1.0 1.0 1.0 1.0 1.0 1.0 1.0 1.0 1.0 1.0 1.0 1.0 1.0
21
3 10 32 33 37 48 50 59 62 78 103 104 113 122 130 133 143 155 158 176 196
20
20 25 34 43 51 55 56 64 93 102 111 121 124 144 155 161 168 188 191 198
20
7 16 40 41 49 54 59 61 65 117 119 124 127 135 149 150 159 164 185 190
19
2 12 21 34 39 42 43 45 50 58 93 98 102 113 115 133 141 177 195
22
4 15 20 41 76 78 83 93 104 110 121 122 124 125 138 144 160 166 189 190 191 195
23
3 27 50 55 61 71 77 84 88 90 99 113 114 122 128 130 160 161 170 178 179 195 200
19
17 24 44 63 70 96 102 103 111 126 133 136 141 158 164 172 175 176 182
26
2 14 19 51 60 70 80 81 89 96 99 109 111 112 121 124 126 131 133 152 153 164 173 190 194 197
20
7 18 19 33 39 56 77 87 91 93 125 143 148 149 151 176 182 186 187 194
18
13 41 50 73 85 99 119 121 125 128 131 146 153 161 175 179 185 186
17
16 36 39 44 62 75 77 91 122 125 131 133 153 167 194 196 197
21
6 33 45 47 50 54 55 59 70 73 83 86 138 140 158 165 168 188 190 191 192
25
1 3 6 7 16 22 44 57 59 73 77 89 100 107 128 129 138 154 156 157 167 173 184 191 192
16
9 13 42 43 69 79 101 102 105 127 129 162 172 186 192 195
16
1 11 26 33 34 40 47 84 97 105 115 139 164 181 188 199
18
7 24 39 43 46 52 53 58 66 80 83 85 91 101 104 128 175 185
24
3 5 8 11 20 22 31 32 35 52 68 77 96 108 109 121 134 142 166 167 168 170 183 193
16
9 24 36 51 62 68 78 79 90 93 108 121 158 167 181 196
26
3 10 27 29 31 51 53 54 58 67 68 77 81 99 102 109 115 127 134 139 141 159 165 179 189 193
18
8 10 19 29 43 50 86 87 107 115 116 159 167 170 179 187 189 190
19
2 8 18 23 29 30 54 95 113 117 125 127 134 137 139 141 144 163 171
25
4 9 16 32 38 55 57 72 74 92 99 102 114 117 119 132 153 156 157 170 176 177 182 191 198
21
4 20 26 33 35 37 49 50 62 71 78 104 116 130 131 136 139 144 177 192 195
23
4 15 51 57 65 86 90 92 100 107 111 129 131 147 153 160 164 177 180 188 196 198 199
34
2 13 18 19 26 34 39 43 46 55 62 66 72 73 84 87 92 104 108 109 113 123 124 136 140 146 148 150 153 156 167 173 191 199
23
5 6 9 14 15 20 31 32 34 77 80 89 108 110 113 135 152 167 171 177 192 193 194
19
20 24 36 49 58 59 68 69 71 86 89 101 110 113 136 157 163 172 178
22
8 11 20 35 51 61 70 73 81 87 101 109 117 119 128 138 155 166 180 189 193 197
15
15 23 70 89 96 125 134 138 140 152 157 174 182 186 194
21
3 5 14 67 75 101 108 115 121 123 131 140 141 145 146 159 161 172 176 199 200
9
36 96 115 117 130 132 139 160 189
20
14 18 26 27 28 41 46 47 52 62 63 64 67 81 90 91 112 116 163 167
21
1 2 6 34 46 52 56 95 103 107 118 131 134 136 154 160 171 184 186 195 200
28
6 21 22 35 41 43 51 65 80 88 96 101 105 107 123 125 130 133 137 141 150 179 183 185 194 196 199 200
21
12 13 14 29 36 44 47 64 65 67 69 73 79 89 92 95 104 143 154 172 194
23
2 9 16 35 36 47 55 75 85 91 94 96 102 120 122 126 128 134 136 159 169 173 194
15
1 4 44 49 58 80 92 108 114 119 124 143 151 166 168
21
3 24 26 43 50 61 62 65 73 78 107 108 144 153 158 159 165 167 171 172 183
20
1 4 10 17 23 59 73 76 87 92 126 128 137 151 155 176 184 194 196 197
16
17 27 28 40 54 61 86 88 105 118 128 129 159 169 186 188
20
5 26 29 33 44 51 58 77 99 100 109 130 134 151 153 167 168 188 190 196
22
1 17 19 22 24 35 36 44 48 82 85 92 95 102 105 108 155 158 182 186 196 199
18
7 15 29 30 38 61 64 73 78 81 103 122 125 132 153 186 189 195
22
13 19 29 44 49 54 60 68 69 70 87 92 110 114 115 121 134 136 142 147 159 200
25
7 10 16 21 25 49 63 64 73 81 86 90 92 102 108 111 124 129 145 150 154 156 166 172 176
20
3 10 11 19 22 48 56 63 93 99 105 113 121 125 129 138 139 145 147 153
22
3 24 32 36 38 52 59 68 79 84 90 93 100 107 129 131 142 149 173 180 185 189
15
45 49 53 74 87 91 100 103 151 157 172 173 174 183 195
20
11 19 23 24 48 57 79 88 90 134 139 149 150 151 159 160 162 180 192 194
24
15 19 22 28 31 38 47 78 83 96 97 107 113 114 135 137 146 149 157 159 173 190 195 199
24
2 6 12 21 40 42 65 79 89 92 99 103 106 126 128 138 151 153 162 173 180 196 199 200
19
10 11 25 26 28 50 65 81 83 93 95 100 101 110 113 139 142 176 183
25
4 5 16 23 31 34 36 45 50 62 75 81 118 146 152 154 158 159 163 169 171 172 175 191 200
22
14 24 28 31 68 70 77 82 90 102 114 115 120 121 139 157 163 166 168 169 170 176
33
2 7 8 21 25 28 29 32 34 41 42 46 48 55 61 64 72 82 85 86 104 131 139 147 151 152 160 171 175 183 185 190 192
24
7 29 32 35 45 47 48 51 59 67 77 82 86 93 104 105 106 110 127 137 143 150 196 199
24
6 15 50 65 85 93 99 104 106 116 129 145 154 172 177 179 180 181 186 188 190 195 198 199
22
5 6 18 33 35 37 38 39 48 68 74 84 90 97 108 134 141 142 149 176 193 199
18
18 20 25 26 27 58 65 83 87 101 106 132 140 141 149 153 162 170
23
2 13 23 42 61 71 78 89 94 105 106 108 113 116 123 147 150 153 160 169 189 196 198
23
11 13 20 35 43 44 53 58 73 78 79 81 83 87 106 120 133 138 140 154 174 194 197
16
2 21 45 56 67 70 81 100 107 125 140 141 177 182 187 191
15
1 7 41 70 92 94 101 119 122 144 148 149 166 182 199
14
18 78 88 91 103 121 125 134 135 160 164 168 173 198
16
25 32 33 46 47 54 84 90 94 126 134 135 182 193 197 198
19
3 4 9 21 34 36 44 61 101 139 147 148 155 167 169 177 180 189 198
18
21 24 26 32 40 70 71 72 73 82 130 133 143 146 167 174 187 200
24
24 30 38 42 53 55 57 64 75 80 83 85 98 100 134 137 138 147 153 168 171 188 197 200
24
14 15 27 56 70 82 90 100 117 122 138 141 146 151 163 173 174 175 180 188 189 192 195 197
23
8 9 17 26 51 64 70 71 72 74 78 90 92 100 105 116 121 125 128 129 162 167 187
21
8 10 12 14 17 20 32 38 44 46 48 74 84 125 130 141 171 173 188 192 195
22
3 4 20 21 23 25 26 34 38 65 98 100 102 115 129 131 139 144 154 172 188 193
28
2 8 18 26 35 36 55 60 63 64 70 94 96 98 125 126 130 140 146 148 153 171 173 178 184 190 191 193
17
16 21 33 45 51 64 79 81 83 96 98 100 112 118 129 131 167
18
4 30 43 45 62 66 85 89 91 99 100 144 149 160 191 192 195 198
19
6 11 29 33 38 39 63 75 82 89 98 114 132 139 146 168 176 186 191
15
10 38 41 56 75 94 95 96 118 123 141 151 182 188 200
25
5 8 19 20 31 34 66 74 84 101 102 106 130 134 135 146 157 158 167 172 178 188 192 196 198
23
38 41 56 62 75 77 88 92 93 94 112 113 121 122 142 143 144 147 160 162 167 171 189
23
15 16 17 18 28 35 39 40 48 50 51 55 70 75 95 118 131 148 150 153 162 171 200
27
3 4 9 38 41 46 49 52 69 73 74 75 76 78 81 83 94 104 119 126 147 148 154 160 162 177 198
19
11 23 32 44 47 70 77 81 90 100 104 116 128 130 141 157 186 194 195
24
3 15 17 25 27 30 33 41 43 50 51 72 82 83 99 117 141 143 160 176 180 183 185 187
19
3 9 15 36 47 57 69 70 77 83 89 97 99 140 162 171 177 183 188
19
16 19 26 48 55 58 63 74 83 90 141 142 144 145 151 165 166 180 182
24
23 25 31 32 47 48 55 58 73 103 104 111 119 141 152 154 155 166 173 174 178 181 185 189
25
5 11 12 14 15 20 31 46 52 59 75 86 96 102 103 114 122 125 149 154 165 166 171 182 187
13
10 11 18 22 27 42 62 117 119 136 196 197 198
21
9 21 48 49 56 71 73 84 88 92 93 94 111 112 113 120 132 150 165 167 193
29
7 8 11 15 16 22 26 41 45 50 59 73 87 95 100 103 111 114 117 129 130 135 137 139 148 166 172 179 196
17
4 8 39 51 56 116 121 123 136 155 162 164 168 173 174 195 196
23
16 27 31 34 36 37 40 41 43 48 50 58 63 67 68 69 77 102 115 123 156 178 196
22
6 12 17 34 46 52 61 63 72 86 105 114 116 123 130 138 141 145 164 181 192 198
11
20 27 58 59 60 61 73 77 131 143 182
24
11 16 18 24 26 58 76 94 101 110 111 129 130 137 138 141 142 155 156 164 182 184 195 198
14
20 53 86 103 104 105 111 116 145 147 154 168 180 200
20
9 12 14 34 39 73 82 84 89 116 123 124 126 127 129 148 149 155 182 194
23
28 39 45 48 64 73 76 85 103 105 117 137 148 155 161 165 166 172 180 191 192 193 197
21
5 27 29 31 46 48 55 57 67 71 74 79 80 81 88 113 124 132 152 160 197
18
2 30 38 42 48 64 65 75 78 89 115 118 126 127 141 169 171 196
