50 100
1.0 1.0 1.0 1.0 1.0 1.0 1.0 1.0 1.0 1.0 1.0 1.0 1.0 1.0 1.0 1.0 1.0 1.0 1.0 1.0 1.0 1.0 1.0 1.0 1.0 1.0 1.0 1.0 1.0 1.0 1.0 1.0 1.0 1.0 1.0 1.0 1.0 1.0 1.0 1.0 1.0 1.0 1.0 1.0 1.0 1.0 1.0 1.0 1.0 1.0 1.0 1.0 1.0 1.0 1.0 1.0 1.0 1.0 1.0 1.0 1.0 1.0 1.0 1.0 1.0 1.0 1.0 1.0 1.0 1.0 1.0 1.0 1.0 1.0 1.0 1.0 1.0 1.0 1.0 1.0 1.0 1.0 1.0 1.0 1.0 1.0 1.0 1.0 1.0 1.0 1.0 1.0 1.0 1.0 1.0 1.0 1.0 1.0 1.0 1.0
3
14 89 95
6
23 36 60 79 96 99
3
12 51 68
3
65 84 85
7
16 41 48 64 65 75 91
6
4 14 44 53 89 94
7
3 16 17 73 78 87 97
6
16 26 46 57 72 93
4
10 27 43 58
4
9 13 39 86
4
7 25 67 97
3
25 28 60
5
10 31 52 96 98
7
45 68 70 71 72 86 90
8
31 40 48 50 53 61 73 87
8
1 20 46 62 64 76 83 87
4
9 60 68 79
8
12 15 18 21 30 35 51 95
14
6 8 12 15 16 17 18 24 37 48 49 54 89 98
9
11 12 20 27 37 61 75 79 99
4
53 86 90 98
4
33 48 53 71
7
23 32 39 40 47 60 98
2
56 94
2
50 54
1
34
5
1 19 23 64 73
3
45 59 73
2
45 66
3
6 90 99
5
21 29 33 80 87
6
14 43 55 77 89 93
3
57 92 99
5
11 32 84 85 93
1
18
6
7 8 27 42 44 99
4
20 81 86 88
3
27 88 89
5
15 32 70 86 97
7
4 9 12 23 29 38 56
7
4 21 32 40 48 57 84
4
47 50 52 97
9
10 12 14 20 24 32 58 62 66
5
15 53 56 96 99
3
41 44 64
5
31 37 42 70 73
6
16 40 57 74 78 84
2
60 83
6
2 5 12 24 75 82
7
18 42 58 63 64 68 73
