150 300
1.0 1.0 1.0 1.0 1.0 1.0 1.0 1.0 1.0 1.0 1.0 1.0 1.0 1.0 1.0 1.0 1.0 1.0 1.0 1.0 1.0 1.0 1.0 1.0 1.0 1.0 1.0 1.0 1.0 1.0 1.0 1.0 1.0 1.0 1.0 1.0 1.0 1.0 1.0 1.0 1.0 1.0 1.0 1.0 1.0 1.0 1.0 1.0 1.0 1.0 1.0 1.0 1.0 1.0 1.0 1.0 1.0 1.0 1.0 1.0 1.0 1.0 1.0 1.0 1.0 1.0 1.0 1.0 1.0 1.0 1.0 1.0 1.0 1.0 1.0 1.0 1.0 1.0 1.0 1.0 1.0 1.0 1.0 1.0 1.0 1.0 1.0 1.0 1.0 1.0 1.0 1.0 1.0 1.0 1.0 1.0 1.0 1.0 1.0 1.0 1.0 1.0 1.0 1.0 1.0 1.0 1.0 1.0 1.0 1.0 1.0 1.0 1.0 1.0 1.0 1.0 1.0 1.0 1.0 1.0 1.0 1.0 1.0 1.0 1.0 1.0 1.0 1.0 1.0 1.0 1.0 1.0 1.0 1.0 1.0 1.0 1.0 1.0 1.0 1.0 1.0 1.0 1.0 1.0 1.0 1.0 1.0 1.0 1.0 1.0 1.0 1.0 1.0 1.0 1.0 1.0 1.0 1.0 1.0 1.0 1.0 1.0 1.0 1.0 1.0 1.0 1.0 1.0 1.0 1.0 1.0 1.0 1.0 1.0 1.0 1.0 1.0 1.0 1.0 1.0 1.0 1.0 1.0 1.0 1.0 1.0 1.0 1.0 1.0 1.0 1.0 1.0 1.0 1.0 1.0 1.0 1.0 1.0 1.0 1.0 1.0 1.0 1.0 1.0 1.0 1.0 1.0 1.0 1.0 1.0 1.0 1.0 1.0 1.0 1.0 1.0 1.0 1.0 1.0 1.0 1.0 1.0 1.0 1.0 1.0 1.0 1.0 1.0 1.0 1.0 1.0 1.0 1.0 1.0 1.0 1.0 1.0 1.0 1.0 1.0 1.0 1.0 1.0 1.0 1.0 1.0 1.0 1.0 1.0 1.0 1.0 1.0 1.0 1.0 1.0 1.0 1.0 1.0 1.0 1.0 1.0 1.0 1.0 1.0 1.0 1.0 1.0 1.0 1.0 1.0 1.0 1.0 1.0 1.0 1.0 1.0 1.0 1.0 1.0 1.0 1.0 1.0 1.0 1.0 1.0 1.0 1.0 1.0 1.0 1.0 1.0 1.0 1.0 1.0 1.0 1.0 1.0 1.0 1.0 1.0
67
15 16 19 26 27 30 32 40 46 48 49 50 54 55 57 59 62 64 72 74 81 83 84 85 93 95 96 103 106 107 113 123 128 130 142 150 157 158 163 166 168 170 180 182 188 192 193 196 204 214 219 226 230 233 237 238 242 255 260 261 267 269 271 273 276 280 293
51
6 7 21 24 26 42 50 68 72 74 75 76 81 89 94 96 109 131 137 144 149 156 161 166 179 181 183 189 192 196 198 201 231 232 234 237 244 250 253 258 261 267 270 271 276 277 282 283 284 287 290
61
2 3 17 18 27 33 34 35 36 40 41 43 46 49 52 57 66 67 73 81 83 90 92 96 97 100 103 116 124 127 129 131 132 143 146 153 158 159 167 170 172 179 188 191 203 215 216 217 218 228 235 247 253 254 257 264 270 272 279 290 291
55
2 4 7 11 12 21 22 23 25 26 34 36 43 53 54 64 67 70 76 79 81 87 89 90 93 99 100 104 108 116 120 134 140 150 170 172 181 183 184 186 203 206 207 212 221 223 226 227 247 261 274 277 278 287 300
44
1 12 13 14 21 23 38 40 41 52 57 68 75 88 101 102 106 111 116 126 129 131 133 139 153 159 173 190 196 204 212 214 225 232 251 253 259 266 267 273 278 282 293 298
69
6 12 13 15 23 24 33 38 39 42 54 56 57 72 76 82 84 90 100 105 108 111 112 113 115 116 121 128 129 133 135 142 143 144 150 154 155 162 173 181 183 187 189 193 200 202 208 212 215 224 226 231 238 239 247 248 254 259 261 263 265 268 272 277 280 286 291 295 298
49
14 16 28 44 45 72 75 116 127 128 129 132 139 142 144 147 154 155 159 165 168 170 174 178 183 191 192 193 195 196 198 201 211 212 214 217 220 237 250 251 261 268 270 274 279 283 286 288 290
48
15 17 19 22 39 41 43 75 85 87 88 93 97 99 100 108 109 114 118 122 142 149 152 156 157 159 162 172 178 179 185 198 200 205 224 230 240 243 250 254 255 257 269 272 273 277 280 281
62
2 6 8 16 20 23 34 35 36 48 51 69 72 81 83 84 88 111 113 118 119 126 128 152 154 156 157 161 169 170 172 173 175 179 186 191 192 195 203 213 215 218 221 227 228 233 247 249 251 252 259 267 268 275 279 286 290 295 296 297 299 300
67
4 5 10 11 12 16 18 19 20 26 27 35 38 39 40 44 47 48 50 54 63 81 85 86 89 98 101 102 106 115 131 143 146 147 154 158 159 162 173 176 177 183 188 192 200 202 203 210 212 215 217 224 227 228 239 240 243 244 245 248 249 252 265 266 271 272 285
59
9 12 18 22 24 26 29 31 35 39 40 43 54 60 66 72 79 83 88 94 95 113 115 119 120 130 133 136 149 152 159 161 172 175 176 186 194 200 202 203 204 212 222 223 227 230 235 236 241 243 246 247 248 267 272 289 293 299 300
56
3 5 22 24 30 32 41 42 46 50 54 56 57 71 78 88 91 93 96 102 110 116 120 122 126 127 133 146 147 160 163 169 175 176 179 190 193 199 207 208 211 214 233 235 237 239 245 254 259 264 267 282 285 289 291 293
63
3 8 16 22 27 30 41 45 49 52 60 65 66 85 88 89 90 97 100 110 112 113 114 136 138 139 161 168 175 177 178 180 182 184 194 200 201 204 206 209 212 218 220 221 230 235 239 243 245 247 254 258 265 266 270 277 279 280 285 293 297 299 300
62
4 9 10 14 15 17 19 26 27 35 40 42 45 47 76 77 88 91 98 112 113 114 116 117 120 121 129 135 138 139 140 143 145 147 150 152 162 168 186 194 204 205 214 219 222 224 225 243 248 250 251 253 261 271 272 281 282 286 287 288 289 296
43
25 29 36 43 45 61 65 70 73 76 88 90 106 112 113 115 127 131 137 145 148 155 156 157 165 167 174 176 182 188 196 199 205 224 226 236 242 259 262 271 281 283 299
63
2 4 7 11 12 22 23 30 43 45 48 50 54 55 58 60 63 76 79 81 96 103 112 119 125 133 136 139 141 142 143 146 156 166 172 177 180 185 208 209 210 213 217 218 223 225 240 245 248 250 256 264 271 277 279 283 285 287 288 293 295 296 298
65
4 19 41 45 50 57 59 64 65 67 70 71 74 78 81 85 86 87 89 94 100 101 103 105 112 113 120 121 127 130 131 138 146 150 153 157 161 166 175 178 182 185 191 203 210 218 220 224 232 234 235 236 238 240 243 244 248 253 261 265 276 286 293 295 299
68
1 4 5 6 19 21 29 30 35 47 50 51 52 55 59 60 63 64 66 67 74 80 81 97 104 112 113 128 135 136 141 147 152 154 158 160 173 179 189 192 194 198 203 204 210 213 214 215 219 223 225 227 236 244 251 255 259 260 271 273 276 281 283 287 289 292 293 299
60
2 6 10 14 17 20 25 29 33 38 44 57 59 61 71 86 87 91 105 106 112 113 115 119 125 129 140 143 149 150 153 155 157 164 170 172 176 193 197 198 205 209 214 215 218 229 230 240 254 255 262 265 267 269 274 280 282 289 290 294
43
6 11 13 17 24 38 39 57 67 69 82 83 98 99 103 108 110 116 123 124 152 159 160 166 173 177 178 181 190 191 207 209 213 216 224 227 232 234 239 242 248 257 268
53
10 18 29 31 37 39 41 48 49 50 62 69 84 85 87 92 100 114 124 129 130 133 137 139 141 144 155 156 157 158 162 163 165 166 181 186 195 199 201 209 216 229 235 243 245 251 253 268 276 277 278 282 285
61
4 6 7 13 15 17 27 29 30 36 41 50 56 57 62 73 85 100 101 110 113 116 117 126 129 137 142 143 150 153 156 159 162 164 168 175 182 189 194 196 204 206 208 209 212 214 218 220 226 240 249 266 268 269 271 275 283 286 288 296 300
51
1 5 8 13 19 22 24 36 40 48 51 53 57 61 67 69 74 82 90 93 103 104 109 116 130 132 135 138 153 159 169 170 173 175 185 188 192 196 209 218 219 224 227 243 254 262 268 272 285 286 299
58
1 5 8 10 12 18 25 27 29 31 32 33 50 56 62 70 86 87 89 92 94 105 106 107 108 118 123 125 127 131 137 140 141 144 152 154 161 163 165 170 179 185 191 208 226 228 234 238 251 252 254 257 263 264 266 272 278 291
55
1 4 13 21 27 29 32 34 37 38 41 43 50 59 64 67 74 76 78 83 92 102 112 128 154 157 158 164 167 168 169 172 179 195 196 203 206 215 216 217 221 228 230 231 232 239 251 255 261 262 267 278 289 292 294
55
2 9 10 17 27 35 37 45 47 50 52 59 71 73 83 86 87 97 98 112 113 125 127 137 148 154 159 161 168 174 177 183 186 189 190 191 196 197 200 205 207 221 231 242 243 246 251 256 257 270 274 275 277 278 288
55
4 14 15 20 29 37 38 39 47 52 57 61 63 73 74 98 99 112 116 117 118 122 126 132 135 139 140 142 143 156 165 167 174 175 178 180 181 184 196 202 205 209 210 218 228 242 245 254 259 261 273 275 286 297 299
62
5 6 8 16 21 28 39 54 63 64 72 77 80 98 108 109 110 111 112 113 114 115 126 130 131 133 134 148 159 165 173 175 176 182 186 190 199 201 206 216 221 226 231 236 241 246 247 252 253 255 257 259 266 268 270 271 274 281 283 290 292 299
69
7 16 23 24 29 31 32 35 49 51 54 60 65 68 75 86 91 98 102 105 110 114 119 123 124 129 137 138 139 141 146 147 150 152 160 163 166 173 175 182 185 188 194 196 203 206 211 212 214 220 222 224 227 231 233 236 242 248 249 254 260 263 269 277 283 295 296 298 299
67
5 11 14 19 24 26 27 31 43 46 52 55 61 63 69 73 76 81 86 93 105 108 109 112 114 116 118 119 123 126 129 136 137 143 145 149 159 161 167 170 173 174 176 178 188 190 196 197 203 209 221 222 224 225 238 239 245 247 249 259 267 274 283 284 288 289 295
62
8 12 15 16 17 23 24 34 38 39 40 41 44 45 49 52 53 60 64 67 69 74 80 95 111 117 118 124 125 135 140 142 146 151 153 156 170 171 173 174 175 181 202 216 222 229 232 235 249 250 260 275 276 278 280 284 287 288 290 292 294 296
80
8 10 12 13 14 15 16 17 21 23 25 32 33 34 35 38 40 41 44 45 58 63 69 80 82 87 89 90 97 98 99 100 101 108 111 120 122 123 125 127 128 129 134 136 141 144 149 154 160 170 172 173 179 180 181 190 193 197 200 201 205 206 208 209 221 241 243 255 263 269 270 273 276 283 291 293 294 296 298 300
53
10 11 17 21 22 23 25 27 34 36 39 41 44 56 70 74 88 90 92 94 95 104 106 112 119 123 125 139 155 160 172 173 176 180 184 186 191 193 198 203 211 215 230 232 244 250 256 265 270 280 286 291 295
54
2 6 9 10 16 17 20 35 36 37 41 46 47 54 55 57 62 74 90 95 101 102 114 117 121 125 134 145 154 157 159 169 175 177 187 192 194 197 200 203 215 248 255 256 270 273 276 282 287 289 292 294 295 298
56
9 11 30 31 41 43 44 55 61 64 67 71 72 73 76 91 93 94 108 112 119 120 121 126 132 141 143 146 147 151 152 160 167 169 171 177 178 186 187 199 212 216 222 233 244 249 256 257 261 263 264 267 274 280 286 297
61
2 4 10 12 13 18 19 27 30 79 80 92 93 97 104 111 113 114 115 118 119 120 121 126 133 134 139 148 152 162 163 166 167 172 180 184 192 193 196 197 199 208 209 225 233 235 236 238 242 251 254 257 263 266 267 269 278 280 284 294 298
60
5 12 14 15 18 22 27 35 38 40 42 50 57 63 70 74 89 90 94 101 106 108 109 117 119 120 134 138 139 140 142 149 150 157 162 166 192 193 206 207 210 215 216 217 220 221 222 225 226 229 239 240 242 245 249 268 271 272 278 288
69
1 7 11 14 28 37 38 40 49 59 71 72 74 81 89 91 97 98 100 106 107 110 116 118 122 126 131 132 137 138 139 140 144 146 149 155 160 163 165 167 178 179 180 189 193 196 203 206 207 212 215 221 222 228 230 232 234 237 245 250 253 255 256 260 271 275 284 286 300
53
1 19 24 26 32 34 35 47 66 70 78 89 95 99 100 104 105 109 124 125 127 133 137 138 146 154 161 162 166 170 172 175 178 180 189 193 201 211 214 217 219 222 224 231 232 235 238 240 259 275 278 280 294
53
7 13 17 23 25 32 37 38 39 40 41 46 51 58 60 62 63 75 85 98 99 100 105 109 110 118 119 132 141 145 146 149 151 156 164 176 183 190 196 197 206 219 222 227 232 237 267 271 280 286 291 292 298
46
14 26 29 30 34 51 54 65 66 80 82 84 87 88 94 95 100 109 112 117 131 146 154 159 164 165 169 170 179 192 210 217 218 222 229 231 232 233 252 254 260 276 278 288 299 300
56
3 4 12 17 18 24 26 27 30 34 40 48 56 65 75 104 113 115 116 119 125 129 140 146 150 158 164 167 168 178 181 193 197 199 200 202 205 208 210 214 215 216 231 239 242 245 249 253 255 261 268 281 282 288 289 299
62
5 7 15 18 22 27 32 36 37 42 46 49 54 55 56 59 77 84 86 89 91 98 103 105 107 121 131 132 133 145 150 154 155 158 165 176 182 184 187 189 195 199 200 201 206 213 223 225 232 234 253 254 255 259 262 274 277 280 281 282 284 295
52
2 6 7 9 15 18 22 29 32 40 41 71 72 75 83 86 91 93 94 100 107 119 121 131 135 139 141 153 155 160 165 172 176 184 188 196 212 215 221 225 235 236 247 253 256 267 272 275 282 296 297 299
65
3 15 25 27 28 30 33 39 45 49 50 52 53 56 61 62 67 70 81 89 98 99 104 111 112 119 128 135 137 142 147 149 150 162 164 166 175 178 180 182 187 189 192 197 204 217 223 227 228 236 237 239 244 249 260 261 264 272 274 278 282 287 291 293 300
66
6 8 11 12 13 14 15 16 19 24 47 50 52 54 65 74 76 81 83 91 92 99 106 107 114 123 125 126 130 132 133 140 142 146 147 148 150 158 159 166 169 175 180 183 187 204 205 209 223 227 230 233 247 251 253 259 260 261 264 270 272 289 291 296 297 298
71
5 9 21 26 27 28 35 38 41 43 45 53 56 58 65 66 68 71 73 74 80 84 89 95 96 97 98 111 112 123 125 130 131 141 142 147 151 153 160 162 166 167 169 173 174 177 178 180 195 197 198 199 202 209 210 218 224 225 231 232 236 245 252 259 272 278 279 281 282 286 296
54
1 5 10 15 20 33 37 40 42 48 51 59 60 69 80 81 92 98 99 108 114 121 122 134 143 146 149 153 155 162 176 186 188 192 196 198 203 204 217 222 224 239 243 250 260 266 268 272 274 277 292 293 294 298
53
5 12 15 17 31 45 51 52 55 62 64 74 75 76 77 78 81 84 87 90 93 94 111 112 116 125 126 151 153 155 163 164 167 172 181 184 187 216 218 222 235 243 244 246 250 251 262 264 267 271 277 278 297
71
2 4 6 9 14 22 35 42 47 52 56 62 63 64 71 73 74 85 88 89 95 98 101 105 110 114 121 123 124 134 142 147 151 153 154 156 158 160 164 167 175 176 178 184 188 189 192 194 218 221 222 226 227 232 234 240 242 244 246 247 250 258 261 265 281 283 286 288 290 297 299
63
16 22 30 33 38 41 49 50 52 55 61 62 64 66 67 69 74 79 81 87 98 105 107 108 110 136 140 143 148 150 152 158 168 183 186 188 189 193 196 199 204 206 218 219 223 224 225 236 247 248 257 260 268 272 273 274 285 287 288 292 296 297 298
50
3 7 8 13 14 20 25 27 28 31 41 42 44 45 47 48 52 72 74 80 81 88 91 96 99 103 107 108 120 130 132 166 171 176 183 205 215 217 242 243 245 246 248 254 280 288 289 290 292 299
50
5 8 17 21 24 27 32 43 44 56 59 63 73 77 80 88 93 95 99 105 108 119 121 126 135 143 154 157 165 166 170 181 182 193 195 205 207 213 216 225 239 248 250 251 259 260 268 276 278 280
53
15 22 29 36 46 58 60 61 63 69 71 88 89 90 100 101 103 116 128 129 133 136 139 140 142 146 150 156 171 172 178 180 183 192 200 202 204 205 218 220 223 236 237 242 245 247 259 261 266 286 289 295 299
64
2 6 8 9 11 14 32 34 35 38 41 42 47 51 54 56 58 59 60 67 70 76 84 88 93 97 99 103 105 113 117 122 128 131 140 141 142 145 152 156 163 168 173 176 190 191 192 209 213 224 231 239 243 248 251 255 270 272 273 277 282 288 289 295
49
12 14 20 23 27 29 31 38 41 43 52 62 71 73 76 81 88 95 106 108 118 121 125 127 129 135 142 143 169 170 174 178 179 184 189 196 197 200 211 218 245 253 256 261 264 282 283 285 295
59
6 10 13 24 26 30 31 34 41 42 44 47 52 65 70 81 85 87 89 91 92 98 100 111 123 127 129 137 139 145 146 181 196 205 207 208 209 210 213 221 223 227 232 238 239 242 246 252 257 262 263 267 269 281 289 290 291 296 298
76
1 4 6 18 19 20 21 24 26 27 28 33 36 40 47 50 51 52 54 57 62 73 76 83 91 93 95 107 113 115 119 122 127 129 132 144 146 147 149 160 165 169 175 177 179 185 190 192 193 196 198 199 200 218 222 227 228 232 236 243 251 254 256 262 267 268 270 281 284 285 289 290 291 292 295 299
61
4 13 18 26 27 31 37 39 41 46 51 59 60 64 67 70 73 76 85 86 92 105 115 120 124 126 127 129 136 141 148 156 157 165 172 185 186 190 195 205 217 227 233 235 236 238 239 240 242 244 250 251 258 263 267 270 273 278 283 286 300
55
8 15 32 35 37 43 47 50 52 54 55 58 65 68 70 74 76 89 98 105 109 110 114 119 130 133 140 143 146 148 150 161 165 171 180 198 200 201 202 211 219 220 231 236 239 246 247 248 253 255 260 261 275 280 300
67
7 12 15 24 26 36 40 43 47 48 52 54 57 71 72 75 81 82 86 87 88 89 91 92 96 103 117 120 124 128 129 132 143 157 159 163 172 174 175 181 185 186 191 198 199 202 203 204 206 207 210 211 212 213 221 226 228 241 244 249 254 257 270 271 281 282 299
75
1 3 5 9 10 23 30 47 48 51 54 59 67 69 70 87 92 93 101 103 104 109 112 115 120 121 130 133 151 156 157 158 160 161 162 168 169 170 173 174 175 180 181 182 190 195 198 205 207 208 209 210 214 226 227 231 234 236 238 239 247 250 257 262 265 267 273 274 276 277 278 281 282 289 296
72
1 3 4 10 13 14 19 21 22 24 26 30 40 41 44 45 47 48 50 54 56 59 61 73 74 78 84 91 92 98 99 104 110 112 114 120 122 127 137 144 147 152 156 164 166 177 180 183 185 187 190 194 196 201 207 217 218 223 243 244 248 252 256 262 268 270 279 291 294 295 296 297
63
1 2 25 30 32 39 49 60 63 64 68 69 71 73 84 86 95 102 114 119 124 125 127 129 130 132 140 141 144 145 149 156 181 185 189 199 200 207 208 210 211 213 215 218 221 222 225 226 228 229 230 242 251 261 262 268 271 272 273 274 287 292 295
52
1 5 6 7 14 20 27 35 36 43 48 50 63 76 78 84 85 87 113 114 123 130 133 134 135 154 156 175 177 183 195 197 217 220 225 226 234 239 257 265 269 270 275 277 279 280 282 285 287 288 289 290
60
7 18 19 20 26 40 43 45 48 54 55 57 58 62 64 70 72 74 80 96 107 111 118 125 126 128 132 135 139 143 154 156 157 158 161 164 167 170 179 180 181 185 186 199 200 203 222 223 232 235 239 242 244 259 268 275 278 284 290 297
78
3 10 13 23 29 31 32 34 37 46 49 51 54 55 56 57 58 59 67 69 72 75 78 79 82 83 90 91 92 93 94 96 98 102 106 107 108 110 117 125 127 129 130 131 132 134 137 149 160 161 169 170 172 173 179 184 191 192 198 199 215 220 231 232 234 241 245 246 248 253 255 261 263 276 277 286 287 289
61
5 6 14 16 17 22 23 24 28 34 41 42 47 50 69 77 84 88 94 96 105 108 110 124 125 126 134 136 147 148 149 156 157 159 163 165 170 178 195 203 205 207 210 212 222 225 227 234 236 239 240 244 252 256 261 275 276 278 279 284 292
68
4 14 16 18 22 35 38 44 63 66 70 72 74 78 79 82 84 88 93 97 98 101 103 113 114 115 116 117 131 135 139 147 148 149 151 154 155 161 163 164 170 173 183 186 193 200 203 204 207 216 218 219 225 231 236 238 240 244 262 263 269 274 278 281 290 291 293 300
51
1 2 4 6 9 25 27 33 40 41 44 51 54 56 67 71 77 78 86 88 99 102 104 107 128 131 132 136 139 161 163 169 175 181 195 196 211 215 221 240 242 246 250 261 262 264 267 284 286 294 299
55
6 13 16 17 26 40 45 50 53 56 64 67 69 72 75 76 77 93 97 106 108 113 119 120 121 141 144 148 154 156 157 172 173 187 188 191 198 211 215 221 222 227 228 238 245 250 252 258 262 263 287 293 294 295 300
56
6 7 9 20 23 34 39 49 50 51 58 59 69 80 93 98 100 102 106 108 117 118 122 123 126 144 156 160 163 166 167 176 180 190 191 199 206 211 215 217 220 221 245 252 253 254 257 261 263 265 276 277 278 279 283 297
62
1 4 13 17 21 27 30 40 46 49 53 54 59 65 68 69 88 97 108 119 126 133 139 143 146 154 155 156 162 169 174 181 185 194 197 204 210 211 214 215 216 219 221 235 237 238 240 248 250 251 255 260 265 266 269 276 277 279 281 286 287 300
66
1 2 20 28 38 42 43 44 48 49 50 60 63 83 87 91 92 100 105 106 109 127 128 134 136 143 146 149 162 170 179 183 186 188 189 190 194 196 198 209 210 225 228 231 237 242 243 245 246 250 253 255 259 262 264 265 270 271 274 276 277 285 286 289 293 296
60
1 11 20 21 25 33 36 41 46 47 48 55 59 61 66 69 72 77 82 100 102 106 108 110 118 130 131 140 141 144 152 156 163 168 170 175 176 178 179 186 198 200 202 204 205 207 227 230 231 240 241 242 247 251 261 264 272 273 295 296
64
2 8 16 18 21 27 28 32 40 45 49 57 61 71 73 76 77 83 84 91 93 95 100 103 111 112 113 117 122 134 145 148 152 154 158 160 161 163 165 181 194 198 210 212 214 225 227 228 230 234 239 248 251 257 259 266 268 271 274 279 283 290 293 297
57
2 20 23 31 34 38 53 56 64 65 66 71 74 94 101 107 110 117 120 121 125 140 143 149 154 155 157 162 172 176 177 201 205 207 211 212 214 223 225 235 236 241 246 249 251 255 259 260 261 267 268 270 277 281 285 295 300
61
9 14 15 17 18 29 37 39 42 49 51 57 66 71 77 83 91 95 103 104 110 112 113 116 123 129 136 142 152 160 169 171 176 178 188 193 196 197 199 204 207 214 216 222 223 228 229 231 233 238 239 242 247 261 271 272 274 280 284 296 299
59
2 4 20 22 32 36 39 44 51 54 58 64 69 77 81 88 95 97 105 109 115 123 131 134 136 145 150 158 159 162 163 168 179 186 189 197 200 205 210 213 219 220 226 227 228 230 231 233 234 239 242 248 252 262 263 277 279 284 295
59
6 13 16 17 19 31 35 38 41 51 55 57 59 65 84 95 99 100 109 115 125 133 134 135 139 144 146 153 154 163 166 172 173 174 178 184 196 201 202 204 206 212 222 223 225 231 237 240 242 246 254 260 266 269 275 279 284 285 298
59
1 3 5 7 9 14 17 18 22 26 33 34 36 42 44 46 51 55 56 74 95 100 102 104 110 112 113 115 125 126 131 134 135 139 143 166 171 173 176 178 180 186 195 205 206 210 233 244 252 258 259 261 269 272 275 280 282 286 293
61
2 3 7 8 9 20 23 28 53 56 57 63 65 70 71 75 82 94 97 98 104 114 116 121 123 124 128 140 141 143 147 149 153 155 163 164 166 167 169 175 177 182 186 191 192 199 200 225 236 241 248 249 254 276 278 282 285 287 288 293 296
61
12 13 15 17 20 24 28 30 31 35 44 47 59 82 93 96 97 103 104 105 106 115 118 125 136 148 150 161 167 168 169 175 181 184 198 199 201 206 207 213 216 218 219 222 223 227 228 235 237 242 245 246 249 258 264 277 279 283 289 292 295
45
6 9 12 23 24 30 32 34 38 51 53 58 78 85 103 104 105 123 128 130 145 154 158 177 179 180 182 183 185 186 194 195 198 216 231 243 245 248 249 257 259 263 266 269 292
64
1 3 20 21 30 32 34 40 57 58 60 63 64 65 68 81 90 94 95 99 103 104 109 117 118 124 126 135 136 145 154 156 166 168 190 193 198 202 206 220 222 223 225 227 230 237 242 244 247 252 260 262 263 267 271 275 277 278 279 280 281 285 295 300
61
3 6 9 11 19 24 36 38 48 49 51 52 60 74 85 96 98 100 102 105 115 116 118 123 128 129 131 133 135 137 149 150 157 163 168 169 173 174 177 178 188 189 192 196 199 214 222 224 225 231 236 246 249 258 259 261 265 268 284 289 293
57
7 13 14 29 33 35 37 47 53 55 76 80 82 89 95 96 106 114 118 121 127 130 131 154 156 169 173 174 186 191 199 200 206 209 211 212 214 217 226 235 237 240 244 250 251 255 259 271 272 273 281 288 289 292 293 296 299
57
2 4 8 10 11 16 21 27 37 38 40 48 54 68 70 78 100 102 105 106 110 111 112 121 123 131 134 137 141 142 144 146 148 158 160 161 163 172 179 186 188 210 224 229 230 234 236 237 241 242 245 251 252 259 262 277 299
63
9 10 11 13 14 21 22 42 45 53 59 65 85 87 90 91 101 102 104 111 120 123 126 136 139 140 141 149 150 157 166 167 172 177 180 209 217 219 225 226 227 230 234 238 243 248 250 251 252 254 256 259 265 268 270 271 272 275 289 292 293 294 300
58
3 5 6 8 9 15 16 20 36 38 40 41 45 46 47 52 55 71 72 77 83 85 87 91 98 101 105 113 125 127 135 136 152 157 164 171 176 177 182 185 191 194 195 206 211 212 216 218 228 229 235 243 255 264 280 283 285 291
62
5 15 18 19 21 25 32 38 42 45 46 50 57 60 66 89 96 99 101 105 111 119 128 141 143 151 155 165 169 174 179 184 185 187 188 189 192 193 197 198 200 201 212 216 218 220 225 238 249 250 257 259 262 264 266 273 276 277 283 295 297 300
72
9 15 21 23 25 28 32 36 37 38 43 56 66 67 70 72 78 80 85 86 87 89 93 95 96 99 110 113 114 118 119 122 126 129 133 145 146 164 166 172 182 188 190 191 193 195 201 202 203 205 207 208 211 219 221 222 225 237 238 244 246 247 256 259 264 267 268 285 286 290 297 300
71
3 6 7 13 15 23 29 33 34 45 47 50 58 59 61 62 65 75 82 85 88 91 100 101 105 116 117 120 123 124 131 132 134 137 139 146 147 152 161 167 178 181 188 189 199 203 211 212 213 215 218 220 230 240 242 245 249 254 256 258 259 260 264 266 272 274 288 292 294 295 299
55
1 24 26 39 44 46 51 59 61 66 76 79 83 92 97 100 103 113 115 118 119 123 125 127 128 129 132 136 137 141 146 159 161 172 183 188 190 191 192 195 199 205 216 220 222 223 229 238 242 248 250 259 265 279 292
62
3 4 16 19 21 25 30 35 39 47 59 77 80 81 82 93 95 96 101 102 106 112 122 134 137 139 140 141 143 146 152 153 154 156 171 172 175 176 178 182 183 188 204 208 215 229 231 238 240 245 246 251 264 266 267 269 278 279 289 291 292 294
58
2 7 10 11 13 16 18 26 28 30 31 32 35 45 48 49 56 63 66 74 78 94 101 108 110 115 118 121 123 128 130 140 144 146 152 159 161 167 172 173 174 183 203 209 218 219 224 230 234 239 258 267 268 278 279 282 284 296
49
3 4 7 11 13 14 38 46 53 58 68 72 75 77 78 88 115 121 124 132 133 135 137 139 142 164 169 174 218 234 236 242 243 247 248 249 250 251 256 261 263 265 269 270 275 281 284 287 290
66
14 15 17 42 45 52 57 58 69 76 81 82 86 94 102 103 106 112 117 119 126 128 132 134 135 137 144 146 149 154 157 158 159 163 168 176 179 192 194 202 209 211 213 216 218 220 221 223 224 228 231 238 240 244 247 253 256 257 258 264 271 273 276 278 286 299
51
6 9 10 15 16 17 23 31 46 49 54 55 60 74 75 77 78 91 92 98 102 107 109 114 127 141 142 143 147 150 156 163 178 184 187 203 207 214 235 241 243 249 251 257 261 265 267 269 273 286 296
64
9 11 16 17 20 31 42 44 45 60 61 66 69 74 75 84 89 90 93 104 105 131 132 136 140 143 144 153 154 160 164 166 176 187 189 190 192 193 202 203 208 209 217 218 227 233 234 240 243 246 249 261 265 266 267 268 270 272 279 282 294 297 298 300
53
6 9 11 12 17 32 42 43 44 45 49 52 53 66 78 81 93 95 106 115 117 118 137 139 144 149 154 157 175 184 189 190 197 200 201 202 208 211 216 217 218 221 239 243 246 252 257 261 274 277 280 282 284
49
1 6 7 10 24 26 34 37 38 41 43 60 62 64 67 68 81 84 92 96 98 103 109 125 135 139 143 146 149 158 159 160 170 178 189 191 199 215 219 224 247 256 260 261 264 265 273 293 297
65
12 17 23 30 40 41 44 49 56 57 58 62 65 68 71 73 81 86 98 101 107 110 115 124 126 130 131 135 136 143 145 156 157 164 165 169 173 174 177 185 189 196 205 206 217 218 232 234 239 241 244 245 246 249 250 269 277 278 281 283 287 289 292 294 298
53
5 10 19 20 31 47 49 59 62 63 65 67 73 75 90 102 108 112 115 119 123 124 127 129 131 134 142 152 157 158 182 189 194 207 215 222 226 230 232 235 237 243 245 253 254 269 270 272 274 280 291 292 295
56
1 2 11 24 42 44 52 59 60 70 71 72 75 79 82 85 87 102 111 113 114 117 122 123 129 135 140 145 151 156 158 160 161 164 173 179 184 194 200 202 205 210 222 232 233 234 235 237 242 246 263 279 280 284 293 296
48
5 7 9 12 25 31 36 50 52 53 57 73 76 82 85 92 95 102 110 118 126 129 139 140 141 142 161 162 176 183 184 185 188 195 208 211 220 228 245 252 253 256 268 282 283 286 293 295
64
11 12 15 17 18 28 29 30 34 40 43 47 51 53 69 70 75 79 86 96 98 99 102 114 121 126 129 130 134 135 140 143 148 154 160 162 164 165 166 167 171 173 188 198 199 205 211 223 224 230 235 237 249 252 253 254 264 271 273 277 278 292 297 299
61
1 5 7 10 12 15 19 22 25 34 38 42 49 54 56 61 63 67 70 74 81 86 89 92 95 99 103 108 111 113 123 124 125 130 133 139 153 157 158 162 167 173 176 180 181 200 202 227 246 249 253 262 265 272 275 277 279 280 284 288 299
60
1 2 11 12 18 20 22 27 38 45 60 64 74 82 85 87 98 101 102 108 109 114 115 117 126 141 145 146 148 149 156 157 158 160 162 163 173 176 177 179 181 184 186 194 198 208 213 221 222 225 235 238 253 267 273 276 285 296 297 298
66
2 4 12 14 15 16 20 22 31 34 35 36 47 49 51 65 71 77 79 85 96 98 100 102 108 117 118 120 123 127 134 139 143 146 151 170 179 192 195 198 199 209 215 221 222 230 236 237 241 251 252 260 262 264 267 271 274 278 279 282 284 285 290 292 293 295
50
9 13 15 22 24 28 29 32 33 36 41 44 45 68 75 83 87 99 101 102 109 138 142 150 151 153 155 158 164 166 168 169 184 190 209 211 228 246 248 256 265 273 279 281 282 283 286 289 291 298
60
1 2 4 11 13 14 21 41 58 66 72 82 83 84 89 91 93 95 107 108 116 120 123 131 132 134 137 140 155 160 162 164 176 177 189 191 192 193 194 196 198 210 213 216 217 220 221 226 229 233 237 238 252 256 266 270 281 285 291 300
61
2 3 5 7 13 15 23 24 37 40 48 59 61 63 66 67 71 81 84 86 90 92 96 101 106 110 112 116 120 121 130 133 134 135 137 152 157 160 162 164 166 189 193 194 204 205 220 221 222 230 232 239 245 250 252 257 260 279 285 288 293
67
12 19 24 46 49 54 59 60 61 70 74 80 82 83 85 86 88 96 98 106 121 123 125 127 132 134 136 141 151 157 159 160 163 170 172 178 181 185 186 190 191 193 196 198 199 200 207 211 215 219 230 235 245 246 248 250 251 256 262 263 270 271 275 276 282 291 299
63
1 8 24 25 27 28 34 40 48 49 57 66 71 76 93 96 97 117 123 127 132 137 140 141 143 147 159 161 163 164 165 171 176 182 186 196 197 201 202 206 207 208 211 220 223 227 233 236 237 244 251 255 259 260 261 262 264 272 284 286 294 296 297
51
15 16 17 25 28 42 53 56 57 60 63 74 75 81 82 89 90 100 111 124 125 127 136 139 142 157 161 163 166 175 176 180 187 191 199 201 215 222 223 226 227 229 230 240 261 272 273 275 282 295 299
68
1 9 10 20 21 25 27 32 34 36 49 51 53 59 60 63 65 74 77 81 82 85 86 89 91 92 95 108 109 114 122 124 129 132 135 136 138 143 154 157 159 166 171 173 174 177 184 196 201 210 223 224 226 227 233 235 273 275 277 281 282 285 288 292 294 295 298 299
63
18 21 22 24 26 29 32 35 37 38 41 43 49 50 55 64 72 79 81 90 95 101 113 115 129 131 132 133 148 149 155 164 165 166 174 180 186 200 208 211 216 218 224 230 233 237 242 247 251 252 258 262 263 265 266 269 272 277 280 283 285 290 292
58
2 5 9 13 25 30 34 35 36 46 47 52 66 67 70 81 92 104 106 108 112 122 123 131 135 137 145 146 155 156 163 168 174 180 182 187 190 191 194 203 204 208 209 210 219 224 229 233 246 252 254 259 261 263 272 274 275 286
56
2 14 15 18 20 21 23 31 34 51 58 64 70 71 82 83 84 85 87 96 105 109 114 123 141 142 145 149 152 153 155 165 166 168 180 182 183 190 203 204 207 208 209 210 212 236 243 254 268 272 277 278 280 281 289 298
57
5 18 22 25 30 33 35 39 53 55 62 63 69 100 104 108 109 111 112 118 123 124 130 137 138 139 144 145 148 168 169 178 182 186 200 202 203 213 221 223 235 244 253 268 269 270 272 276 277 279 282 287 294 296 298 299 300
66
3 13 23 30 33 38 53 56 57 71 79 84 93 102 108 113 114 115 120 125 133 135 140 144 151 154 158 159 162 164 166 169 176 181 195 197 201 202 205 212 214 218 219 220 221 225 226 227 234 236 237 239 241 244 247 256 262 265 268 274 275 277 282 286 289 295
61
3 5 9 17 21 32 42 43 46 47 51 54 55 58 61 67 68 74 75 89 91 100 114 120 122 128 136 139 141 145 153 154 170 177 188 191 192 193 194 197 198 204 207 211 220 221 223 241 244 248 253 261 264 274 275 279 281 285 288 289 290
61
5 12 23 47 49 52 60 67 68 75 78 81 88 89 95 98 106 110 120 121 123 127 135 136 144 149 150 155 158 170 174 175 177 178 180 185 188 193 206 220 222 227 231 232 236 243 244 248 253 260 261 262 263 265 273 274 281 283 291 292 295
62
4 10 17 22 25 42 52 55 56 57 64 79 82 87 96 98 99 107 113 117 122 123 129 137 140 148 150 157 165 166 167 170 178 180 194 197 204 207 212 213 221 231 236 240 241 244 245 246 247 251 254 255 260 261 263 265 267 274 277 287 293 294
62
4 8 16 21 23 24 28 29 38 39 40 50 54 59 62 63 73 77 78 94 95 104 105 108 116 121 125 126 128 135 145 153 155 165 169 171 175 179 181 183 185 190 194 199 208 223 226 233 239 240 250 254 257 261 269 273 275 279 283 288 293 296
60
3 6 8 10 13 20 26 31 32 47 50 53 59 61 62 63 65 71 72 75 91 96 103 104 105 111 115 126 133 134 136 140 142 147 150 151 160 163 171 174 181 182 186 187 205 214 220 240 244 250 255 256 258 262 279 280 281 288 292 294
71
4 8 17 27 28 40 41 42 47 50 56 59 68 71 72 74 77 80 90 91 99 100 110 114 115 123 128 129 131 133 134 137 141 144 145 149 153 161 168 169 172 174 176 179 180 187 188 197 198 200 202 206 207 215 216 217 224 228 229 238 244 246 253 254 257 263 267 270 280 281 296
52
2 3 4 8 11 13 19 23 29 32 44 45 46 48 55 63 65 75 78 80 88 99 107 109 112 122 134 138 161 163 164 173 176 181 183 187 191 200 205 206 222 238 239 258 264 265 269 270 281 285 287 288
66
1 5 6 10 17 23 30 32 34 36 41 48 52 55 62 67 74 77 84 85 93 101 103 105 108 114 118 130 132 138 151 154 156 159 160 162 166 168 176 181 189 191 192 194 197 203 205 214 218 221 227 229 232 239 240 243 245 265 269 275 276 277 279 283 289 297
62
1 5 7 10 15 17 26 30 32 34 38 42 50 62 64 67 72 84 91 93 96 108 110 116 119 121 126 140 146 147 152 155 159 160 172 173 174 204 208 210 212 214 215 220 222 230 234 238 241 247 253 258 264 269 270 274 278 279 282 292 295 300
46
6 12 15 16 26 32 40 57 67 68 82 91 94 95 96 98 103 105 119 136 142 144 147 152 162 173 175 181 182 193 195 199 200 203 227 231 232 238 247 254 262 268 274 276 287 298
69
1 3 8 14 20 26 29 30 38 40 41 54 58 65 66 69 76 90 92 93 99 112 115 116 122 128 130 131 132 141 144 148 149 153 154 155 158 159 172 173 176 189 190 195 199 200 207 208 218 220 221 222 223 225 226 231 235 240 241 246 252 259 266 274 278 279 292 294 295
61
13 17 24 28 34 38 45 57 61 64 66 71 83 86 87 93 98 102 106 108 109 112 116 118 125 129 138 139 140 141 153 154 157 172 183 186 188 197 201 204 207 210 212 214 215 219 225 232 240 242 243 252 258 267 268 274 280 288 290 296 298
70
1 7 8 11 18 21 34 35 43 56 57 58 62 63 68 70 72 73 82 85 86 87 92 99 100 103 107 109 110 112 114 126 127 134 135 138 141 142 151 154 160 162 163 171 172 175 176 183 192 194 196 198 201 203 213 218 219 223 226 242 248 251 260 266 273 280 283 291 294 298
65
6 11 12 23 30 35 52 57 60 68 69 78 85 86 90 101 105 106 107 112 114 117 118 123 139 140 148 150 151 155 156 157 158 159 167 179 188 193 198 202 203 207 218 219 221 223 225 228 233 237 241 242 247 249 256 262 265 271 272 275 280 282 288 292 295
64
3 6 15 16 28 32 33 36 40 42 47 56 61 64 66 67 68 73 87 88 102 103 104 109 119 120 123 125 128 142 144 149 159 161 163 166 169 170 181 185 187 193 204 210 211 214 215 223 224 244 251 258 260 262 265 271 272 273 274 279 282 285 292 298
52
1 8 10 12 17 19 28 35 36 45 53 54 58 67 68 81 83 90 93 99 100 103 111 133 139 141 161 168 170 180 183 187 205 214 222 226 232 245 252 255 256 259 262 266 268 270 273 277 279 290 291 294
45
3 6 8 14 21 36 39 55 58 59 60 61 68 75 82 83 89 94 108 110 111 115 116 127 133 137 143 165 188 198 199 214 221 224 231 232 243 250 268 282 283 289 295 296 300
65
8 11 20 21 25 28 37 39 49 54 61 73 76 77 78 79 82 84 102 105 110 113 114 117 118 119 121 127 128 129 138 142 143 150 166 169 170 171 174 176 177 178 179 181 184 194 199 206 210 213 219 229 230 231 235 236 250 252 255 261 271 272 282 287 289
63
13 16 17 23 26 30 36 39 44 55 58 77 84 85 92 93 94 100 104 107 110 123 125 130 134 135 137 138 145 152 156 157 158 160 161 162 169 174 184 187 196 199 210 211 214 215 217 221 225 228 230 231 239 245 249 259 267 269 272 281 282 285 289
58
10 13 23 25 38 42 51 56 59 61 64 65 68 70 86 92 102 108 125 128 133 135 136 140 143 144 148 151 157 164 165 170 178 181 182 189 200 201 202 204 212 219 222 224 225 226 229 243 246 250 251 264 265 269 270 275 281 291
60
2 18 23 24 26 33 34 35 36 41 42 45 49 76 84 87 96 98 100 108 109 110 111 117 125 129 130 146 148 149 152 157 158 165 167 168 177 181 182 184 188 190 210 216 227 229 242 246 255 258 262 268 269 271 273 281 287 289 291 296
53
4 8 16 17 21 22 23 24 33 36 38 40 43 58 62 65 67 74 76 82 84 85 86 89 92 100 110 121 124 160 174 176 183 186 194 202 204 220 230 236 238 240 241 249 250 256 258 265 271 286 287 289 294
71
1 2 3 6 10 16 21 22 28 30 39 44 46 60 62 65 70 78 80 84 86 89 97 98 99 103 107 110 111 114 115 119 124 125 127 130 134 136 139 149 151 158 161 167 170 171 183 185 190 194 207 214 216 219 226 227 229 248 255 263 267 268 271 275 278 279 283 284 286 290 299
64
5 7 8 10 16 17 23 27 29 30 37 42 43 49 51 53 57 65 66 69 71 72 85 86 89 93 95 115 122 128 132 135 137 146 150 154 156 158 160 162 165 167 170 172 175 177 183 197 202 205 221 241 243 249 250 260 268 270 277 278 283 284 287 297
60
1 19 39 40 43 53 54 55 58 72 74 75 79 89 91 101 102 106 117 120 121 122 127 128 133 135 138 143 145 153 157 160 163 164 169 171 174 175 189 204 207 210 214 217 218 219 223 235 249 253 256 259 265 269 271 274 278 281 289 296
64
5 9 10 15 20 24 31 37 38 41 42 46 52 58 60 63 64 66 67 72 74 77 78 79 80 82 87 91 93 106 111 112 121 128 134 146 160 162 168 169 182 187 189 204 209 221 224 225 231 234 237 247 263 265 270 272 274 278 281 285 288 292 293 296
58
7 15 19 25 26 29 39 49 52 54 69 71 77 78 80 81 86 90 94 107 117 124 131 134 141 144 158 160 162 164 175 179 180 182 185 190 193 195 200 203 208 219 231 235 236 240 242 243 245 251 253 254 265 268 269 280 297 298
69
10 20 28 35 37 48 52 53 58 59 72 73 75 84 86 87 88 90 96 113 114 119 124 126 135 139 140 144 145 147 149 152 153 156 160 165 167 177 181 183 186 188 189 192 196 203 208 209 212 213 217 228 230 232 239 240 243 253 257 260 271 282 283 289 290 291 298 299 300
