100 200
1.0 1.0 1.0 1.0 1.0 1.0 1.0 1.0 1.0 1.0 1.0 1.0 1.0 1.0 1.0 1.0 1.0 1.0 1.0 1.0 1.0 1.0 1.0 1.0 1.0 1.0 1.0 1.0 1.0 1.0 1.0 1.0 1.0 1.0 1.0 1.0 1.0 1.0 1.0 1.0 1.0 1.0 1.0 1.0 1.0 1.0 1.0 1.0 1.0 1.0 1.0 1.0 1.0 1.0 1.0 1.0 1.0 1.0 1.0 1.0 1.0 1.0 1.0 1.0 1.0 1.0 1.0 1.0 1.0 1.0 1.0 1.0 1.0 1.0 1.0 1.0 1.0 1.0 1.0 1.0 1.0 1.0 1.0 1.0 1.0 1.0 1.0 1.0 1.0 1.0 1.0 1.0 1.0 1.0 1.0 1.0 1.0 1.0 1.0 1.0 1.0 1.0 1.0 1.0 1.0 1.0 1.0 1.0 1.0 1.0 1.0 1.0 1.0 1.0 1.0 1.0 1.0 1.0 1.0 1.0 1.0 1.0 1.0 1.0 1.0 1.0 1.0 1.0 1.0 1.0 1.0 1.0 1.0 1.0 1.0 1.0 1.0 1.0 1.0 1.0 1.0 1.0 1.0 1.0 1.0 1.0 1.0 1.0 1.0 1.0 1.0 1.0 1.0 1.0 1.0 1.0 1.0 1.0 1.0 1.0 1.0 1.0 1.0 1.0 1.0 1.0 1.0 1.0 1.0 1.0 1.0 1.0 1.0 1.0 1.0 1.0 1.0 1.0 1.0 1.0 1.0 1.0 1.0 1.0 1.0 1.0 1.0 1.0 1.0 1.0 1.0 1.0 1.0 1.0 1.0 1.0 1.0 1.0 1.0 1.0
20
13 29 31 53 56 57 70 101 114 122 128 129 144 148 149 174 175 176 186 190
24
13 22 35 36 39 43 45 54 65 72 80 82 111 112 120 121 124 132 156 171 176 189 192 199
11
16 30 40 54 80 87 119 128 145 174 186
15
1 20 24 42 46 51 52 55 99 106 121 130 143 183 192
17
1 7 34 37 87 102 115 130 131 137 138 159 160 166 185 186 197
20
7 10 37 52 56 69 77 83 104 119 121 133 145 154 155 158 173 185 190 191
20
14 15 23 39 60 71 87 91 93 94 97 100 102 112 121 134 150 157 172 191
16
27 28 29 39 52 53 60 95 109 115 136 145 161 191 195 198
20
5 11 24 27 43 44 45 49 52 58 94 102 142 150 153 168 169 172 181 186
22
14 21 34 36 37 44 53 59 69 79 91 100 105 106 110 114 128 133 167 174 178 179
19
18 33 50 52 60 62 67 75 84 85 92 108 131 149 164 167 170 186 199
18
24 25 30 51 57 68 85 89 91 95 97 100 110 117 119 165 179 189
25
1 11 12 23 29 45 56 58 60 71 77 91 106 123 142 147 155 158 160 164 169 178 183 199 200
25
4 5 19 28 38 65 80 82 91 92 93 113 127 130 142 143 147 150 159 173 175 177 186 194 198
15
4 26 29 34 63 94 101 112 114 119 148 155 176 178 181
25
27 29 34 35 54 56 59 66 73 86 88 100 112 115 121 125 126 136 139 140 146 147 158 175 198
20
15 22 24 32 42 43 56 66 69 83 115 116 127 130 141 157 161 173 185 187
21
7 8 17 28 49 51 65 83 113 125 127 139 142 150 159 161 163 168 172 181 189
21
5 9 10 12 17 22 40 48 83 85 86 111 122 129 137 145 151 166 174 192 197
17
1 13 39 60 65 69 76 77 82 93 96 114 122 155 158 184 187
9
22 24 64 74 111 122 145 177 199
16
5 13 28 30 56 57 81 110 116 123 142 153 186 193 197 200
15
15 54 79 100 110 118 152 162 165 169 178 186 194 195 196
16
1 38 56 64 65 67 69 82 84 91 107 115 122 125 129 154
19
6 10 25 31 87 95 96 101 114 115 123 127 130 143 158 162 170 190 197
25
12 14 21 27 32 38 45 49 50 51 53 56 62 86 92 98 105 111 118 142 153 172 175 184 195
19
8 22 23 29 33 35 36 62 66 79 90 106 115 116 123 126 153 160 200
15
1 14 21 37 50 66 67 98 121 129 135 142 162 168 183
21
3 16 33 39 60 64 81 85 98 99 111 112 114 132 136 149 156 163 177 187 200
15
19 40 41 43 46 52 89 90 104 149 155 163 166 178 189
17
7 38 40 42 48 57 69 74 75 79 86 145 166 169 186 190 200
21
6 18 19 25 37 60 62 68 71 79 96 97 119 124 144 147 149 163 166 184 197
22
1 12 18 24 41 46 59 83 90 97 100 102 125 132 139 142 145 169 171 178 181 197
25
11 25 36 38 39 41 43 49 80 96 112 119 121 130 131 140 141 151 156 164 178 192 193 195 197
17
2 20 23 32 38 45 55 61 66 88 110 136 147 174 176 186 192
22
2 27 29 36 56 59 74 84 98 107 112 115 132 149 153 157 162 163 168 170 189 194
23
23 30 53 59 62 66 69 94 96 111 114 116 123 144 148 152 153 155 167 182 183 193 196
17
17 45 53 68 78 79 87 91 93 101 128 130 132 137 148 154 200
16
28 34 46 67 97 113 114 127 141 148 165 169 179 184 185 186
21
1 6 19 24 25 27 45 85 98 104 108 119 121 124 127 129 149 161 164 177 195
24
6 8 23 24 34 40 41 43 62 73 86 91 97 106 117 120 121 147 154 163 169 175 179 194
21
9 17 18 21 31 66 72 76 83 93 97 108 115 123 124 156 161 176 178 184 197
26
3 11 15 18 25 40 65 69 73 85 89 96 101 104 105 107 140 141 143 151 156 163 169 191 192 197
14
20 26 32 47 48 81 90 106 126 132 134 138 176 199
15
11 17 21 29 45 54 89 92 95 153 157 159 165 172 181
19
6 10 18 24 32 43 54 61 64 71 76 86 88 98 113 155 156 196 199
16
25 39 44 56 60 75 86 102 108 117 118 126 145 159 176 177
19
4 14 22 24 43 48 51 53 60 69 105 127 134 152 153 156 160 185 190
18
8 11 15 17 23 25 30 43 54 67 100 103 104 114 118 150 160 180
22
4 19 24 31 38 69 82 86 103 104 108 129 138 143 148 151 153 166 170 186 192 200
19
1 10 19 21 23 36 38 62 81 92 98 112 127 131 139 141 159 190 200
31
2 11 21 24 27 30 32 43 47 55 58 65 68 72 73 83 106 108 112 128 131 133 149 150 151 154 165 168 179 184 200
18
1 2 37 38 52 69 71 90 93 96 135 140 143 149 153 163 192 196
15
8 14 19 25 31 37 46 49 88 99 109 128 155 170 200
21
15 22 25 26 29 56 66 70 103 123 130 154 157 158 161 168 172 179 184 187 196
25
6 7 14 31 41 44 53 60 63 80 83 97 119 127 134 135 149 165 180 183 184 186 190 193 199
19
17 38 40 43 75 90 94 107 109 149 153 157 159 164 170 176 182 185 197
20
4 9 23 27 39 44 49 51 93 101 103 107 119 125 156 167 174 175 194 195
22
25 44 50 54 55 59 70 73 75 79 89 91 110 113 128 137 141 146 150 158 165 200
20
13 27 31 44 64 78 84 89 91 109 110 115 119 134 138 168 173 183 186 192
17
2 11 27 30 35 50 63 75 82 88 95 108 116 149 167 180 188
20
12 14 15 26 39 44 45 48 50 57 95 100 107 123 133 134 142 170 179 180
15
44 47 66 68 75 89 91 96 106 110 150 153 155 173 193
18
2 3 7 22 42 47 54 64 65 69 74 82 105 111 141 147 160 172
22
9 19 41 45 49 65 85 86 94 96 99 100 101 110 118 120 124 136 146 152 176 196
23
1 4 6 20 41 43 44 65 68 84 85 88 92 94 105 115 134 136 139 145 184 185 200
19
23 41 58 67 68 79 113 133 135 137 139 142 155 157 183 189 192 194 195
18
2 5 27 48 51 54 77 87 89 96 100 134 135 146 148 151 152 180
17
6 39 73 80 96 103 113 134 136 139 152 162 168 170 171 173 199
20
5 12 13 25 48 57 73 75 95 96 124 128 129 133 135 137 144 150 155 162
20
1 10 17 34 64 69 70 74 82 95 96 97 98 134 143 148 152 154 166 188
20
16 23 27 34 35 36 57 78 83 85 87 137 146 149 151 157 158 159 170 195
15
2 41 85 88 90 106 107 110 120 125 129 148 179 182 196
25
12 19 29 32 42 46 55 59 63 67 73 78 81 118 127 129 136 142 152 154 158 164 177 191 199
23
3 6 14 15 30 38 70 76 100 104 109 114 125 139 153 158 168 170 175 176 192 197 200
18
16 51 57 65 94 98 114 128 141 145 150 160 161 175 177 180 198 200
19
23 24 34 67 68 91 97 101 106 112 137 146 153 158 163 172 183 193 200
18
9 12 13 48 56 66 73 74 75 90 96 98 100 115 134 176 179 191
21
18 28 46 56 69 88 90 96 100 110 119 130 135 138 142 151 175 178 193 194 200
20
10 19 22 33 47 48 57 59 75 84 85 96 103 110 112 136 161 169 179 199
27
10 29 42 46 58 61 86 105 108 131 133 143 144 148 149 150 152 159 165 176 177 179 182 184 189 194 199
21
2 5 8 16 26 33 62 67 77 96 98 110 118 132 136 160 169 178 180 181 197
18
22 28 44 76 82 83 98 109 116 121 133 143 145 165 184 185 193 196
18
4 33 36 38 49 52 61 87 93 103 122 124 129 132 135 149 178 193
22
23 34 56 63 84 86 87 88 95 103 106 119 123 125 138 155 161 168 170 179 181 197
10
12 40 53 59 81 101 104 161 176 189
25
4 5 12 14 34 40 45 82 84 90 100 115 118 125 132 133 149 154 168 172 175 179 193 194 195
19
19 21 26 29 48 51 59 60 90 104 112 117 122 128 131 176 178 182 189
26
16 24 30 37 39 40 41 46 63 65 66 70 75 82 84 104 116 120 123 124 128 135 169 173 185 199
23
8 10 18 27 28 30 47 51 54 61 62 77 107 111 152 155 157 161 165 167 174 179 197
22
1 3 14 25 46 49 66 70 80 86 107 110 112 116 128 131 141 155 171 179 190 193
15
2 13 40 51 66 67 71 89 108 117 125 128 151 159 181
20
8 9 18 26 64 72 76 84 85 104 112 119 123 125 128 150 157 165 177 192
18
26 36 54 65 75 84 99 112 135 145 151 153 166 167 178 181 182 198
27
14 16 20 32 33 37 42 50 55 57 72 79 86 88 98 102 116 119 124 126 135 138 167 168 169 190 198
16
4 16 19 22 38 41 63 84 110 124 140 149 153 159 177 179
17
6 22 67 72 73 78 82 91 94 99 110 125 145 146 176 178 181
19
8 19 35 55 56 58 59 68 74 106 119 123 126 141 154 168 178 189 193
25
3 18 22 25 39 41 56 62 71 73 87 90 97 101 104 116 123 127 140 148 150 173 183 186 195
22
6 19 25 34 35 64 69 72 76 93 100 103 114 124 159 167 181 183 186 190 192 194
