150 300
1.0 1.0 1.0 1.0 1.0 1.0 1.0 1.0 1.0 1.0 1.0 1.0 1.0 1.0 1.0 1.0 1.0 1.0 1.0 1.0 1.0 1.0 1.0 1.0 1.0 1.0 1.0 1.0 1.0 1.0 1.0 1.0 1.0 1.0 1.0 1.0 1.0 1.0 1.0 1.0 1.0 1.0 1.0 1.0 1.0 1.0 1.0 1.0 1.0 1.0 1.0 1.0 1.0 1.0 1.0 1.0 1.0 1.0 1.0 1.0 1.0 1.0 1.0 1.0 1.0 1.0 1.0 1.0 1.0 1.0 1.0 1.0 1.0 1.0 1.0 1.0 1.0 1.0 1.0 1.0 1.0 1.0 1.0 1.0 1.0 1.0 1.0 1.0 1.0 1.0 1.0 1.0 1.0 1.0 1.0 1.0 1.0 1.0 1.0 1.0 1.0 1.0 1.0 1.0 1.0 1.0 1.0 1.0 1.0 1.0 1.0 1.0 1.0 1.0 1.0 1.0 1.0 1.0 1.0 1.0 1.0 1.0 1.0 1.0 1.0 1.0 1.0 1.0 1.0 1.0 1.0 1.0 1.0 1.0 1.0 1.0 1.0 1.0 1.0 1.0 1.0 1.0 1.0 1.0 1.0 1.0 1.0 1.0 1.0 1.0 1.0 1.0 1.0 1.0 1.0 1.0 1.0 1.0 1.0 1.0 1.0 1.0 1.0 1.0 1.0 1.0 1.0 1.0 1.0 1.0 1.0 1.0 1.0 1.0 1.0 1.0 1.0 1.0 1.0 1.0 1.0 1.0 1.0 1.0 1.0 1.0 1.0 1.0 1.0 1.0 1.0 1.0 1.0 1.0 1.0 1.0 1.0 1.0 1.0 1.0 1.0 1.0 1.0 1.0 1.0 1.0 1.0 1.0 1.0 1.0 1.0 1.0 1.0 1.0 1.0 1.0 1.0 1.0 1.0 1.0 1.0 1.0 1.0 1.0 1.0 1.0 1.0 1.0 1.0 1.0 1.0 1.0 1.0 1.0 1.0 1.0 1.0 1.0 1.0 1.0 1.0 1.0 1.0 1.0 1.0 1.0 1.0 1.0 1.0 1.0 1.0 1.0 1.0 1.0 1.0 1.0 1.0 1.0 1.0 1.0 1.0 1.0 1.0 1.0 1.0 1.0 1.0 1.0 1.0 1.0 1.0 1.0 1.0 1.0 1.0 1.0 1.0 1.0 1.0 1.0 1.0 1.0 1.0 1.0 1.0 1.0 1.0 1.0 1.0 1.0 1.0 1.0 1.0 1.0 1.0 1.0 1.0 1.0 1.0 1.0
51
2 13 17 19 21 29 31 37 47 57 58 68 81 108 111 134 135 138 142 150 154 162 163 165 167 170 175 178 181 188 190 194 197 198 203 233 234 238 241 242 246 249 252 254 276 277 279 288 291 293 300
57
4 21 29 30 31 34 35 37 38 40 51 52 53 56 57 66 77 85 86 100 103 104 110 116 122 124 128 130 142 146 159 171 173 175 178 182 185 189 205 207 210 211 219 221 228 230 240 242 245 272 278 280 288 292 293 296 298
52
3 16 34 35 36 38 39 41 42 45 47 48 55 64 66 75 76 77 85 92 95 104 106 107 109 119 120 124 134 167 179 193 196 197 202 203 208 211 219 221 225 232 234 244 246 269 272 279 291 295 296 297
57
1 2 4 14 17 29 31 39 47 49 51 52 55 60 68 70 71 72 73 76 78 79 80 81 99 103 104 117 119 133 139 140 142 150 151 157 158 172 175 177 185 193 208 213 224 235 237 249 250 262 270 274 275 281 292 293 297
58
5 9 11 15 16 19 23 29 35 39 43 45 50 56 69 79 86 94 95 100 103 107 109 112 118 129 140 142 145 148 151 155 157 159 185 188 190 193 194 202 205 208 225 226 229 232 239 242 245 249 258 263 270 271 284 285 294 296
58
3 4 9 36 38 41 43 49 54 61 63 65 70 71 85 91 95 96 105 118 127 128 131 133 139 143 148 154 156 157 160 165 172 175 177 189 191 199 200 203 205 207 223 230 232 233 246 250 254 256 258 261 266 270 275 282 288 293
52
1 4 7 10 11 13 31 36 38 39 49 61 63 81 87 104 111 114 134 143 146 158 161 176 182 183 184 187 188 196 199 201 210 215 216 218 227 228 229 230 233 240 242 245 250 253 255 257 264 265 266 274
65
1 7 9 10 12 14 16 34 38 42 46 54 56 59 70 72 74 79 82 85 89 99 104 118 131 136 139 141 142 144 149 150 171 177 178 185 190 199 204 205 214 216 217 220 224 229 238 240 241 244 246 255 257 260 266 270 271 272 276 277 286 287 290 294 299
61
1 4 6 9 14 16 17 23 29 33 34 39 40 41 49 53 54 60 63 76 78 81 91 97 111 118 125 126 146 148 153 154 155 160 169 172 173 176 179 180 185 186 187 188 210 218 219 226 229 234 240 241 243 246 251 256 258 273 274 286 292
48
1 21 35 38 42 52 67 68 70 73 75 87 92 103 105 106 109 110 112 113 118 128 129 152 164 167 171 176 178 181 185 189 194 210 215 221 229 235 236 244 248 250 251 262 272 280 288 298
48
3 10 26 43 44 48 54 58 63 67 68 69 80 81 98 100 105 117 123 131 132 135 149 150 155 161 163 166 167 171 176 182 188 191 193 197 198 204 209 223 237 241 252 264 278 284 286 297
51
1 6 10 15 24 26 28 29 31 41 45 60 76 82 85 87 88 115 117 127 130 132 134 138 154 156 158 163 169 170 175 183 191 202 208 217 218 228 229 244 247 255 259 261 272 274 281 291 296 299 300
53
4 11 18 35 36 51 52 57 59 76 82 88 94 97 109 117 130 136 137 147 148 168 172 175 181 186 187 197 200 203 206 209 211 216 223 225 237 242 246 250 251 258 261 262 265 266 267 268 269 270 277 280 298
58
1 2 4 6 7 17 22 23 25 48 51 54 63 65 70 71 85 86 94 101 107 115 140 147 149 157 167 173 174 176 179 181 186 189 202 207 209 211 218 223 231 232 234 241 250 256 257 266 269 270 278 283 288 289 290 293 295 296
55
4 9 11 13 32 33 36 39 48 50 53 63 73 77 78 82 85 98 118 120 122 124 133 136 138 139 142 144 146 149 159 173 176 180 185 186 187 189 194 198 202 210 214 221 228 242 244 248 252 255 256 260 264 269 283
63
2 14 17 24 25 27 29 30 32 33 38 46 58 63 66 71 86 88 94 97 103 119 121 122 129 139 140 141 156 159 161 162 164 165 167 170 171 175 177 181 182 183 191 198 205 207 208 223 235 237 250 252 253 254 257 265 274 275 276 277 286 290 294
57
1 11 16 20 34 37 38 39 44 48 55 66 76 82 85 93 98 107 114 118 127 128 137 139 141 151 152 154 156 162 173 174 176 178 185 186 197 205 212 218 221 223 237 240 245 246 253 263 265 267 268 282 287 289 294 297 300
69
7 14 16 20 22 27 36 38 42 45 46 49 50 55 59 60 61 63 67 71 83 85 89 103 107 112 118 121 131 134 137 142 145 151 152 156 174 175 179 180 189 194 197 207 209 211 227 232 242 243 245 250 252 253 256 262 266 272 277 280 281 282 283 288 290 291 295 298 300
51
8 10 13 18 25 29 33 35 38 45 53 57 65 70 74 79 82 89 96 102 104 114 119 126 133 135 144 158 167 168 175 177 179 183 197 209 211 215 216 229 235 238 249 250 259 273 277 278 286 296 300
46
3 11 15 21 26 30 37 41 48 50 51 54 55 56 67 77 79 87 90 114 120 122 125 138 141 142 147 166 184 191 193 198 202 206 217 228 237 239 240 253 259 261 263 278 292 294
62
2 3 6 8 13 16 18 23 40 44 47 51 58 62 64 65 67 69 70 71 74 75 86 100 101 118 120 127 131 135 138 139 146 147 150 160 170 176 182 186 188 190 196 210 211 217 219 228 231 233 241 248 258 259 261 262 271 274 284 285 286 298
62
1 2 15 19 26 31 39 48 55 57 59 60 61 70 76 79 91 94 103 108 111 120 126 128 131 136 139 144 147 152 164 170 172 175 184 196 197 200 203 205 210 213 217 224 230 232 233 240 243 244 245 249 253 260 276 280 288 289 291 293 296 299
63
5 7 16 20 24 31 35 43 44 54 55 57 63 66 68 70 72 77 83 89 95 103 106 109 113 116 121 124 127 130 131 141 144 157 164 169 177 178 184 187 188 190 198 199 200 207 217 222 234 237 241 244 249 250 260 264 267 273 276 282 284 290 297
65
5 11 14 16 23 27 31 34 41 44 48 51 53 55 56 57 67 68 71 73 77 93 97 101 106 109 127 131 135 147 149 162 169 170 172 175 183 191 195 203 204 208 215 217 220 221 222 223 228 231 232 233 238 252 257 263 267 268 274 275 282 289 291 292 300
65
11 12 13 17 18 34 42 47 50 53 57 60 65 69 70 77 81 84 86 93 103 104 115 116 118 120 128 129 135 156 163 174 178 179 183 186 191 194 196 198 199 201 208 209 210 212 218 219 229 231 236 239 240 243 248 249 251 254 260 271 280 286 287 288 291
51
6 17 21 22 28 37 40 44 53 54 62 63 67 68 69 76 79 84 91 94 100 108 114 116 131 133 139 145 148 149 163 165 169 184 196 210 223 225 238 242 246 262 273 276 281 285 288 294 295 298 300
61
3 4 5 13 14 19 26 28 31 34 44 45 52 57 61 66 69 84 91 96 97 100 101 112 124 125 129 131 134 140 148 150 153 160 170 175 180 182 183 185 190 191 199 202 210 217 224 232 233 238 247 253 262 265 268 275 278 281 283 287 292
49
1 2 22 40 41 43 66 70 73 76 80 81 87 92 93 103 107 112 127 129 142 143 152 163 172 179 180 182 189 197 198 200 216 218 219 234 239 241 249 256 260 265 269 270 275 280 281 290 298
57
2 5 9 10 22 30 34 35 41 42 49 51 66 78 86 90 96 97 105 107 119 126 130 135 140 145 147 151 157 159 161 167 170 171 183 186 191 193 194 195 207 209 213 214 215 217 222 241 242 265 271 273 274 278 292 293 295
55
4 12 13 18 19 23 30 31 34 44 48 50 51 65 76 77 80 89 91 103 113 114 116 118 125 130 138 151 152 153 158 163 170 173 181 183 188 194 196 197 198 200 211 223 224 233 237 241 245 265 271 277 289 291 294
72
2 10 14 15 19 24 32 35 38 41 44 45 46 48 51 54 55 56 57 61 63 70 80 81 84 86 90 96 103 108 120 121 135 136 138 139 141 149 151 156 159 161 163 167 171 178 179 182 191 198 204 210 214 215 216 219 239 245 246 252 254 255 260 262 266 268 281 285 286 289 297 298
61
1 8 18 20 28 40 53 58 63 69 75 76 79 80 96 98 104 107 108 111 113 115 120 122 127 131 143 149 151 152 153 155 156 158 165 176 190 192 200 203 208 210 218 223 226 228 236 237 243 244 251 253 264 268 269 271 275 276 284 285 295
58
1 12 15 18 19 28 37 52 55 61 65 69 73 75 76 82 93 96 97 103 105 108 113 115 120 123 126 128 130 141 153 162 171 176 183 190 193 194 196 202 209 219 222 225 229 230 236 241 248 252 266 275 276 279 281 285 292 300
64
12 17 19 27 31 34 37 38 42 45 50 57 69 72 77 87 94 101 106 115 117 120 125 128 133 135 150 154 165 167 172 186 189 190 191 195 200 205 214 215 219 220 224 225 228 243 246 258 259 261 263 264 265 268 271 272 273 278 282 287 288 294 297 300
61
8 13 14 16 23 25 26 27 28 33 34 39 41 46 48 50 51 55 66 77 88 102 106 107 109 117 130 133 136 137 138 140 154 166 171 178 191 195 208 209 214 222 223 225 227 228 234 238 239 245 249 251 258 260 263 264 268 275 280 283 292
61
2 4 5 7 22 30 38 39 40 43 54 55 69 70 77 82 86 98 109 115 117 118 127 133 147 150 151 153 162 163 171 172 174 189 190 197 203 204 217 224 226 229 234 236 240 246 247 248 250 261 268 271 275 281 284 287 288 290 293 295 296
63
3 15 17 19 31 32 33 38 51 59 60 61 64 68 70 73 91 96 98 100 101 105 106 119 131 133 137 146 147 148 156 158 160 161 165 166 167 173 182 186 191 193 194 197 200 201 211 229 233 234 239 240 247 249 261 264 267 270 276 284 293 295 296
54
2 4 10 11 12 14 21 23 26 45 46 48 53 57 58 63 64 69 76 82 94 105 109 125 126 128 134 139 140 142 152 153 154 155 159 165 177 188 189 207 210 218 219 220 227 229 233 238 262 271 280 288 293 294
58
2 14 16 25 33 34 36 42 70 74 76 78 84 90 91 93 95 96 107 109 110 118 119 127 128 129 133 145 150 152 153 155 159 164 166 169 183 194 196 198 202 203 204 205 216 227 233 237 239 245 247 254 255 262 265 266 285 293
60
2 3 6 12 16 18 22 28 31 36 37 40 43 48 53 55 64 67 70 77 79 81 87 94 99 104 106 110 112 116 117 136 148 155 171 176 185 189 205 214 221 226 227 228 235 236 244 246 250 258 265 268 270 276 281 282 283 285 286 296
64
4 12 22 26 28 34 39 42 46 54 55 56 63 66 75 77 81 82 87 88 100 103 108 109 121 135 141 153 154 156 167 172 174 177 182 183 193 194 201 216 219 220 228 229 232 233 240 248 253 254 255 260 262 264 266 276 277 282 284 288 289 295 296 297
63
11 13 15 23 25 27 29 34 40 41 50 51 64 70 71 78 80 84 86 87 92 96 99 103 105 106 110 111 117 128 130 134 143 146 152 154 156 165 167 169 172 176 198 203 220 221 227 233 235 238 239 247 251 254 256 257 264 269 272 276 278 283 299
61
1 2 4 12 24 27 36 42 44 45 53 60 62 67 73 79 80 82 87 88 90 95 98 100 108 112 116 117 120 121 129 135 146 151 156 168 170 174 176 180 183 191 196 200 212 215 217 227 233 240 248 254 257 259 276 277 284 287 289 291 294
66
2 5 9 17 18 27 37 43 46 54 67 71 75 84 90 93 104 110 113 120 128 132 133 135 136 140 141 146 149 151 152 161 171 172 179 180 183 184 185 188 189 197 198 200 201 203 213 221 222 223 226 235 236 237 248 254 255 260 262 268 271 275 279 281 286 291
51
2 4 15 22 28 35 41 44 51 54 62 69 70 78 80 83 86 87 93 95 101 104 107 109 112 113 121 123 125 143 144 146 173 176 180 185 188 193 198 201 228 245 246 247 248 253 267 281 283 285 295
69
2 10 11 14 18 22 29 37 39 40 42 44 49 72 73 79 81 85 89 90 98 99 100 104 108 125 128 133 135 138 141 157 160 162 176 178 180 181 182 183 184 187 194 198 203 211 213 217 223 224 225 226 230 231 235 241 244 249 252 254 255 270 277 284 287 289 294 296 298
58
3 4 5 11 14 17 18 19 27 36 39 40 53 54 59 77 80 82 93 101 105 108 109 112 122 132 134 135 136 148 151 152 155 168 182 189 190 192 202 203 213 216 222 229 235 241 243 247 249 256 265 271 273 281 283 287 293 299
60
4 8 9 10 11 13 18 19 26 28 40 46 58 63 72 77 79 83 89 90 99 104 105 106 114 119 127 138 139 141 156 159 161 174 185 197 199 201 202 205 208 210 211 218 219 220 221 228 230 231 242 255 260 261 266 273 277 289 295 300
63
5 12 17 18 19 20 32 41 44 48 57 60 61 70 73 80 84 91 92 115 124 137 138 139 146 149 150 153 154 155 156 171 172 173 174 187 188 190 207 208 211 214 224 229 232 237 238 241 243 245 251 256 259 264 274 278 280 284 291 293 295 297 298
68
10 24 25 29 32 35 38 40 44 48 49 58 62 68 76 82 83 85 88 90 94 96 101 105 106 111 115 118 122 124 125 133 136 137 147 151 154 164 172 174 180 181 186 188 191 194 195 202 212 214 220 223 225 226 231 233 234 244 249 254 255 260 263 265 267 271 276 295
67
5 16 21 25 31 32 38 41 50 56 62 83 89 91 92 94 95 97 102 104 105 106 115 117 123 124 125 127 128 131 133 143 156 161 167 170 175 179 181 182 183 185 188 198 203 204 205 206 207 209 211 217 221 227 228 233 237 238 245 247 252 267 275 276 280 281 297
59
5 6 7 8 12 21 28 31 32 35 36 41 48 55 64 71 89 97 98 99 102 112 119 120 123 130 131 135 136 137 141 142 151 152 160 166 168 169 173 184 191 194 202 212 217 221 225 226 241 252 253 263 272 276 284 289 290 292 299
60
2 3 8 14 16 28 37 43 47 59 60 79 84 86 99 103 106 108 110 112 114 115 117 135 144 145 149 159 160 163 167 168 170 173 178 182 183 184 186 189 191 192 205 211 219 228 233 234 243 246 247 265 266 270 273 276 277 281 287 290
54
9 10 11 23 28 30 32 34 46 49 50 52 60 77 78 84 89 110 115 119 123 128 137 138 139 141 149 154 158 163 165 181 184 192 193 197 204 205 206 213 224 226 227 237 247 251 252 258 259 272 278 279 290 299
49
3 8 12 19 20 32 37 39 43 45 56 62 87 88 90 91 108 133 141 146 167 174 178 179 181 186 187 189 194 195 198 205 217 221 231 238 239 240 249 256 258 266 270 273 276 285 286 291 293
59
12 13 15 22 33 35 42 62 64 87 89 94 102 106 110 111 112 119 120 127 137 141 143 145 154 161 163 167 169 170 179 187 188 190 191 192 198 200 202 213 214 215 219 227 229 230 256 259 261 264 265 268 274 290 291 295 296 298 299
43
12 13 28 56 60 62 65 66 71 87 88 97 103 111 112 117 140 141 146 147 148 149 160 166 167 173 180 189 197 219 225 229 232 235 240 241 250 254 261 262 275 276 279
57
8 22 29 32 37 38 40 41 50 56 62 70 74 76 81 91 100 102 107 120 132 135 141 145 149 155 159 164 165 172 174 175 191 195 197 205 207 217 220 222 223 230 246 251 257 264 271 272 277 279 286 287 291 294 295 299 300
72
1 4 5 7 13 16 18 27 30 41 45 46 47 56 59 60 65 68 69 74 83 87 88 89 91 93 96 97 100 103 105 112 113 116 124 133 150 151 152 153 155 158 160 161 164 172 185 191 195 197 201 205 210 213 214 237 243 245 249 252 255 258 263 271 272 276 279 280 282 284 289 292
59
3 7 10 14 19 31 33 34 38 41 44 49 53 59 60 64 73 77 89 97 100 107 111 116 117 121 122 124 151 175 176 179 183 188 194 199 200 201 205 216 220 222 223 224 226 227 239 242 252 253 259 265 270 271 274 281 283 286 293
64
3 5 6 7 19 21 24 26 27 29 30 33 39 41 42 44 55 56 81 84 90 94 96 97 102 105 108 119 121 125 130 131 138 144 146 149 154 155 162 166 167 180 182 186 192 204 214 216 227 228 237 250 251 253 255 257 261 264 271 273 278 281 294 298
56
10 22 25 29 30 32 40 50 52 67 68 74 76 80 86 88 91 96 100 112 113 124 128 129 131 137 140 145 147 155 156 171 172 177 193 197 199 203 206 213 214 215 219 228 240 245 248 255 264 269 270 272 275 282 286 298
61
5 8 10 20 21 22 34 49 54 55 62 63 64 66 70 73 75 82 90 102 106 113 117 125 127 130 132 137 153 162 169 170 182 190 191 197 198 199 200 204 208 211 216 218 220 226 235 238 245 251 256 259 262 280 281 286 289 290 291 292 293
57
7 8 15 19 45 47 50 56 65 68 78 79 80 85 88 93 98 101 102 103 112 115 124 126 131 133 142 143 146 147 153 154 161 165 166 173 194 196 199 205 210 212 218 223 226 235 237 243 245 250 261 268 272 283 284 289 297
55
2 16 17 22 24 25 28 34 35 42 55 67 85 100 107 114 120 123 128 140 142 144 149 151 156 165 167 172 174 179 185 187 190 205 206 209 210 212 216 220 221 222 227 232 236 248 251 253 257 259 278 279 282 293 299
49
2 15 18 20 24 35 40 53 54 58 67 69 86 90 93 95 108 112 121 124 129 132 139 141 143 166 170 183 185 190 195 198 212 218 226 229 230 231 235 241 246 248 256 264 265 273 281 287 294
59
9 10 13 15 19 20 21 26 35 37 53 60 76 90 94 98 100 108 116 119 122 126 138 139 143 144 145 146 151 153 160 164 165 173 182 186 193 199 209 210 213 225 229 231 235 238 239 247 249 261 269 282 283 288 292 293 294 299 300
71
4 13 14 19 20 21 31 33 41 42 47 50 57 65 73 74 80 81 83 85 88 89 90 94 100 102 107 111 120 122 129 130 131 140 150 153 160 161 164 166 169 170 174 181 183 190 198 204 206 209 210 215 223 226 235 237 240 246 247 248 254 255 259 269 276 283 285 295 296 297 299
61
3 6 14 17 22 24 31 34 47 54 60 64 69 70 73 76 79 80 84 86 96 99 101 104 117 124 129 133 134 136 138 139 147 151 153 161 170 175 178 180 182 185 194 205 207 209 210 214 221 233 242 253 254 261 264 272 279 280 285 291 292
57
13 23 33 37 38 40 46 52 58 64 86 94 95 101 104 105 110 112 115 118 122 123 132 134 136 144 145 148 150 157 158 160 167 174 176 177 183 193 217 220 221 226 232 234 242 243 245 255 257 260 266 268 272 275 281 289 294
58
2 9 12 14 16 25 27 41 43 52 54 61 74 91 93 108 114 118 120 121 123 124 135 140 142 144 152 159 165 169 170 174 179 184 185 190 194 195 206 208 219 226 234 240 247 248 256 260 269 272 273 274 276 282 284 290 293 297
50
7 18 20 21 22 38 48 52 53 54 64 68 73 90 95 114 122 124 132 141 147 149 150 160 163 164 165 173 174 176 185 186 187 188 191 213 220 232 239 241 243 252 255 266 274 281 282 289 292 299
62
4 5 6 7 11 12 15 22 23 31 32 35 38 48 49 50 55 57 67 68 69 77 80 87 89 92 94 96 104 119 123 142 143 144 146 151 166 174 178 182 187 192 196 202 215 217 229 230 231 232 235 244 245 246 254 258 266 267 268 280 287 297
54
12 17 18 22 27 38 44 63 65 68 70 72 79 83 87 88 93 94 96 103 108 121 124 130 149 154 161 162 165 169 180 181 188 197 200 202 207 212 215 217 218 222 223 227 229 233 248 254 256 261 264 271 283 295
48
5 14 23 26 33 40 42 56 57 66 69 72 83 92 116 117 118 124 128 132 135 138 147 153 156 164 193 201 203 205 209 217 224 228 230 232 240 242 245 251 257 271 277 281 284 289 294 298
55
2 6 8 10 11 14 16 25 30 46 56 58 59 70 71 75 79 83 88 108 128 136 141 142 144 146 147 151 152 154 159 167 172 174 180 182 189 201 208 211 219 236 242 248 250 254 258 260 264 268 271 275 280 284 298
61
16 23 24 27 30 37 45 47 55 57 59 65 68 69 76 78 79 81 83 85 88 96 97 113 118 124 127 129 131 146 155 161 162 163 166 172 173 175 182 196 197 199 204 211 213 215 225 236 241 247 249 254 255 264 268 269 270 274 277 288 290
63
6 14 16 17 20 24 29 32 36 37 38 46 52 60 66 69 70 77 79 81 82 84 88 94 100 105 106 123 127 130 132 135 147 148 152 160 167 173 176 178 181 196 198 212 218 219 227 230 231 232 234 235 246 247 249 251 253 270 274 283 291 292 294
62
7 8 23 27 32 33 35 38 46 47 56 57 61 65 67 71 78 89 93 94 96 102 106 109 116 121 126 127 139 141 143 150 153 156 159 164 166 173 175 181 183 187 188 191 196 205 212 216 226 228 229 252 254 255 265 277 279 280 288 295 298 300
62
6 8 15 29 33 37 40 47 51 56 62 71 84 92 94 95 97 100 105 112 118 119 131 134 138 143 145 148 149 157 162 163 171 172 173 181 183 187 196 197 199 217 226 227 231 232 234 237 238 239 246 247 253 255 259 260 270 272 273 289 299 300
64
4 9 14 17 18 20 45 53 55 57 60 63 75 81 90 92 95 111 114 115 119 127 128 130 132 135 146 151 154 160 163 164 168 170 171 173 176 179 183 188 189 197 199 202 203 205 208 210 213 215 221 224 234 236 242 251 253 254 255 274 275 277 278 287
61
16 23 25 35 40 53 54 57 60 65 68 72 76 79 81 84 89 91 95 98 109 120 129 138 139 143 145 147 150 158 159 161 162 165 172 178 179 183 188 189 196 206 208 209 212 213 216 224 239 253 259 271 274 277 281 284 287 291 293 296 297
58
11 18 19 31 33 35 40 45 47 51 61 67 73 83 91 93 98 101 110 111 118 122 125 128 129 135 139 141 143 152 157 162 163 182 213 218 220 223 227 229 232 233 236 237 238 241 249 251 255 259 261 262 270 273 277 281 286 299
49
17 36 50 57 59 62 66 70 76 77 79 84 94 102 104 107 108 111 113 116 127 132 134 136 140 142 143 148 152 171 177 186 187 190 200 201 210 218 220 229 242 245 247 252 261 269 271 275 282
62
4 7 9 19 20 22 24 34 37 38 54 59 64 70 73 90 95 99 100 102 106 108 110 115 124 130 131 132 133 142 148 151 164 166 172 175 177 202 205 216 219 221 229 231 235 236 237 238 240 241 247 251 260 271 275 279 280 290 296 298 299 300
51
3 14 16 52 58 59 69 74 80 89 102 104 106 112 121 127 131 135 148 156 165 180 188 189 205 206 212 215 216 220 223 225 232 234 235 237 244 249 255 263 265 268 269 278 279 281 285 286 290 293 297
53
7 8 10 14 26 35 39 42 43 45 58 65 67 74 76 90 96 97 99 107 110 115 123 125 126 137 140 143 150 151 155 163 165 168 173 176 184 191 199 216 217 218 226 228 230 232 235 246 250 251 252 259 293
73
1 3 5 7 8 14 18 23 25 30 36 44 45 50 51 56 58 60 61 65 67 73 80 84 86 88 91 96 100 101 103 104 106 108 122 129 133 144 145 153 155 156 158 169 170 174 181 190 191 192 194 196 198 217 222 228 229 234 239 241 242 258 259 267 269 270 273 287 294 296 297 299 300
53
2 10 15 19 25 34 44 49 50 53 60 62 65 68 71 81 90 92 95 109 112 114 117 118 149 153 154 156 160 168 171 182 185 186 198 200 201 209 210 227 236 243 245 247 250 257 262 263 286 289 295 297 298
61
1 4 5 17 20 21 25 34 35 36 38 40 46 50 59 64 68 69 75 81 91 107 109 126 132 133 134 136 140 143 144 145 155 163 165 180 185 186 191 195 200 201 221 227 233 235 247 250 251 264 265 273 275 278 279 282 285 288 292 293 300
54
2 13 14 17 23 28 31 40 43 48 58 66 67 70 71 73 75 88 95 96 102 103 107 109 115 118 121 124 127 129 130 137 143 148 149 171 180 191 198 200 210 212 214 223 227 228 231 236 251 257 260 263 284 294
57
10 11 15 19 21 24 33 35 36 43 51 56 84 95 96 101 103 112 113 123 125 128 133 144 146 149 155 164 171 175 186 192 197 199 202 204 211 216 219 220 228 233 234 243 251 253 256 257 263 270 273 280 290 293 295 298 299
63
1 3 7 8 12 22 26 30 35 36 37 41 44 46 50 55 80 85 94 105 108 112 115 116 126 132 134 139 143 148 149 154 155 171 183 189 191 192 194 196 199 201 204 205 210 219 225 236 243 244 245 246 248 249 256 261 266 268 269 277 288 289 300
47
3 4 10 25 30 35 43 51 58 60 78 79 81 88 90 91 93 101 102 109 119 127 129 132 136 148 152 175 176 177 180 181 189 191 192 200 202 207 210 229 241 245 250 255 275 282 284
59
9 13 20 27 36 39 40 42 45 52 54 60 61 62 73 75 78 80 87 95 96 100 102 106 124 137 139 141 147 153 158 159 164 166 169 173 177 181 183 188 192 203 205 207 214 215 225 241 242 244 252 264 268 273 275 283 284 285 300
50
5 9 10 11 24 27 28 35 37 41 66 75 80 82 88 98 112 113 117 131 136 155 162 165 169 173 174 175 176 186 191 195 206 213 219 220 222 225 229 232 233 236 247 251 252 272 273 281 288 300
54
3 18 25 30 31 32 38 45 48 49 53 55 65 72 75 77 78 94 99 118 125 130 131 134 141 142 145 147 149 155 156 189 193 201 203 205 208 210 211 214 222 228 237 242 245 256 261 278 286 290 292 295 296 297
65
7 11 14 15 16 17 22 30 31 36 51 55 56 60 61 66 67 68 70 77 78 79 82 95 105 106 111 115 120 127 130 131 133 136 140 145 149 153 157 158 162 166 169 171 176 177 187 189 193 213 215 228 230 237 238 240 244 252 256 259 261 264 271 284 294
63
3 6 7 8 9 11 18 28 34 35 48 51 52 55 69 73 79 85 86 100 104 106 108 109 110 112 118 120 126 130 131 139 141 143 152 160 162 166 168 172 175 178 188 189 190 191 196 201 214 216 219 224 231 239 243 246 248 263 265 274 283 291 296
58
5 16 17 26 27 29 32 37 44 50 57 61 62 72 82 85 92 94 97 103 105 106 114 131 135 138 143 148 151 163 165 168 176 186 189 193 198 201 203 205 207 208 217 223 225 229 233 242 243 246 248 254 256 257 264 272 281 287
58
5 16 35 36 38 40 44 54 55 60 69 70 76 92 95 100 104 105 112 116 126 132 138 144 145 161 163 180 187 188 190 191 194 200 205 216 217 221 224 225 230 231 232 238 240 241 243 245 249 255 261 266 270 274 278 292 297 299
65
3 4 14 19 26 28 34 39 43 44 47 48 49 52 56 68 70 72 81 92 95 96 98 102 106 110 114 119 121 124 128 132 137 138 141 142 145 148 155 172 179 180 184 188 192 196 200 214 231 241 245 246 262 268 269 270 272 276 277 280 281 282 297 298 299
54
2 8 14 21 23 28 35 36 39 49 50 51 63 66 72 81 82 94 96 104 110 124 130 131 145 146 159 161 162 179 185 192 193 198 205 214 215 218 224 227 228 237 240 246 249 251 262 265 267 269 271 272 284 294
51
7 14 20 22 24 32 45 52 54 55 61 68 69 80 85 96 100 101 116 122 123 125 126 135 141 142 146 149 150 151 166 170 179 198 202 220 227 232 234 243 245 256 258 259 261 269 277 286 289 290 293
60
2 5 8 13 24 26 28 35 40 43 44 51 53 54 59 60 75 77 80 82 83 108 109 111 112 114 122 128 130 135 147 153 156 163 168 170 182 184 191 195 196 197 209 210 212 215 233 242 246 258 260 261 263 265 266 267 268 276 287 295
60
3 6 7 8 9 10 25 27 30 34 36 38 46 53 60 63 66 74 76 81 82 85 90 110 116 124 126 132 143 147 150 165 173 174 177 181 187 200 202 207 222 223 226 231 236 238 240 244 246 249 258 264 265 268 269 273 285 293 294 299
60
4 13 14 16 26 28 32 35 39 40 42 44 66 67 71 77 86 92 96 99 101 102 108 110 120 126 141 150 153 154 161 166 169 170 171 172 174 175 177 178 183 186 194 195 202 209 212 216 226 229 247 250 256 266 267 275 282 291 294 298
58
17 27 30 32 37 40 42 58 59 60 65 66 68 70 88 93 95 96 97 99 111 112 117 134 135 137 142 145 157 165 173 178 180 182 183 205 209 212 215 219 223 231 238 244 245 253 257 260 262 268 269 278 283 284 286 288 295 296
65
7 11 19 20 27 33 34 35 39 44 61 66 77 82 84 99 102 103 107 112 128 132 133 134 135 136 138 139 144 145 154 157 163 165 169 172 174 176 181 185 186 188 198 203 205 207 209 211 215 221 222 223 233 246 247 261 264 274 279 280 282 285 290 291 298
54
16 18 22 24 41 42 43 49 62 64 69 71 80 87 96 99 105 106 121 127 133 137 141 142 154 158 161 162 165 167 169 175 176 178 187 197 204 206 207 214 217 223 226 229 240 245 265 268 270 277 278 286 289 290
59
5 8 16 22 28 31 34 36 37 38 39 51 52 53 57 60 66 68 72 73 77 79 98 104 108 119 124 129 130 139 149 150 151 152 156 159 163 176 189 196 198 216 223 229 232 233 236 241 246 247 251 252 256 263 266 269 273 274 281
44
7 19 25 33 37 38 41 68 81 97 98 105 118 141 153 155 166 169 172 177 182 186 187 190 192 194 196 203 214 216 218 229 231 234 237 244 261 267 280 281 283 284 292 295
67
1 4 6 11 17 26 27 36 44 48 49 50 51 53 54 58 66 75 77 80 83 89 91 92 93 94 97 105 113 121 122 127 132 133 135 140 144 146 147 151 155 156 157 158 160 170 181 188 194 203 205 213 214 215 219 220 224 232 236 242 246 265 268 278 284 289 292
58
2 5 8 11 15 21 24 39 50 51 56 57 60 64 69 82 84 89 90 101 102 104 108 110 112 123 127 129 139 146 154 168 171 173 182 183 184 198 199 202 203 205 209 210 211 214 217 225 228 235 241 246 255 258 284 287 288 289
62
20 25 26 32 33 39 41 44 46 47 49 50 52 57 66 68 69 70 72 80 84 88 97 101 104 107 113 117 124 131 137 138 139 144 156 159 160 171 172 178 188 190 191 192 199 206 219 230 239 241 242 244 251 254 262 277 286 292 293 294 296 299
45
2 3 10 14 18 21 27 28 35 51 54 55 66 80 92 103 113 116 126 129 132 144 145 152 153 154 156 158 177 178 184 192 198 221 222 236 240 241 251 253 280 282 288 289 299
69
3 6 10 11 12 13 14 17 18 19 21 25 30 36 38 50 54 72 77 78 84 87 98 101 102 105 107 111 117 122 138 141 148 149 150 153 159 160 162 163 176 182 188 189 191 197 198 200 205 214 219 222 224 226 233 239 242 245 251 255 257 259 271 279 282 286 294 295 296
57
4 8 12 13 14 15 19 25 26 27 29 30 34 38 41 46 49 60 65 75 84 88 92 101 102 118 121 123 124 126 127 137 138 141 148 157 180 183 187 196 204 210 220 222 238 239 243 245 255 261 269 284 285 286 291 293 296
56
2 4 5 21 23 24 25 28 29 30 31 42 44 50 53 57 59 63 64 75 80 85 89 97 105 107 109 111 113 125 130 139 141 153 156 159 162 187 201 205 206 207 214 217 219 222 226 234 236 251 260 267 268 272 278 290
54
14 28 32 36 50 51 53 56 58 71 81 86 87 95 101 102 107 109 111 112 114 117 123 135 137 138 152 154 163 168 172 179 187 199 204 207 213 214 217 220 228 232 234 238 249 256 262 273 275 278 288 291 297 298
55
8 10 12 14 15 17 18 26 55 56 62 79 85 98 101 110 115 131 133 140 141 142 148 150 151 156 166 171 173 174 179 180 181 188 193 201 206 207 216 221 227 231 233 240 242 250 270 273 274 276 280 283 287 288 300
65
4 7 12 13 25 30 33 34 39 46 48 50 51 52 53 68 71 73 76 81 85 92 97 100 105 106 113 120 125 131 132 134 135 138 140 148 149 153 164 169 183 187 189 190 197 199 205 210 219 221 232 241 246 247 248 252 255 268 279 281 282 287 293 296 299
64
2 8 17 21 25 37 38 39 40 42 43 48 51 53 56 63 73 76 78 80 86 87 91 95 105 106 107 115 117 121 123 124 134 138 141 142 153 154 156 162 164 171 173 178 180 189 194 195 199 201 220 229 234 240 249 253 265 269 280 282 285 288 290 299
72
1 3 8 9 10 15 20 22 24 27 28 31 33 37 39 40 50 55 62 64 69 74 77 84 85 86 88 94 98 101 102 104 105 106 117 118 137 142 150 156 157 158 160 168 173 177 183 187 191 195 203 206 207 208 213 214 219 221 240 244 248 256 263 274 277 282 284 289 290 291 292 295
52
3 7 20 24 25 34 36 40 42 43 57 67 72 76 88 102 105 109 112 113 115 116 117 121 128 130 136 149 153 165 166 179 180 183 185 190 191 208 218 224 231 235 260 271 273 274 280 282 284 294 296 299
53
3 4 8 13 14 16 32 36 52 53 57 61 65 68 79 83 91 98 103 106 107 123 124 134 137 162 163 169 172 173 178 181 182 200 208 211 215 217 227 235 245 247 250 253 256 257 258 259 271 272 275 285 289
55
4 13 24 30 32 41 43 61 71 78 81 90 99 100 104 106 113 128 129 131 137 138 139 142 145 147 153 171 173 176 182 184 186 190 196 198 209 226 228 237 240 242 247 248 253 260 271 277 278 284 287 289 297 298 299
61
5 6 8 10 14 20 26 28 34 40 45 47 49 52 56 58 59 67 72 73 77 81 86 100 104 114 126 133 137 143 148 149 150 154 161 165 169 175 180 181 187 198 199 200 210 214 216 219 225 235 241 244 258 262 271 276 288 296 298 299 300
58
3 6 14 22 33 42 48 49 53 54 62 65 66 73 80 84 99 106 111 114 128 132 145 146 155 157 158 165 170 180 184 186 191 196 198 205 212 214 222 223 230 232 246 247 249 253 259 262 263 266 269 274 275 276 284 290 291 295
53
1 3 9 12 21 33 38 55 56 65 69 75 88 91 107 116 128 145 146 149 150 155 160 165 171 174 178 198 200 207 209 219 221 232 241 244 246 248 249 250 251 252 255 269 270 271 272 273 275 279 280 286 290
68
7 10 11 12 16 17 21 22 30 33 34 38 46 51 58 63 67 71 74 75 82 91 94 96 108 127 128 130 140 143 145 147 149 151 154 160 163 164 165 169 170 172 180 184 185 187 197 203 206 207 209 211 213 216 221 222 224 235 240 252 260 263 274 285 287 291 293 297
70
1 3 19 20 23 25 26 27 31 34 36 39 43 55 56 58 59 68 69 82 92 96 98 106 108 112 114 116 125 128 131 134 136 141 142 145 148 150 160 163 165 166 172 173 175 177 184 193 195 199 202 209 211 214 226 227 228 229 247 248 252 258 260 271 274 276 278 290 291 297
61
1 6 14 20 24 26 30 35 36 43 52 64 75 86 90 93 94 105 109 118 131 135 138 143 144 145 150 154 160 169 171 178 180 186 190 194 198 200 203 205 206 207 209 215 217 219 220 230 245 247 248 249 262 269 273 274 277 280 291 295 300
70
5 13 15 20 23 33 38 41 42 44 45 56 58 59 61 68 70 71 75 77 81 82 84 88 93 98 99 100 102 103 104 112 115 116 117 119 123 124 128 136 137 140 156 171 176 178 183 185 186 192 200 201 223 226 231 232 237 239 243 249 255 256 265 267 272 273 275 276 279 289
70
7 19 32 42 43 47 54 67 70 76 78 84 88 94 99 101 105 106 112 117 120 121 126 130 132 143 145 147 152 157 160 162 163 165 166 174 176 183 185 186 195 199 200 204 206 207 210 213 215 219 221 227 231 233 235 239 242 246 250 255 261 271 278 279 282 287 288 289 291 298
57
1 6 8 13 17 26 30 31 33 50 53 56 62 67 76 79 81 82 89 92 104 108 109 117 121 122 123 134 138 149 150 160 164 168 169 184 185 190 195 196 207 215 222 229 244 251 252 253 257 263 271 275 278 286 288 291 299
61
11 15 25 33 44 47 54 64 65 76 77 78 79 80 86 89 94 95 100 103 111 125 127 128 132 133 135 140 144 151 153 154 155 158 161 162 168 177 181 182 188 189 194 203 216 226 233 234 235 241 242 255 259 260 266 280 284 287 288 293 300
63
4 5 7 10 11 15 17 20 21 24 29 39 41 43 49 51 56 60 64 65 68 75 77 89 96 97 98 101 117 123 137 139 143 144 145 146 150 154 156 157 162 189 197 203 210 216 221 227 243 244 256 259 260 262 265 266 272 274 276 277 292 296 299
66
3 4 6 9 13 24 30 38 42 47 53 62 66 83 84 88 91 104 106 109 117 120 126 129 132 136 143 145 158 159 160 164 166 173 175 181 193 197 199 201 205 206 209 212 213 220 227 229 235 239 245 247 258 263 265 267 272 273 275 276 280 281 286 293 294 298
55
2 4 8 12 19 24 30 41 44 50 61 62 63 66 70 76 80 86 91 95 102 104 105 106 119 121 122 129 145 146 174 182 192 195 198 199 208 209 218 221 226 227 239 249 252 254 255 265 267 272 276 284 285 288 299
57
3 6 9 12 27 30 32 34 38 40 45 49 53 64 79 94 107 113 117 120 123 128 131 134 137 143 150 162 163 166 174 179 190 191 194 200 212 217 218 225 227 228 237 242 247 249 258 263 267 270 278 281 285 288 291 292 298
54
1 2 4 12 22 23 32 37 48 55 60 80 84 95 102 105 111 117 119 121 128 131 134 135 136 137 139 140 150 154 161 162 169 173 178 189 192 194 204 205 225 244 252 255 260 264 265 266 279 281 288 291 292 294
60
1 11 15 17 30 40 43 44 51 58 60 66 68 70 73 77 79 82 88 104 109 119 120 122 135 136 148 150 151 152 153 155 158 173 178 179 181 183 186 195 197 198 204 207 211 212 240 249 253 255 259 264 265 268 269 278 284 287 290 292
65
2 5 10 13 15 16 20 24 25 27 32 51 52 53 54 58 60 62 63 68 72 76 82 87 89 91 94 102 111 115 126 129 140 142 147 150 152 157 161 165 172 173 174 185 190 194 201 206 212 219 224 229 230 231 233 234 255 259 261 266 273 281 284 295 298
53
5 7 19 26 27 29 31 32 34 38 49 50 60 64 67 76 102 103 107 110 111 112 114 115 122 123 133 135 139 145 148 153 167 176 180 184 198 199 201 211 213 215 220 226 249 253 257 261 277 281 282 286 296
60
7 9 11 12 15 16 19 23 28 45 49 50 63 64 68 81 91 95 97 100 103 104 109 111 112 120 121 123 129 130 131 133 137 148 154 159 168 169 179 182 188 191 196 199 206 223 234 241 244 250 253 254 256 259 266 276 277 291 292 298
58
1 3 6 13 18 35 41 47 48 56 59 68 79 85 88 90 92 95 104 120 134 138 144 154 158 163 169 176 188 191 193 197 198 206 209 213 220 223 224 233 239 241 243 244 247 251 256 260 270 271 272 275 287 289 292 293 295 300
57
4 6 8 11 21 22 23 37 39 46 50 52 57 82 86 90 99 105 107 115 116 120 128 135 138 153 160 162 167 169 179 184 189 190 192 194 195 204 205 225 231 232 233 235 238 242 244 246 264 268 271 277 278 282 288 295 296
72
5 6 16 18 20 22 30 33 40 42 43 44 47 49 50 51 52 63 65 69 75 76 78 79 84 91 96 104 109 112 113 124 128 131 134 140 147 149 152 153 156 158 169 172 179 192 195 205 207 213 218 226 229 240 241 243 252 254 255 256 258 259 265 269 271 272 276 277 278 285 291 300
63
4 8 15 17 25 30 34 37 40 46 55 56 61 70 72 73 75 79 84 85 104 120 121 126 131 134 136 137 141 142 149 150 155 164 166 169 170 185 192 193 197 198 199 202 209 211 218 225 226 233 241 248 249 260 265 271 272 273 281 283 288 298 299
