50 100
1.0 1.0 1.0 1.0 1.0 1.0 1.0 1.0 1.0 1.0 1.0 1.0 1.0 1.0 1.0 1.0 1.0 1.0 1.0 1.0 1.0 1.0 1.0 1.0 1.0 1.0 1.0 1.0 1.0 1.0 1.0 1.0 1.0 1.0 1.0 1.0 1.0 1.0 1.0 1.0 1.0 1.0 1.0 1.0 1.0 1.0 1.0 1.0 1.0 1.0 1.0 1.0 1.0 1.0 1.0 1.0 1.0 1.0 1.0 1.0 1.0 1.0 1.0 1.0 1.0 1.0 1.0 1.0 1.0 1.0 1.0 1.0 1.0 1.0 1.0 1.0 1.0 1.0 1.0 1.0 1.0 1.0 1.0 1.0 1.0 1.0 1.0 1.0 1.0 1.0 1.0 1.0 1.0 1.0 1.0 1.0 1.0 1.0 1.0 1.0
23
7 8 12 19 24 25 28 34 38 40 46 48 51 56 59 60 67 68 71 73 79 83 90
23
4 5 10 27 28 29 32 33 34 35 46 50 53 54 62 67 76 78 79 85 90 98 99
20
11 17 21 26 29 31 32 42 45 46 49 64 69 70 74 75 78 80 88 99
16
1 5 23 24 25 30 32 40 43 58 69 72 85 87 93 97
24
2 3 6 8 19 24 25 29 34 38 43 51 56 61 63 76 77 79 82 83 85 93 95 99
20
15 16 17 20 21 22 25 26 34 36 37 46 54 63 64 70 74 79 89 99
26
1 5 19 20 25 28 29 30 32 34 35 37 38 42 45 50 56 59 61 62 72 77 80 90 91 95
19
4 5 6 8 11 16 26 36 43 50 51 53 65 70 72 73 75 81 93
23
5 15 18 23 30 31 42 46 49 51 62 65 67 77 79 80 85 86 90 92 93 94 96
20
2 23 25 29 30 36 39 45 46 51 54 59 62 69 72 77 78 89 93 96
21
2 7 8 10 21 37 41 42 52 54 55 58 60 63 69 70 71 72 76 83 100
24
18 22 35 40 41 44 47 48 49 52 53 54 55 61 63 66 67 72 81 86 92 93 95 98
14
2 5 20 23 25 29 32 66 70 76 83 84 85 99
21
7 20 21 22 26 27 34 47 51 56 59 61 65 70 80 82 85 87 90 96 99
22
8 9 11 13 29 30 43 47 51 55 66 68 74 77 84 85 86 87 90 94 98 99
19
2 4 7 21 27 31 33 34 36 38 44 46 76 78 80 83 87 88 97
27
14 18 21 24 25 27 37 39 41 47 48 50 51 53 56 58 64 66 69 70 76 87 89 90 94 95 99
22
7 10 21 24 31 33 34 36 39 40 44 47 62 75 77 80 84 85 88 91 94 100
16
19 22 25 35 38 42 46 50 55 56 60 77 78 90 91 97
20
7 9 12 14 23 27 30 31 32 37 47 48 50 70 75 77 82 84 88 99
25
1 4 14 20 21 28 29 32 40 43 45 57 58 64 66 68 69 74 76 80 85 89 90 98 100
28
2 4 6 7 12 13 16 23 25 29 32 34 37 43 46 50 58 61 67 72 75 78 84 88 93 94 97 98
20
6 8 9 15 19 21 28 30 39 41 46 50 51 61 63 64 71 74 85 100
19
2 3 6 16 18 23 35 40 42 45 50 52 67 73 77 80 85 93 95
18
8 14 19 28 29 30 31 45 52 54 55 56 59 63 65 68 84 96
19
3 7 9 13 14 26 28 32 41 43 51 56 69 70 74 75 79 86 97
17
2 9 13 18 20 42 46 48 53 54 63 65 70 74 75 92 95
23
4 5 10 14 17 19 21 34 41 44 51 53 54 60 64 66 67 71 79 81 90 95 98
14
14 43 45 52 58 71 74 79 87 91 93 97 99 100
25
6 9 10 12 14 23 24 29 37 45 47 51 55 59 61 64 70 74 80 83 85 87 91 92 93
16
3 14 28 29 36 39 41 47 53 69 75 79 90 91 94 97
17
6 9 11 20 27 40 47 61 64 70 72 73 82 90 92 93 98
26
3 6 13 18 22 24 25 27 30 33 36 37 38 40 42 49 52 56 57 61 62 63 66 86 97 100
21
2 5 14 15 16 30 35 38 39 43 47 48 51 52 56 70 78 79 91 92 98
20
7 13 17 18 20 25 29 32 44 50 54 58 64 73 76 77 79 80 84 90
18
1 4 12 15 17 18 22 29 35 36 45 53 65 68 76 79 90 92
25
1 2 6 7 9 10 24 25 29 35 38 45 63 64 65 67 69 72 78 80 81 82 87 88 95
25
1 5 9 11 12 13 14 19 23 26 32 33 38 49 59 60 66 67 73 76 83 87 95 99 100
26
4 9 10 11 15 16 18 20 21 24 25 36 38 42 52 56 64 65 67 70 73 74 76 83 85 99
22
1 3 4 9 11 20 27 29 31 41 42 44 53 60 63 81 84 85 86 88 92 95
18
7 17 21 25 26 28 32 35 40 46 50 70 72 76 83 84 85 86
20
3 5 9 10 18 24 27 28 29 37 43 46 58 62 65 68 77 78 86 89
21
1 6 11 17 23 26 33 37 40 53 55 60 81 84 85 87 91 94 97 98 99
12
4 6 7 21 38 51 58 66 72 88 94 98
16
8 24 27 29 36 39 44 56 57 63 69 75 79 82 85 87
17
1 11 14 18 19 22 24 31 35 39 48 49 61 64 68 70 93
23
1 5 7 19 21 24 27 30 35 45 48 49 61 63 65 68 72 75 81 82 88 90 91
21
2 7 15 25 30 34 35 40 41 47 55 56 65 68 70 72 76 81 83 84 94
21
13 14 21 31 34 35 38 42 47 49 63 72 73 74 80 84 93 94 95 98 100
21
15 20 31 32 33 36 40 42 48 50 51 55 58 62 71 73 75 81 91 97 99
