150 300
1.0 1.0 1.0 1.0 1.0 1.0 1.0 1.0 1.0 1.0 1.0 1.0 1.0 1.0 1.0 1.0 1.0 1.0 1.0 1.0 1.0 1.0 1.0 1.0 1.0 1.0 1.0 1.0 1.0 1.0 1.0 1.0 1.0 1.0 1.0 1.0 1.0 1.0 1.0 1.0 1.0 1.0 1.0 1.0 1.0 1.0 1.0 1.0 1.0 1.0 1.0 1.0 1.0 1.0 1.0 1.0 1.0 1.0 1.0 1.0 1.0 1.0 1.0 1.0 1.0 1.0 1.0 1.0 1.0 1.0 1.0 1.0 1.0 1.0 1.0 1.0 1.0 1.0 1.0 1.0 1.0 1.0 1.0 1.0 1.0 1.0 1.0 1.0 1.0 1.0 1.0 1.0 1.0 1.0 1.0 1.0 1.0 1.0 1.0 1.0 1.0 1.0 1.0 1.0 1.0 1.0 1.0 1.0 1.0 1.0 1.0 1.0 1.0 1.0 1.0 1.0 1.0 1.0 1.0 1.0 1.0 1.0 1.0 1.0 1.0 1.0 1.0 1.0 1.0 1.0 1.0 1.0 1.0 1.0 1.0 1.0 1.0 1.0 1.0 1.0 1.0 1.0 1.0 1.0 1.0 1.0 1.0 1.0 1.0 1.0 1.0 1.0 1.0 1.0 1.0 1.0 1.0 1.0 1.0 1.0 1.0 1.0 1.0 1.0 1.0 1.0 1.0 1.0 1.0 1.0 1.0 1.0 1.0 1.0 1.0 1.0 1.0 1.0 1.0 1.0 1.0 1.0 1.0 1.0 1.0 1.0 1.0 1.0 1.0 1.0 1.0 1.0 1.0 1.0 1.0 1.0 1.0 1.0 1.0 1.0 1.0 1.0 1.0 1.0 1.0 1.0 1.0 1.0 1.0 1.0 1.0 1.0 1.0 1.0 1.0 1.0 1.0 1.0 1.0 1.0 1.0 1.0 1.0 1.0 1.0 1.0 1.0 1.0 1.0 1.0 1.0 1.0 1.0 1.0 1.0 1.0 1.0 1.0 1.0 1.0 1.0 1.0 1.0 1.0 1.0 1.0 1.0 1.0 1.0 1.0 1.0 1.0 1.0 1.0 1.0 1.0 1.0 1.0 1.0 1.0 1.0 1.0 1.0 1.0 1.0 1.0 1.0 1.0 1.0 1.0 1.0 1.0 1.0 1.0 1.0 1.0 1.0 1.0 1.0 1.0 1.0 1.0 1.0 1.0 1.0 1.0 1.0 1.0 1.0 1.0 1.0 1.0 1.0 1.0 1.0 1.0 1.0 1.0 1.0 1.0
60
2 4 5 6 9 12 13 24 26 27 37 48 61 62 66 67 74 79 81 82 84 95 97 101 106 109 119 122 127 128 144 146 153 160 162 170 184 185 196 199 203 207 211 217 218 233 237 250 251 252 260 264 266 271 272 274 276 284 294 299
64
17 18 21 24 25 31 34 35 39 40 44 46 50 53 59 62 74 76 79 80 82 86 88 91 93 94 97 104 111 115 118 123 127 136 139 146 148 150 162 163 171 172 177 184 191 195 198 199 218 225 233 236 239 244 252 256 271 276 285 288 290 293 296 300
61
1 4 9 13 16 17 21 23 25 35 42 50 56 57 58 60 64 70 78 79 84 93 95 107 111 116 118 131 140 155 161 163 164 168 173 174 176 185 191 195 203 219 222 228 230 235 237 238 245 247 248 256 262 273 279 280 284 292 294 297 299
64
11 14 16 27 29 30 46 49 55 59 62 64 68 69 77 79 83 91 92 96 101 104 107 110 120 127 136 143 146 153 158 163 173 178 179 180 194 203 204 205 208 215 217 227 228 233 234 241 246 249 251 254 260 262 263 268 269 271 272 275 279 285 292 296
73
10 15 16 18 20 24 26 34 35 42 48 49 51 54 61 62 70 79 80 81 85 87 90 93 94 101 103 104 105 111 114 121 123 131 132 137 139 143 144 152 155 159 163 165 168 172 174 179 182 183 189 196 203 204 219 222 225 227 228 230 238 242 253 254 256 257 258 264 271 276 281 289 293
64
4 16 25 26 29 31 34 35 41 50 57 58 69 70 79 82 92 101 104 112 114 115 117 121 124 132 136 146 147 156 160 163 164 171 177 178 179 181 189 192 199 200 203 206 207 208 209 212 213 215 228 237 243 245 246 252 259 261 262 263 269 272 290 294
59
2 9 10 12 13 20 22 24 44 53 57 66 75 86 87 92 94 95 99 111 114 117 123 124 127 129 142 143 148 149 150 153 154 157 158 162 176 181 187 190 191 195 202 203 204 209 216 222 225 229 230 243 248 263 267 268 283 294 296
67
3 6 12 18 24 27 28 29 31 33 34 36 40 50 53 66 67 69 76 89 91 93 97 103 112 116 122 128 129 131 136 140 142 146 150 151 155 161 165 168 169 176 179 180 198 210 211 216 222 225 226 229 234 237 243 247 248 250 251 253 254 262 268 271 281 288 292
62
4 12 14 15 16 17 19 21 29 30 32 34 40 43 49 52 62 65 70 71 74 76 81 86 99 101 108 111 112 131 142 143 148 149 150 151 161 169 182 203 214 217 219 221 225 231 236 237 245 250 257 258 263 264 265 270 272 273 277 282 287 298
57
1 13 14 21 23 24 27 31 59 61 64 70 71 73 92 94 95 106 108 109 116 123 134 135 136 137 141 143 152 160 169 171 192 199 201 205 212 217 220 224 225 228 229 230 233 234 240 243 248 252 255 262 270 272 276 278 294
64
8 13 16 20 22 24 26 36 39 46 48 49 50 55 64 65 74 77 81 86 87 88 92 93 94 95 104 105 108 111 112 127 128 136 139 141 145 150 151 157 158 168 179 186 189 196 198 204 205 208 212 216 218 220 221 238 249 255 269 271 279 291 293 295
62
3 4 6 12 19 31 33 34 35 39 43 44 46 62 64 71 75 78 80 82 94 97 101 102 109 110 116 118 124 128 129 136 138 139 143 161 170 182 183 186 194 195 199 211 212 215 216 225 227 230 234 239 240 245 252 261 269 272 277 289 291 293
56
2 3 8 10 18 21 24 28 32 34 45 52 54 61 69 72 73 75 80 81 95 96 118 123 124 125 128 138 143 147 148 157 163 168 169 171 174 177 183 189 198 204 206 207 209 213 234 242 251 255 258 263 265 277 280 284
68
1 9 15 16 30 36 38 40 46 49 52 67 71 72 73 75 78 84 87 94 96 97 100 101 102 104 105 107 110 118 125 133 136 143 144 145 151 159 182 184 188 202 204 208 209 212 213 214 216 217 224 229 230 239 244 245 247 260 262 263 266 269 278 289 290 292 294 300
60
8 17 27 29 37 43 52 54 55 62 66 73 74 78 81 86 91 93 99 101 110 112 113 123 125 126 133 134 137 144 161 166 167 168 185 188 193 198 199 212 218 222 223 224 225 237 239 244 251 254 255 271 273 274 281 287 288 289 297 300
62
2 5 10 13 23 36 38 40 43 72 87 88 91 98 111 113 114 121 122 126 130 131 139 141 154 156 157 161 164 170 174 177 181 182 183 186 187 190 193 196 199 205 207 219 223 224 230 233 239 245 246 248 251 252 257 258 267 279 281 283 288 289
53
3 13 19 27 37 48 49 50 59 60 61 64 68 69 72 74 82 88 92 100 103 113 127 129 134 144 148 150 158 173 174 178 181 185 187 192 194 197 211 212 213 214 215 218 222 225 232 254 267 270 280 287 298
60
2 3 5 13 17 25 26 28 33 35 36 37 41 49 52 56 61 67 81 95 101 106 113 114 115 116 140 142 147 149 150 152 154 163 184 186 193 197 203 213 220 222 223 229 230 235 239 247 250 251 262 268 270 276 279 286 292 294 295 298
69
3 5 12 20 23 26 28 34 48 54 56 58 59 61 67 68 69 77 84 85 88 89 90 97 103 107 109 110 111 118 124 127 132 136 141 142 144 145 148 157 159 166 172 173 184 186 190 192 193 196 201 208 211 221 231 234 239 240 241 244 257 267 272 275 282 284 287 288 296
70
16 18 24 34 35 36 39 40 41 43 45 46 70 71 78 85 88 91 97 99 101 103 106 114 116 119 131 133 139 140 145 149 152 153 156 157 159 163 165 180 182 187 193 195 196 202 205 208 213 214 217 219 221 225 233 242 249 250 257 262 268 270 271 273 274 284 293 294 296 298
58
1 5 7 10 12 21 25 30 31 38 47 48 52 57 61 83 85 100 101 104 112 116 117 120 124 125 131 134 142 144 155 156 160 164 172 186 187 188 202 203 208 215 216 223 230 241 254 255 263 270 273 274 275 278 281 286 291 295
77
1 2 15 19 21 22 23 27 29 33 34 47 48 53 56 58 64 65 67 72 73 74 83 87 88 90 96 101 103 111 113 116 117 123 133 137 139 140 141 149 151 153 156 157 163 173 179 183 189 192 194 195 201 202 206 207 208 211 212 214 216 226 228 236 238 240 241 253 261 262 266 267 271 280 282 292 294
60
5 10 18 26 27 28 29 32 33 34 39 40 41 43 46 50 56 61 63 68 71 82 84 103 106 109 110 117 118 123 127 134 153 158 159 160 165 172 174 180 187 201 207 213 216 223 235 236 240 249 256 259 260 263 265 272 285 290 295 297
69
3 7 18 26 28 41 43 47 49 56 58 69 74 76 78 80 85 86 87 92 97 98 100 101 104 109 118 121 123 125 126 134 139 144 145 146 147 150 154 155 156 159 178 181 186 197 199 201 202 208 212 215 222 224 234 239 240 248 253 261 263 275 279 283 284 285 288 292 298
55
5 15 17 26 27 35 43 44 60 63 70 73 76 82 83 85 93 97 105 113 115 121 123 130 138 142 145 148 151 159 160 173 176 177 181 183 185 186 196 210 218 221 225 226 233 240 248 260 262 267 269 271 286 289 298
58
1 4 6 8 12 18 23 31 36 40 42 43 44 48 51 54 56 61 73 74 76 84 87 95 117 135 145 152 158 171 173 175 177 182 187 188 197 202 205 208 210 212 215 219 220 229 231 250 254 263 264 272 275 279 282 292 295 299
64
1 2 5 13 14 19 22 26 39 40 44 50 53 55 62 69 73 74 86 88 97 117 122 126 130 137 142 143 144 147 149 159 164 165 166 170 186 190 196 197 200 201 203 210 214 215 235 237 240 241 248 251 253 254 259 260 268 281 283 286 291 294 296 299
55
2 5 6 13 15 20 35 43 63 66 67 73 76 79 80 85 109 119 121 123 124 134 141 156 165 168 175 180 182 183 197 199 200 204 208 215 235 236 240 244 246 248 257 258 267 269 271 280 281 283 284 285 290 292 296
55
1 2 10 14 20 27 34 37 51 56 64 73 89 91 95 100 108 112 117 118 125 129 133 135 140 142 150 152 155 168 174 176 178 185 188 196 197 201 210 217 222 231 232 233 238 242 250 255 262 279 281 284 286 287 296
61
1 5 7 8 9 17 26 35 36 39 43 44 50 58 69 74 79 80 83 84 92 94 95 100 112 120 123 125 126 128 134 143 145 150 161 176 182 188 189 190 191 200 202 204 217 219 220 226 228 230 241 244 248 263 270 272 275 280 283 286 300
52
14 26 33 41 43 53 56 59 65 67 68 76 79 80 83 87 96 97 103 105 108 109 112 116 122 125 132 139 154 166 168 170 176 178 179 181 197 198 202 212 231 238 243 254 261 262 263 268 275 281 294 295
62
10 13 23 29 34 43 47 53 61 63 69 75 80 84 86 92 105 109 128 130 141 144 154 163 164 180 181 182 183 184 192 195 198 201 209 212 216 217 220 223 224 226 227 238 242 249 263 264 273 276 277 278 280 282 284 285 286 290 293 295 298 299
58
3 7 25 26 29 34 40 41 44 51 55 58 59 65 73 79 80 88 90 91 94 99 100 102 115 126 131 132 134 138 142 154 162 173 179 183 184 185 190 201 202 203 205 208 212 217 240 241 248 252 254 263 264 266 284 294 299 300
58
7 27 28 29 45 51 58 79 85 93 98 104 106 109 122 123 130 147 150 153 157 162 163 165 166 169 180 181 186 189 194 204 210 219 221 222 224 227 230 234 235 240 247 251 254 260 261 264 266 277 278 279 281 285 286 287 290 295
62
1 6 9 12 20 27 54 59 61 62 68 70 71 74 79 80 81 90 93 103 106 111 119 131 136 139 146 155 162 168 171 173 180 181 182 184 189 194 198 201 217 221 224 228 229 230 231 242 245 247 249 259 263 266 275 281 286 290 291 293 296 300
59
3 5 6 9 33 35 42 60 73 74 88 91 93 104 113 124 127 134 138 142 145 150 157 160 162 166 169 170 172 174 177 178 187 188 203 204 217 221 222 226 228 229 242 244 245 248 250 253 272 276 279 284 290 291 292 295 296 299 300
56
9 12 13 38 51 55 66 72 73 77 79 87 88 93 97 100 102 107 108 109 112 114 121 132 134 144 146 156 158 160 167 168 176 178 184 189 192 198 202 209 221 226 229 231 234 245 249 254 257 265 272 278 280 284 288 293
56
6 7 17 19 24 28 33 49 50 53 60 72 75 76 90 91 95 96 99 102 103 107 109 113 126 129 135 142 143 144 161 173 184 186 208 209 215 216 217 226 230 231 237 241 243 244 252 263 264 269 272 274 281 284 287 296
59
8 12 13 14 22 32 37 39 42 43 44 52 57 61 68 71 72 74 88 89 101 104 110 112 113 126 130 132 136 138 139 157 158 166 180 183 186 188 191 198 201 206 208 212 216 221 232 236 237 242 259 270 271 277 287 290 293 294 295
57
3 14 19 23 24 31 37 44 62 74 75 82 85 89 91 92 94 102 105 106 112 115 125 127 135 139 141 146 147 152 164 165 166 168 177 178 179 187 188 190 191 194 204 209 212 213 214 222 225 226 228 234 253 259 269 272 281
65
2 17 20 21 22 23 26 27 30 31 32 33 38 42 43 46 47 48 57 59 63 65 66 72 76 82 97 100 109 116 117 118 122 133 134 140 143 151 152 157 160 162 166 168 171 194 195 207 208 209 212 214 220 223 226 229 244 246 251 258 262 267 281 286 294
49
6 7 34 38 52 75 81 87 90 98 100 103 108 111 118 119 120 130 131 132 138 146 158 164 169 179 184 191 201 202 205 206 211 212 220 222 223 233 234 239 242 246 247 258 267 269 287 289 292
57
4 8 25 28 36 46 47 48 50 52 60 76 85 100 102 109 120 121 123 127 128 135 142 147 170 174 176 177 179 182 184 199 200 204 206 207 209 215 216 220 229 232 234 235 242 250 253 255 257 261 269 278 281 282 283 288 297
60
21 22 39 44 46 54 56 69 74 75 78 83 89 90 91 95 96 97 98 100 106 107 108 109 112 124 129 132 133 139 140 144 157 163 165 174 182 183 184 186 194 203 207 213 219 224 226 240 242 243 251 255 258 266 269 270 271 273 277 284
58
4 16 18 23 28 30 37 38 42 46 50 54 76 77 80 84 85 86 87 91 93 110 120 123 125 130 135 148 155 161 164 168 174 186 188 189 195 196 198 199 204 215 216 223 225 226 228 229 236 238 258 259 262 282 289 296 299 300
62
16 19 26 30 34 36 41 46 55 56 60 66 69 71 77 79 82 83 86 87 89 91 95 97 101 112 113 121 129 133 137 146 152 157 162 163 168 171 175 177 185 191 192 203 211 212 220 223 226 227 231 235 236 252 254 257 264 268 273 282 288 289
63
5 9 20 24 25 33 39 62 67 68 72 73 80 81 84 86 87 99 100 102 108 112 117 120 133 135 137 146 148 150 154 157 163 164 169 170 171 176 177 188 193 202 203 221 233 235 237 242 243 248 252 254 259 263 268 272 276 279 281 285 290 292 296
68
2 12 18 19 20 22 24 30 33 34 43 50 55 56 57 64 65 71 72 74 75 76 80 81 82 83 84 88 91 100 105 106 108 110 111 129 131 136 145 149 151 152 153 156 157 158 167 185 192 204 207 214 217 225 234 242 244 250 252 260 262 263 266 269 283 289 296 298
61
1 9 11 12 14 16 22 38 44 50 51 53 66 71 75 78 81 90 94 97 98 101 104 122 124 125 131 133 139 144 145 154 156 171 172 177 185 186 190 196 197 204 215 217 222 223 235 242 244 249 252 255 258 262 264 266 269 279 283 296 300
72
3 4 9 14 17 25 26 34 38 41 42 43 49 51 60 62 63 69 77 88 97 101 104 109 111 114 115 117 119 122 133 135 151 153 161 162 165 167 172 178 182 185 206 207 214 221 222 225 226 227 230 236 237 238 241 245 247 248 251 254 256 257 262 268 272 275 276 277 279 292 293 300
60
3 14 19 24 27 36 39 41 49 52 80 82 93 98 100 101 103 107 118 124 130 135 140 145 154 161 167 177 178 179 180 181 193 194 197 205 212 215 219 224 225 231 233 238 239 241 246 253 258 261 271 275 276 280 283 288 293 298 299 300
71
7 12 15 17 21 29 30 31 32 33 37 38 40 49 56 57 62 64 67 69 70 84 87 100 116 120 123 128 135 137 140 144 145 165 166 168 169 171 185 188 192 197 202 206 207 214 215 219 221 222 225 229 235 236 239 248 259 261 262 272 274 275 282 285 287 288 291 294 297 298 300
57
12 14 15 16 25 42 44 51 55 59 64 71 76 87 94 96 100 104 105 106 113 123 131 137 141 146 147 152 158 164 167 169 172 179 188 196 197 202 207 217 222 229 234 244 246 248 253 262 265 267 268 273 277 279 282 285 295
72
2 4 7 15 16 17 19 21 24 27 28 31 33 34 45 47 56 60 62 65 67 73 77 82 87 92 95 102 109 113 124 129 132 136 138 141 144 159 162 164 165 167 172 178 181 182 196 198 201 203 204 208 210 212 214 216 224 232 241 243 245 247 250 263 270 271 274 275 284 293 295 298
50
3 7 12 22 26 31 40 47 49 68 70 73 82 86 92 100 106 113 115 116 119 133 141 143 153 159 163 166 169 170 182 187 189 192 195 217 224 227 234 240 246 249 259 274 278 280 294 295 299 300
61
9 23 25 26 39 42 43 47 54 58 64 66 67 69 81 84 95 98 109 114 116 124 132 134 138 146 152 158 162 167 171 172 176 177 189 191 194 199 205 208 209 211 216 219 221 224 230 232 240 241 247 250 255 258 274 277 282 284 296 299 300
66
3 8 9 11 12 13 14 18 25 26 27 29 35 37 39 42 46 56 57 69 74 75 82 109 113 115 118 132 141 147 148 151 158 162 163 164 166 176 188 190 193 198 200 201 207 209 217 220 222 229 231 232 239 240 243 251 260 266 268 270 273 278 281 282 296 298
70
4 5 12 15 23 25 33 46 52 54 57 62 64 77 78 82 86 89 93 110 115 116 118 119 128 131 138 142 143 148 162 180 181 182 189 190 198 201 206 209 215 221 222 224 228 229 231 240 241 242 249 251 252 253 254 260 264 265 266 267 272 278 279 281 286 288 291 294 296 300
58
3 4 6 7 9 13 30 38 45 54 60 64 66 67 73 78 80 85 86 91 110 111 113 117 118 119 120 126 130 135 139 145 150 151 155 169 172 176 180 185 188 190 197 201 206 207 215 217 220 221 247 253 257 258 266 269 288 293
63
1 2 10 11 12 24 28 30 33 36 39 45 74 76 80 87 91 92 100 101 103 106 107 111 129 130 136 138 141 147 148 151 159 161 167 170 172 175 177 179 189 191 192 193 200 205 209 220 225 240 242 243 244 245 259 261 263 268 272 275 276 278 298
50
6 7 13 16 24 27 28 39 43 56 62 78 80 89 95 96 99 129 132 134 138 139 142 144 150 152 157 164 165 171 172 173 176 185 188 195 198 203 206 215 216 220 238 248 271 279 282 288 293 298
58
1 3 22 25 28 29 32 36 37 45 48 53 55 57 70 79 80 88 93 95 101 106 112 116 120 124 147 149 150 151 166 172 176 180 186 187 188 189 195 200 202 204 206 222 224 234 241 242 253 266 270 279 283 284 288 289 297 300
52
6 10 11 12 13 28 36 42 43 46 49 58 61 78 84 85 90 92 99 107 117 123 132 141 159 160 163 171 180 191 196 197 208 213 214 223 231 235 236 251 254 255 257 262 265 276 280 285 290 291 293 296
67
8 14 15 22 24 26 40 41 51 56 62 63 67 68 73 74 78 80 85 86 105 115 126 128 131 132 136 143 146 153 156 157 162 166 168 169 177 180 184 189 191 194 197 207 209 211 213 216 217 222 223 224 230 236 244 249 250 264 265 267 277 283 284 286 291 294 297
53
1 2 5 8 10 22 24 39 40 70 73 85 92 97 107 115 118 125 129 131 134 138 146 150 157 160 161 163 166 170 174 181 187 194 197 199 200 201 208 212 220 226 227 233 236 258 261 263 274 283 287 288 299
65
8 9 10 15 19 21 33 38 39 53 54 62 63 64 71 75 81 83 87 93 94 95 98 101 111 113 133 143 150 156 163 166 168 176 177 187 202 208 216 217 219 220 229 230 232 233 238 243 245 246 254 255 258 259 260 262 265 266 275 277 288 290 293 295 298
64
1 5 12 15 18 21 22 24 29 30 32 35 36 37 57 59 61 64 70 73 83 86 88 89 106 110 116 123 135 136 138 140 145 148 149 151 177 179 184 190 192 195 200 201 203 214 216 228 229 237 239 242 246 249 255 261 262 264 265 270 281 285 297 298
64
2 4 14 21 23 28 38 44 45 54 56 59 68 70 72 92 101 106 114 119 127 130 133 136 143 150 156 167 169 171 175 177 178 186 189 194 201 206 207 208 211 214 217 221 223 227 232 235 240 242 245 247 264 275 277 278 281 284 285 286 291 293 294 299
56
2 13 15 17 21 23 26 34 35 39 40 46 49 52 54 57 60 61 65 87 92 94 96 98 111 112 113 125 126 130 133 137 140 147 152 175 179 182 196 197 213 225 233 234 235 243 247 249 254 255 261 270 271 279 291 294
64
9 10 12 14 18 22 25 29 33 44 47 55 57 58 59 60 71 74 77 78 81 85 97 116 122 128 129 133 134 141 142 144 150 165 172 175 176 178 182 184 189 193 194 217 221 224 227 230 233 237 240 245 249 250 253 263 270 271 272 273 279 284 293 296
60
31 38 39 43 49 50 57 61 66 70 72 76 79 102 104 107 108 116 121 125 129 130 136 140 142 144 148 149 150 152 156 161 167 168 170 173 176 178 179 182 185 200 201 212 214 219 220 224 229 235 244 254 264 265 269 277 282 284 286 287
48
1 13 15 16 18 26 33 35 42 44 57 59 61 69 70 80 82 83 84 88 91 92 98 101 104 108 121 139 146 151 156 161 173 175 190 206 229 233 242 247 248 249 261 265 268 276 280 299
49
3 14 18 19 23 30 32 33 36 37 39 43 49 55 65 73 75 78 95 99 113 119 120 121 130 138 146 150 152 158 163 171 172 195 208 211 216 220 222 227 229 248 249 250 254 255 261 264 284
61
6 7 9 14 17 22 25 38 40 46 49 50 57 61 62 63 78 79 85 92 96 99 102 103 104 115 122 126 127 134 141 150 163 166 175 181 183 184 191 195 197 200 212 213 214 216 224 230 232 234 238 244 251 260 272 275 279 283 286 299 300
53
1 2 7 19 24 30 34 37 59 64 70 75 77 88 92 96 112 114 116 117 125 127 129 132 135 137 139 144 150 154 157 170 177 182 197 202 203 205 207 210 214 215 216 219 251 258 259 263 265 284 287 290 298
59
8 13 18 19 20 28 32 38 48 51 56 59 60 66 71 72 79 86 89 91 103 106 107 113 114 121 140 145 146 148 154 162 163 175 188 193 203 204 209 211 214 218 219 220 222 233 243 244 247 248 259 264 270 285 291 292 295 296 299
56
9 10 12 18 20 22 27 28 29 42 47 49 51 53 65 67 76 78 86 87 89 90 104 113 116 118 120 121 142 154 157 163 168 171 173 176 180 193 201 203 209 216 221 225 226 230 245 250 251 257 266 272 275 283 289 296
67
2 6 7 12 18 22 23 26 31 35 38 42 47 53 55 56 59 72 77 83 99 113 114 116 118 119 122 126 130 134 135 138 142 146 155 158 160 174 180 187 188 202 212 222 230 235 236 238 241 245 246 249 253 264 270 272 275 276 280 281 282 283 284 288 291 297 299
65
10 17 22 23 24 27 36 37 39 44 56 59 60 61 66 68 72 73 77 80 85 97 100 105 113 120 121 123 125 130 134 137 149 156 159 162 168 174 180 181 186 191 201 202 206 212 213 214 216 221 238 242 247 248 259 262 273 274 276 281 283 292 295 296 299
47
3 13 15 23 31 36 39 43 56 61 80 84 88 94 111 116 122 126 132 134 136 140 143 148 160 164 171 172 181 183 190 226 228 229 230 239 249 250 251 253 259 260 265 269 271 286 296
58
11 15 16 22 30 42 45 47 51 55 63 67 69 72 79 84 88 89 103 107 115 122 127 130 133 137 139 142 158 161 163 169 170 176 182 183 193 195 207 210 215 221 227 236 241 244 247 248 249 250 257 263 284 289 293 294 298 300
68
1 4 5 6 8 9 14 18 39 43 47 54 58 62 66 72 73 76 79 85 91 101 103 106 111 118 122 125 129 131 133 141 146 149 153 154 155 163 165 172 175 186 197 204 206 210 211 217 218 221 234 243 248 249 253 257 261 263 265 266 272 275 277 291 292 293 296 298
53
15 19 23 46 55 57 73 75 89 90 94 95 97 100 111 114 128 135 138 141 143 150 154 156 160 166 170 177 185 190 193 198 201 210 211 218 219 231 238 239 248 252 253 257 262 266 269 279 281 282 284 286 292
58
4 9 12 16 17 21 22 24 28 29 30 34 35 37 56 65 75 78 80 96 102 106 119 131 133 136 137 141 153 160 161 163 165 170 174 178 182 186 193 196 198 204 205 207 211 217 227 243 250 254 264 272 274 280 284 290 291 297
57
1 3 17 20 38 39 40 44 45 47 49 51 64 67 69 79 87 89 107 111 116 123 125 129 131 132 135 137 142 144 145 150 159 164 165 169 173 190 191 214 219 226 231 233 235 240 242 248 251 256 266 277 281 283 284 288 291
56
1 6 7 10 15 23 27 45 50 56 59 63 64 66 68 77 82 85 90 91 92 93 95 98 100 106 108 110 128 133 137 138 144 146 155 170 178 179 181 195 197 199 203 207 209 211 216 217 231 236 264 268 277 278 285 289
60
4 8 17 26 36 40 42 43 45 47 53 54 57 60 61 64 79 81 93 96 104 110 112 117 118 121 122 124 127 129 131 141 151 166 167 169 171 172 176 187 189 196 197 203 206 210 220 222 224 229 254 267 268 279 284 287 288 289 291 299
77
7 10 11 13 22 23 27 36 40 41 43 44 59 60 67 68 89 90 91 92 93 94 95 99 104 105 106 107 108 109 110 111 120 122 125 128 133 138 142 144 145 148 159 166 167 168 171 183 185 187 188 189 193 194 198 201 203 212 236 237 239 243 244 245 248 249 254 260 267 269 273 278 281 284 287 290 296
47
3 4 6 13 22 23 27 40 41 42 48 51 56 57 65 75 79 83 86 89 91 109 122 125 127 133 152 158 159 161 164 185 187 195 208 250 255 260 264 272 278 284 289 292 295 297 299
53
5 16 17 23 26 27 33 37 52 64 70 72 73 85 87 88 90 93 109 112 119 124 132 133 135 138 146 149 154 156 159 166 175 177 178 188 193 215 218 220 222 225 229 240 241 243 248 257 261 274 279 281 289
58
2 12 20 29 34 59 60 61 62 64 72 74 76 78 83 84 90 111 118 122 123 126 131 132 133 136 137 138 139 157 164 166 179 187 194 196 197 198 205 210 218 222 239 240 243 244 247 255 256 257 259 260 262 275 283 297 299 300
54
8 11 15 25 29 30 33 46 51 74 79 82 86 92 96 99 104 112 116 122 126 130 137 154 164 178 179 194 198 200 203 205 208 217 221 224 237 238 239 241 247 251 253 259 268 275 279 280 282 286 291 296 298 299
63
6 7 14 21 22 23 24 26 27 29 33 42 52 54 56 59 66 69 74 88 91 105 111 115 120 124 131 141 144 151 160 163 165 166 188 189 191 192 193 196 198 200 201 206 208 210 211 212 216 220 238 248 253 258 263 274 281 288 289 290 293 294 295
68
2 5 6 8 16 23 44 46 51 52 55 67 68 73 78 84 85 88 90 97 99 100 105 107 111 118 119 131 133 134 136 140 144 147 148 151 154 155 165 174 178 181 183 184 185 186 188 192 196 198 204 205 208 218 222 231 232 237 257 258 263 264 265 267 276 285 289 298
72
8 11 17 19 22 26 28 29 30 32 33 36 44 45 47 51 62 68 69 76 79 83 91 95 96 98 107 111 115 117 118 125 131 134 143 144 159 165 166 168 170 171 173 181 184 192 200 201 202 205 206 207 211 218 221 222 232 233 240 248 251 254 258 263 271 272 275 278 280 286 287 297
61
5 8 11 16 17 19 26 29 31 40 41 42 43 44 46 58 63 66 73 74 75 76 77 78 87 92 97 115 116 121 122 125 138 147 172 176 179 182 189 192 198 199 202 210 212 214 219 233 236 237 238 241 248 256 260 262 263 278 284 295 296
67
1 7 12 15 17 20 28 29 30 43 47 48 50 61 62 66 69 72 76 81 83 86 88 93 97 100 111 115 116 122 125 141 145 153 156 161 167 169 173 180 190 194 197 201 203 204 207 214 221 222 235 240 245 248 251 254 260 261 265 281 283 285 286 289 292 294 297
58
3 5 10 12 17 26 29 31 36 38 44 45 48 55 68 73 79 89 92 99 103 108 109 111 115 128 131 132 147 148 149 153 158 174 182 187 191 197 198 204 206 207 216 217 222 223 224 226 232 240 247 254 257 276 280 287 294 296
61
3 4 8 9 11 21 26 31 36 41 51 55 57 59 61 62 75 83 85 87 89 92 102 106 111 112 125 129 130 137 147 148 149 152 157 159 165 166 175 176 191 195 201 207 208 209 216 226 229 241 245 246 249 251 253 261 267 273 275 278 295
57
5 8 14 26 36 37 38 43 46 51 61 62 67 76 82 87 94 96 113 114 115 118 125 126 130 137 141 143 154 155 166 172 173 182 194 201 204 206 209 221 223 230 237 238 241 242 245 255 264 271 274 277 278 283 296 298 299
53
2 6 13 21 22 26 28 36 52 59 66 72 75 76 79 81 85 88 92 96 97 113 114 122 127 133 135 137 144 146 157 186 188 191 203 204 211 221 236 244 256 262 266 269 270 273 274 279 285 287 294 297 300
63
2 3 4 6 8 9 10 16 26 37 38 41 44 47 53 57 61 69 73 74 78 84 85 90 93 97 99 103 108 117 121 129 131 139 142 154 155 157 160 162 174 181 190 195 203 213 219 234 236 238 241 248 249 262 273 274 282 284 288 290 294 296 298
54
3 6 12 16 23 26 39 48 55 61 62 64 65 70 73 81 84 88 89 95 96 99 107 117 120 122 126 132 134 140 144 153 159 188 194 198 199 200 207 219 223 225 227 237 255 256 258 260 272 275 278 281 291 296
56
8 28 31 38 42 45 48 52 55 58 64 70 71 82 85 89 90 98 106 109 110 111 117 120 128 131 136 138 147 153 161 165 166 169 172 174 177 202 203 204 206 211 212 216 218 222 226 234 242 243 244 245 247 254 279 295
40
12 30 32 38 41 55 64 73 77 97 100 115 133 136 146 148 149 157 164 176 182 186 188 194 198 201 205 210 217 219 223 229 231 236 240 243 263 279 286 287
51
1 6 11 13 15 23 34 39 41 49 51 54 60 64 65 97 100 106 108 109 117 128 132 147 158 169 171 172 173 179 180 192 196 197 208 216 221 222 253 256 257 260 264 265 266 272 274 284 293 296 297
56
5 19 22 24 25 31 32 39 43 44 54 59 69 73 82 83 86 90 100 101 106 107 111 112 113 115 124 127 134 142 148 153 154 155 158 161 166 178 184 192 203 207 214 222 225 229 234 236 237 243 248 262 277 280 283 293
55
1 3 9 13 14 18 32 35 45 46 51 67 68 73 75 76 77 84 93 104 105 109 111 120 123 124 125 131 133 141 153 154 161 167 171 172 173 175 179 180 186 187 190 200 207 210 218 227 230 238 244 270 276 281 292
56
9 10 22 27 31 35 55 61 62 63 74 78 83 85 86 106 108 111 113 124 125 130 133 143 144 145 147 154 155 157 158 159 168 173 174 175 176 178 183 185 195 197 208 214 233 246 265 271 272 273 275 284 286 287 289 298
46
8 13 26 33 42 43 44 45 49 53 65 66 69 82 83 87 103 112 116 121 133 134 138 153 155 157 163 166 167 172 179 181 182 188 192 195 213 214 241 242 243 253 257 281 286 288
59
4 5 9 11 14 17 18 26 28 31 36 40 48 50 54 57 60 61 67 70 72 84 86 96 97 102 104 116 117 121 124 130 132 134 138 140 147 152 157 160 164 177 191 199 207 225 228 232 239 243 248 253 254 267 271 278 286 292 297
54
2 3 26 30 32 34 49 52 61 62 70 71 74 78 87 92 96 102 110 122 131 143 152 168 172 175 177 184 189 192 199 215 218 220 224 226 235 240 241 246 249 255 256 257 261 262 264 267 271 280 282 287 288 296
61
4 8 12 15 19 22 29 30 31 35 39 50 52 55 59 64 73 74 82 88 89 110 113 120 123 135 137 139 143 144 146 150 151 154 169 173 178 192 195 200 205 209 212 223 224 225 234 238 257 258 260 262 264 273 277 280 281 288 291 293 297
64
13 16 23 24 28 31 32 47 48 50 51 60 69 70 71 74 80 85 87 89 95 98 102 106 111 116 119 125 127 131 136 137 139 140 153 154 156 160 167 173 194 201 211 216 221 227 236 246 248 252 256 258 266 267 274 280 281 285 286 288 290 292 294 295
62
1 4 9 10 11 13 17 20 22 56 70 72 84 91 101 126 128 133 134 141 143 145 150 155 156 157 158 159 162 174 178 183 185 194 196 200 204 205 208 209 221 223 231 237 238 241 246 249 257 260 264 265 266 267 270 272 278 280 281 283 288 293
70
7 8 10 14 15 20 21 22 28 31 35 36 37 39 41 43 46 50 54 56 57 58 60 62 63 83 84 95 97 98 107 112 114 119 129 143 162 163 164 168 169 173 176 183 184 188 192 201 203 204 211 212 217 223 226 231 243 245 249 255 260 261 266 270 279 281 288 294 296 297
65
5 6 13 16 19 22 33 35 36 47 59 60 63 65 66 67 77 81 93 97 103 111 112 113 116 119 124 125 127 130 142 144 149 153 163 177 181 185 194 195 198 202 203 205 206 209 210 213 216 222 223 224 225 227 250 255 257 263 264 266 268 273 281 282 298
61
4 12 13 21 26 37 38 40 47 51 52 56 59 73 75 76 77 85 89 90 92 94 95 102 105 111 115 117 124 125 142 152 157 158 165 176 183 185 192 194 199 200 202 203 205 208 212 218 234 242 245 255 257 260 263 276 282 284 291 293 299
65
7 12 14 15 17 18 21 35 38 42 47 48 50 55 56 57 58 67 75 79 84 89 90 92 100 110 113 128 132 135 138 144 159 160 165 166 167 168 170 171 177 182 186 188 199 201 214 216 218 219 222 225 228 229 238 254 263 264 267 273 277 285 287 290 291
72
8 21 22 25 26 31 34 35 39 42 46 47 48 51 56 65 70 73 81 84 86 89 101 103 104 106 107 109 110 115 119 121 126 146 150 151 161 162 164 166 167 169 171 173 174 184 185 187 188 192 196 210 216 219 220 225 227 228 229 231 240 247 253 260 264 266 272 281 290 291 293 297
55
8 21 23 28 31 32 35 37 39 43 48 55 56 58 64 65 67 70 78 80 90 93 98 101 104 109 116 122 123 124 125 134 145 164 165 169 176 196 199 207 210 211 222 225 241 242 257 262 266 276 278 284 286 287 295
64
5 7 8 12 18 19 33 37 51 61 65 69 73 75 79 80 83 84 85 88 101 102 103 116 125 127 131 132 134 141 152 155 161 163 169 173 180 183 190 198 199 203 208 211 213 216 219 221 222 228 230 241 245 250 251 255 258 260 266 270 274 278 290 292
46
1 4 18 26 39 41 43 48 70 78 101 103 107 114 116 146 149 150 163 166 174 182 187 188 189 191 194 198 204 206 209 210 216 232 234 255 257 261 272 274 275 276 280 289 290 297
54
5 8 16 19 28 34 35 39 44 61 71 72 78 79 80 83 98 100 102 104 105 106 120 125 132 133 138 156 157 161 162 166 172 178 187 190 198 201 206 209 215 220 224 229 236 256 267 269 276 278 280 290 297 298
72
4 7 12 17 22 28 32 33 37 39 41 42 43 45 46 48 61 64 65 69 74 75 80 83 88 91 92 111 115 116 124 126 128 129 139 140 150 153 154 158 166 167 171 178 183 187 188 190 192 194 196 203 205 206 207 210 211 213 216 218 220 221 223 241 244 246 251 256 271 274 277 283
59
7 11 16 26 31 41 43 50 51 55 60 65 68 70 74 78 82 84 85 87 97 100 101 102 103 104 106 119 120 123 130 137 142 148 149 156 161 184 186 190 204 209 219 220 227 230 233 239 243 244 248 253 254 256 270 278 282 288 290
55
6 7 20 40 45 52 53 59 61 66 72 76 77 78 81 82 85 96 100 106 111 115 117 120 125 130 136 147 151 153 154 157 163 169 170 175 177 186 192 206 214 217 221 230 233 240 254 264 271 272 276 283 289 290 296
62
4 6 7 15 20 21 23 26 29 31 38 41 51 57 58 62 64 65 66 67 78 80 88 107 108 114 121 135 140 156 167 174 178 181 186 195 198 200 214 216 217 225 226 232 239 243 245 246 250 261 267 269 274 276 277 279 283 286 289 297 298 299
72
3 7 9 19 29 35 42 51 66 68 69 70 71 73 82 92 93 106 109 112 113 115 117 133 144 146 149 159 161 163 164 171 174 183 191 193 195 197 198 200 202 204 207 208 209 211 213 215 216 217 222 226 228 230 235 241 244 245 246 247 249 252 253 260 270 272 279 283 285 292 295 299
55
7 11 12 16 23 30 52 62 67 79 94 105 108 116 121 127 131 133 137 138 143 150 160 162 165 167 168 175 178 179 185 190 192 196 199 200 213 214 217 223 236 240 242 249 259 262 265 268 269 270 274 285 287 288 298
54
2 3 4 9 10 17 25 28 43 45 55 58 63 74 88 102 104 117 119 128 129 136 139 157 160 167 175 180 181 186 197 205 222 229 230 238 241 247 248 251 254 257 260 264 265 267 268 269 286 289 290 292 293 300
49
12 23 25 27 29 30 39 40 58 64 80 82 90 95 114 119 127 130 131 135 140 149 156 158 161 168 179 186 198 202 207 209 215 221 233 239 248 251 261 263 264 266 272 274 279 284 290 293 296
56
3 11 14 15 23 26 27 34 41 43 46 49 62 63 64 67 71 72 75 78 82 83 85 91 97 98 99 105 111 117 124 140 159 161 163 172 179 182 183 217 224 234 235 240 254 256 259 270 271 273 274 275 287 288 292 295
63
11 21 23 33 36 38 41 48 49 52 61 64 69 72 80 85 87 89 97 98 104 109 113 117 122 123 125 126 127 137 139 143 148 151 162 170 176 184 188 196 201 204 215 216 225 226 234 237 241 242 243 265 268 273 275 278 282 284 286 287 289 290 292
63
3 5 8 13 14 16 19 28 30 46 47 49 56 59 67 70 85 89 95 101 105 106 115 116 128 130 132 134 136 139 143 144 152 153 163 164 168 178 181 185 196 197 202 205 207 213 214 218 221 241 243 261 262 270 271 274 275 280 283 285 286 293 296
64
3 11 16 17 20 21 26 51 54 58 69 86 90 91 92 98 106 110 113 116 117 118 127 129 132 133 136 144 146 148 153 160 161 170 173 176 178 188 189 191 193 197 208 213 223 230 238 239 242 244 247 249 253 255 257 259 260 275 276 279 281 284 285 286
55
5 13 15 28 36 37 42 43 44 46 48 50 53 72 92 96 102 110 114 115 123 124 128 130 131 133 137 142 155 159 160 168 169 173 178 185 189 198 199 214 218 219 226 229 233 235 239 255 263 265 267 279 280 293 298
59
2 7 10 26 41 48 52 59 66 74 82 86 88 90 95 119 135 138 144 145 153 158 162 165 168 174 175 178 180 181 182 184 190 197 204 205 207 212 213 217 223 224 225 230 231 246 254 258 262 264 269 273 277 285 287 293 294 296 297
64
3 7 12 18 20 21 23 26 31 42 43 54 55 59 65 69 73 77 94 117 119 120 121 122 123 126 133 135 136 139 143 147 151 152 161 167 172 180 184 194 196 197 199 207 208 209 214 226 231 233 237 243 252 254 268 269 274 275 276 283 287 288 291 294
68
1 6 7 11 12 13 28 29 32 44 49 50 53 62 64 65 68 72 73 93 94 101 102 103 105 122 127 128 134 138 147 148 149 150 151 160 161 168 176 181 191 193 201 214 215 218 219 220 225 230 234 239 240 241 242 245 250 252 261 262 265 269 270 276 284 286 287 299
48
27 28 39 49 50 59 77 82 87 91 92 107 117 118 121 126 132 137 141 144 154 157 166 170 185 189 207 212 214 215 217 219 222 228 238 245 248 250 253 255 256 259 263 266 268 284 290 292
71
7 27 28 30 34 37 41 52 54 56 60 61 70 74 77 80 81 85 87 88 89 91 100 101 102 108 109 112 116 117 125 127 135 145 146 149 152 157 158 159 166 167 168 172 177 186 190 195 198 201 206 212 216 219 221 228 237 239 240 249 254 267 274 275 276 278 282 283 284 289 300
66
1 3 13 14 23 27 29 37 46 49 58 59 61 63 64 65 72 74 75 81 82 97 98 100 101 103 105 114 118 123 130 133 134 135 136 139 143 146 150 162 166 175 179 180 187 191 200 208 223 229 238 243 253 256 257 259 266 270 273 276 279 286 290 292 294 297
50
2 4 7 26 39 41 52 53 54 77 78 83 106 124 132 146 148 151 157 162 177 180 182 183 188 197 204 205 207 213 219 223 226 238 239 240 250 260 267 270 273 275 276 278 281 282 283 293 298 299
47
26 30 31 32 34 38 40 47 52 55 66 72 87 115 121 128 132 136 156 159 160 165 166 172 173 175 183 187 193 206 207 210 217 218 224 236 241 248 257 261 264 268 282 283 288 296 299
56
5 7 11 13 16 20 30 34 37 40 46 52 63 79 88 91 103 104 107 113 115 117 122 145 151 153 169 173 174 181 182 184 192 202 212 213 216 228 231 239 240 243 247 248 251 265 272 275 279 280 281 288 294 297 298 299
59
1 13 14 19 25 36 39 40 41 45 53 61 65 67 74 76 83 84 90 97 100 102 106 107 108 116 141 156 164 167 171 172 173 178 189 193 195 198 204 210 212 215 221 226 227 235 242 264 266 271 278 279 287 288 290 292 296 297 299
59
3 6 9 11 13 29 37 42 45 51 53 61 72 75 79 82 88 93 106 108 110 113 124 126 128 130 131 134 148 150 157 180 182 183 187 200 210 215 218 223 229 234 236 239 242 243 246 255 259 262 264 265 268 275 278 282 286 294 298
68
2 5 16 17 23 29 38 41 47 57 65 80 81 82 86 89 93 98 99 106 110 112 114 126 133 137 141 144 154 156 157 161 165 166 181 184 191 196 198 199 204 205 206 207 215 217 218 220 222 232 233 234 244 246 249 250 251 255 260 261 263 264 272 273 276 285 298 299
65
1 4 7 8 10 12 20 21 31 45 47 50 55 77 79 80 81 85 92 96 98 99 107 110 111 112 114 121 127 128 131 144 152 172 174 175 180 182 191 196 203 205 210 212 213 226 228 229 233 234 235 236 238 239 242 245 254 257 261 265 271 285 287 297 298
