150 300
1.0 1.0 1.0 1.0 1.0 1.0 1.0 1.0 1.0 1.0 1.0 1.0 1.0 1.0 1.0 1.0 1.0 1.0 1.0 1.0 1.0 1.0 1.0 1.0 1.0 1.0 1.0 1.0 1.0 1.0 1.0 1.0 1.0 1.0 1.0 1.0 1.0 1.0 1.0 1.0 1.0 1.0 1.0 1.0 1.0 1.0 1.0 1.0 1.0 1.0 1.0 1.0 1.0 1.0 1.0 1.0 1.0 1.0 1.0 1.0 1.0 1.0 1.0 1.0 1.0 1.0 1.0 1.0 1.0 1.0 1.0 1.0 1.0 1.0 1.0 1.0 1.0 1.0 1.0 1.0 1.0 1.0 1.0 1.0 1.0 1.0 1.0 1.0 1.0 1.0 1.0 1.0 1.0 1.0 1.0 1.0 1.0 1.0 1.0 1.0 1.0 1.0 1.0 1.0 1.0 1.0 1.0 1.0 1.0 1.0 1.0 1.0 1.0 1.0 1.0 1.0 1.0 1.0 1.0 1.0 1.0 1.0 1.0 1.0 1.0 1.0 1.0 1.0 1.0 1.0 1.0 1.0 1.0 1.0 1.0 1.0 1.0 1.0 1.0 1.0 1.0 1.0 1.0 1.0 1.0 1.0 1.0 1.0 1.0 1.0 1.0 1.0 1.0 1.0 1.0 1.0 1.0 1.0 1.0 1.0 1.0 1.0 1.0 1.0 1.0 1.0 1.0 1.0 1.0 1.0 1.0 1.0 1.0 1.0 1.0 1.0 1.0 1.0 1.0 1.0 1.0 1.0 1.0 1.0 1.0 1.0 1.0 1.0 1.0 1.0 1.0 1.0 1.0 1.0 1.0 1.0 1.0 1.0 1.0 1.0 1.0 1.0 1.0 1.0 1.0 1.0 1.0 1.0 1.0 1.0 1.0 1.0 1.0 1.0 1.0 1.0 1.0 1.0 1.0 1.0 1.0 1.0 1.0 1.0 1.0 1.0 1.0 1.0 1.0 1.0 1.0 1.0 1.0 1.0 1.0 1.0 1.0 1.0 1.0 1.0 1.0 1.0 1.0 1.0 1.0 1.0 1.0 1.0 1.0 1.0 1.0 1.0 1.0 1.0 1.0 1.0 1.0 1.0 1.0 1.0 1.0 1.0 1.0 1.0 1.0 1.0 1.0 1.0 1.0 1.0 1.0 1.0 1.0 1.0 1.0 1.0 1.0 1.0 1.0 1.0 1.0 1.0 1.0 1.0 1.0 1.0 1.0 1.0 1.0 1.0 1.0 1.0 1.0 1.0 1.0 1.0 1.0 1.0 1.0 1.0
16
15 17 27 54 71 74 107 112 121 123 199 228 247 251 255 291
16
8 35 60 61 62 67 168 175 204 229 232 235 281 291 294 298
12
39 49 63 64 67 71 91 208 230 247 249 279
10
26 89 116 140 180 190 192 238 241 282
7
36 95 126 183 191 277 280
18
8 23 39 63 71 108 125 151 163 202 208 225 228 232 243 254 282 289
14
44 52 66 69 86 147 153 161 173 180 204 213 249 296
17
5 36 39 67 76 82 88 95 97 104 152 215 223 235 241 292 294
12
24 47 114 128 157 182 190 198 208 257 267 283
15
20 31 36 44 50 51 63 91 136 164 196 245 273 278 292
22
40 44 57 58 84 118 122 123 129 143 150 151 153 163 189 199 208 214 233 236 241 264
19
13 20 25 60 72 85 108 131 137 142 153 169 186 191 193 210 234 281 286
24
5 11 33 34 38 44 81 132 144 150 152 155 166 173 178 182 199 204 205 226 250 276 282 298
17
6 11 15 26 34 41 80 108 110 127 135 146 163 188 191 243 269
15
15 34 67 94 131 141 169 170 180 192 197 230 235 268 293
16
19 37 38 43 62 69 79 82 149 167 170 190 191 223 227 294
12
12 67 93 109 121 127 130 149 184 193 208 227
19
3 14 35 47 73 85 110 129 135 173 183 195 213 216 217 239 280 284 288
10
5 13 29 68 109 128 181 183 229 281
19
28 45 46 91 94 143 172 176 192 226 233 237 245 253 254 264 270 282 284
15
29 31 34 55 68 84 114 187 230 242 246 258 265 273 277
14
33 83 87 115 126 142 144 159 174 219 237 242 259 298
14
44 49 62 109 115 117 127 164 172 173 208 250 271 285
17
15 49 74 97 120 142 177 187 209 215 219 236 243 245 255 256 279
11
53 63 105 131 152 161 204 210 278 295 297
13
7 18 56 67 76 122 148 191 224 243 260 263 300
10
25 45 166 179 196 230 237 271 288 293
12
45 81 82 115 127 159 187 217 231 248 256 258
16
49 91 94 97 114 132 137 156 196 202 247 252 253 261 264 274
19
3 16 41 49 63 103 110 117 124 132 134 167 173 185 225 248 252 264 288
21
21 28 39 51 57 75 83 103 111 124 192 216 218 227 231 255 260 263 264 279 291
11
44 80 94 127 128 130 142 204 234 255 282
11
17 132 155 195 197 203 205 206 227 248 261
14
57 71 82 91 101 102 118 132 153 171 190 216 229 238
13
52 59 86 116 161 166 168 182 194 254 267 283 295
15
21 30 37 43 132 135 140 144 149 164 171 190 196 245 248
12
51 114 142 148 211 241 256 257 277 282 287 295
17
33 100 122 132 144 145 150 156 158 159 168 207 220 225 281 284 287
23
6 18 20 28 58 61 66 86 130 143 150 155 167 168 170 172 173 240 244 252 257 270 285
14
14 22 34 57 94 143 162 167 174 178 218 223 232 290
13
20 35 41 50 73 92 148 152 224 254 260 278 285
23
18 23 25 34 40 83 90 102 107 136 156 171 179 183 190 211 230 240 242 247 277 280 287
18
38 60 71 84 92 96 104 110 115 148 151 166 202 204 212 237 279 296
19
2 24 31 33 49 66 74 80 100 102 119 138 149 175 178 184 193 230 300
15
11 49 91 98 114 120 126 143 173 185 220 234 256 266 294
15
30 44 51 67 76 77 96 159 167 188 191 230 266 278 286
20
1 2 10 26 43 51 56 70 71 89 117 133 134 177 178 201 215 218 223 255
14
10 73 79 87 99 103 105 111 144 152 169 192 229 286
13
16 25 51 58 111 112 126 147 154 168 202 208 229
16
13 17 24 30 36 52 68 104 107 126 164 169 193 219 229 286
19
12 23 33 39 87 108 120 147 162 169 172 234 248 252 260 265 273 293 295
12
10 17 24 64 88 129 160 204 229 233 257 288
10
72 90 105 122 132 142 160 234 276 283
14
12 50 124 130 162 171 198 212 215 220 266 272 274 297
17
28 34 35 58 90 95 104 113 152 162 187 207 243 244 267 282 286
13
35 68 69 75 122 160 172 189 193 238 242 250 261
19
32 52 55 72 97 104 105 113 136 144 147 184 204 212 226 230 262 270 283
10
1 10 35 37 53 110 126 147 270 292
17
13 17 92 114 116 131 141 150 158 182 186 202 205 212 215 296 300
15
5 23 52 66 144 149 166 175 182 206 209 227 244 258 261
10
21 32 53 67 96 187 195 232 240 266
12
23 48 92 96 133 138 186 228 256 267 279 300
13
4 5 63 136 160 185 195 228 235 238 253 258 274
14
54 55 69 70 113 151 176 179 204 208 222 245 260 268
14
39 47 64 79 115 133 148 151 176 191 204 215 270 287
11
16 36 65 69 112 145 146 148 192 217 234
17
4 6 18 26 37 42 52 54 135 137 181 207 235 238 241 279 280
13
11 89 98 100 117 145 223 225 266 274 276 293 298
19
4 29 36 41 92 94 111 113 117 137 192 220 222 230 231 239 255 269 276
18
30 49 74 80 88 143 148 152 179 191 201 203 214 227 239 250 263 276
16
12 13 14 20 34 63 84 92 94 102 115 164 174 236 240 287
22
4 12 13 22 24 35 40 75 79 113 129 143 153 177 193 194 209 213 236 237 263 288
12
4 76 79 96 110 113 126 147 161 211 229 298
22
52 66 78 84 89 97 130 133 151 153 166 168 172 180 206 225 228 230 233 236 240 298
19
5 15 29 51 75 103 105 130 144 167 194 224 229 244 256 261 273 281 289
14
43 61 73 96 106 140 165 170 216 231 261 268 270 295
19
30 34 35 37 52 54 71 87 127 129 133 139 145 147 155 158 178 183 263
11
21 30 53 90 108 111 112 166 188 192 226
9
3 14 46 82 84 129 139 206 297
13
24 27 66 79 117 127 148 152 158 251 253 264 281
12
3 55 59 86 112 123 158 181 198 246 268 276
17
24 36 62 70 72 117 119 169 174 181 212 215 230 239 270 273 300
10
29 57 110 130 164 188 208 216 237 256
16
7 50 74 90 106 129 181 196 197 227 236 242 257 267 273 289
14
6 13 14 45 46 59 75 90 101 141 176 200 219 232
14
4 7 18 34 35 62 87 97 128 201 204 230 246 274
15
52 60 79 102 110 115 124 145 150 155 175 184 203 248 249
16
12 14 17 31 39 71 98 119 144 150 155 206 262 265 271 281
12
5 79 101 115 123 137 138 145 152 221 246 285
18
11 12 30 32 49 74 132 150 181 217 235 249 258 261 268 270 277 291
16
19 23 52 83 95 131 135 156 184 218 221 240 260 262 280 283
16
1 6 48 53 63 89 91 100 106 126 150 152 198 231 288 290
9
44 67 85 96 104 124 127 269 275
18
8 19 34 42 81 87 111 162 163 168 174 184 185 202 252 255 266 289
11
3 24 42 84 107 166 174 186 205 232 283
12
24 31 49 60 70 214 219 239 240 243 286 292
15
5 6 22 25 68 79 130 131 137 173 180 203 237 276 295
15
39 67 71 81 105 108 110 139 198 201 203 224 230 236 296
13
62 64 77 78 139 149 156 159 161 162 207 287 291
17
8 14 22 26 35 40 89 138 176 207 216 250 261 277 281 284 286
16
13 46 57 63 64 68 74 147 150 160 167 199 212 215 228 289
12
60 66 86 100 111 124 139 145 155 164 169 198
17
11 18 23 33 58 82 103 119 144 151 154 171 202 277 285 293 300
10
31 49 87 148 156 159 229 277 285 298
17
11 13 25 50 54 55 68 75 99 119 128 149 201 202 251 263 290
13
25 62 80 101 144 196 203 211 219 262 266 278 287
14
15 29 43 52 91 94 121 124 183 202 212 232 254 297
16
2 13 23 32 45 60 73 78 88 117 119 120 124 219 231 249
11
4 27 38 80 104 174 195 198 203 206 239
21
41 43 72 77 85 96 105 113 148 156 157 174 185 194 204 221 236 238 255 258 271
11
42 81 133 141 160 164 184 191 201 239 276
10
20 22 29 119 132 169 199 218 254 277
20
32 33 50 62 81 111 124 174 197 203 206 212 213 219 226 232 234 246 260 262
15
4 10 15 47 57 132 141 147 172 174 179 201 211 240 283
14
36 43 49 54 77 112 123 143 157 196 209 244 247 271
21
4 36 59 85 120 127 139 146 168 179 186 188 204 214 218 253 268 279 280 295 296
16
11 41 46 55 70 73 116 117 121 152 166 167 202 209 214 298
18
2 18 48 61 62 63 67 77 83 118 146 156 191 236 242 243 251 260
19
12 20 44 55 82 105 107 117 123 132 150 163 195 212 214 216 254 256 263
19
15 48 63 69 130 132 139 144 145 157 163 181 184 193 194 219 253 258 280
8
74 131 140 149 183 209 251 270
13
2 43 44 48 66 82 101 240 255 281 283 285 293
9
14 129 194 233 244 259 261 276 283
12
11 64 140 145 233 236 245 254 262 264 270 296
14
5 49 54 59 79 84 90 140 143 162 187 218 220 257
14
11 17 34 50 69 70 78 113 136 144 147 260 281 294
16
13 16 35 41 64 97 112 143 148 152 157 189 211 227 263 270
18
48 63 66 76 90 103 169 191 193 198 201 234 245 248 272 280 281 289
12
38 46 54 72 77 79 113 146 225 258 271 288
16
28 29 32 38 40 53 96 110 124 144 151 154 161 228 249 296
14
4 25 39 64 68 76 108 111 125 145 230 234 266 274
29
9 12 13 51 70 110 111 114 115 123 126 138 152 155 161 167 172 176 183 198 201 210 229 249 260 274 276 289 297
14
56 87 97 127 132 134 136 141 155 161 204 263 264 274
15
14 35 76 84 93 94 103 110 176 182 188 193 196 221 280
15
23 32 33 53 72 76 98 127 171 174 175 202 211 232 249
8
1 56 59 148 199 221 233 300
13
35 49 64 83 84 105 114 213 216 224 236 258 282
14
30 42 46 70 72 154 181 194 195 197 233 275 292 300
15
9 17 36 59 80 98 163 197 201 220 222 233 243 286 289
18
10 17 20 27 28 33 78 91 95 122 126 131 155 173 209 220 253 281
16
27 43 75 85 139 142 143 160 163 172 178 184 193 235 237 266
13
5 27 45 55 63 130 145 153 195 208 212 220 258
18
5 23 46 50 63 94 121 137 140 141 153 158 162 189 203 265 284 296
12
18 21 52 54 70 85 87 106 144 158 177 238
10
47 97 120 174 176 191 215 267 271 277
16
12 15 24 50 54 61 93 102 154 198 203 235 238 245 253 281
21
11 20 47 69 80 104 113 135 143 167 173 182 187 195 204 219 221 230 257 265 295
11
3 19 30 51 58 100 144 185 241 276 279
13
18 29 30 62 79 128 131 149 165 182 206 213 300
9
82 120 143 181 197 204 241 251 259
