100 200
1.0 1.0 1.0 1.0 1.0 1.0 1.0 1.0 1.0 1.0 1.0 1.0 1.0 1.0 1.0 1.0 1.0 1.0 1.0 1.0 1.0 1.0 1.0 1.0 1.0 1.0 1.0 1.0 1.0 1.0 1.0 1.0 1.0 1.0 1.0 1.0 1.0 1.0 1.0 1.0 1.0 1.0 1.0 1.0 1.0 1.0 1.0 1.0 1.0 1.0 1.0 1.0 1.0 1.0 1.0 1.0 1.0 1.0 1.0 1.0 1.0 1.0 1.0 1.0 1.0 1.0 1.0 1.0 1.0 1.0 1.0 1.0 1.0 1.0 1.0 1.0 1.0 1.0 1.0 1.0 1.0 1.0 1.0 1.0 1.0 1.0 1.0 1.0 1.0 1.0 1.0 1.0 1.0 1.0 1.0 1.0 1.0 1.0 1.0 1.0 1.0 1.0 1.0 1.0 1.0 1.0 1.0 1.0 1.0 1.0 1.0 1.0 1.0 1.0 1.0 1.0 1.0 1.0 1.0 1.0 1.0 1.0 1.0 1.0 1.0 1.0 1.0 1.0 1.0 1.0 1.0 1.0 1.0 1.0 1.0 1.0 1.0 1.0 1.0 1.0 1.0 1.0 1.0 1.0 1.0 1.0 1.0 1.0 1.0 1.0 1.0 1.0 1.0 1.0 1.0 1.0 1.0 1.0 1.0 1.0 1.0 1.0 1.0 1.0 1.0 1.0 1.0 1.0 1.0 1.0 1.0 1.0 1.0 1.0 1.0 1.0 1.0 1.0 1.0 1.0 1.0 1.0 1.0 1.0 1.0 1.0 1.0 1.0 1.0 1.0 1.0 1.0 1.0 1.0 1.0 1.0 1.0 1.0 1.0 1.0
37
5 6 28 31 36 48 49 51 72 75 88 91 103 105 107 117 120 127 130 132 139 142 144 146 152 162 163 172 174 175 177 179 185 186 192 194 198
42
1 3 6 7 9 11 12 13 14 20 25 60 64 79 82 91 93 104 109 112 115 117 119 122 123 125 127 128 136 139 143 144 146 149 162 164 167 169 172 181 184 190
34
5 24 28 40 46 54 69 70 77 81 82 88 92 93 95 96 99 100 102 117 121 123 125 133 138 141 147 155 166 167 171 174 195 197
40
2 10 18 20 28 29 30 38 45 49 52 57 64 67 80 81 85 98 99 102 106 107 122 125 130 136 147 153 159 162 165 166 170 172 180 187 188 189 193 198
32
13 19 24 35 49 62 69 71 73 77 80 83 92 93 96 105 110 117 123 124 131 133 136 137 145 157 158 168 169 176 183 184
43
4 8 11 13 30 34 37 45 57 64 67 68 70 82 84 86 92 94 96 98 102 103 105 106 107 110 111 113 116 117 118 121 125 137 147 151 156 158 169 175 188 195 199
34
5 8 17 22 29 31 36 59 60 65 69 72 79 92 99 109 110 114 118 119 125 127 132 146 147 160 164 166 177 178 184 195 197 199
49
4 5 19 24 25 26 29 34 36 38 39 44 47 53 64 66 67 71 72 77 90 91 95 99 103 106 108 112 115 117 118 127 128 132 141 142 143 145 152 153 157 159 161 162 165 167 182 195 198
48
5 10 16 21 23 25 26 32 37 41 44 47 48 50 80 86 88 91 93 94 95 98 100 101 109 110 120 123 132 133 136 145 147 154 157 160 166 167 169 170 173 174 175 178 181 182 183 190
48
5 6 17 21 22 25 27 36 38 41 43 50 51 54 55 64 65 68 69 79 87 97 101 104 109 113 114 131 133 139 146 148 152 154 155 157 162 164 166 167 168 169 176 180 185 186 188 190
42
9 13 16 17 19 24 26 34 42 46 55 62 65 74 78 89 101 102 112 117 119 123 124 125 128 131 132 135 142 149 152 158 159 163 169 172 174 177 180 181 192 200
39
10 17 22 29 33 35 39 44 45 49 59 64 71 80 85 95 100 105 109 122 123 124 126 130 133 134 136 143 144 147 152 163 164 169 185 193 194 198 199
42
2 5 8 11 14 19 20 21 22 28 32 33 38 45 48 49 72 77 80 84 88 96 106 109 120 136 139 149 150 153 164 165 168 169 172 174 175 183 184 185 190 199
36
1 3 12 14 24 27 29 31 37 41 46 65 68 73 83 85 96 105 107 109 120 122 127 129 133 135 145 154 155 165 178 179 188 189 195 197
35
2 6 7 11 21 28 39 47 49 52 54 85 87 94 95 99 106 113 117 119 122 124 129 143 154 157 160 169 174 176 177 180 190 192 195
40
10 20 26 27 35 37 40 42 47 50 63 65 69 81 84 91 92 96 100 103 114 117 122 123 126 132 134 136 140 147 154 171 173 178 179 180 181 182 185 200
47
1 5 7 13 16 28 32 33 35 41 42 43 45 48 49 56 61 62 63 69 75 83 84 90 95 110 112 116 119 124 128 131 132 133 137 146 147 154 155 168 169 171 177 182 185 192 196
41
19 21 25 27 30 34 52 54 55 59 64 65 87 88 93 96 100 101 106 112 114 123 128 129 130 137 139 141 143 144 150 155 156 157 159 173 175 181 183 188 189
48
5 9 16 22 23 27 35 36 38 49 52 60 65 66 67 68 75 76 84 85 87 89 93 100 109 118 124 125 130 134 135 146 148 152 154 165 169 171 172 173 174 176 183 184 186 190 192 193
40
2 5 7 17 24 29 32 39 44 45 47 53 61 63 66 67 73 76 100 101 105 106 124 128 134 141 143 145 152 153 158 162 164 166 167 173 176 183 198 199
33
1 6 7 17 25 26 31 51 58 65 75 76 79 87 88 92 98 100 101 106 107 110 131 143 145 151 158 161 164 165 169 175 176
38
9 18 23 26 29 30 33 36 42 55 56 59 61 81 88 102 104 111 116 118 129 136 140 151 154 156 160 162 165 169 170 172 180 182 185 187 195 200
41
13 20 21 28 31 32 34 43 46 52 57 58 62 63 71 73 77 85 93 96 97 99 106 109 112 114 123 127 130 131 135 136 137 139 144 155 165 171 178 191 196
34
1 15 19 25 27 28 41 42 46 49 53 55 80 85 87 92 93 103 105 118 122 125 126 137 146 152 158 161 164 166 174 175 176 189
30
13 22 26 27 28 39 68 70 76 88 95 97 105 106 113 116 117 119 127 129 131 135 140 159 160 169 174 175 188 197
36
3 25 27 30 37 41 43 46 49 59 70 71 78 80 81 84 108 112 113 116 121 127 132 144 147 149 153 165 166 174 175 178 187 191 192 196
39
7 11 15 20 33 35 37 40 49 65 66 69 71 85 95 102 103 104 106 110 111 116 129 130 131 136 144 148 152 155 156 161 167 170 175 176 177 192 197
40
2 7 14 15 17 29 31 41 42 50 51 55 73 77 85 95 98 100 108 109 110 118 124 125 131 136 138 140 143 146 154 155 156 159 160 179 180 187 189 200
36
3 4 12 19 30 31 42 44 46 48 57 58 59 68 76 80 91 92 94 98 103 104 118 132 133 138 142 143 152 157 164 168 178 180 194 196
47
4 5 9 12 14 15 23 31 32 37 41 53 60 61 68 76 79 81 85 86 93 100 101 111 113 115 116 117 122 127 129 130 134 139 141 147 155 158 159 160 161 167 170 175 183 191 194
41
1 5 7 8 20 25 31 40 43 51 58 59 62 68 69 74 75 77 86 88 97 99 100 101 102 110 112 115 118 121 125 132 134 163 166 176 183 186 190 194 199
32
11 19 20 28 33 35 43 49 54 55 56 61 77 78 80 84 91 97 100 106 116 125 135 152 160 167 173 174 187 193 195 197
35
4 6 8 11 14 26 27 30 35 42 49 67 80 84 90 101 102 111 112 113 114 127 128 129 140 144 148 154 166 171 173 178 186 193 195
27
9 11 23 33 37 41 70 71 77 80 99 100 101 113 124 129 130 134 135 137 144 159 161 167 173 185 193
42
3 8 14 31 33 36 42 46 47 60 63 68 73 78 79 95 98 99 107 110 112 116 118 124 125 126 127 130 132 135 137 151 152 160 161 165 167 188 189 191 193 196
42
2 4 7 14 20 23 25 30 41 43 47 48 49 51 53 55 58 63 75 84 87 109 114 117 119 128 131 132 133 137 138 140 144 146 150 159 168 182 183 185 198 200
33
7 23 24 34 37 51 54 66 72 78 82 89 90 107 111 112 121 130 132 133 135 141 149 156 164 168 171 174 175 180 181 188 194
26
8 11 15 18 25 26 28 35 36 39 57 63 76 87 88 89 110 119 132 136 137 139 170 175 178 191
39
6 7 18 35 36 39 40 45 46 53 54 57 62 67 72 75 78 89 90 101 111 114 116 120 126 132 136 138 140 141 142 149 159 161 165 174 179 182 193
43
1 2 3 10 16 19 21 22 23 24 29 34 40 42 48 54 57 63 67 72 75 88 94 95 100 106 107 117 120 122 127 135 141 149 153 155 159 162 163 170 173 179 185
42
5 8 11 15 17 18 22 25 35 40 41 49 52 77 83 88 91 102 104 106 113 114 116 122 124 125 130 133 138 140 144 148 150 162 166 179 189 190 193 194 195 200
45
8 9 20 25 33 45 52 56 57 60 61 70 76 78 79 80 82 87 88 94 95 98 106 109 110 114 123 125 136 142 145 150 154 158 159 162 163 166 169 184 188 191 193 194 196
42
2 5 7 11 13 15 19 34 37 40 49 54 56 64 66 68 69 80 82 90 94 103 123 124 127 140 149 151 152 162 168 170 171 175 177 186 187 188 189 192 196 200
41
7 24 26 28 30 36 38 40 41 42 44 50 57 65 70 75 79 80 82 83 84 91 128 129 130 131 132 143 157 158 163 165 168 171 172 177 185 193 194 198 200
38
13 14 17 19 25 26 36 41 43 44 46 48 52 55 66 72 74 81 85 86 90 91 95 110 114 119 122 127 137 142 143 148 158 172 176 177 179 189
42
2 8 10 16 19 22 23 29 31 38 41 42 43 49 59 65 74 79 81 88 92 99 100 104 113 117 128 129 133 134 136 148 149 154 158 160 164 166 179 184 187 194
42
5 19 33 35 38 39 55 56 70 71 82 86 87 89 91 101 102 107 108 114 115 118 120 123 125 133 134 143 146 148 149 153 158 162 166 169 176 179 182 186 194 200
29
5 22 32 35 42 46 55 60 67 71 75 76 85 91 97 99 103 114 115 125 126 127 139 159 168 172 179 195 200
31
3 4 5 9 10 18 27 31 35 36 37 46 48 53 56 57 62 70 74 83 87 88 92 93 94 106 110 136 140 151 168
43
1 5 9 11 25 28 30 35 38 39 51 52 54 57 61 71 78 81 89 97 99 102 103 105 110 116 118 124 125 127 137 145 150 152 158 165 166 167 171 172 176 188 200
29
11 16 22 28 37 38 40 43 53 58 61 75 79 89 95 112 115 124 126 134 137 163 165 169 173 176 180 184 192
44
4 5 13 18 28 33 36 39 40 47 52 60 67 71 73 76 77 80 81 83 85 87 88 100 102 104 112 120 125 130 131 139 147 152 154 156 161 165 168 170 175 184 186 193
36
9 12 13 18 25 28 30 33 37 50 61 83 88 92 95 102 109 112 123 125 136 139 145 146 148 153 164 167 171 173 175 180 184 185 196 197
42
1 7 8 9 12 14 15 21 24 25 28 29 35 44 45 48 57 60 67 71 78 83 86 91 94 101 103 106 108 113 124 128 135 141 148 158 164 172 175 188 197 199
40
4 13 14 15 25 35 40 57 58 59 82 87 88 91 95 99 106 126 133 136 139 140 141 144 146 159 160 162 165 169 175 180 182 184 188 193 194 195 198 200
31
2 3 16 20 27 31 40 42 44 47 49 54 55 69 76 82 86 88 97 101 103 106 107 108 109 124 127 133 147 172 189
38
11 12 22 33 34 41 42 55 58 59 61 63 68 74 78 87 89 92 94 97 98 99 102 111 113 114 117 119 132 140 147 156 157 168 172 173 182 193
37
3 10 12 21 35 37 38 42 46 54 62 65 77 78 80 86 88 92 95 98 99 101 103 107 110 125 131 135 144 148 163 164 165 169 173 184 192
40
10 12 18 25 26 27 33 39 50 55 58 60 70 72 76 78 89 94 100 101 102 110 112 113 122 130 132 138 141 145 155 163 167 169 170 172 181 182 189 195
44
3 8 11 19 23 29 40 46 47 52 54 61 62 71 72 78 91 98 99 102 104 113 116 119 120 121 123 124 137 142 144 150 167 168 177 178 183 185 186 191 192 193 194 195
37
1 5 11 17 18 23 24 27 35 39 41 46 53 65 80 83 96 99 108 115 119 125 127 132 138 139 140 148 156 164 172 178 192 194 196 199 200
40
7 16 20 22 31 32 39 45 46 52 55 57 58 59 61 63 68 76 77 83 88 93 97 99 101 106 117 128 135 136 147 150 151 160 161 163 176 177 184 191
36
3 6 9 18 20 21 22 34 39 41 51 67 73 81 93 95 98 102 107 114 125 129 133 136 142 143 146 155 162 163 167 172 180 189 196 197
47
1 7 11 12 14 15 19 20 24 27 32 35 43 47 51 55 64 68 75 78 79 85 93 96 98 99 102 109 113 118 120 122 124 135 136 138 142 156 165 166 170 176 177 180 181 190 191
47
4 15 16 19 20 25 28 29 32 33 36 38 40 50 53 54 63 64 67 70 71 75 80 90 98 99 119 120 126 131 133 139 143 155 156 157 159 165 167 177 181 183 186 189 191 193 197
36
5 10 13 18 26 33 53 54 60 68 74 75 76 83 87 91 98 101 104 107 109 110 111 119 120 129 131 137 146 151 155 172 181 182 193 194
35
17 18 21 25 34 49 51 58 59 60 93 99 105 106 119 122 123 129 138 140 141 143 145 157 160 165 166 168 173 174 180 184 187 189 196
35
4 13 22 25 26 27 39 40 41 49 54 62 63 64 70 73 76 77 82 83 102 105 111 117 125 129 130 135 136 152 154 156 165 175 200
41
11 16 23 24 31 36 43 47 52 55 64 65 66 68 69 70 73 74 79 82 86 90 91 93 108 114 132 136 141 145 148 155 159 168 174 177 179 180 192 193 198
33
2 3 4 18 23 32 33 40 44 46 53 54 58 66 70 72 76 89 90 113 114 115 122 133 135 137 141 149 162 178 188 194 197
40
9 12 17 39 42 57 63 66 73 79 81 85 87 90 96 99 102 111 115 119 123 126 128 129 131 134 141 143 148 149 150 154 162 170 171 172 173 181 184 186
43
13 14 17 19 26 28 31 34 36 38 40 41 42 44 49 54 56 61 63 64 75 77 79 83 87 99 100 103 105 110 111 120 126 135 140 152 153 162 182 183 184 186 196
52
2 5 6 12 16 19 20 21 24 26 35 46 49 58 59 60 64 65 75 79 83 84 85 90 91 93 98 108 109 110 116 121 122 124 133 134 135 140 141 146 148 157 159 168 180 182 184 186 190 193 197 199
47
3 17 19 20 24 27 30 37 43 45 53 57 58 64 65 84 88 96 97 102 104 105 107 110 111 119 120 122 126 130 133 135 142 150 153 157 160 161 164 165 166 169 175 176 180 188 194
48
1 12 13 15 17 21 22 23 33 39 43 44 48 52 56 57 64 68 77 78 80 93 94 99 104 107 113 114 122 124 130 133 140 142 158 169 173 174 175 176 177 178 179 182 185 189 190 192
38
2 10 14 16 23 24 33 37 40 45 49 55 58 69 71 75 76 81 82 86 89 95 96 118 119 123 148 150 153 158 161 170 189 190 191 194 195 196
40
6 7 11 17 18 39 41 45 51 61 76 81 83 87 89 90 97 100 102 107 109 113 114 117 125 134 140 142 149 151 155 156 159 164 169 170 174 178 184 200
47
4 10 12 14 22 23 32 36 49 54 55 59 61 65 67 69 73 74 79 81 92 93 96 109 110 112 113 114 115 126 129 130 134 141 149 151 153 157 158 164 166 170 171 172 186 199 200
35
8 16 19 24 41 48 52 61 67 71 82 84 90 99 104 110 111 116 117 132 135 139 143 151 152 154 158 163 168 169 173 177 182 194 195
37
3 5 8 9 12 16 19 23 27 34 50 58 62 72 84 85 96 99 106 109 112 116 118 123 128 132 137 139 140 146 148 159 164 172 178 185 196
50
2 3 14 15 27 28 30 31 34 35 36 39 48 49 50 53 55 56 59 60 62 64 70 86 88 90 103 105 111 113 115 116 119 122 127 128 131 134 139 140 142 145 147 150 156 161 162 166 190 196
38
4 8 18 20 22 23 24 25 26 41 44 51 60 69 70 71 77 85 93 95 96 100 101 104 110 111 122 128 130 136 144 155 156 165 173 175 183 186
35
12 17 27 31 37 44 47 48 54 56 59 60 70 71 75 76 89 92 104 107 108 109 110 111 120 122 128 139 142 148 169 175 181 185 192
52
7 8 10 15 17 20 25 27 28 30 35 36 40 41 45 46 57 60 61 77 78 83 91 97 99 100 103 104 107 108 111 112 114 116 120 127 128 136 138 140 143 150 156 160 165 172 179 180 183 184 187 199
37
15 16 17 19 21 27 31 35 46 47 60 63 65 68 72 74 75 77 78 86 88 89 104 107 128 132 136 140 146 148 151 152 153 157 168 191 198
42
2 5 8 15 17 18 22 24 27 32 39 41 46 50 53 62 64 67 76 85 91 92 94 106 111 115 116 125 127 131 141 142 146 150 152 154 161 162 164 184 187 198
37
4 11 19 21 26 27 28 38 45 49 51 55 60 63 64 65 71 75 77 78 82 89 91 97 115 133 137 139 154 161 162 166 171 178 179 190 197
32
2 9 12 17 22 27 30 31 34 47 68 69 78 86 100 101 107 113 115 116 134 135 139 144 157 160 166 167 175 186 192 193
37
8 9 15 22 39 42 57 59 63 72 81 83 85 90 93 97 102 113 116 124 126 127 136 141 149 151 154 165 166 170 181 183 185 192 194 196 198
42
2 3 11 14 19 24 27 35 36 40 43 45 46 57 60 70 73 75 76 82 83 90 108 116 125 128 136 140 141 142 145 152 156 158 167 175 176 177 179 184 194 196
47
1 5 8 12 15 17 22 25 29 31 36 37 39 42 44 56 64 65 69 71 77 80 84 91 97 99 109 117 119 120 127 137 143 156 160 161 174 175 177 183 185 186 187 189 190 195 197
47
4 8 10 14 16 17 19 20 22 26 28 29 30 34 35 39 46 47 49 52 60 69 70 73 77 82 83 89 96 103 109 111 112 118 124 134 142 149 152 160 161 171 177 182 186 196 200
44
6 12 16 18 19 23 24 27 33 36 37 42 57 59 67 78 82 83 94 100 101 112 118 119 121 123 124 127 128 130 134 136 138 143 144 151 164 168 180 184 190 194 198 200
33
1 2 10 24 29 33 44 48 52 54 68 72 79 80 82 85 89 98 103 104 108 125 128 132 137 151 155 157 160 161 172 183 188
54
10 11 13 15 21 24 29 31 33 35 37 40 50 61 62 63 64 68 76 79 80 83 93 94 96 103 106 110 114 116 125 127 130 132 138 154 156 157 159 161 168 178 179 180 181 182 183 187 190 192 193 195 199 200
43
7 9 11 14 25 27 35 36 61 63 72 75 80 88 89 91 95 100 101 102 105 107 112 114 116 124 144 150 151 152 154 156 166 169 171 174 176 179 183 185 189 194 198
42
7 8 10 14 16 19 24 27 28 39 41 42 44 70 71 79 82 89 90 103 105 106 109 111 112 124 128 130 131 145 146 154 156 162 165 171 172 175 178 187 189 193
45
6 18 25 27 30 33 39 45 46 47 49 61 69 81 82 83 88 89 95 96 100 101 106 109 121 122 128 132 134 139 141 148 151 159 160 168 173 175 176 180 181 182 183 188 195
53
2 6 8 12 20 25 27 28 35 38 39 42 48 54 55 57 59 61 64 65 68 71 72 79 85 86 94 111 124 128 130 133 137 141 142 143 145 149 153 155 158 161 162 168 171 173 174 175 183 184 189 191 197
38
3 11 16 25 28 36 46 53 55 60 63 67 68 72 83 84 86 93 98 99 109 112 115 117 118 121 127 128 136 137 141 143 152 154 157 158 159 192
