50 100
1.0 1.0 1.0 1.0 1.0 1.0 1.0 1.0 1.0 1.0 1.0 1.0 1.0 1.0 1.0 1.0 1.0 1.0 1.0 1.0 1.0 1.0 1.0 1.0 1.0 1.0 1.0 1.0 1.0 1.0 1.0 1.0 1.0 1.0 1.0 1.0 1.0 1.0 1.0 1.0 1.0 1.0 1.0 1.0 1.0 1.0 1.0 1.0 1.0 1.0 1.0 1.0 1.0 1.0 1.0 1.0 1.0 1.0 1.0 1.0 1.0 1.0 1.0 1.0 1.0 1.0 1.0 1.0 1.0 1.0 1.0 1.0 1.0 1.0 1.0 1.0 1.0 1.0 1.0 1.0 1.0 1.0 1.0 1.0 1.0 1.0 1.0 1.0 1.0 1.0 1.0 1.0 1.0 1.0 1.0 1.0 1.0 1.0 1.0 1.0
4
20 35 70 77
2
66 86
5
5 8 41 53 71
7
3 38 44 48 77 89 92
5
35 48 77 90 95
5
12 45 47 76 93
10
1 4 29 31 49 63 64 77 79 92
3
7 37 38
5
15 42 47 51 81
4
23 27 39 81
5
69 70 75 78 96
7
10 14 36 40 46 79 88
5
32 58 78 79 88
5
14 54 57 63 73
4
18 25 55 62
9
9 14 54 56 67 68 83 88 89
4
6 40 68 87
7
17 31 38 90 94 96 99
7
10 17 23 36 39 56 71
5
11 57 60 71 74
6
26 46 53 56 72 91
8
18 20 50 65 79 93 94 100
5
14 21 23 51 100
8
19 53 64 75 83 84 85 86
6
40 61 68 70 83 92
10
4 16 22 40 53 57 71 75 87 94
8
23 53 63 73 77 82 86 97
6
1 26 45 54 67 99
5
11 15 18 27 83
4
6 39 57 68
5
12 14 31 38 85
5
14 30 40 65 99
1
90
6
30 58 59 78 81 93
6
10 20 27 31 65 76
5
19 40 42 47 61
2
15 57
3
6 22 85
7
23 28 65 70 71 86 100
5
14 15 49 76 85
8
2 10 12 28 41 75 97 100
1
79
4
4 23 34 63
6
2 15 36 37 52 61
4
36 47 54 91
5
25 56 57 62 92
9
10 20 23 46 48 54 69 82 91
8
32 53 67 69 74 89 97 98
5
30 38 40 44 79
6
14 40 52 60 83 88
