150 300
1.0 1.0 1.0 1.0 1.0 1.0 1.0 1.0 1.0 1.0 1.0 1.0 1.0 1.0 1.0 1.0 1.0 1.0 1.0 1.0 1.0 1.0 1.0 1.0 1.0 1.0 1.0 1.0 1.0 1.0 1.0 1.0 1.0 1.0 1.0 1.0 1.0 1.0 1.0 1.0 1.0 1.0 1.0 1.0 1.0 1.0 1.0 1.0 1.0 1.0 1.0 1.0 1.0 1.0 1.0 1.0 1.0 1.0 1.0 1.0 1.0 1.0 1.0 1.0 1.0 1.0 1.0 1.0 1.0 1.0 1.0 1.0 1.0 1.0 1.0 1.0 1.0 1.0 1.0 1.0 1.0 1.0 1.0 1.0 1.0 1.0 1.0 1.0 1.0 1.0 1.0 1.0 1.0 1.0 1.0 1.0 1.0 1.0 1.0 1.0 1.0 1.0 1.0 1.0 1.0 1.0 1.0 1.0 1.0 1.0 1.0 1.0 1.0 1.0 1.0 1.0 1.0 1.0 1.0 1.0 1.0 1.0 1.0 1.0 1.0 1.0 1.0 1.0 1.0 1.0 1.0 1.0 1.0 1.0 1.0 1.0 1.0 1.0 1.0 1.0 1.0 1.0 1.0 1.0 1.0 1.0 1.0 1.0 1.0 1.0 1.0 1.0 1.0 1.0 1.0 1.0 1.0 1.0 1.0 1.0 1.0 1.0 1.0 1.0 1.0 1.0 1.0 1.0 1.0 1.0 1.0 1.0 1.0 1.0 1.0 1.0 1.0 1.0 1.0 1.0 1.0 1.0 1.0 1.0 1.0 1.0 1.0 1.0 1.0 1.0 1.0 1.0 1.0 1.0 1.0 1.0 1.0 1.0 1.0 1.0 1.0 1.0 1.0 1.0 1.0 1.0 1.0 1.0 1.0 1.0 1.0 1.0 1.0 1.0 1.0 1.0 1.0 1.0 1.0 1.0 1.0 1.0 1.0 1.0 1.0 1.0 1.0 1.0 1.0 1.0 1.0 1.0 1.0 1.0 1.0 1.0 1.0 1.0 1.0 1.0 1.0 1.0 1.0 1.0 1.0 1.0 1.0 1.0 1.0 1.0 1.0 1.0 1.0 1.0 1.0 1.0 1.0 1.0 1.0 1.0 1.0 1.0 1.0 1.0 1.0 1.0 1.0 1.0 1.0 1.0 1.0 1.0 1.0 1.0 1.0 1.0 1.0 1.0 1.0 1.0 1.0 1.0 1.0 1.0 1.0 1.0 1.0 1.0 1.0 1.0 1.0 1.0 1.0 1.0 1.0 1.0 1.0 1.0 1.0 1.0
25
12 43 50 64 65 101 102 116 123 133 134 138 163 172 173 201 223 232 233 242 258 259 267 284 287
29
14 46 49 50 51 57 71 74 106 112 119 121 165 174 181 183 204 213 214 216 230 232 249 253 255 262 263 266 268
30
13 31 35 39 44 56 90 96 105 112 113 119 128 131 133 138 157 173 185 208 217 221 222 235 241 263 275 282 291 295
32
22 23 26 44 56 62 64 73 80 83 85 97 99 101 108 109 111 127 137 160 174 185 204 231 233 234 239 240 270 271 275 284
33
13 14 47 48 50 52 57 64 94 123 127 131 132 133 138 143 154 156 171 177 199 200 206 216 220 222 226 240 246 249 250 253 265
24
10 44 52 67 70 95 103 107 108 116 117 184 186 192 210 223 226 240 245 256 270 285 293 300
25
14 34 47 52 56 73 81 92 95 127 136 148 154 165 180 194 202 218 235 242 245 260 264 281 298
35
5 9 24 30 74 95 97 103 104 116 139 157 160 164 181 184 187 208 209 212 216 220 222 228 236 245 247 249 259 267 271 275 285 290 294
30
15 35 64 71 76 85 86 91 98 102 103 122 129 148 174 186 188 201 214 219 236 242 243 252 264 272 275 278 279 300
32
8 14 18 34 50 69 76 88 91 105 132 140 145 153 163 176 189 196 197 200 202 219 222 233 251 260 271 276 277 281 282 295
21
28 38 42 43 48 50 54 55 69 95 104 112 127 167 177 190 236 245 275 297 299
30
6 12 15 33 44 67 80 83 95 106 110 111 119 120 125 167 170 174 186 213 215 231 254 255 268 273 281 287 291 297
38
4 5 6 7 16 26 28 41 59 68 80 87 102 103 106 108 116 120 133 138 156 157 175 176 187 197 198 202 209 228 229 237 250 253 270 273 276 292
30
22 24 32 33 39 41 49 67 77 94 95 99 113 120 124 131 138 141 193 205 215 219 252 262 264 268 280 289 295 299
31
3 4 7 49 65 66 68 75 98 108 119 123 138 149 151 158 166 172 201 204 206 218 234 250 255 271 279 280 281 289 292
30
5 10 24 32 42 45 89 95 117 119 138 144 151 155 159 170 174 181 186 191 211 229 231 246 260 261 271 272 279 295
26
4 5 8 17 33 45 57 74 99 114 122 135 152 155 157 159 166 170 179 190 194 196 226 238 248 276
28
10 34 35 39 40 41 46 82 86 102 111 113 115 123 132 141 144 147 160 161 168 169 208 222 232 240 245 264
22
44 53 66 80 87 92 103 107 133 137 140 161 190 202 233 247 256 267 274 291 292 300
34
3 25 34 41 58 60 66 82 83 91 97 99 108 112 116 134 135 140 164 178 180 185 191 217 223 226 227 228 233 242 264 269 283 285
22
21 24 32 44 60 83 85 108 126 173 195 206 208 235 239 240 266 274 280 283 295 298
31
8 11 25 27 28 32 39 42 52 71 101 129 144 147 155 165 172 173 189 203 208 245 247 252 261 275 276 285 289 296 299
27
20 34 44 47 51 64 69 74 78 80 81 100 126 135 136 141 145 153 187 191 202 210 225 240 266 269 295
31
1 5 8 11 25 26 55 61 71 87 115 120 137 154 155 173 177 197 200 209 213 232 239 250 262 263 268 278 290 293 299
39
13 18 27 28 35 37 49 60 68 69 76 91 103 113 120 123 132 135 137 141 144 156 162 190 198 208 216 218 219 220 221 223 224 241 251 253 261 268 294
32
14 22 44 72 80 83 105 114 133 142 148 170 174 176 179 180 184 186 192 205 213 215 223 224 236 243 245 270 275 284 296 297
23
2 3 15 19 27 32 40 83 89 97 108 121 158 160 204 230 233 235 242 246 267 290 296
25
53 54 70 84 87 91 92 102 118 133 140 156 165 169 181 201 208 234 235 238 243 259 266 284 291
27
12 13 27 61 64 75 92 93 95 104 110 116 120 130 139 147 163 168 169 172 193 208 224 226 250 271 272
27
6 28 46 56 62 65 72 102 121 160 178 186 188 198 199 203 208 213 229 235 242 249 254 256 282 288 290
27
3 6 7 12 21 25 35 54 58 71 84 93 95 108 112 119 130 146 158 203 209 222 233 246 256 258 284
33
2 5 34 42 58 72 79 82 97 99 103 107 117 122 125 139 144 148 172 195 208 214 226 233 257 259 265 276 280 284 290 294 296
37
9 12 18 21 30 31 38 43 53 55 62 66 73 81 90 91 98 106 110 121 126 148 151 181 186 205 211 212 220 240 246 253 278 283 291 292 295
34
14 17 28 32 41 43 49 53 58 62 115 118 121 125 127 128 133 134 142 173 189 193 194 199 221 244 261 269 270 285 290 295 296 297
33
3 7 14 23 27 28 31 35 55 57 60 70 73 106 117 119 127 144 151 153 160 165 181 183 189 220 226 234 251 253 271 294 296
33
2 6 14 23 35 39 40 55 61 73 80 100 131 135 146 152 155 165 168 171 175 195 205 214 217 227 244 251 258 259 262 271 296
31
9 10 20 22 23 46 47 69 87 104 108 109 116 119 133 150 153 173 205 208 213 222 226 234 266 271 272 277 283 299 300
29
6 8 10 12 17 24 49 60 72 79 108 121 137 139 143 147 161 179 184 193 203 205 234 235 240 254 287 299 300
21
6 40 56 69 83 85 102 114 118 128 137 142 147 163 168 181 217 230 240 258 259
22
13 24 27 49 57 63 71 80 100 108 120 173 210 239 254 258 260 264 266 269 285 293
33
27 31 32 35 51 61 63 79 82 84 90 105 106 116 125 133 142 146 150 157 168 171 175 176 191 219 227 251 252 254 270 281 289
33
15 17 42 48 51 76 79 104 110 113 114 115 120 138 148 154 168 172 175 180 192 194 202 204 221 224 226 247 255 264 270 274 294
30
4 6 9 20 37 39 40 71 95 103 127 135 140 150 151 158 173 180 182 191 204 214 222 224 233 254 263 267 287 295
33
2 26 30 45 52 62 74 77 78 130 135 146 152 157 168 177 191 206 207 212 219 232 238 239 242 251 252 259 265 276 281 292 298
25
7 38 42 67 83 111 151 157 168 170 185 187 199 202 208 217 219 223 247 248 268 269 282 290 292
24
7 10 13 15 42 56 57 69 150 159 163 167 170 180 184 210 213 227 231 246 256 273 280 284
37
5 16 20 29 33 41 43 64 78 89 96 99 103 104 106 109 119 123 129 139 171 187 194 200 203 204 214 218 228 232 233 253 257 260 261 285 290
26
22 23 26 32 37 43 55 83 91 114 119 124 126 132 138 139 145 180 184 190 193 251 275 287 288 292
28
3 9 38 39 60 62 67 94 104 108 114 124 136 143 157 159 168 184 201 208 234 235 240 263 282 292 293 298
32
16 31 50 62 75 77 101 104 105 108 112 120 122 123 135 142 151 159 161 168 170 174 188 194 207 218 225 230 243 261 263 294
35
4 21 53 57 68 78 81 97 113 121 123 125 129 134 140 146 161 168 170 179 182 203 205 209 218 225 228 238 239 267 269 282 295 297 299
29
2 10 13 18 38 39 58 63 73 75 78 79 107 109 112 122 125 127 136 153 166 177 180 181 226 236 237 252 255
27
25 30 52 65 69 91 92 100 109 111 118 131 133 138 150 151 160 163 192 196 204 228 236 239 249 258 291
35
5 15 23 29 33 44 51 56 57 79 91 99 103 111 114 115 117 121 128 151 153 154 155 159 177 184 226 235 239 243 249 251 269 273 279
29
3 8 12 24 37 41 46 48 51 54 58 74 80 95 108 109 113 114 118 130 148 159 198 224 233 236 241 264 283
30
2 9 38 40 45 54 56 81 82 92 93 110 119 128 130 133 144 158 199 202 223 230 241 243 253 254 256 259 278 286
38
2 3 9 33 34 47 60 72 78 87 91 109 120 133 145 150 152 166 178 182 184 191 199 205 206 207 209 213 221 229 233 245 259 260 269 271 272 284
31
25 35 67 71 74 78 84 99 104 114 118 119 178 180 187 197 200 202 212 216 218 226 236 238 252 264 265 275 284 294 299
31
4 37 43 57 60 64 67 77 105 112 119 123 136 138 148 166 173 189 203 211 219 232 234 249 251 253 263 270 273 280 285
30
2 21 40 54 63 65 72 80 96 103 121 125 131 141 160 164 176 187 192 233 234 236 245 249 257 268 275 279 281 300
29
8 12 13 18 43 83 105 106 112 119 121 154 180 193 194 203 205 211 212 219 225 236 249 252 259 270 272 273 296
32
7 9 18 26 45 46 59 78 98 102 105 131 148 163 164 171 172 173 176 178 187 193 196 200 203 207 221 239 265 278 285 298
19
5 7 35 41 56 68 77 79 95 105 156 160 165 187 188 189 196 236 282
30
11 18 23 25 66 67 79 86 104 105 111 133 135 141 142 143 144 155 159 173 187 195 209 217 221 236 237 257 270 298
36
1 23 25 28 42 48 56 57 65 66 73 80 82 98 99 117 133 145 146 152 155 183 194 197 205 213 228 229 232 234 236 241 251 261 274 283
31
3 10 11 27 31 53 59 64 73 85 95 113 116 120 125 126 133 137 141 156 157 171 193 205 207 210 225 235 250 256 288
37
2 3 20 24 30 36 37 39 45 62 66 68 104 110 119 123 124 137 153 164 170 171 173 183 184 208 234 235 242 252 254 262 265 267 274 286 299
31
1 18 27 30 34 48 56 64 69 77 82 86 100 107 112 113 127 177 180 186 209 214 217 222 234 236 240 248 249 261 294
28
12 15 28 33 34 51 55 67 81 84 88 107 138 155 158 169 174 185 217 221 227 229 266 283 291 293 297 299
24
4 10 21 33 51 55 63 64 73 77 88 108 110 116 123 138 159 179 200 208 251 255 276 280
31
6 29 32 83 91 104 111 112 120 122 142 144 156 169 173 174 199 206 220 221 225 240 242 246 251 261 262 277 285 294 295
35
5 15 16 22 52 54 66 71 76 79 87 89 107 111 113 121 152 182 184 191 195 199 203 204 208 216 231 256 263 273 288 289 290 295 300
35
3 5 9 14 16 25 26 33 42 65 73 83 95 112 120 121 124 137 139 144 162 163 168 176 188 189 201 204 213 236 238 246 271 295 297
31
12 25 28 30 33 46 53 71 72 83 84 93 96 102 103 148 160 173 196 197 199 208 220 221 231 240 249 251 253 276 292
29
4 15 26 37 39 47 63 69 73 74 80 85 95 109 121 136 156 177 188 199 220 223 225 229 232 244 265 288 299
32
12 13 23 33 47 59 69 72 80 81 99 102 105 135 140 157 159 161 187 190 196 199 204 210 221 224 226 243 248 249 254 261
32
13 18 25 33 50 56 75 99 120 130 143 149 151 154 159 170 194 196 214 215 217 218 222 231 239 249 252 256 271 272 278 293
26
40 56 57 84 96 100 113 121 123 125 130 150 153 161 163 169 186 188 192 232 233 252 280 283 295 299
35
6 20 42 63 64 83 91 99 104 114 118 122 132 135 145 150 155 158 167 177 195 197 200 203 208 216 237 238 244 261 264 269 275 276 281
32
18 21 25 30 70 73 75 80 100 101 103 106 116 120 122 127 155 157 162 167 195 212 213 231 235 262 264 269 285 287 288 300
37
12 16 25 43 47 71 80 93 104 118 120 122 141 145 147 148 153 188 192 193 198 200 216 219 220 221 223 241 242 264 266 267 268 274 289 290 292
31
1 8 9 16 23 31 40 42 68 78 81 83 87 98 107 117 128 130 146 172 194 207 208 219 220 226 242 250 252 267 283
26
2 3 9 12 38 46 54 63 70 84 91 95 110 147 165 171 179 203 216 225 227 249 250 254 260 272
27
19 69 70 78 81 87 91 117 120 123 142 144 164 166 180 191 195 200 201 209 221 227 245 270 273 284 293
34
5 8 16 18 29 34 71 88 105 116 117 126 128 139 142 146 155 158 173 182 217 223 226 240 241 243 254 263 269 278 279 287 298 300
32
9 13 20 22 24 28 37 41 65 73 77 84 101 110 112 121 145 152 181 193 209 223 227 228 229 235 240 246 251 272 285 293
28
3 5 6 7 11 16 28 46 61 96 123 133 135 138 144 152 169 170 197 202 213 233 236 239 247 255 280 285
29
7 15 53 56 92 95 99 108 116 125 130 137 153 171 172 177 186 189 193 208 223 231 245 247 262 272 280 293 296
28
12 30 82 84 86 102 113 153 159 175 176 178 179 181 195 197 202 208 216 226 233 244 264 276 283 286 289 290
38
8 12 14 33 35 37 38 49 50 51 66 71 78 81 104 105 106 125 128 129 142 153 155 164 167 182 184 193 223 230 233 235 240 242 252 255 272 289
29
15 30 53 63 76 87 90 96 110 111 123 130 133 134 138 139 145 150 176 206 210 230 235 248 249 252 253 254 283
28
13 52 80 81 87 120 124 155 157 171 175 182 219 220 223 238 241 247 263 265 270 271 273 278 288 293 294 296
32
5 10 31 45 46 50 56 59 74 84 87 88 103 111 166 172 195 197 198 200 203 231 237 239 246 259 263 266 272 278 293 298
27
39 40 72 79 87 94 95 118 133 140 141 144 146 158 170 193 202 208 229 235 236 237 241 247 270 275 292
34
7 17 29 30 32 51 70 73 81 99 106 108 118 125 145 158 161 185 187 190 192 193 203 224 228 230 256 274 275 276 281 288 293 300
36
3 25 46 59 87 98 102 106 108 120 123 128 131 136 139 140 142 143 150 154 156 164 177 179 184 185 189 217 218 235 244 267 271 284 297 298
30
11 32 47 69 70 91 92 94 103 112 120 132 153 160 172 192 198 202 204 214 218 223 227 230 238 239 272 276 280 290
28
11 18 29 34 65 67 69 95 96 97 100 122 129 135 137 141 144 182 190 215 220 235 246 257 258 285 293 294
26
22 25 45 48 54 64 68 75 78 79 84 99 109 113 116 121 156 170 191 211 213 228 266 267 269 281
29
3 10 19 37 49 51 59 77 79 82 124 125 136 144 146 147 163 171 178 189 190 197 215 218 256 259 260 274 278
33
7 11 15 16 20 26 30 35 42 59 61 83 95 140 151 166 173 177 187 191 196 199 201 202 210 218 244 247 261 262 268 271 279
29
11 24 36 48 49 60 61 66 82 89 103 104 115 129 132 147 152 163 170 171 177 182 187 190 192 197 202 232 247
25
20 24 36 52 55 57 66 78 113 115 130 141 145 147 156 167 181 187 190 191 204 220 244 263 296
29
34 47 62 77 120 123 129 147 149 153 163 165 189 195 196 210 228 232 236 239 251 263 275 281 285 287 291 296 300
31
5 24 27 37 39 43 51 67 77 87 112 118 131 149 154 159 164 186 189 203 212 221 239 244 245 264 272 273 280 287 290
27
7 13 16 21 25 26 55 58 72 94 128 129 144 147 153 162 171 199 207 211 230 241 243 261 267 292 295
38
9 13 25 31 37 39 48 56 62 72 74 76 100 103 107 112 115 133 139 153 165 178 184 189 190 196 200 202 226 240 254 256 263 269 280 282 294 300
35
18 20 38 43 52 56 60 64 98 104 105 107 119 120 124 135 141 161 163 172 177 206 213 214 222 223 239 248 255 258 260 274 284 290 299
27
3 4 13 19 40 46 74 117 133 153 154 162 169 174 180 189 198 211 219 235 236 242 263 267 278 281 285
31
8 15 21 22 24 30 45 98 102 108 110 117 121 132 158 168 187 197 209 214 225 239 246 247 262 263 272 275 279 281 295
33
7 9 12 21 29 38 40 44 56 62 65 66 67 69 73 96 101 107 111 114 118 144 190 193 201 214 227 228 230 235 251 254 268
30
7 17 21 22 30 40 49 70 71 86 90 96 99 119 130 132 157 158 184 192 211 215 216 219 233 261 265 270 273 290
27
1 5 7 12 26 32 49 64 70 72 86 88 93 111 148 157 161 192 210 218 231 241 244 248 277 294 300
27
20 26 33 41 46 67 79 84 96 108 109 117 120 127 153 168 170 173 195 204 207 209 220 254 261 288 293
24
16 19 28 37 39 47 58 67 73 84 98 155 160 168 181 184 200 232 240 245 262 263 271 282
23
16 29 55 80 107 134 155 156 159 170 178 189 199 218 226 227 243 250 255 260 274 276 287
30
2 3 6 42 45 49 62 64 68 81 83 88 89 91 114 120 146 148 153 156 165 173 183 194 196 200 201 240 281 298
27
7 10 20 34 40 41 87 89 90 96 105 111 139 150 156 158 160 169 196 204 208 210 241 252 253 283 286
22
31 52 54 83 88 99 106 112 116 139 141 148 171 222 223 224 260 270 271 274 277 283
28
4 10 29 32 36 69 75 110 113 128 142 161 165 175 187 190 200 210 215 220 231 238 240 241 255 259 264 280
29
8 17 18 20 48 53 62 82 84 87 89 102 103 106 108 116 132 139 158 159 162 170 180 193 202 209 253 260 264
34
34 47 57 66 73 85 96 102 108 109 111 133 135 142 143 149 154 167 168 173 177 186 198 201 208 216 228 229 239 247 256 265 284 296
25
4 18 21 35 39 45 52 60 64 88 92 99 190 191 203 208 215 225 233 236 276 280 288 289 293
26
9 17 55 57 65 130 139 145 146 157 162 167 176 181 183 191 213 214 221 254 256 260 266 270 293 295
21
6 7 21 37 39 44 85 99 115 118 123 145 153 157 172 183 192 203 236 258 282
29
11 13 24 27 31 44 48 49 53 55 56 68 72 78 82 91 111 117 157 184 186 207 230 233 238 242 259 265 267
32
21 23 36 53 87 89 94 105 107 113 114 127 134 137 152 166 167 170 185 203 208 218 243 247 258 259 260 273 287 293 294 299
32
9 19 28 37 40 72 83 88 95 117 123 130 144 151 185 192 197 202 217 219 222 236 242 267 270 271 272 274 282 285 298 299
31
1 2 20 23 33 40 50 71 76 90 98 103 112 119 131 141 176 181 187 197 218 221 229 256 262 268 270 285 290 297 300
28
3 11 24 32 33 38 55 68 71 80 81 84 89 99 120 138 160 172 176 180 181 189 210 213 249 259 278 284
36
11 13 24 29 41 57 60 64 65 66 71 74 75 86 87 110 120 128 139 144 153 175 176 183 187 195 222 228 232 236 242 244 245 248 288 296
44
5 6 10 14 17 23 45 65 69 70 80 83 91 97 104 105 109 118 135 137 139 156 157 173 185 186 187 198 209 217 225 230 236 238 240 243 244 255 260 288 289 290 298 299
26
2 28 41 63 66 77 83 106 112 114 145 155 162 173 176 181 222 233 240 264 267 273 275 285 288 295
31
29 36 38 39 51 58 63 84 90 96 122 128 130 145 146 147 180 181 189 197 209 219 228 238 243 252 258 261 263 272 282
19
37 53 59 90 109 118 132 156 160 173 177 179 182 221 231 258 261 271 279
32
11 28 43 44 46 72 78 89 92 95 104 131 135 137 146 164 187 201 205 206 211 212 224 240 242 243 245 252 270 273 280 284
28
3 4 8 15 24 29 30 33 40 65 73 80 87 103 111 179 197 201 212 232 243 248 250 260 267 289 291 298
30
30 37 40 75 93 100 119 129 134 135 153 160 162 183 188 193 207 215 221 228 229 234 236 240 241 242 243 246 266 290
42
6 7 8 36 43 55 65 70 72 80 83 102 103 104 122 127 129 136 141 159 167 174 176 189 191 192 203 211 217 225 228 235 240 243 246 252 263 289 290 291 294 299
31
3 5 6 21 29 31 34 53 80 86 95 110 128 130 131 141 144 150 167 173 188 199 202 204 230 245 273 275 283 285 292
28
18 20 21 25 26 55 60 61 79 82 84 85 87 91 151 152 188 190 203 207 220 221 225 247 276 281 291 293
27
6 14 22 30 49 50 61 75 89 125 127 156 176 207 221 224 241 259 260 267 277 280 283 284 285 290 294
29
23 42 45 53 67 68 90 104 109 110 122 146 148 153 165 168 169 172 174 179 190 193 211 227 228 253 284 290 297
23
2 5 11 32 36 49 74 79 81 93 132 146 147 152 193 217 235 255 259 266 271 274 278
33
17 20 22 27 29 32 34 38 39 54 64 70 92 100 110 117 125 132 137 149 181 186 189 198 209 220 232 245 260 264 267 279 280
28
6 18 29 30 37 42 61 63 80 84 87 95 99 111 126 147 173 177 182 193 204 206 223 246 252 254 262 294
28
2 17 21 44 52 69 79 82 86 88 94 124 137 149 181 188 189 211 216 220 246 252 259 272 273 274 276 278
30
14 24 45 47 55 67 71 75 79 93 111 113 124 127 138 165 186 189 199 208 219 234 237 252 259 261 267 270 273 299
26
1 12 14 21 31 58 60 67 83 88 97 123 137 141 174 186 220 230 251 252 254 267 278 283 284 295
27
16 17 31 35 38 44 55 61 65 66 69 80 88 139 148 151 162 163 179 216 224 230 231 238 244 263 265
