100 200
1.0 1.0 1.0 1.0 1.0 1.0 1.0 1.0 1.0 1.0 1.0 1.0 1.0 1.0 1.0 1.0 1.0 1.0 1.0 1.0 1.0 1.0 1.0 1.0 1.0 1.0 1.0 1.0 1.0 1.0 1.0 1.0 1.0 1.0 1.0 1.0 1.0 1.0 1.0 1.0 1.0 1.0 1.0 1.0 1.0 1.0 1.0 1.0 1.0 1.0 1.0 1.0 1.0 1.0 1.0 1.0 1.0 1.0 1.0 1.0 1.0 1.0 1.0 1.0 1.0 1.0 1.0 1.0 1.0 1.0 1.0 1.0 1.0 1.0 1.0 1.0 1.0 1.0 1.0 1.0 1.0 1.0 1.0 1.0 1.0 1.0 1.0 1.0 1.0 1.0 1.0 1.0 1.0 1.0 1.0 1.0 1.0 1.0 1.0 1.0 1.0 1.0 1.0 1.0 1.0 1.0 1.0 1.0 1.0 1.0 1.0 1.0 1.0 1.0 1.0 1.0 1.0 1.0 1.0 1.0 1.0 1.0 1.0 1.0 1.0 1.0 1.0 1.0 1.0 1.0 1.0 1.0 1.0 1.0 1.0 1.0 1.0 1.0 1.0 1.0 1.0 1.0 1.0 1.0 1.0 1.0 1.0 1.0 1.0 1.0 1.0 1.0 1.0 1.0 1.0 1.0 1.0 1.0 1.0 1.0 1.0 1.0 1.0 1.0 1.0 1.0 1.0 1.0 1.0 1.0 1.0 1.0 1.0 1.0 1.0 1.0 1.0 1.0 1.0 1.0 1.0 1.0 1.0 1.0 1.0 1.0 1.0 1.0 1.0 1.0 1.0 1.0 1.0 1.0 1.0 1.0 1.0 1.0 1.0 1.0
4
125 127 144 180
10
12 13 37 39 106 133 138 157 181 183
6
60 67 116 120 125 171
9
18 49 58 69 100 145 160 179 192
9
9 17 61 82 87 113 134 141 147
19
7 11 27 33 48 49 69 71 74 102 122 125 133 156 167 168 170 171 176
15
38 43 46 53 61 81 110 126 132 153 167 171 188 193 194
7
9 16 31 79 92 149 161
12
5 38 54 55 124 140 142 153 154 162 193 200
7
4 36 43 84 107 148 157
11
5 32 50 64 67 77 95 145 186 193 195
12
7 11 32 40 72 107 112 113 170 179 194 199
5
69 71 92 111 118
8
2 3 31 35 107 116 147 192
9
3 4 18 117 118 121 143 156 170
8
24 55 68 129 142 145 155 173
8
61 78 92 97 113 129 148 149
8
31 108 115 123 136 137 153 169
12
4 7 17 27 62 89 109 114 155 156 169 177
10
18 21 38 104 127 155 161 192 195 199
8
17 19 21 34 39 67 171 184
7
24 60 117 172 173 174 176
11
6 13 16 64 88 105 124 134 145 149 176
9
9 20 44 64 82 103 106 169 192
9
2 17 34 51 62 136 141 151 200
7
25 28 44 49 75 105 196
8
40 49 51 72 137 168 196 198
10
8 10 25 49 53 54 112 122 146 180
13
17 30 40 43 47 72 73 87 118 154 167 175 177
5
4 51 97 113 138
11
37 49 52 60 64 75 105 137 147 155 174
8
34 55 99 127 133 157 174 192
9
26 44 54 64 96 107 109 120 188
10
22 45 63 93 94 102 125 134 169 175
12
7 21 22 39 40 42 54 62 72 96 128 185
8
11 35 76 95 129 131 155 177
15
10 20 25 29 33 41 43 56 59 132 154 160 164 180 186
5
14 77 106 112 185
6
18 31 75 138 152 192
8
2 45 61 68 114 132 153 167
15
15 36 40 73 74 97 101 104 107 118 120 125 131 147 171
10
22 46 60 70 89 101 112 134 136 175
7
34 46 47 72 86 89 183
11
10 21 27 36 45 55 79 117 118 167 178
7
14 29 37 56 82 122 188
8
1 20 75 111 113 114 131 193
8
42 61 108 112 119 130 152 191
13
1 15 17 21 57 78 84 94 112 128 141 187 196
11
2 42 45 72 101 106 120 147 180 182 197
2
51 145
8
34 48 56 96 97 136 154 169
10
5 43 48 111 112 125 142 177 188 198
15
3 7 13 36 59 80 85 105 116 146 150 155 168 169 173
14
1 19 21 26 28 35 41 57 74 92 120 133 153 166
11
3 10 69 75 79 90 108 128 134 140 141
5
11 27 69 139 196
6
11 47 108 124 142 179
11
13 58 65 105 120 123 125 156 164 186 200
11
25 36 54 59 76 112 120 147 153 158 191
13
5 15 26 63 68 108 115 129 134 140 141 174 185
9
17 33 48 50 83 134 139 166 168
12
7 18 20 33 38 44 88 94 97 125 181 200
7
101 116 124 153 164 186 198
10
24 79 104 113 125 178 183 187 188 190
10
7 44 56 63 71 97 121 124 151 195
8
20 46 64 84 137 143 167 183
11
1 14 21 51 82 111 118 120 145 197 198
9
39 58 65 68 99 107 118 177 193
9
75 91 99 136 142 144 155 181 185
8
25 34 87 101 118 123 129 186
11
64 80 92 110 114 129 136 137 159 172 175
8
17 35 44 103 113 115 134 135
11
37 53 72 89 108 117 127 136 139 159 198
10
28 43 50 64 87 98 104 116 157 164
10
8 16 61 63 88 98 102 139 148 187
8
33 72 88 92 132 133 179 182
10
15 18 37 55 88 90 91 127 133 183
13
3 14 32 33 67 68 96 113 120 161 184 196 200
9
12 25 88 96 103 141 157 179 193
10
42 58 71 100 123 131 137 148 155 164
7
52 100 134 144 186 197 199
11
54 60 70 71 73 103 130 141 167 177 187
10
45 64 77 101 148 149 159 179 186 196
8
44 63 71 93 147 165 175 199
11
10 11 21 53 60 61 95 104 176 177 183
11
34 37 59 88 90 131 132 176 178 184 191
12
29 43 45 47 61 72 87 103 143 172 188 200
11
13 57 64 66 88 96 112 129 140 149 150
12
31 39 43 48 72 80 86 88 100 115 128 179
7
24 50 55 70 89 140 149
14
5 36 53 61 85 90 108 125 164 170 172 183 184 186
13
1 9 30 59 77 121 127 138 143 154 175 182 187
11
10 70 100 102 121 133 136 146 159 162 194
12
5 9 54 110 123 124 133 154 156 167 169 195
14
2 8 20 51 53 68 88 110 111 120 123 151 156 168
10
33 75 78 80 107 137 165 166 170 189
7
5 75 94 97 120 142 176
13
8 28 31 46 56 63 72 85 114 133 154 185 195
10
25 47 87 92 117 135 137 148 165 176
6
20 92 103 160 169 185
