50 100
1.0 1.0 1.0 1.0 1.0 1.0 1.0 1.0 1.0 1.0 1.0 1.0 1.0 1.0 1.0 1.0 1.0 1.0 1.0 1.0 1.0 1.0 1.0 1.0 1.0 1.0 1.0 1.0 1.0 1.0 1.0 1.0 1.0 1.0 1.0 1.0 1.0 1.0 1.0 1.0 1.0 1.0 1.0 1.0 1.0 1.0 1.0 1.0 1.0 1.0 1.0 1.0 1.0 1.0 1.0 1.0 1.0 1.0 1.0 1.0 1.0 1.0 1.0 1.0 1.0 1.0 1.0 1.0 1.0 1.0 1.0 1.0 1.0 1.0 1.0 1.0 1.0 1.0 1.0 1.0 1.0 1.0 1.0 1.0 1.0 1.0 1.0 1.0 1.0 1.0 1.0 1.0 1.0 1.0 1.0 1.0 1.0 1.0 1.0 1.0
11
3 8 15 21 31 43 51 58 65 68 79
9
11 20 32 34 42 43 46 66 92
11
9 12 23 25 38 41 49 67 75 89 90
10
2 11 15 28 41 60 64 78 80 84
13
8 16 17 21 23 42 48 55 59 70 87 88 90
9
2 22 24 26 31 33 58 96 98
12
1 6 7 40 42 45 51 59 87 88 96 99
10
3 18 34 35 37 39 58 72 93 97
5
27 57 80 87 96
7
3 23 24 35 75 82 93
11
1 7 32 37 64 68 73 83 89 91 95
9
2 35 42 68 82 85 88 97 100
15
14 16 22 27 56 59 61 64 68 69 73 78 83 87 88
17
3 7 11 17 24 25 28 32 38 45 47 48 52 64 77 83 90
8
10 15 23 37 46 68 75 94
7
9 17 43 55 74 84 89
8
12 16 26 71 79 81 89 95
10
1 7 8 28 43 51 59 64 86 98
10
20 47 59 64 75 76 81 85 87 88
11
13 14 26 30 59 63 79 80 84 86 87
10
3 11 23 24 26 40 44 79 81 97
10
4 8 27 38 59 65 70 76 82 96
8
17 32 45 53 67 70 94 99
10
4 5 14 15 31 43 62 72 77 80
8
15 27 37 63 67 69 84 92
14
4 5 7 36 52 54 61 71 73 85 87 93 94 98
9
9 16 22 23 29 42 43 69 86
9
2 19 39 50 52 66 79 85 90
9
14 17 34 36 37 51 63 74 94
10
12 16 21 35 58 65 70 72 93 99
8
13 23 30 35 48 72 76 90
7
21 25 29 34 47 64 75
8
14 18 19 64 69 78 80 96
6
4 21 33 38 81 84
10
18 28 30 36 52 60 64 78 86 96
15
20 23 27 32 34 47 48 56 63 67 70 82 84 88 91
15
1 11 19 25 40 41 43 48 60 61 76 79 82 84 97
7
21 40 45 51 75 77 78
11
11 38 44 55 56 59 62 65 66 80 85
11
30 35 56 57 59 65 68 70 88 93 100
8
13 23 58 75 77 81 82 93
11
2 12 30 38 39 66 71 76 82 84 100
18
10 20 32 35 37 44 45 51 52 54 56 59 68 76 78 85 89 95
12
2 9 25 29 32 33 34 35 40 46 76 100
9
18 30 32 59 60 61 82 88 97
10
8 10 35 44 53 59 65 71 78 99
11
15 19 25 26 43 74 87 88 95 99 100
13
3 6 19 25 28 31 35 54 67 88 89 93 95
12
7 15 30 36 39 42 44 50 66 77 92 98
11
26 36 58 65 73 74 87 88 89 91 97
