150 300
1.0 1.0 1.0 1.0 1.0 1.0 1.0 1.0 1.0 1.0 1.0 1.0 1.0 1.0 1.0 1.0 1.0 1.0 1.0 1.0 1.0 1.0 1.0 1.0 1.0 1.0 1.0 1.0 1.0 1.0 1.0 1.0 1.0 1.0 1.0 1.0 1.0 1.0 1.0 1.0 1.0 1.0 1.0 1.0 1.0 1.0 1.0 1.0 1.0 1.0 1.0 1.0 1.0 1.0 1.0 1.0 1.0 1.0 1.0 1.0 1.0 1.0 1.0 1.0 1.0 1.0 1.0 1.0 1.0 1.0 1.0 1.0 1.0 1.0 1.0 1.0 1.0 1.0 1.0 1.0 1.0 1.0 1.0 1.0 1.0 1.0 1.0 1.0 1.0 1.0 1.0 1.0 1.0 1.0 1.0 1.0 1.0 1.0 1.0 1.0 1.0 1.0 1.0 1.0 1.0 1.0 1.0 1.0 1.0 1.0 1.0 1.0 1.0 1.0 1.0 1.0 1.0 1.0 1.0 1.0 1.0 1.0 1.0 1.0 1.0 1.0 1.0 1.0 1.0 1.0 1.0 1.0 1.0 1.0 1.0 1.0 1.0 1.0 1.0 1.0 1.0 1.0 1.0 1.0 1.0 1.0 1.0 1.0 1.0 1.0 1.0 1.0 1.0 1.0 1.0 1.0 1.0 1.0 1.0 1.0 1.0 1.0 1.0 1.0 1.0 1.0 1.0 1.0 1.0 1.0 1.0 1.0 1.0 1.0 1.0 1.0 1.0 1.0 1.0 1.0 1.0 1.0 1.0 1.0 1.0 1.0 1.0 1.0 1.0 1.0 1.0 1.0 1.0 1.0 1.0 1.0 1.0 1.0 1.0 1.0 1.0 1.0 1.0 1.0 1.0 1.0 1.0 1.0 1.0 1.0 1.0 1.0 1.0 1.0 1.0 1.0 1.0 1.0 1.0 1.0 1.0 1.0 1.0 1.0 1.0 1.0 1.0 1.0 1.0 1.0 1.0 1.0 1.0 1.0 1.0 1.0 1.0 1.0 1.0 1.0 1.0 1.0 1.0 1.0 1.0 1.0 1.0 1.0 1.0 1.0 1.0 1.0 1.0 1.0 1.0 1.0 1.0 1.0 1.0 1.0 1.0 1.0 1.0 1.0 1.0 1.0 1.0 1.0 1.0 1.0 1.0 1.0 1.0 1.0 1.0 1.0 1.0 1.0 1.0 1.0 1.0 1.0 1.0 1.0 1.0 1.0 1.0 1.0 1.0 1.0 1.0 1.0 1.0 1.0 1.0 1.0 1.0 1.0 1.0 1.0
24
25 43 46 47 66 74 76 85 89 97 100 108 168 176 194 196 219 224 240 244 260 272 287 291
23
37 44 45 58 69 76 84 87 109 111 119 122 130 132 151 162 171 190 214 228 234 284 296
34
1 8 10 12 24 33 34 56 57 66 74 78 88 99 102 110 112 125 128 130 141 142 161 164 196 215 246 255 259 265 266 273 275 285
23
17 24 37 49 68 81 96 117 122 123 128 136 146 159 172 195 217 252 257 270 276 289 299
40
7 8 13 19 27 39 51 63 66 77 84 86 91 106 107 115 116 122 131 132 133 159 168 180 184 190 191 222 223 224 225 227 235 238 257 265 273 294 297 300
35
5 22 24 32 43 45 54 70 90 107 125 127 130 131 132 133 144 153 155 171 174 178 182 186 189 201 203 204 215 232 250 258 270 292 297
39
20 21 22 27 28 35 50 53 61 63 99 100 130 134 138 153 155 176 182 184 189 196 200 208 220 223 226 227 232 242 253 259 265 266 269 271 276 281 293
32
2 5 18 23 31 32 51 57 59 65 69 76 99 116 121 123 130 145 152 155 180 184 220 225 229 245 251 258 264 285 298 299
33
1 4 14 30 36 39 40 45 46 47 58 61 68 82 87 94 102 104 117 125 132 149 157 178 200 238 239 248 266 271 273 277 288
23
8 19 37 68 76 100 108 117 122 127 140 164 167 178 179 193 195 213 225 227 230 254 274
38
8 10 14 24 26 28 32 39 65 71 84 89 104 124 146 158 166 167 168 176 183 186 192 204 215 228 232 233 240 251 253 255 256 260 262 264 278 292
34
2 5 18 19 45 47 49 51 54 61 65 72 78 88 94 106 110 111 121 133 135 171 173 175 177 208 211 227 234 235 241 243 244 287
27
8 21 23 24 32 53 54 62 63 66 69 74 98 101 118 125 143 173 186 190 199 222 232 233 255 274 294
28
9 16 25 31 77 91 94 97 113 138 149 153 164 169 180 192 193 207 223 228 229 232 235 239 244 271 279 293
29
11 41 44 54 60 69 87 111 129 148 151 167 170 176 178 212 215 223 238 240 242 245 250 252 256 275 276 291 300
30
7 33 36 49 50 89 104 106 109 112 116 119 124 135 154 156 157 193 206 207 212 222 231 232 235 240 260 267 287 299
29
26 40 42 47 48 49 62 65 73 95 96 102 126 139 149 168 174 183 184 185 208 231 233 240 257 273 279 280 295
30
15 33 37 45 50 66 73 82 89 125 136 146 151 159 165 173 178 193 194 195 201 210 217 227 231 267 275 278 298 299
37
25 26 30 31 33 36 53 55 65 66 84 88 92 114 115 121 127 134 152 155 161 166 177 185 187 195 198 199 200 214 220 238 246 247 250 254 286
27
8 24 28 33 51 72 73 89 94 102 104 116 127 141 154 163 165 168 191 196 198 218 223 228 240 245 271
34
3 15 22 30 44 49 52 61 68 74 79 94 103 111 114 121 127 139 141 160 167 176 193 200 201 238 240 242 244 260 267 268 283 297
40
3 13 36 42 44 66 88 89 96 105 113 115 121 147 152 162 165 167 174 199 202 204 211 212 214 217 225 228 245 249 252 253 263 268 272 273 276 281 283 284
22
9 20 29 43 64 70 73 95 102 117 124 144 162 170 230 243 245 252 277 280 281 295
25
12 23 41 46 53 72 114 132 141 147 149 153 190 191 195 200 204 213 214 238 239 243 252 272 288
25
13 14 23 33 37 69 81 91 105 115 127 131 149 156 183 202 206 212 232 240 249 251 256 282 289
32
8 12 24 27 48 66 75 87 90 93 99 101 113 120 153 157 159 168 170 174 186 187 190 199 200 221 229 247 260 264 288 292
35
2 4 8 19 21 22 40 51 68 69 71 73 75 79 90 91 101 136 138 142 163 165 170 182 188 204 223 247 263 268 270 282 285 292 293
33
1 3 6 16 27 28 29 45 46 51 56 64 65 70 75 88 99 105 119 124 139 148 152 154 192 198 205 209 211 230 274 277 292
23
3 4 5 33 38 64 67 88 103 104 105 110 144 155 166 173 230 243 250 262 274 282 295
30
1 2 8 17 26 72 75 90 102 124 131 137 140 150 157 173 180 182 193 204 213 217 218 219 233 235 245 253 267 297
30
23 25 27 30 33 37 39 74 79 81 84 100 115 124 136 150 155 160 164 182 199 201 221 222 244 262 264 266 270 275
34
4 16 23 30 50 63 84 104 115 129 133 145 153 161 162 164 165 173 180 181 183 204 205 210 212 217 226 240 241 255 268 282 288 289
34
15 20 33 40 49 51 53 57 62 68 80 82 89 100 120 142 151 167 172 181 183 186 199 200 208 214 229 237 248 260 264 274 279 292
28
1 7 16 28 41 42 60 61 63 66 73 79 81 82 91 128 138 147 159 226 227 229 231 235 244 249 281 292
28
21 29 35 62 71 76 85 93 97 115 170 172 186 191 193 196 203 204 206 217 229 232 234 245 246 254 285 287
29
5 18 29 40 55 58 61 70 87 96 114 117 123 139 154 166 174 186 191 194 198 215 218 234 257 288 293 296 297
31
5 12 20 30 31 39 57 58 60 75 104 108 110 133 135 137 152 160 166 168 178 191 196 221 225 232 251 254 257 260 275
32
4 13 20 32 56 57 79 82 86 91 97 99 106 108 109 115 116 144 154 197 199 209 216 220 232 237 241 243 246 278 280 283
33
2 7 12 17 20 61 65 68 71 75 101 105 109 112 153 161 162 173 193 194 201 205 248 252 264 271 274 275 280 282 296 297 298
29
12 13 19 20 38 67 98 105 112 114 149 151 174 186 196 199 200 204 210 220 222 229 249 250 256 269 272 275 291
26
17 31 35 46 56 71 73 79 103 105 108 113 119 125 153 178 193 209 215 226 227 233 237 267 271 295
27
6 7 16 30 32 35 36 51 63 88 100 115 118 126 137 139 141 146 158 179 183 189 197 215 230 274 280
28
5 6 19 28 29 33 47 56 83 95 99 108 117 143 151 154 155 157 179 203 204 205 206 211 214 246 266 282
29
4 5 8 40 58 67 73 79 83 89 111 117 162 168 169 170 173 175 190 191 197 205 212 215 236 238 261 289 291
35
8 35 36 38 75 76 79 82 93 97 103 108 122 128 133 148 162 171 179 180 190 196 207 213 223 236 237 240 245 254 263 267 273 276 292
26
5 11 32 40 47 50 64 103 105 109 119 137 147 174 179 184 205 212 227 229 241 245 253 275 286 296
34
12 14 24 31 35 37 40 56 63 72 81 87 88 91 94 107 108 150 160 162 173 191 200 202 211 227 228 235 255 257 270 279 287 300
35
3 8 9 19 22 31 41 48 75 78 100 114 123 130 131 139 150 153 154 177 186 188 189 193 208 219 221 223 228 251 256 259 286 293 296
28
1 30 32 33 48 49 64 100 102 108 112 126 128 155 162 181 187 206 213 216 217 222 228 271 274 292 297 300
32
9 13 24 26 32 38 49 57 75 76 78 83 87 91 94 97 104 114 123 132 163 169 179 229 238 242 246 253 261 262 280 298
37
4 28 36 38 60 63 76 101 122 135 147 155 159 162 169 191 194 196 203 207 218 229 231 245 246 253 254 262 263 268 269 270 277 281 291 294 298
31
15 38 39 42 50 56 62 70 71 76 81 84 115 146 150 166 183 188 191 195 197 199 233 236 247 256 258 260 263 267 271
28
1 8 20 31 42 58 60 74 78 84 92 103 120 129 132 138 152 182 222 223 227 231 241 264 268 276 289 297
22
51 80 82 89 103 122 132 136 146 148 156 159 168 184 190 191 197 205 244 275 292 294
31
12 46 54 59 60 62 76 88 111 118 121 131 133 137 154 155 172 179 188 210 211 214 216 220 227 232 243 252 260 268 300
23
25 40 62 64 77 102 103 137 163 180 193 195 199 218 219 229 245 252 271 279 282 286 294
20
52 72 74 97 101 115 121 124 125 139 142 183 191 196 200 235 253 260 294 299
33
12 25 28 36 37 40 44 57 66 72 76 109 111 114 120 144 153 164 172 177 181 182 226 234 237 240 250 259 264 268 276 277 290
26
2 5 11 30 31 40 41 73 80 89 93 95 97 127 148 158 194 202 207 223 228 230 240 270 278 287
35
7 19 20 31 38 42 52 62 80 81 82 90 99 110 114 124 132 138 142 145 147 152 154 160 168 172 179 193 217 231 242 253 260 266 295
31
4 8 11 50 71 72 74 79 103 110 114 117 121 159 163 174 181 184 188 196 205 207 211 231 236 252 260 265 271 286 297
29
13 36 50 53 58 62 64 67 69 95 96 111 127 147 168 172 186 189 198 210 221 240 244 245 272 273 274 280 291
26
2 4 12 18 41 44 56 61 71 91 98 100 120 132 153 156 160 162 163 167 182 186 201 232 235 256
29
11 18 19 30 33 61 70 71 73 84 85 88 103 116 118 130 149 153 156 176 197 198 218 220 242 252 253 273 278
30
6 15 21 26 34 42 54 79 86 90 93 106 130 131 135 183 194 203 210 213 215 232 250 255 257 269 271 276 278 287
30
4 59 70 80 81 94 107 123 137 153 154 155 165 168 169 173 175 177 211 223 236 239 257 261 265 268 274 284 297 298
35
2 5 6 8 9 18 21 51 63 72 77 81 94 109 111 129 130 141 143 150 170 181 191 200 201 214 215 228 232 255 261 278 291 296 298
28
20 32 42 72 73 75 83 90 96 99 100 143 153 166 170 186 203 218 221 226 230 242 246 249 251 266 275 296
25
16 19 28 37 41 53 64 70 73 76 128 137 156 159 178 186 199 209 212 225 226 236 258 269 270
30
22 38 55 58 68 74 82 83 98 99 104 122 137 138 140 159 170 172 173 195 197 218 220 222 234 235 239 281 287 291
35
4 33 42 62 66 78 81 82 86 99 142 156 161 162 165 178 184 211 215 218 228 240 243 246 247 251 252 262 268 273 276 283 285 298 300
30
2 3 5 8 18 21 28 32 33 52 60 68 86 87 97 119 128 137 144 152 154 165 167 187 207 209 217 232 234 279
27
14 18 50 98 106 117 125 149 154 159 166 170 178 192 230 231 233 240 245 249 265 269 270 277 289 291 293
40
4 15 42 53 60 65 80 81 83 97 98 111 129 132 134 135 144 145 165 170 173 177 178 186 189 195 201 221 237 244 259 264 271 275 277 280 290 291 294 298
34
53 55 61 63 70 76 78 83 84 96 104 123 131 145 146 147 166 180 182 184 189 203 206 219 229 234 241 242 243 257 265 270 273 296
34
9 28 38 40 41 50 73 86 116 117 126 147 149 159 168 179 194 197 201 203 212 228 229 247 251 253 259 260 273 286 288 292 293 299
32
1 17 19 29 37 49 50 56 80 85 87 88 104 121 123 135 136 138 150 171 190 197 219 220 223 238 245 250 253 285 286 298
31
22 48 59 60 79 82 99 101 117 130 132 154 171 183 186 192 210 213 214 217 223 226 233 262 267 272 274 278 287 288 295
29
5 11 16 21 26 46 50 59 70 77 88 105 112 118 167 170 178 203 211 216 217 244 245 249 281 282 286 287 295
32
1 8 9 12 63 85 105 108 113 133 138 139 148 153 155 170 179 182 188 193 197 203 213 215 224 226 241 244 265 269 277 293
30
1 27 33 38 42 46 51 80 98 113 115 116 129 134 137 145 160 161 168 174 180 192 194 211 242 246 253 270 285 289
42
39 51 56 59 67 77 85 88 94 100 104 107 115 119 121 132 144 151 153 154 159 162 171 178 186 194 195 205 207 208 211 212 228 249 250 259 262 265 266 282 287 291
36
5 7 18 24 30 33 41 44 45 49 53 72 94 114 120 142 144 153 154 159 164 177 179 183 185 199 210 218 241 256 267 273 280 281 292 300
28
3 4 12 24 27 34 36 42 50 53 60 71 97 107 145 148 149 155 159 181 189 195 205 213 228 278 279 282
26
11 25 43 50 55 57 60 61 65 99 112 116 123 149 156 171 176 180 182 209 235 239 249 260 264 283
25
18 29 36 65 73 82 85 90 114 118 119 120 127 128 145 160 161 164 184 189 206 217 247 294 295
34
11 16 20 21 22 40 69 71 83 92 94 95 97 109 120 124 132 145 149 165 169 190 194 215 221 232 257 259 262 265 276 282 287 298
25
25 36 52 69 81 109 128 141 147 158 160 162 174 181 186 208 212 228 232 239 244 266 281 290 297
30
4 17 21 28 29 36 55 58 72 88 102 104 109 141 158 166 192 201 202 217 218 220 225 232 250 258 259 270 283 284
28
23 27 72 81 97 108 111 126 128 137 146 150 154 156 159 165 189 192 200 215 228 245 249 252 261 267 269 297
26
11 16 19 31 37 39 57 59 107 114 129 137 147 153 155 156 167 171 182 183 185 212 219 247 286 293
27
2 7 9 10 60 68 70 83 84 103 108 116 125 151 160 168 170 180 188 201 219 237 240 246 259 278 279
26
10 23 53 54 90 106 123 125 157 160 165 167 181 184 192 200 210 236 237 250 261 278 282 285 286 292
23
12 14 20 21 47 54 58 67 73 74 106 141 143 169 200 201 209 221 242 249 253 259 274
26
1 9 41 56 57 59 71 98 99 116 133 136 162 164 170 175 179 180 189 205 217 220 243 274 288 292
32
14 28 29 47 55 63 64 82 88 97 102 105 117 118 119 120 151 182 183 184 187 191 198 207 236 248 250 256 269 273 277 295
20
3 19 43 44 69 78 91 97 108 120 132 161 165 233 243 247 273 275 282 297
26
5 12 15 23 29 40 42 48 51 62 67 86 97 122 136 158 185 192 212 214 231 253 258 270 290 294
40
6 7 8 15 22 24 30 32 55 56 57 72 84 95 113 115 131 149 152 154 162 173 175 184 191 192 193 198 201 208 209 237 239 244 249 260 267 268 291 299
19
4 10 25 36 43 51 70 97 125 146 153 158 182 236 249 269 276 278 285
27
13 33 34 39 59 68 76 79 85 111 125 143 149 160 172 174 175 181 200 204 242 244 248 249 264 274 289
24
15 22 87 91 96 123 132 138 145 150 157 163 176 183 186 188 191 213 247 256 274 277 280 282
34
2 4 10 45 50 62 77 84 87 92 101 111 119 126 133 143 145 147 167 171 177 179 185 187 201 210 225 227 228 236 238 268 274 281
29
9 21 24 51 56 63 75 88 90 94 95 99 138 157 158 162 173 188 200 229 233 234 236 239 250 274 275 282 287
33
8 12 16 48 49 57 63 64 69 70 78 81 97 98 113 135 146 149 154 174 196 197 205 232 236 254 266 271 277 279 288 291 292
29
14 30 36 47 53 54 61 67 69 89 91 111 112 116 138 140 141 149 157 171 196 216 232 236 245 249 263 293 295
32
3 10 11 12 26 29 41 49 51 56 60 74 76 86 100 102 103 135 160 161 192 199 200 202 203 214 215 243 248 276 282 286
47
22 27 36 37 44 46 48 57 68 71 75 76 78 82 84 86 90 102 111 135 140 142 153 155 158 163 166 178 183 189 202 207 208 213 216 219 232 243 245 253 269 272 278 285 287 288 292
29
14 16 23 24 53 74 93 101 126 128 142 153 154 157 176 189 191 196 198 205 206 222 232 235 242 260 261 281 295
32
1 15 17 22 26 39 58 60 68 73 90 103 120 127 133 135 140 143 145 147 150 155 169 173 194 245 264 267 272 273 274 291
38
1 21 25 27 61 64 66 68 72 81 93 100 105 114 116 121 140 141 159 174 175 177 181 189 197 202 223 226 228 231 234 248 251 253 257 258 295 297
31
1 8 27 44 53 61 75 77 80 87 88 115 130 144 149 154 158 159 161 172 173 178 190 191 211 232 236 245 267 273 292
36
8 11 20 25 26 27 31 45 64 66 75 87 102 108 116 120 141 153 173 183 184 188 199 202 203 205 208 213 215 252 258 261 279 282 287 294
32
4 5 22 29 35 38 41 58 61 67 77 79 82 87 92 108 110 124 134 142 145 157 165 208 230 244 253 256 260 273 290 300
25
14 17 22 36 41 46 60 64 66 73 74 107 121 130 143 163 169 185 192 204 210 228 277 284 294
20
7 30 48 62 109 117 150 157 170 201 215 219 229 234 251 257 260 266 275 284
33
2 13 23 32 34 46 52 54 58 70 82 90 92 101 112 116 124 130 133 136 175 195 198 229 230 231 236 237 242 249 252 275 288
29
11 14 17 32 44 49 52 53 68 78 93 96 100 106 114 118 120 125 165 166 204 227 238 241 243 252 262 281 297
20
8 11 24 44 47 54 55 59 101 105 109 131 157 192 193 203 208 214 248 289
33
29 32 43 48 55 62 64 72 73 90 106 108 120 135 150 176 186 209 210 211 215 223 224 226 230 233 243 253 256 274 281 285 290
30
10 11 12 25 29 35 39 61 74 79 91 92 112 137 148 157 161 168 172 191 205 210 215 224 245 249 253 279 287 288
32
2 32 33 36 58 75 88 96 116 120 124 125 130 143 159 163 167 168 184 187 193 194 197 205 207 218 225 245 254 272 279 287
22
38 40 42 85 105 120 139 140 148 158 164 166 201 203 216 236 250 255 258 263 271 288
41
3 4 16 25 28 35 56 58 59 65 78 99 111 129 130 139 146 151 161 164 167 174 176 179 219 224 229 230 231 234 239 245 265 273 274 275 276 284 286 292 293
24
14 39 55 66 70 80 95 100 101 103 106 108 147 173 179 189 203 212 242 251 259 270 278 291
36
3 4 21 29 34 40 50 56 65 70 73 89 111 117 121 122 128 139 142 160 163 167 190 210 223 224 228 229 230 253 258 262 286 287 299 300
31
2 12 16 21 22 23 33 40 54 82 122 124 125 139 156 160 170 174 190 195 204 219 224 227 254 256 260 271 285 290 291
33
17 23 51 57 69 78 83 88 103 115 123 126 131 135 158 160 163 175 186 216 223 232 235 250 262 273 277 279 283 284 287 292 298
38
6 23 31 35 37 43 48 50 54 91 93 96 100 102 118 120 121 123 127 129 136 143 157 158 166 167 169 178 198 209 222 244 246 252 273 276 279 285
36
8 10 11 12 22 29 36 42 45 47 50 83 88 92 107 110 122 128 130 135 139 143 146 148 156 157 159 161 170 184 214 218 223 234 236 240
20
10 21 87 91 113 139 147 148 169 202 208 209 210 254 262 278 279 283 286 297
33
8 16 24 34 42 52 62 64 66 74 75 85 92 113 118 142 143 151 153 158 159 163 187 195 202 205 221 223 234 290 291 293 297
36
19 23 28 33 51 54 55 61 73 81 85 86 115 116 119 156 171 182 189 210 222 226 228 245 246 247 248 250 252 256 259 262 281 288 290 292
33
5 6 32 39 44 50 80 84 90 95 101 103 106 122 125 160 182 184 186 192 199 202 213 216 217 225 232 234 248 255 269 276 279
30
17 24 33 38 56 58 64 72 79 94 104 112 129 147 150 157 160 166 167 172 176 204 235 250 270 276 279 285 292 297
29
9 11 40 47 70 79 83 87 88 93 95 99 112 117 118 136 166 177 182 194 198 211 232 234 247 262 264 270 288
21
5 35 51 67 94 117 127 143 169 173 179 181 195 200 227 240 257 267 277 281 300
33
3 8 13 14 23 26 53 64 86 109 111 119 124 126 127 129 132 146 173 176 188 190 194 200 214 217 218 222 238 239 249 251 279
35
9 13 27 28 40 51 53 87 97 109 111 142 151 177 183 186 187 192 199 202 203 204 205 209 212 220 225 227 237 249 264 267 283 288 292
31
4 11 18 30 34 55 73 75 85 88 118 127 132 150 152 156 166 173 174 179 187 215 216 218 250 252 272 275 278 280 290
28
10 17 40 43 57 85 133 143 146 148 152 159 169 179 183 188 203 204 208 238 245 249 250 254 280 285 294 295
32
1 12 24 36 42 54 62 79 90 93 100 101 110 115 124 148 150 172 185 186 194 201 222 229 230 231 240 241 242 245 274 295
37
6 8 15 26 47 49 54 59 71 75 77 83 96 100 106 111 115 136 138 141 143 163 177 179 192 203 207 219 229 238 242 249 259 260 271 280 281
26
9 17 22 31 41 43 52 54 78 82 84 92 106 107 122 123 128 139 141 187 203 220 235 260 278 280
33
1 2 13 17 18 22 24 25 33 41 52 62 65 85 86 98 109 123 126 127 132 135 142 149 156 157 165 192 201 216 235 247 300
25
13 15 23 30 52 55 58 60 62 64 83 89 119 122 130 182 204 209 228 230 239 274 281 297 299
26
13 14 32 35 41 51 60 66 75 83 96 161 167 171 185 199 208 209 213 234 240 263 267 283 298 300
38
8 17 18 22 43 46 50 52 53 57 67 70 71 74 82 88 89 91 104 105 117 127 145 146 163 183 199 205 210 211 212 216 219 222 270 285 290 297
35
1 4 5 17 20 23 24 30 32 38 49 61 67 71 86 89 119 127 143 156 163 171 178 196 222 227 231 233 243 250 252 269 275 294 298
26
11 20 21 25 35 38 39 70 71 81 97 98 104 106 108 137 185 193 197 203 221 223 247 249 266 277
