50 100
1.0 1.0 1.0 1.0 1.0 1.0 1.0 1.0 1.0 1.0 1.0 1.0 1.0 1.0 1.0 1.0 1.0 1.0 1.0 1.0 1.0 1.0 1.0 1.0 1.0 1.0 1.0 1.0 1.0 1.0 1.0 1.0 1.0 1.0 1.0 1.0 1.0 1.0 1.0 1.0 1.0 1.0 1.0 1.0 1.0 1.0 1.0 1.0 1.0 1.0 1.0 1.0 1.0 1.0 1.0 1.0 1.0 1.0 1.0 1.0 1.0 1.0 1.0 1.0 1.0 1.0 1.0 1.0 1.0 1.0 1.0 1.0 1.0 1.0 1.0 1.0 1.0 1.0 1.0 1.0 1.0 1.0 1.0 1.0 1.0 1.0 1.0 1.0 1.0 1.0 1.0 1.0 1.0 1.0 1.0 1.0 1.0 1.0 1.0 1.0
4
8 14 47 80
6
15 18 20 37 40 69
4
17 40 72 77
8
4 28 31 42 46 73 77 95
6
3 19 32 37 86 96
6
12 47 54 78 80 92
10
4 5 13 21 31 49 61 62 73 83
5
21 27 35 51 82
3
6 26 94
3
8 57 60
6
13 19 27 30 46 93
3
29 53 92
5
36 54 56 58 69
11
11 27 33 54 64 65 67 80 83 86 99
3
72 83 94
6
24 56 66 67 93 98
3
11 27 49
4
8 19 22 37
8
50 53 64 69 70 82 87 91
5
4 28 34 62 86
2
25 50
5
23 47 59 68 98
6
23 38 60 61 64 69
3
34 84 97
9
3 15 31 32 48 53 69 72 87
6
4 8 65 67 77 82
5
15 32 55 77 91
8
2 40 41 50 74 75 76 95
8
2 26 32 42 54 64 82 89
4
1 15 67 75
2
67 79
5
20 38 61 62 68
6
15 36 42 46 67 96
4
29 57 80 94
8
8 27 38 43 46 56 73 87
5
2 8 82 84 89
4
1 49 61 65
3
44 57 83
7
47 52 62 63 77 96 99
7
1 37 48 81 87 98 100
6
20 37 53 65 70 91
5
72 82 83 89 90
3
4 24 30
3
10 40 59
8
8 10 19 38 72 86 89 94
8
53 61 70 74 75 91 93 98
1
36
4
13 32 53 84
3
9 40 88
4
46 48 81 92
