100 200
1.0 1.0 1.0 1.0 1.0 1.0 1.0 1.0 1.0 1.0 1.0 1.0 1.0 1.0 1.0 1.0 1.0 1.0 1.0 1.0 1.0 1.0 1.0 1.0 1.0 1.0 1.0 1.0 1.0 1.0 1.0 1.0 1.0 1.0 1.0 1.0 1.0 1.0 1.0 1.0 1.0 1.0 1.0 1.0 1.0 1.0 1.0 1.0 1.0 1.0 1.0 1.0 1.0 1.0 1.0 1.0 1.0 1.0 1.0 1.0 1.0 1.0 1.0 1.0 1.0 1.0 1.0 1.0 1.0 1.0 1.0 1.0 1.0 1.0 1.0 1.0 1.0 1.0 1.0 1.0 1.0 1.0 1.0 1.0 1.0 1.0 1.0 1.0 1.0 1.0 1.0 1.0 1.0 1.0 1.0 1.0 1.0 1.0 1.0 1.0 1.0 1.0 1.0 1.0 1.0 1.0 1.0 1.0 1.0 1.0 1.0 1.0 1.0 1.0 1.0 1.0 1.0 1.0 1.0 1.0 1.0 1.0 1.0 1.0 1.0 1.0 1.0 1.0 1.0 1.0 1.0 1.0 1.0 1.0 1.0 1.0 1.0 1.0 1.0 1.0 1.0 1.0 1.0 1.0 1.0 1.0 1.0 1.0 1.0 1.0 1.0 1.0 1.0 1.0 1.0 1.0 1.0 1.0 1.0 1.0 1.0 1.0 1.0 1.0 1.0 1.0 1.0 1.0 1.0 1.0 1.0 1.0 1.0 1.0 1.0 1.0 1.0 1.0 1.0 1.0 1.0 1.0 1.0 1.0 1.0 1.0 1.0 1.0 1.0 1.0 1.0 1.0 1.0 1.0 1.0 1.0 1.0 1.0 1.0 1.0
41
16 27 30 31 34 37 45 48 67 69 71 73 74 77 78 87 88 91 95 105 107 117 123 126 127 132 136 137 141 151 152 155 167 174 175 177 180 193 194 198 199
41
3 15 19 25 29 30 36 42 46 50 58 62 72 73 89 93 95 99 100 102 114 118 119 120 121 125 126 139 152 153 154 157 165 167 169 172 178 180 187 189 196
47
3 4 7 11 12 18 22 24 27 29 30 42 43 50 53 55 67 70 71 72 73 77 81 83 88 90 96 97 99 104 115 116 121 126 135 137 140 141 148 154 156 157 159 169 170 185 199
43
2 4 9 14 17 23 32 39 40 43 58 63 64 66 67 73 77 82 88 92 93 94 95 99 103 104 105 107 110 117 119 126 127 129 146 158 161 176 180 186 187 195 199
36
4 7 10 12 15 22 27 33 43 46 53 59 60 67 73 76 82 92 95 97 98 114 115 118 120 123 133 136 139 143 152 165 184 195 196 200
37
12 13 14 21 26 32 41 42 49 53 54 56 70 81 86 88 89 97 113 118 119 120 121 136 137 150 156 157 168 171 174 179 183 184 186 190 196
42
10 11 23 24 25 41 44 46 47 48 49 51 54 58 63 65 71 72 76 79 84 85 95 107 108 110 113 115 118 124 125 129 137 138 139 155 171 177 180 183 187 190
29
3 7 9 13 47 50 59 66 69 84 94 99 101 105 117 130 136 140 145 152 159 162 164 170 171 176 178 190 198
45
2 10 15 16 22 31 46 53 54 55 64 65 78 87 95 96 108 111 116 118 123 125 126 131 134 138 142 146 156 158 161 162 166 168 169 173 175 177 180 183 185 191 192 194 196
35
2 7 8 16 33 34 38 44 62 72 79 83 86 93 103 111 118 119 120 121 123 131 132 138 143 144 145 151 156 160 162 172 175 184 196
55
2 6 10 18 19 20 21 22 24 25 28 37 43 45 48 55 60 67 73 75 82 85 96 101 102 106 126 129 131 133 135 140 141 143 147 150 151 152 153 154 159 164 166 170 172 173 178 179 180 181 185 191 192 198 199
39
1 5 25 29 39 41 50 51 54 64 67 68 74 76 83 84 86 89 90 95 97 98 111 112 116 123 124 140 142 143 151 155 162 169 175 186 190 197 198
38
18 19 20 22 24 26 28 31 34 38 44 46 47 53 54 57 60 63 64 77 79 87 95 108 138 140 143 153 161 163 165 167 174 183 186 190 193 197
45
2 9 12 13 18 21 22 34 48 50 56 57 60 64 68 72 73 87 97 104 110 121 124 125 126 127 130 131 132 135 137 139 143 148 151 154 160 163 166 173 181 185 186 198 199
39
1 2 12 13 15 18 22 37 38 40 45 49 50 55 56 63 71 72 76 81 87 108 113 118 119 120 129 139 145 157 161 163 168 171 175 182 188 197 200
43
2 3 17 20 23 25 28 33 36 41 46 48 54 69 72 79 85 92 97 102 103 104 114 127 129 131 135 136 137 138 142 148 151 155 158 159 162 169 178 183 187 194 200
46
10 11 13 26 27 28 32 34 38 39 43 45 51 53 55 56 72 76 77 78 80 82 83 87 89 93 106 107 108 113 114 115 116 122 123 133 151 153 155 158 172 176 187 188 198 199
44
1 5 6 7 9 10 16 18 20 22 23 29 35 36 43 44 49 52 53 58 59 60 64 66 72 74 83 93 101 102 103 105 111 131 133 148 150 158 161 165 171 187 188 190
45
2 12 23 24 30 33 36 38 40 42 47 51 56 61 67 77 78 79 81 84 85 87 88 107 111 113 114 116 122 124 131 134 143 156 159 162 168 169 181 182 187 189 190 193 195
39
19 22 23 28 31 34 36 37 45 50 53 54 67 76 80 99 105 107 115 116 117 125 126 134 137 144 145 157 162 168 172 175 183 184 185 192 195 197 199
39
1 3 7 9 12 14 16 18 19 21 27 32 36 39 46 47 67 69 70 80 88 91 108 109 116 119 124 132 137 139 147 149 167 172 176 178 184 187 198
44
3 6 22 23 25 27 29 33 36 46 55 57 62 63 65 73 84 85 86 87 92 107 109 121 127 131 132 133 135 147 154 157 166 167 171 173 176 178 179 183 184 185 192 193
40
2 3 4 6 21 22 32 42 50 70 71 74 81 84 86 88 92 93 100 102 103 114 115 120 126 135 140 142 151 153 165 166 173 177 178 185 192 194 196 197
41
11 12 16 20 21 26 30 34 46 52 53 58 67 68 70 72 74 77 96 99 100 106 110 119 123 129 134 135 145 149 153 158 162 174 178 182 184 185 192 193 200
35
8 9 20 23 31 34 38 49 51 55 67 70 75 79 82 86 95 98 107 118 122 124 126 134 135 136 140 145 148 155 161 163 171 187 194
29
1 3 15 16 21 23 24 36 56 65 73 82 102 105 110 120 127 133 138 144 145 146 148 151 156 161 164 178 180
36
17 19 20 26 28 30 32 36 50 52 72 73 82 83 87 89 91 93 102 107 117 125 130 134 138 140 153 160 170 173 180 181 186 188 189 198
34
2 5 11 21 32 45 47 50 51 56 61 65 67 76 77 94 107 114 115 119 126 128 132 139 140 153 162 165 167 177 186 187 189 195
45
2 8 16 28 33 34 35 40 45 47 56 65 68 70 74 79 80 97 103 104 106 107 109 111 112 113 115 118 125 128 135 139 140 153 162 163 164 166 167 171 190 193 195 196 197
42
4 5 11 14 31 32 41 49 51 61 62 63 71 73 74 76 77 84 88 92 93 94 96 98 105 117 118 128 134 141 155 164 169 171 173 177 178 185 195 196 198 199
44
1 2 13 14 15 18 20 25 34 36 37 40 43 61 64 67 72 73 77 92 95 98 99 112 117 118 119 120 125 130 135 141 146 152 154 158 163 167 169 170 174 175 176 194
45
3 9 10 11 13 14 15 24 28 29 33 45 47 51 53 59 67 71 91 94 95 97 101 104 111 113 116 119 122 133 136 138 140 142 144 150 154 157 161 165 166 176 185 186 192
30
2 4 5 12 18 19 28 33 38 43 48 52 55 58 69 78 86 90 94 99 110 112 120 133 136 143 159 169 194 197
40
11 12 13 18 28 31 34 36 42 46 49 50 51 55 60 72 79 82 83 91 103 111 114 120 127 128 129 136 143 152 156 165 166 167 181 185 187 190 193 194
39
2 3 4 5 6 8 16 17 21 32 34 42 50 52 57 61 67 80 86 87 98 100 105 113 122 125 126 133 137 143 148 150 151 164 166 172 191 193 198
42
7 24 27 35 36 49 51 54 55 58 62 64 72 73 77 79 81 84 94 99 100 103 112 120 124 131 133 136 145 148 149 152 153 157 165 168 171 178 181 184 191 195
40
3 11 24 29 31 37 41 49 54 59 70 81 93 94 95 96 97 98 103 111 113 115 117 119 129 131 133 142 145 151 164 167 170 175 179 185 187 189 191 199
39
3 4 9 13 16 24 49 52 55 61 64 71 74 76 79 82 88 89 93 96 99 103 107 118 120 123 124 130 137 139 144 159 178 179 182 184 193 194 198
38
7 14 18 25 29 33 35 38 42 45 55 62 74 75 81 87 96 97 101 104 108 110 121 130 138 142 148 154 155 157 159 163 173 174 180 196 197 199
34
1 5 11 14 17 24 32 35 40 46 53 58 71 76 81 85 90 94 95 96 97 103 104 107 110 111 116 121 132 136 147 159 191 194
35
2 4 10 18 20 21 29 37 46 51 53 55 58 60 61 72 81 91 96 97 108 116 123 131 135 144 147 148 152 160 165 166 170 180 194
44
3 12 14 20 31 42 43 44 46 53 54 61 70 71 72 74 86 89 94 97 106 114 118 121 125 130 133 134 138 144 145 147 153 158 162 169 170 176 182 184 185 187 189 194
39
12 13 21 22 23 24 30 31 36 40 47 51 56 62 74 76 82 97 98 99 102 103 107 113 116 121 137 139 144 145 147 149 150 153 164 167 173 174 194
35
2 4 8 11 18 24 25 31 33 37 42 47 57 58 62 63 65 68 69 76 84 110 119 122 126 136 140 145 146 173 183 184 185 187 188
42
2 3 30 35 39 41 42 56 59 60 68 73 74 87 92 97 98 99 101 103 104 111 112 116 117 118 119 121 138 141 154 158 159 160 163 172 183 189 192 197 198 200
49
1 11 13 16 21 23 25 30 35 44 54 57 60 66 73 84 85 86 87 89 95 100 112 114 121 123 124 130 131 132 133 135 136 138 139 146 162 163 168 169 173 174 176 179 184 186 187 189 195
33
3 5 12 15 16 17 18 22 24 52 53 61 63 67 73 92 104 106 108 120 122 123 128 130 135 166 167 168 170 175 186 190 200
36
4 34 38 41 45 47 49 57 59 67 68 70 77 78 81 84 100 103 104 111 117 118 119 136 139 140 144 145 148 161 167 173 178 189 192 196
33
7 11 22 27 31 33 35 51 53 63 64 68 83 86 91 98 101 102 105 116 121 129 133 134 145 147 150 151 160 167 168 181 199
37
5 11 14 16 23 24 27 32 33 36 42 44 54 64 78 80 81 83 90 96 100 105 113 120 124 126 130 136 142 150 158 168 169 179 185 186 192
47
6 20 21 23 26 27 33 34 42 47 49 50 51 52 55 64 68 69 72 77 78 84 85 86 88 95 98 109 113 117 118 120 126 131 132 147 152 158 160 161 163 173 174 183 184 190 193
48
3 11 15 19 20 22 24 36 40 48 49 51 52 54 60 64 65 66 68 69 70 77 78 85 86 88 98 102 104 107 119 121 125 130 133 145 154 156 162 163 171 173 179 186 187 192 194 196
28
11 12 16 27 28 34 37 46 58 63 69 70 76 85 102 107 110 114 117 130 144 151 157 173 181 191 193 195
48
1 4 9 10 12 13 19 22 29 36 37 39 47 56 57 67 68 73 75 81 85 89 95 100 104 105 106 116 117 124 125 128 129 130 132 133 135 145 146 153 165 170 172 177 179 184 193 194
38
9 15 27 31 33 44 48 54 56 58 63 66 69 70 73 87 91 94 96 117 119 120 122 131 132 134 135 142 144 149 157 168 173 178 179 191 193 197
37
4 32 34 39 43 45 47 50 51 60 64 65 70 81 82 85 86 90 96 99 105 106 113 114 145 147 149 156 163 169 170 174 179 181 184 196 200
31
1 3 4 6 9 14 19 26 32 35 36 42 49 62 67 68 72 80 81 88 110 114 119 121 133 156 171 184 185 193 195
44
3 4 11 14 30 51 54 55 58 61 70 75 76 80 86 88 97 99 100 107 109 114 116 118 123 130 131 133 141 145 148 153 162 163 164 166 169 171 172 173 195 197 199 200
34
2 6 7 10 23 33 45 48 51 52 54 71 76 80 84 88 98 118 123 128 134 139 140 141 142 161 168 172 174 179 182 186 193 200
30
13 28 33 39 40 41 46 48 57 61 67 69 73 76 79 90 101 104 105 109 112 119 144 150 152 161 163 166 177 179
35
3 4 9 13 15 21 34 35 39 41 46 52 65 75 83 86 87 91 99 103 112 118 124 131 136 139 146 154 164 169 175 180 184 191 195
38
7 9 15 18 19 26 40 43 48 68 69 70 74 87 99 102 104 114 118 124 131 135 142 144 147 149 163 164 174 177 181 182 184 189 191 195 196 200
44
2 10 12 17 19 20 35 39 41 43 48 51 53 54 58 59 61 62 77 82 102 108 113 114 119 122 131 137 138 149 150 155 158 164 167 172 173 174 175 181 185 187 188 198
41
3 12 14 15 23 54 56 61 63 65 66 67 68 75 77 78 79 83 85 87 97 104 133 134 142 145 147 149 154 163 164 169 170 171 175 185 188 191 194 197 198
44
1 2 3 4 12 14 19 20 24 28 31 44 51 52 59 62 66 68 71 73 75 91 103 110 119 128 136 138 139 140 145 151 156 157 158 162 164 177 182 185 192 196 199 200
41
4 8 25 28 33 39 44 47 70 71 73 79 84 93 99 112 114 117 119 124 130 143 147 154 160 161 165 169 170 172 173 179 180 183 187 188 189 191 194 197 199
37
2 19 26 33 35 45 52 61 64 86 87 91 93 96 97 100 109 112 114 123 127 133 134 136 144 148 154 161 163 168 169 171 175 179 181 195 200
44
1 9 12 20 32 36 40 44 45 54 57 63 65 66 75 77 79 80 85 89 90 92 93 101 102 103 105 114 118 123 130 140 141 147 148 151 152 163 173 176 180 183 184 190
47
1 2 12 19 21 27 31 34 36 37 48 58 59 63 67 68 75 77 82 87 96 113 115 118 120 121 125 128 129 138 139 140 142 144 146 154 159 162 165 166 167 171 174 179 180 186 195
43
13 17 19 31 33 39 42 43 55 57 64 67 71 72 78 81 91 95 100 104 109 113 114 118 132 133 137 142 144 147 149 152 155 163 165 175 181 183 184 186 190 193 197
39
18 24 27 29 30 34 36 56 69 77 78 86 90 93 101 103 106 112 116 120 121 125 126 135 136 141 147 151 156 161 162 169 175 179 182 186 188 194 198
35
8 29 32 44 71 75 79 80 82 83 84 91 94 99 102 103 107 113 115 119 121 122 124 132 143 147 148 149 168 174 175 179 180 181 185
43
1 2 8 9 17 30 35 43 45 52 53 54 56 57 59 62 65 70 71 77 92 93 98 100 104 107 109 114 119 122 134 138 140 141 149 152 155 160 171 175 190 194 195
35
5 8 9 12 16 17 26 30 31 33 37 40 56 57 63 78 90 94 95 106 115 118 120 154 155 158 159 165 168 174 184 187 192 193 196
28
1 10 36 40 45 58 60 64 96 101 105 114 117 131 137 140 153 159 164 166 167 171 173 182 183 191 195 198
45
3 4 6 9 10 17 18 24 25 30 31 52 56 71 73 74 78 84 85 86 88 89 109 115 123 124 129 132 134 136 137 140 149 150 152 161 172 178 180 182 183 189 194 196 197
46
2 4 8 10 12 34 35 36 39 40 42 46 48 49 52 53 55 56 57 65 66 70 90 106 107 111 118 126 128 129 136 138 140 149 153 154 161 163 164 165 167 174 179 182 183 193
42
1 6 15 17 20 21 24 26 31 33 34 39 41 45 46 51 55 57 62 66 75 79 90 95 100 110 116 117 118 120 124 127 128 130 159 166 170 178 179 185 193 198
35
11 13 14 29 36 38 40 41 44 59 65 67 76 77 90 99 104 107 108 110 114 115 120 123 135 148 159 162 169 173 182 184 191 192 198
37
15 18 19 26 29 30 36 41 44 45 52 71 77 78 81 93 98 106 108 114 115 123 130 136 139 140 144 145 146 147 155 156 167 181 190 196 198
41
2 8 18 22 30 32 33 39 40 49 53 67 69 72 74 76 77 87 90 93 98 112 113 114 123 125 126 137 138 149 151 154 160 161 162 178 183 188 193 195 196
41
26 29 34 37 44 48 51 55 59 61 67 69 79 93 95 97 103 104 107 108 115 121 127 128 132 138 142 153 157 161 164 166 175 176 177 182 184 189 190 192 194
37
2 4 7 21 29 46 50 60 68 70 71 82 86 99 102 103 105 108 112 119 120 124 126 130 136 140 142 145 153 158 169 172 175 189 193 199 200
44
3 4 5 7 16 28 36 39 42 43 47 53 54 61 64 66 70 73 80 85 100 103 110 111 116 117 123 125 126 127 130 131 132 142 144 148 151 161 174 177 183 186 191 199
42
6 9 13 17 32 35 38 47 51 54 59 61 62 74 77 79 80 81 82 85 104 106 109 110 114 124 127 131 142 143 146 148 155 162 165 171 182 187 188 189 194 198
43
1 16 21 27 32 36 38 47 49 52 64 65 66 81 85 101 105 111 112 118 125 128 129 135 138 139 142 151 155 158 160 164 165 166 168 175 177 182 185 188 190 195 197
36
3 12 19 25 35 45 54 55 66 70 73 78 83 90 98 101 107 113 116 125 127 150 159 164 167 168 174 176 178 181 188 189 192 197 198 199
40
2 13 19 22 24 26 28 30 37 39 40 42 47 61 66 71 72 81 83 86 87 90 92 94 100 103 106 110 112 122 133 153 156 177 179 182 186 191 193 199
27
16 21 27 30 42 48 49 59 66 76 105 113 129 132 136 140 147 152 155 158 160 176 179 182 186 195 199
45
4 5 7 8 11 14 15 29 32 33 37 39 43 46 47 56 68 71 78 81 82 84 93 98 105 108 117 120 127 129 137 141 145 148 154 156 158 161 164 168 176 177 186 192 200
44
4 5 8 13 14 25 28 34 35 43 53 56 59 63 64 74 77 82 85 87 99 102 107 110 111 116 124 126 145 147 157 159 160 162 165 167 172 174 177 179 181 188 193 199
40
1 2 5 7 20 22 23 26 27 31 35 38 47 49 53 57 59 63 67 79 85 86 88 104 108 112 120 135 138 139 157 160 162 165 171 178 189 191 194 198
36
7 11 16 21 23 24 25 28 29 32 39 42 45 47 48 49 56 61 81 84 85 86 97 99 100 119 133 134 135 144 153 154 160 175 183 188
31
9 13 15 19 20 23 25 52 65 80 81 101 103 105 118 130 131 141 142 149 151 152 164 167 172 174 185 189 190 193 194
40
2 6 18 19 21 28 40 47 50 58 71 79 80 81 92 95 96 98 105 113 115 116 123 126 131 132 135 136 144 150 151 166 167 171 172 175 178 183 185 192
30
8 9 12 14 20 23 24 37 39 43 46 65 67 73 77 90 92 99 102 104 106 116 120 121 122 139 153 161 189 199
35
2 5 6 10 25 31 39 44 45 50 52 61 63 74 78 79 86 88 99 100 112 116 127 128 132 133 134 141 145 147 148 152 179 182 194
37
8 9 12 18 19 22 27 42 48 49 56 65 69 76 81 83 88 90 94 96 100 104 105 109 114 121 135 160 172 173 175 179 180 188 194 195 197
38
13 27 30 36 37 39 43 46 55 69 79 80 81 83 87 105 109 120 123 126 131 134 136 142 153 156 157 158 161 164 166 174 179 181 185 187 193 197
38
11 13 16 25 27 28 30 33 37 42 43 44 46 51 56 57 72 75 81 88 89 92 94 109 116 129 130 135 144 147 153 154 165 179 184 192 195 199
