100 200
1.0 1.0 1.0 1.0 1.0 1.0 1.0 1.0 1.0 1.0 1.0 1.0 1.0 1.0 1.0 1.0 1.0 1.0 1.0 1.0 1.0 1.0 1.0 1.0 1.0 1.0 1.0 1.0 1.0 1.0 1.0 1.0 1.0 1.0 1.0 1.0 1.0 1.0 1.0 1.0 1.0 1.0 1.0 1.0 1.0 1.0 1.0 1.0 1.0 1.0 1.0 1.0 1.0 1.0 1.0 1.0 1.0 1.0 1.0 1.0 1.0 1.0 1.0 1.0 1.0 1.0 1.0 1.0 1.0 1.0 1.0 1.0 1.0 1.0 1.0 1.0 1.0 1.0 1.0 1.0 1.0 1.0 1.0 1.0 1.0 1.0 1.0 1.0 1.0 1.0 1.0 1.0 1.0 1.0 1.0 1.0 1.0 1.0 1.0 1.0 1.0 1.0 1.0 1.0 1.0 1.0 1.0 1.0 1.0 1.0 1.0 1.0 1.0 1.0 1.0 1.0 1.0 1.0 1.0 1.0 1.0 1.0 1.0 1.0 1.0 1.0 1.0 1.0 1.0 1.0 1.0 1.0 1.0 1.0 1.0 1.0 1.0 1.0 1.0 1.0 1.0 1.0 1.0 1.0 1.0 1.0 1.0 1.0 1.0 1.0 1.0 1.0 1.0 1.0 1.0 1.0 1.0 1.0 1.0 1.0 1.0 1.0 1.0 1.0 1.0 1.0 1.0 1.0 1.0 1.0 1.0 1.0 1.0 1.0 1.0 1.0 1.0 1.0 1.0 1.0 1.0 1.0 1.0 1.0 1.0 1.0 1.0 1.0 1.0 1.0 1.0 1.0 1.0 1.0 1.0 1.0 1.0 1.0 1.0 1.0
36
5 9 15 16 27 29 34 38 39 41 45 47 55 57 58 74 81 85 92 93 97 108 113 121 124 138 149 155 165 172 174 184 188 191 195 198
48
2 6 10 13 18 19 22 37 40 45 48 51 52 55 58 66 69 71 72 74 76 78 79 90 93 98 100 109 120 122 126 127 128 130 131 135 138 143 145 147 163 169 180 183 184 185 190 193
47
3 6 9 10 24 25 27 31 34 37 46 49 53 62 64 75 84 96 97 99 100 101 109 120 124 126 128 132 141 142 145 151 154 157 159 161 165 166 170 175 177 184 185 186 189 193 197
35
1 11 21 30 32 33 49 63 68 79 80 85 100 101 107 111 112 113 114 116 123 127 145 147 148 151 161 171 175 180 181 183 190 192 199
39
5 10 12 18 25 34 37 38 48 49 55 60 78 86 87 93 96 101 102 106 109 110 113 115 119 124 126 128 130 131 134 137 138 145 148 153 159 175 186
38
5 10 11 28 32 39 57 58 60 71 72 79 85 86 95 97 99 101 102 103 125 126 132 133 138 139 141 142 146 164 168 177 179 180 185 196 197 200
43
7 15 20 25 40 42 47 49 54 58 59 60 62 63 65 69 78 81 82 88 94 103 104 108 109 117 123 125 131 135 143 144 146 154 162 165 174 175 183 188 189 197 199
43
1 10 11 14 18 19 20 26 31 38 43 45 55 58 66 68 70 71 77 95 102 103 109 111 112 114 116 124 125 141 147 148 149 150 158 166 170 176 182 186 193 195 197
40
17 20 24 34 37 41 44 49 50 60 68 69 73 74 78 79 85 87 104 110 113 116 119 125 137 143 145 153 154 158 162 167 169 174 176 178 187 189 191 196
41
4 5 29 32 39 43 45 49 51 54 65 75 82 83 90 93 96 103 112 113 115 120 122 123 138 139 142 146 157 163 169 177 180 181 184 186 188 189 190 195 200
43
3 6 8 13 25 26 32 35 37 40 44 50 51 56 70 72 73 76 83 85 104 106 107 112 120 122 125 126 128 133 137 140 144 152 153 156 158 160 167 176 179 181 197
50
10 15 29 30 31 38 40 44 47 48 49 51 53 54 57 66 67 83 84 85 87 101 102 106 107 110 111 114 116 120 130 132 135 138 146 160 164 165 167 168 172 174 179 181 185 187 191 192 194 196
42
8 11 22 27 28 31 44 52 72 76 84 86 87 91 92 105 111 112 116 121 122 125 132 133 134 136 147 154 156 158 159 165 169 170 173 179 181 182 187 191 192 200
39
1 11 13 15 25 27 45 46 55 56 57 66 69 70 77 78 80 81 85 92 93 97 110 112 113 114 137 141 143 164 165 169 170 175 180 182 188 193 200
35
2 3 10 16 19 22 25 36 41 48 54 55 72 76 84 89 90 96 103 112 113 114 116 118 125 135 139 147 154 155 160 165 172 173 191
35
1 5 12 13 25 31 33 39 41 52 54 70 74 76 82 83 96 99 114 121 130 134 138 140 144 154 157 158 161 169 172 181 184 189 197
54
6 9 11 13 14 15 18 19 20 22 27 30 31 38 45 46 48 57 60 64 67 73 76 77 82 85 86 89 93 96 106 109 115 119 125 127 134 135 136 143 146 147 149 154 165 177 180 186 187 188 190 193 194 200
41
3 5 11 17 23 27 31 36 37 40 54 56 60 61 79 86 91 97 105 107 108 113 117 118 119 125 133 139 140 143 144 147 155 165 176 181 182 187 192 193 197
42
3 7 9 10 14 16 20 37 50 52 55 57 68 70 71 72 76 92 93 95 102 106 109 112 114 117 122 128 139 144 159 162 163 166 175 176 177 180 182 184 190 194
32
9 13 23 25 45 46 54 57 62 79 80 81 87 92 98 104 111 124 127 128 130 133 134 140 144 145 148 154 157 180 185 194
47
2 9 12 14 16 19 25 30 31 34 41 50 51 55 63 69 76 77 85 90 93 98 104 107 110 112 118 119 131 132 135 136 140 141 154 161 164 167 173 175 186 189 191 192 193 194 197
37
5 14 21 26 31 36 40 43 47 48 50 51 52 65 67 74 85 90 100 119 123 128 132 137 139 143 144 152 167 173 174 175 180 182 185 193 195
43
7 13 16 17 19 22 23 25 29 32 33 41 48 51 52 53 59 61 62 65 74 75 79 84 88 90 108 110 123 126 129 130 131 132 164 171 178 180 184 185 195 198 199
45
4 11 12 18 21 29 31 32 40 42 45 50 53 56 65 69 81 82 86 90 94 97 99 103 106 110 115 122 124 134 138 144 152 154 161 162 163 164 170 174 181 187 188 189 192
43
5 8 10 14 21 24 26 30 32 37 48 60 66 68 76 80 82 107 108 109 112 113 118 120 127 130 131 132 133 135 139 147 150 154 161 162 163 168 171 176 183 188 191
41
3 9 20 37 42 49 55 60 65 69 74 76 77 81 92 109 113 117 118 120 121 122 128 141 143 144 145 148 151 156 158 160 162 166 167 168 180 182 187 190 194
31
2 3 8 34 36 42 54 56 66 76 77 83 88 93 95 100 101 104 105 106 108 110 113 121 126 142 160 163 166 167 169
31
8 9 26 34 35 44 57 58 67 79 99 103 109 114 120 121 122 123 132 138 139 151 152 157 160 180 186 191 193 195 197
33
2 8 13 19 21 27 32 40 47 56 64 66 72 79 85 88 90 99 103 122 126 128 133 136 141 142 143 163 169 172 181 187 198
39
1 7 25 35 41 42 43 49 59 62 69 74 76 78 80 81 86 96 107 121 122 127 128 133 139 145 148 152 155 156 157 159 167 175 176 181 189 192 194
45
8 9 20 24 26 33 37 41 49 51 54 62 64 69 78 79 82 83 85 86 87 88 93 95 100 108 118 129 130 131 149 159 167 168 169 175 177 179 181 182 186 190 193 194 199
33
11 13 15 18 22 47 51 54 55 58 67 68 76 82 85 98 100 104 115 124 125 128 129 145 151 152 167 173 180 185 187 189 194
43
3 9 11 17 28 29 30 31 36 37 52 55 56 58 62 65 68 70 71 74 85 86 90 93 96 119 121 122 125 129 134 146 149 155 158 161 163 164 169 171 185 192 193
29
21 23 31 40 41 42 45 50 61 65 72 77 79 91 97 102 103 107 114 116 152 164 166 167 169 178 179 196 197
42
1 3 5 7 11 13 42 51 52 58 62 74 75 76 77 88 89 94 104 110 113 118 125 127 137 138 142 147 149 152 154 159 163 174 175 179 184 189 190 191 193 195
38
7 11 16 22 23 29 56 58 63 68 79 80 87 88 89 91 93 94 98 99 104 117 120 121 128 130 132 136 142 144 146 159 160 170 176 179 180 195
37
5 7 10 12 15 18 21 38 47 49 55 62 64 81 84 90 111 121 126 127 133 134 136 138 139 142 153 154 158 160 161 162 165 167 174 186 194
43
16 20 22 23 26 29 30 36 38 39 41 45 46 50 51 56 66 67 68 71 73 74 80 90 95 101 106 113 116 119 125 134 143 145 147 151 153 161 162 171 173 185 196
44
1 19 22 25 34 36 37 40 46 47 57 60 61 62 63 71 73 77 85 95 96 99 101 104 107 114 115 117 122 124 126 142 143 148 150 155 156 167 170 171 175 185 194 198
42
1 6 8 11 17 21 24 26 28 29 35 41 45 49 61 62 63 76 80 85 100 104 114 115 118 119 123 126 131 140 143 150 153 161 162 163 173 183 184 185 186 189
43
3 4 12 14 18 25 41 49 50 54 60 62 68 74 76 79 82 94 98 103 107 109 111 114 124 127 130 133 141 148 149 154 157 160 162 163 164 171 172 173 174 175 187
38
24 30 56 59 61 62 64 70 87 89 90 106 114 116 119 122 127 128 132 133 134 142 144 145 153 154 156 157 161 165 171 174 175 178 180 182 184 199
34
1 5 12 28 33 42 43 47 53 60 66 71 85 89 93 100 108 112 113 114 118 119 147 149 153 162 172 174 175 185 189 192 197 199
46
6 13 14 18 22 29 36 37 38 39 46 48 50 54 56 59 69 77 86 87 91 92 94 95 97 101 105 109 115 122 130 141 151 152 153 157 166 167 168 173 178 184 189 194 195 199
39
2 7 14 22 43 47 48 49 50 53 56 58 67 74 77 88 95 100 101 104 106 107 109 112 120 137 140 145 147 148 154 162 166 173 176 184 185 189 195
37
5 29 32 38 44 50 57 58 62 66 70 78 84 87 91 99 101 103 109 111 112 113 117 120 126 128 135 136 137 149 154 165 170 171 181 185 193
45
4 7 8 17 21 22 28 35 40 47 54 55 58 59 66 68 69 73 75 76 86 87 89 93 101 105 109 111 121 125 129 132 133 135 136 140 148 159 169 172 181 189 191 194 196
45
2 6 9 10 12 19 20 30 35 38 42 46 52 54 70 75 81 86 90 91 93 99 109 114 116 121 124 125 126 128 134 148 152 160 165 167 168 169 170 172 174 176 186 191 200
43
11 21 38 46 48 50 51 58 65 67 72 78 79 81 88 92 95 96 105 107 108 114 118 119 120 121 129 132 133 144 149 150 155 159 160 167 169 174 175 189 190 194 200
43
2 5 7 10 15 20 24 29 35 37 40 44 50 58 60 64 90 93 94 100 112 115 116 118 119 121 134 137 144 145 148 152 166 167 173 174 175 180 183 186 189 190 192
38
9 11 14 17 18 19 20 33 35 46 50 53 54 58 59 60 61 63 68 72 75 77 87 92 121 123 130 141 142 156 159 161 173 179 184 189 196 198
39
4 6 25 27 36 37 39 45 47 51 59 60 68 70 72 75 80 84 89 91 95 101 104 111 112 115 127 132 135 140 141 142 145 152 157 159 164 169 188
52
4 7 13 17 19 21 26 27 28 29 33 34 37 45 54 60 65 66 72 73 83 84 86 90 91 96 98 99 101 105 107 116 117 119 121 122 133 134 137 138 141 143 145 146 151 160 161 166 179 188 190 198
33
9 14 15 16 24 31 33 34 36 40 44 48 57 60 62 64 75 81 91 92 93 104 109 120 146 151 158 169 170 172 173 180 181
43
1 4 5 14 16 30 33 35 36 42 43 46 53 54 60 66 69 71 72 74 75 82 86 93 108 118 126 130 134 137 141 149 153 156 157 158 166 168 176 184 186 198 200
27
15 22 24 33 36 41 43 48 67 73 84 97 98 99 114 117 124 132 136 147 178 180 181 184 192 193 194
40
2 12 21 27 29 32 33 35 36 38 41 43 46 50 60 74 81 90 95 98 101 107 120 134 136 145 146 148 150 156 160 165 170 179 182 183 185 188 195 197
37
2 6 11 15 24 27 30 46 47 70 82 88 91 95 99 101 103 115 118 120 130 131 133 138 147 164 165 171 174 179 181 182 185 192 193 195 199
47
1 12 15 16 22 30 36 40 46 48 54 58 65 69 73 76 84 86 87 96 105 109 111 113 118 123 126 127 129 133 134 135 138 139 140 149 150 151 160 162 163 165 166 182 188 193 197
31
3 22 27 33 34 40 42 43 49 61 68 75 78 82 84 95 97 100 101 103 113 135 142 145 148 149 167 177 178 182 193
35
11 14 17 32 36 45 46 50 55 57 61 78 82 83 84 85 96 101 104 109 124 130 133 144 146 154 157 160 167 175 183 191 192 194 196
53
2 3 6 7 17 22 23 24 25 26 31 32 36 38 40 41 43 59 61 65 67 68 71 72 78 87 88 97 99 106 108 111 112 120 136 139 145 147 148 157 158 159 161 165 172 174 175 179 182 183 189 197 200
43
3 4 7 14 16 22 26 27 28 31 35 36 39 54 59 63 68 69 73 74 77 83 85 86 88 89 96 97 100 127 130 133 135 144 145 151 160 168 174 178 179 189 199
42
5 18 23 26 46 49 50 54 60 61 68 78 80 84 86 90 92 94 95 101 103 108 109 117 119 124 126 131 133 138 144 146 148 150 161 164 166 172 174 176 183 187
38
5 13 15 25 27 30 43 45 60 66 68 69 75 77 78 86 88 92 96 111 119 123 126 128 130 133 145 147 159 167 173 174 179 180 187 194 198 200
32
1 18 21 25 27 34 35 37 47 53 60 68 78 79 81 82 84 105 111 115 118 123 124 126 150 154 160 174 177 183 185 192
34
8 11 33 37 38 47 62 63 68 78 87 95 97 100 104 106 117 122 123 127 129 131 137 143 145 146 147 160 170 176 177 186 192 200
49
2 9 11 13 24 34 39 40 42 44 45 47 52 55 56 57 67 68 74 77 85 86 91 97 98 99 103 111 119 122 129 131 134 135 136 138 142 145 150 159 161 166 168 182 187 190 193 197 200
28
12 26 42 48 53 55 56 58 74 78 79 87 88 90 101 107 108 120 124 145 167 172 173 177 178 181 186 196
44
5 7 11 16 19 21 27 37 40 41 49 52 61 66 69 74 80 83 90 92 96 97 99 112 113 128 130 132 133 140 142 143 144 152 154 157 159 173 175 176 180 181 187 188
29
7 12 16 17 31 38 40 45 63 66 69 71 72 75 82 95 100 102 111 120 122 129 138 163 172 175 176 188 195
41
1 2 4 8 12 13 26 34 37 40 42 46 48 50 60 61 68 78 85 92 96 99 101 102 106 108 109 117 126 134 140 141 147 149 152 154 166 175 176 196 197
41
3 9 39 41 42 47 53 58 73 81 83 85 87 88 89 90 95 96 97 100 104 112 116 125 129 135 136 148 150 157 158 160 177 179 181 182 184 190 192 196 199
38
17 18 19 28 32 34 40 48 49 50 52 53 58 61 69 82 86 87 89 96 99 104 106 110 111 114 121 132 138 143 163 167 170 171 177 182 183 192
46
2 3 5 14 23 25 30 32 37 49 50 52 55 59 66 70 73 78 82 87 96 105 107 111 114 120 133 134 135 137 139 143 149 150 158 167 168 172 174 178 182 184 187 195 196 198
45
1 2 3 5 10 14 15 22 25 31 32 33 36 41 53 55 60 67 78 82 84 92 104 105 110 114 121 124 134 143 144 146 148 156 158 159 168 169 170 171 172 174 178 181 198
36
5 26 27 36 38 42 51 52 61 66 70 72 73 100 102 106 107 108 110 121 131 132 134 138 146 151 152 153 158 160 162 168 177 180 187 188
42
8 12 15 27 29 32 42 43 45 50 56 66 67 68 69 72 84 88 90 100 108 110 118 126 127 128 133 134 138 144 151 155 165 174 175 182 185 187 190 191 193 198
41
7 17 22 24 28 32 34 43 47 48 55 60 77 78 89 92 95 103 105 110 118 120 121 124 129 131 133 143 145 150 153 156 163 165 173 176 179 180 183 193 196
43
6 10 12 26 30 34 41 44 53 55 58 66 68 86 87 89 90 92 94 101 112 120 121 122 123 127 129 133 140 149 157 158 159 164 167 173 176 185 187 188 192 194 195
53
2 11 13 16 19 27 28 31 33 34 35 42 44 46 52 56 59 61 63 74 78 79 86 87 89 90 94 97 100 103 106 107 110 118 121 122 123 124 126 132 136 142 147 153 154 169 170 186 192 196 197 198 200
44
1 2 5 13 19 21 25 31 33 35 37 46 47 51 53 62 64 66 68 70 78 95 97 101 104 123 128 133 134 136 139 142 151 156 157 162 169 175 179 186 189 193 195 200
38
3 5 6 18 22 25 26 27 29 31 35 45 56 59 64 83 88 98 99 110 117 121 136 140 141 143 145 147 159 163 170 172 177 186 187 191 196 198
42
2 4 16 19 20 25 46 47 48 54 55 58 63 64 66 70 74 78 80 82 88 95 99 102 107 111 112 122 135 144 147 153 162 164 165 167 174 179 181 185 186 191
42
1 21 24 25 29 31 34 36 37 40 57 69 70 85 86 89 91 92 94 101 104 106 108 110 111 112 116 125 131 144 145 148 150 161 163 172 175 177 183 186 194 199
43
1 11 18 23 24 28 33 46 53 56 68 73 76 83 84 86 89 93 96 104 105 108 109 111 112 113 124 141 145 152 153 154 158 163 165 169 171 172 177 179 183 184 188
41
2 7 9 14 16 21 30 44 48 51 54 56 79 84 86 94 97 103 105 108 109 111 118 123 125 132 142 146 151 154 159 167 175 178 181 182 183 186 195 197 200
43
2 20 24 26 29 37 49 54 57 61 62 64 67 70 72 77 82 83 85 87 90 105 106 114 119 120 122 123 125 129 133 145 151 157 161 164 166 169 173 175 179 190 197
43
6 13 18 25 31 33 40 47 49 57 67 71 72 77 83 89 91 97 98 100 110 112 116 117 120 124 132 137 138 140 147 148 150 155 156 162 169 178 185 193 195 198 200
42
5 22 25 26 28 36 43 49 52 54 56 63 64 75 78 80 84 85 87 96 97 99 100 121 122 129 130 136 138 151 153 161 162 169 170 174 178 181 185 187 188 190
37
4 9 11 14 22 30 37 51 58 67 69 72 74 80 86 91 99 102 104 112 114 116 122 126 132 133 140 147 161 162 165 182 190 191 194 195 197
40
2 5 14 15 16 19 23 26 43 45 57 59 70 80 81 88 91 94 97 106 112 117 119 121 136 140 142 151 153 159 162 163 170 171 174 178 187 188 190 193
40
3 4 6 9 11 13 15 30 33 43 51 59 67 69 70 71 82 83 93 98 103 104 107 110 112 113 115 123 128 138 142 155 156 158 170 171 175 178 181 184
43
1 5 10 15 19 22 37 39 47 49 53 54 55 59 63 69 70 71 74 84 85 87 93 98 100 105 108 121 123 126 129 134 146 149 151 155 156 157 166 183 186 193 196
46
3 14 18 28 35 39 40 43 45 47 49 53 54 62 65 66 67 71 83 85 88 89 96 98 100 103 113 117 118 121 123 135 139 142 143 146 147 153 172 175 185 188 190 191 193 198
41
3 6 8 16 17 20 24 28 37 39 42 43 46 52 53 68 74 75 80 82 85 87 92 96 101 107 111 114 120 124 128 131 137 144 148 154 155 167 188 194 196
45
1 5 8 15 17 26 40 41 47 55 56 58 60 64 66 70 74 78 87 92 93 95 98 103 104 111 112 113 115 122 127 133 135 140 148 149 153 154 161 162 171 175 183 184 199
46
2 10 16 24 30 34 35 40 46 50 52 55 56 60 62 64 65 66 75 89 90 95 96 97 99 101 102 103 109 120 123 128 133 135 143 144 155 157 173 177 183 185 186 192 193 197
40
2 6 9 10 11 18 20 21 24 26 28 30 33 40 42 48 55 58 65 79 84 90 96 99 107 124 131 134 138 146 151 153 156 160 165 176 178 180 191 193
34
1 13 18 26 37 38 43 46 47 54 57 62 64 69 83 85 86 89 92 99 111 114 117 121 123 137 150 153 154 167 171 175 184 187
