50 100
1.0 1.0 1.0 1.0 1.0 1.0 1.0 1.0 1.0 1.0 1.0 1.0 1.0 1.0 1.0 1.0 1.0 1.0 1.0 1.0 1.0 1.0 1.0 1.0 1.0 1.0 1.0 1.0 1.0 1.0 1.0 1.0 1.0 1.0 1.0 1.0 1.0 1.0 1.0 1.0 1.0 1.0 1.0 1.0 1.0 1.0 1.0 1.0 1.0 1.0 1.0 1.0 1.0 1.0 1.0 1.0 1.0 1.0 1.0 1.0 1.0 1.0 1.0 1.0 1.0 1.0 1.0 1.0 1.0 1.0 1.0 1.0 1.0 1.0 1.0 1.0 1.0 1.0 1.0 1.0 1.0 1.0 1.0 1.0 1.0 1.0 1.0 1.0 1.0 1.0 1.0 1.0 1.0 1.0 1.0 1.0 1.0 1.0 1.0 1.0
11
6 20 24 34 44 49 62 71 76 81 84
10
9 22 23 37 48 62 63 82 95 98
9
5 9 12 29 60 77 87 96 100
11
1 11 18 20 22 30 42 59 75 82 88
9
5 6 34 49 70 75 88 92 95
16
12 20 23 26 27 35 48 49 52 66 74 79 83 90 93 96
8
3 15 51 56 58 68 71 87
10
1 6 11 19 25 27 40 66 82 88
13
2 20 22 34 36 42 49 58 62 66 68 72 100
7
20 25 26 33 42 44 93
9
10 29 33 39 46 49 64 70 72
7
14 19 25 37 45 56 88
11
7 29 33 54 55 56 61 62 71 82 85
14
10 12 39 45 48 52 54 58 72 78 79 84 96 97
9
5 9 13 54 71 76 89 93 100
13
1 7 19 25 29 31 52 53 59 60 89 92 97
10
9 24 28 34 45 68 74 76 85 93
11
51 53 58 59 62 79 82 87 97 98 99
19
6 9 15 27 31 32 34 40 42 58 63 67 78 83 84 89 95 99 100
7
17 18 26 70 71 78 95
16
1 6 12 19 24 28 32 36 66 67 74 82 85 88 99 100
11
23 26 32 33 48 49 60 64 65 73 87
8
1 5 8 13 14 18 41 84
7
3 8 31 32 55 62 81
17
4 6 12 15 22 25 26 36 55 58 77 83 89 91 94 97 98
16
3 4 17 22 36 41 54 55 64 65 70 84 86 87 97 100
9
5 6 9 37 55 72 75 78 98
7
22 44 47 57 73 93 94
6
22 30 65 76 80 83
6
17 40 55 70 71 78
8
47 51 62 77 79 82 95 100
7
13 60 69 71 82 86 97
7
5 11 19 24 58 72 94
10
11 16 30 31 40 45 53 54 81 94
11
2 3 22 34 43 59 69 80 84 88 98
6
13 18 27 53 64 87
13
2 5 8 11 25 36 39 43 57 73 74 89 97
11
7 24 34 41 43 57 68 70 86 87 92
10
13 14 29 30 43 45 82 83 85 89
12
15 24 25 34 40 48 55 56 58 71 82 99
10
5 13 26 32 39 44 56 59 79 89
3
2 12 45
14
4 10 11 28 30 33 63 65 68 69 79 83 85 96
9
9 13 18 21 25 30 33 38 59
8
12 25 26 28 42 56 66 70
12
8 28 35 49 58 65 68 73 82 83 97 98
5
3 5 6 15 90
12
12 26 28 35 37 39 45 67 72 84 94 97
7
1 7 29 56 69 70 75
15
1 8 14 29 34 35 41 44 47 59 68 87 93 94 99
