100 200
1.0 1.0 1.0 1.0 1.0 1.0 1.0 1.0 1.0 1.0 1.0 1.0 1.0 1.0 1.0 1.0 1.0 1.0 1.0 1.0 1.0 1.0 1.0 1.0 1.0 1.0 1.0 1.0 1.0 1.0 1.0 1.0 1.0 1.0 1.0 1.0 1.0 1.0 1.0 1.0 1.0 1.0 1.0 1.0 1.0 1.0 1.0 1.0 1.0 1.0 1.0 1.0 1.0 1.0 1.0 1.0 1.0 1.0 1.0 1.0 1.0 1.0 1.0 1.0 1.0 1.0 1.0 1.0 1.0 1.0 1.0 1.0 1.0 1.0 1.0 1.0 1.0 1.0 1.0 1.0 1.0 1.0 1.0 1.0 1.0 1.0 1.0 1.0 1.0 1.0 1.0 1.0 1.0 1.0 1.0 1.0 1.0 1.0 1.0 1.0 1.0 1.0 1.0 1.0 1.0 1.0 1.0 1.0 1.0 1.0 1.0 1.0 1.0 1.0 1.0 1.0 1.0 1.0 1.0 1.0 1.0 1.0 1.0 1.0 1.0 1.0 1.0 1.0 1.0 1.0 1.0 1.0 1.0 1.0 1.0 1.0 1.0 1.0 1.0 1.0 1.0 1.0 1.0 1.0 1.0 1.0 1.0 1.0 1.0 1.0 1.0 1.0 1.0 1.0 1.0 1.0 1.0 1.0 1.0 1.0 1.0 1.0 1.0 1.0 1.0 1.0 1.0 1.0 1.0 1.0 1.0 1.0 1.0 1.0 1.0 1.0 1.0 1.0 1.0 1.0 1.0 1.0 1.0 1.0 1.0 1.0 1.0 1.0 1.0 1.0 1.0 1.0 1.0 1.0 1.0 1.0 1.0 1.0 1.0 1.0
25
2 4 7 9 10 24 29 30 33 38 39 41 47 54 61 77 81 91 100 111 115 139 157 160 163
22
28 34 38 42 54 67 69 82 96 103 104 105 133 145 150 176 180 182 184 185 189 191
20
1 5 32 35 47 49 52 67 72 88 94 100 129 144 153 165 167 174 185 195
26
4 7 20 26 28 29 33 57 76 87 89 91 97 101 103 104 114 118 126 128 133 149 163 184 186 199
23
12 18 30 36 40 46 48 51 54 68 79 96 99 104 107 112 146 147 160 163 169 172 178
14
4 35 44 61 65 77 81 82 105 127 130 151 163 174
18
4 18 23 29 44 50 52 74 82 83 96 97 117 118 136 144 181 196
24
2 13 14 32 69 78 85 86 87 102 103 105 106 109 122 127 138 139 142 164 177 178 186 187
17
13 14 19 24 35 39 50 76 81 95 102 112 126 128 145 192 198
15
1 3 6 14 19 20 23 40 75 78 79 93 131 144 198
10
30 72 90 102 108 136 162 174 180 200
20
12 21 45 46 48 53 56 58 64 80 83 87 111 112 122 140 149 170 171 172
21
36 37 42 53 62 64 65 75 83 94 95 101 128 136 149 155 157 163 167 183 189
19
5 7 24 36 42 52 79 91 101 110 131 141 157 176 178 188 190 192 198
12
2 7 36 39 48 58 76 91 114 126 144 198
26
7 32 41 43 45 55 61 62 88 90 100 101 103 108 114 117 128 131 133 149 155 162 164 171 177 196
25
4 20 23 35 49 64 70 75 80 88 95 103 110 113 119 127 138 140 142 148 163 171 172 175 198
16
20 56 60 74 92 93 106 112 120 126 135 146 162 170 183 188
19
2 6 8 14 60 63 65 73 93 98 103 104 113 124 135 142 152 158 194
22
4 17 22 28 33 34 36 53 68 98 105 116 124 131 147 170 174 175 180 185 188 199
25
4 15 24 32 47 63 66 73 77 83 89 94 107 110 115 138 146 149 151 153 155 163 169 184 200
23
12 25 39 45 49 62 70 91 101 109 112 115 122 126 142 149 153 167 172 177 179 186 194
22
18 39 42 50 53 59 81 90 108 110 116 122 126 128 151 153 167 171 174 176 189 191
18
3 13 17 25 33 53 58 62 87 124 136 139 141 151 153 161 175 186
15
8 18 19 21 44 60 70 73 81 85 89 97 162 188 199
6
5 91 122 146 159 199
15
16 23 32 35 49 63 69 75 101 104 137 152 159 173 177
20
1 3 15 26 32 40 66 67 68 82 87 103 116 117 131 136 139 152 173 181
18
10 29 32 33 36 71 72 83 86 102 107 110 111 146 164 184 187 188
15
4 9 11 25 26 34 52 99 121 159 164 167 183 185 196
24
15 22 32 36 46 58 62 66 70 81 82 87 98 108 117 123 134 143 154 156 163 174 176 194
14
2 9 60 65 69 71 105 132 144 151 174 175 181 192
21
1 3 13 25 32 45 52 55 63 71 83 89 98 99 121 133 146 163 166 199 200
18
13 22 35 43 46 48 49 66 67 97 116 120 122 136 165 179 181 183
20
1 14 22 43 77 78 84 90 91 102 104 108 133 143 147 155 159 190 198 200
23
1 2 32 38 71 75 82 96 97 112 131 134 143 145 160 171 175 178 183 185 194 195 197
19
3 22 27 35 41 46 48 53 55 57 70 94 98 105 110 114 121 142 200
16
18 36 66 69 72 86 108 127 134 142 157 168 176 190 192 193
26
11 12 27 30 31 50 51 57 59 67 69 72 89 90 95 97 118 125 128 135 136 139 149 156 167 190
22
3 10 12 14 26 33 37 61 66 83 90 112 116 120 125 127 130 148 152 162 178 197
21
18 19 21 22 40 43 49 60 65 67 72 82 94 99 118 120 142 160 173 180 188
17
18 19 26 38 43 53 54 65 73 88 118 119 123 143 149 170 184
18
42 44 46 48 49 59 60 67 69 76 83 94 105 106 110 144 170 191
23
1 27 50 55 58 65 70 73 78 89 98 104 113 120 140 143 154 159 169 173 175 180 188
17
9 10 17 20 23 28 64 85 106 107 127 141 142 153 175 177 182
19
3 13 16 18 24 36 42 46 56 75 95 102 117 140 158 161 170 183 194
15
35 51 58 62 65 67 98 116 119 153 155 158 169 172 192
29
7 9 10 28 39 41 44 61 75 76 79 80 84 88 93 95 96 116 121 122 134 138 139 142 143 158 183 190 195
24
2 19 37 52 53 55 56 57 77 87 88 90 121 132 137 148 149 166 175 177 178 183 187 191
16
16 22 31 70 84 88 91 98 106 110 146 155 160 164 192 197
21
2 6 20 28 36 39 52 55 59 68 95 101 117 119 125 135 136 158 179 186 192
21
4 10 11 24 36 41 42 43 53 62 75 119 121 122 127 129 144 167 174 179 187
16
10 17 21 26 37 69 79 102 111 125 132 135 149 150 191 198
11
10 12 27 92 98 102 103 125 127 154 169
20
11 33 48 57 70 78 84 86 95 98 102 103 122 124 144 146 151 166 170 194
21
1 5 7 21 27 46 57 66 96 105 107 113 114 126 130 161 162 183 185 186 194
21
2 4 16 17 20 39 46 55 82 87 98 116 123 131 153 163 169 172 178 185 191
20
19 28 30 40 41 47 55 63 70 76 113 122 136 141 148 174 177 179 182 185
16
21 51 57 72 77 80 82 87 92 123 130 134 139 160 187 191
14
17 19 20 50 60 71 75 99 106 129 140 165 188 194
20
20 23 24 28 33 52 60 71 74 75 81 99 123 126 131 136 149 179 186 198
10
4 8 18 23 53 56 115 127 178 187
21
10 14 15 21 24 25 30 35 40 81 96 106 112 124 128 148 162 163 175 177 198
28
7 10 11 30 32 35 36 56 58 69 79 82 83 86 91 93 99 125 126 132 145 152 154 166 168 171 178 195
33
7 8 11 21 23 25 26 34 41 52 57 62 78 82 85 92 96 106 113 116 118 126 133 135 140 143 153 162 166 170 174 182 185
21
6 13 26 57 64 68 71 80 86 92 112 113 118 123 129 138 139 158 162 163 191
21
6 10 16 20 30 45 62 98 106 107 117 134 138 139 153 156 157 162 174 190 197
21
1 12 15 23 32 42 47 53 64 65 72 74 79 89 105 139 148 154 165 189 191
17
1 2 3 17 44 79 80 91 116 135 146 151 170 183 190 193 197
25
16 22 27 31 35 44 49 84 91 99 101 111 118 123 124 129 137 140 147 160 171 178 192 193 198
17
4 14 21 43 69 79 90 96 98 112 135 149 154 155 175 176 194
22
8 21 24 36 40 50 52 53 58 71 74 117 120 127 129 156 167 169 172 180 193 197
20
13 14 22 26 47 59 61 89 105 106 113 119 142 156 165 166 168 181 189 194
15
18 32 49 50 63 70 89 93 100 146 166 168 183 191 194
20
9 15 22 44 49 93 96 99 113 115 118 139 142 143 153 169 170 186 191 195
22
6 22 49 57 59 67 73 77 80 89 94 99 116 123 124 133 135 136 143 150 163 196
20
12 13 15 37 44 49 57 63 80 109 113 117 128 133 137 147 149 170 176 185
21
14 22 25 28 35 36 69 82 84 88 97 105 117 125 132 138 169 179 180 183 192
12
6 7 63 77 103 104 105 137 159 176 185 189
19
14 27 28 29 35 52 59 60 69 80 85 100 108 117 138 157 163 181 195
19
4 36 43 67 68 74 78 84 94 119 122 123 125 129 156 165 168 172 190
19
10 21 24 28 33 36 40 44 47 55 72 90 101 103 123 126 165 175 200
25
10 11 13 16 19 27 40 41 49 72 82 84 94 109 121 126 129 142 148 149 152 155 180 185 192
15
29 32 35 37 44 46 56 63 67 80 85 119 121 157 188
25
3 7 22 23 33 41 51 68 85 92 99 117 125 128 136 156 157 166 168 178 179 184 188 194 195
23
5 11 25 35 38 50 70 76 97 103 104 109 117 118 131 138 141 156 183 187 189 192 198
30
8 13 27 39 55 56 57 64 65 66 67 70 74 79 89 97 98 102 104 111 113 122 132 144 146 155 166 177 182 189
24
17 22 24 37 38 51 52 55 58 67 73 76 79 97 104 108 122 126 128 129 130 137 152 164
25
3 13 17 18 32 34 37 38 55 62 65 78 81 102 107 112 122 130 140 144 146 164 165 182 200
21
7 14 16 17 22 27 34 37 52 88 103 144 146 157 161 169 172 181 188 195 196
11
4 27 58 61 87 115 118 153 161 170 186
15
59 62 67 72 84 86 100 107 123 137 145 146 154 180 194
19
11 20 28 32 45 55 82 83 90 116 120 121 131 140 145 151 160 166 179
20
2 9 12 13 19 25 29 85 97 108 112 117 119 142 154 165 182 195 197 200
21
5 8 33 59 82 90 94 96 97 108 113 120 123 129 131 138 159 164 168 173 181
18
9 11 15 17 21 22 30 43 54 72 83 91 109 113 148 160 167 186
20
4 8 16 30 44 67 69 76 79 82 101 136 140 148 173 174 175 186 193 200
21
1 5 7 12 26 31 38 78 81 88 95 101 103 126 127 131 133 151 162 171 193
24
23 32 34 51 74 77 82 90 93 100 124 127 129 141 142 156 166 167 174 182 185 192 198 199
23
7 12 13 15 17 30 48 52 55 68 82 89 97 119 135 140 162 168 169 190 193 196 200
