50 100
1.0 1.0 1.0 1.0 1.0 1.0 1.0 1.0 1.0 1.0 1.0 1.0 1.0 1.0 1.0 1.0 1.0 1.0 1.0 1.0 1.0 1.0 1.0 1.0 1.0 1.0 1.0 1.0 1.0 1.0 1.0 1.0 1.0 1.0 1.0 1.0 1.0 1.0 1.0 1.0 1.0 1.0 1.0 1.0 1.0 1.0 1.0 1.0 1.0 1.0 1.0 1.0 1.0 1.0 1.0 1.0 1.0 1.0 1.0 1.0 1.0 1.0 1.0 1.0 1.0 1.0 1.0 1.0 1.0 1.0 1.0 1.0 1.0 1.0 1.0 1.0 1.0 1.0 1.0 1.0 1.0 1.0 1.0 1.0 1.0 1.0 1.0 1.0 1.0 1.0 1.0 1.0 1.0 1.0 1.0 1.0 1.0 1.0 1.0 1.0
7
32 36 49 55 64 82 83
6
30 40 65 66 68 79
5
25 51 65 69 75
6
28 32 37 49 50 90
6
19 33 36 38 63 89
9
6 8 12 29 47 74 84 87 88
1
75
6
2 20 38 46 84 92
4
39 44 46 75
3
5 16 97
4
23 32 40 41
6
6 28 69 84 91 98
3
6 7 33
4
16 28 92 96
3
50 75 95
4
6 30 62 78
1
62
6
4 30 53 63 66 95
5
10 42 44 61 89
4
6 25 73 74
4
58 71 79 98
5
6 18 33 57 74
4
8 21 26 100
4
56 66 74 75
4
4 13 26 36
3
29 57 91
8
1 12 25 29 41 63 68 87
4
29 61 67 100
7
19 32 33 46 49 56 84
5
14 35 42 62 66
1
60
11
2 18 25 26 36 57 59 63 64 73 94
3
1 91 92
2
26 36
4
7 19 35 90
5
3 16 35 72 97
3
15 37 61
4
1 2 72 83
8
12 16 17 20 44 60 67 69
7
1 4 19 25 52 59 99
8
14 20 21 42 63 82 91 93
5
5 23 57 90 99
10
10 20 21 22 37 46 52 68 80 94
4
3 79 95 100
3
16 34 97
6
20 46 49 83 94 97
3
39 91 98
5
11 19 48 65 78
4
27 36 56 73
6
4 32 59 92 95 99
