50 100
1.0 1.0 1.0 1.0 1.0 1.0 1.0 1.0 1.0 1.0 1.0 1.0 1.0 1.0 1.0 1.0 1.0 1.0 1.0 1.0 1.0 1.0 1.0 1.0 1.0 1.0 1.0 1.0 1.0 1.0 1.0 1.0 1.0 1.0 1.0 1.0 1.0 1.0 1.0 1.0 1.0 1.0 1.0 1.0 1.0 1.0 1.0 1.0 1.0 1.0 1.0 1.0 1.0 1.0 1.0 1.0 1.0 1.0 1.0 1.0 1.0 1.0 1.0 1.0 1.0 1.0 1.0 1.0 1.0 1.0 1.0 1.0 1.0 1.0 1.0 1.0 1.0 1.0 1.0 1.0 1.0 1.0 1.0 1.0 1.0 1.0 1.0 1.0 1.0 1.0 1.0 1.0 1.0 1.0 1.0 1.0 1.0 1.0 1.0 1.0
11
4 12 15 37 54 59 68 75 80 91 95
13
1 15 29 31 42 50 51 65 72 75 78 82 89
9
6 9 17 19 28 31 36 42 52
7
4 15 29 42 47 69 91
9
15 17 19 24 30 40 66 68 70
10
1 12 18 28 32 34 36 61 96 98
7
27 56 64 71 80 97 100
8
17 18 25 26 27 31 36 38
10
17 31 42 60 77 82 85 92 96 97
10
32 36 41 52 56 63 72 79 81 85
12
3 4 9 14 18 20 34 41 49 60 80 84
10
1 3 6 9 20 29 38 47 83 98
15
3 5 21 31 39 42 46 47 50 63 65 82 86 87 95
14
1 6 7 17 28 32 50 51 59 68 80 89 94 97
12
7 8 20 23 25 32 35 54 68 79 89 91
9
18 21 29 35 42 44 60 79 97
8
20 30 43 47 71 85 86 87
11
6 16 36 37 49 50 51 58 70 95 97
8
6 12 17 21 31 44 74 87
8
1 13 56 59 70 79 96 98
9
4 17 22 34 35 57 70 93 99
7
3 6 16 25 64 71 86
9
3 9 14 19 22 45 67 70 74
4
4 11 31 96
6
10 21 25 58 86 98
12
4 7 18 31 57 62 66 80 84 95 98 100
6
13 29 68 70 74 85
11
5 10 12 16 23 28 40 50 81 88 93
12
5 7 8 21 29 33 60 67 70 72 98 100
5
2 3 18 32 81
7
31 37 58 77 81 90 95
9
9 30 65 67 74 76 87 89 94
12
3 4 5 10 23 27 28 39 65 73 77 93
9
15 16 18 47 50 57 87 92 94
14
6 7 26 29 31 34 40 42 58 60 61 80 81 91
7
15 38 42 43 69 96 98
8
22 40 48 76 84 90 93 98
9
9 14 15 24 28 60 61 70 86
8
20 23 35 50 83 84 87 93
7
3 20 21 78 80 91 99
11
4 6 7 14 41 61 72 75 86 93 96
7
2 15 36 44 60 76 98
10
6 15 26 32 51 64 69 88 92 100
7
14 16 24 26 40 84 91
16
3 6 7 12 20 21 24 28 42 45 47 51 60 64 67 82
7
11 12 26 56 73 84 93
6
2 35 45 53 71 76
7
16 35 54 68 79 91 96
11
23 31 35 39 41 44 74 75 89 93 100
8
20 25 26 34 36 42 67 87
