100 200
1.0 1.0 1.0 1.0 1.0 1.0 1.0 1.0 1.0 1.0 1.0 1.0 1.0 1.0 1.0 1.0 1.0 1.0 1.0 1.0 1.0 1.0 1.0 1.0 1.0 1.0 1.0 1.0 1.0 1.0 1.0 1.0 1.0 1.0 1.0 1.0 1.0 1.0 1.0 1.0 1.0 1.0 1.0 1.0 1.0 1.0 1.0 1.0 1.0 1.0 1.0 1.0 1.0 1.0 1.0 1.0 1.0 1.0 1.0 1.0 1.0 1.0 1.0 1.0 1.0 1.0 1.0 1.0 1.0 1.0 1.0 1.0 1.0 1.0 1.0 1.0 1.0 1.0 1.0 1.0 1.0 1.0 1.0 1.0 1.0 1.0 1.0 1.0 1.0 1.0 1.0 1.0 1.0 1.0 1.0 1.0 1.0 1.0 1.0 1.0 1.0 1.0 1.0 1.0 1.0 1.0 1.0 1.0 1.0 1.0 1.0 1.0 1.0 1.0 1.0 1.0 1.0 1.0 1.0 1.0 1.0 1.0 1.0 1.0 1.0 1.0 1.0 1.0 1.0 1.0 1.0 1.0 1.0 1.0 1.0 1.0 1.0 1.0 1.0 1.0 1.0 1.0 1.0 1.0 1.0 1.0 1.0 1.0 1.0 1.0 1.0 1.0 1.0 1.0 1.0 1.0 1.0 1.0 1.0 1.0 1.0 1.0 1.0 1.0 1.0 1.0 1.0 1.0 1.0 1.0 1.0 1.0 1.0 1.0 1.0 1.0 1.0 1.0 1.0 1.0 1.0 1.0 1.0 1.0 1.0 1.0 1.0 1.0 1.0 1.0 1.0 1.0 1.0 1.0 1.0 1.0 1.0 1.0 1.0 1.0
6
5 11 14 141 151 170
6
10 16 74 139 189 200
8
7 37 54 136 138 159 178 184
8
44 45 76 78 121 126 140 163
17
10 35 60 74 84 101 110 112 121 125 128 168 181 183 185 186 192
9
14 38 44 63 81 99 153 162 190
12
1 6 13 35 36 56 77 89 92 111 140 162
8
53 54 61 91 110 118 171 195
14
3 6 10 17 33 62 92 109 119 150 153 174 180 188
11
15 25 29 36 40 76 100 101 115 125 152
9
3 17 75 94 122 138 171 184 190
12
53 54 69 75 76 92 107 110 117 165 199 200
8
3 20 36 39 85 110 127 130
5
37 41 113 124 125
12
24 27 29 48 68 89 103 117 136 164 190 194
15
41 56 64 70 73 84 94 115 142 146 157 179 182 197 200
10
1 46 68 72 91 97 132 164 169 200
11
7 12 57 59 74 90 126 140 171 177 194
5
27 88 94 171 179
13
12 30 42 43 57 60 69 71 119 130 159 185 193
6
40 77 87 120 132 184
11
8 25 53 78 101 105 133 140 146 148 194
16
19 28 30 38 70 79 106 111 114 119 139 160 164 186 188 200
6
18 20 32 45 54 118
13
17 40 47 63 69 75 89 122 132 134 140 149 190
9
18 55 62 64 76 131 132 161 179
9
39 43 65 79 87 112 127 149 181
6
14 24 56 80 88 108
6
1 25 36 82 108 154
8
19 25 52 65 89 110 163 166
9
42 63 77 105 106 108 174 186 188
13
1 13 20 44 50 62 67 81 85 105 113 165 197
12
3 16 63 67 96 104 111 126 148 149 168 183
3
31 56 134
8
59 89 100 106 139 143 148 178
12
18 28 30 32 42 97 124 125 127 144 158 164
5
24 27 58 164 183
11
30 69 71 81 108 125 129 144 162 164 183
11
37 83 85 91 105 106 107 111 112 120 161
17
16 26 53 61 66 67 99 106 115 130 135 152 161 168 178 185 187
16
4 21 33 54 63 76 83 100 105 113 140 151 156 168 179 195
10
7 9 35 42 98 104 127 159 166 192
10
21 65 68 106 135 136 137 138 152 170
8
24 34 52 56 91 126 139 169
9
9 29 46 85 105 106 154 190 192
10
24 33 36 83 95 149 182 186 192 195
10
34 37 39 48 51 66 160 183 191 200
10
29 30 34 39 56 77 83 132 137 162
13
25 32 37 45 64 65 69 78 112 150 151 182 187
9
4 96 102 108 145 147 156 174 197
11
15 17 21 32 38 42 61 108 109 128 180
17
15 19 43 46 52 72 78 87 111 123 134 156 163 179 184 186 191
9
10 12 54 60 92 111 124 136 151
10
6 41 88 118 126 135 151 188 193 200
9
22 76 87 104 119 121 135 165 169
11
15 19 29 40 51 72 73 75 78 81 145
9
10 30 83 107 127 144 153 174 187
10
36 44 69 80 116 129 145 154 159 170
8
22 37 78 146 155 176 177 189
10
11 17 27 34 69 74 130 137 142 163
10
13 50 75 81 112 122 155 162 178 195
8
37 44 83 93 125 137 155 192
10
10 34 42 47 51 57 66 101 129 162
17
8 9 12 26 33 55 64 65 77 112 140 144 147 150 168 170 195
5
71 86 94 117 140
11
8 48 78 84 95 108 109 119 120 157 192
14
2 17 22 27 37 60 68 74 95 127 138 139 160 165
8
17 37 64 83 134 157 172 174
13
2 3 9 12 15 21 60 140 150 165 178 188 191
10
15 22 46 69 73 86 104 141 176 178
12
3 9 15 18 66 88 89 92 127 169 178 192
11
17 24 39 43 77 84 96 105 123 166 171
9
10 11 47 49 55 119 134 177 195
8
6 59 63 90 96 127 179 196
9
10 65 104 117 124 130 145 152 158
13
16 22 46 62 73 85 116 120 127 132 165 196 197
10
24 48 81 87 90 92 119 137 151 185
14
4 27 42 53 67 103 131 142 144 170 177 181 186 189
7
23 34 41 53 58 96 194
8
12 17 39 76 144 165 197 199
7
32 88 96 97 142 168 192
5
6 31 108 116 200
5
31 38 39 128 141
10
6 8 14 49 73 135 137 147 181 196
5
43 59 76 135 142
7
14 34 90 139 173 189 199
6
99 116 129 175 176 198
16
7 9 14 22 33 49 54 58 96 102 123 135 136 158 169 196
5
39 57 166 167 200
9
54 85 115 144 152 173 175 180 194
13
10 17 20 62 97 118 135 140 143 146 157 165 180
15
16 60 64 99 104 117 132 143 147 151 156 166 176 180 193
6
81 97 99 126 141 195
13
4 30 36 54 64 66 71 88 127 142 144 178 180
10
73 75 91 94 108 121 130 172 173 187
15
23 27 28 32 89 91 95 106 108 145 154 155 164 175 195
9
4 17 75 85 103 130 132 141 182
8
27 76 97 139 145 168 177 198
8
1 14 22 52 98 110 148 183
7
96 115 117 146 155 159 160
