50 100
1.0 1.0 1.0 1.0 1.0 1.0 1.0 1.0 1.0 1.0 1.0 1.0 1.0 1.0 1.0 1.0 1.0 1.0 1.0 1.0 1.0 1.0 1.0 1.0 1.0 1.0 1.0 1.0 1.0 1.0 1.0 1.0 1.0 1.0 1.0 1.0 1.0 1.0 1.0 1.0 1.0 1.0 1.0 1.0 1.0 1.0 1.0 1.0 1.0 1.0 1.0 1.0 1.0 1.0 1.0 1.0 1.0 1.0 1.0 1.0 1.0 1.0 1.0 1.0 1.0 1.0 1.0 1.0 1.0 1.0 1.0 1.0 1.0 1.0 1.0 1.0 1.0 1.0 1.0 1.0 1.0 1.0 1.0 1.0 1.0 1.0 1.0 1.0 1.0 1.0 1.0 1.0 1.0 1.0 1.0 1.0 1.0 1.0 1.0 1.0
20
2 3 8 20 23 31 34 43 46 48 53 57 60 65 75 77 78 80 81 84
14
6 7 14 16 17 40 46 51 56 66 69 86 93 100
27
1 12 14 21 22 25 28 29 33 37 41 44 46 47 53 57 63 64 74 76 79 80 85 89 92 95 100
14
15 26 53 54 59 62 67 73 77 79 80 93 96 100
24
1 12 19 23 24 27 29 30 35 36 46 48 49 58 61 67 71 78 82 84 85 89 91 98
12
5 8 11 39 44 47 49 52 63 90 94 98
22
1 17 18 23 24 26 30 35 41 51 56 58 59 63 66 73 75 78 80 87 94 98
20
7 9 10 18 20 31 34 40 41 43 44 46 50 57 59 62 63 65 66 88
16
4 16 21 29 39 40 50 53 57 59 63 72 75 76 77 93
26
1 3 4 11 16 19 23 34 36 41 42 43 47 48 51 52 53 56 57 62 66 70 76 80 81 82
17
6 18 20 28 33 36 49 61 62 77 80 81 83 91 93 98 100
19
15 34 35 36 37 45 49 55 61 62 63 70 73 75 81 88 90 97 99
12
18 34 38 40 54 55 71 75 78 82 91 93
18
1 6 9 14 19 25 26 41 43 52 53 56 57 62 71 92 93 96
20
5 7 8 16 26 43 46 52 56 59 60 68 72 81 82 92 93 95 97 100
22
1 2 9 10 15 16 27 32 41 44 55 66 71 75 76 82 83 87 88 90 95 100
16
4 7 10 12 27 36 45 47 61 66 67 77 91 92 98 100
29
1 5 10 13 15 16 20 24 25 26 28 30 31 32 43 45 47 50 51 52 55 56 59 65 68 77 85 91 93
19
1 2 5 12 17 18 21 34 49 52 54 61 71 72 75 81 86 98 99
21
4 6 7 11 16 24 32 36 37 39 44 48 62 66 69 80 92 93 96 97 99
20
2 10 15 21 23 35 40 47 54 60 65 67 70 71 77 83 87 90 97 98
24
5 6 7 8 13 16 17 21 29 30 43 47 52 55 59 67 70 73 74 76 81 91 96 97
16
24 26 30 33 41 42 59 62 64 74 76 82 87 88 94 99
16
1 14 21 31 39 41 57 61 63 65 67 71 73 89 92 100
19
9 10 11 23 25 33 34 35 37 40 51 57 65 68 73 74 77 83 98
20
3 5 6 16 18 21 27 32 36 38 45 46 55 57 65 68 69 83 87 98
20
3 6 7 18 24 29 31 34 41 47 54 57 60 64 66 74 78 83 86 96
14
1 36 45 46 47 48 49 66 69 70 76 84 91 92
20
13 17 18 20 36 42 48 51 52 55 67 69 71 78 79 81 94 95 99 100
25
4 5 15 16 25 28 42 45 51 53 54 61 62 68 71 73 74 75 79 83 88 93 95 96 100
24
16 17 21 23 25 32 37 52 54 56 57 58 60 65 67 72 73 75 76 79 88 89 93 96
17
6 10 22 25 26 34 37 39 42 55 69 70 76 78 87 90 99
13
7 13 17 20 22 32 34 52 55 57 80 86 97
24
1 2 3 8 17 21 25 27 30 40 43 47 52 61 62 67 70 71 75 78 82 83 88 97
20
3 6 9 10 12 35 39 42 48 49 51 56 59 73 76 77 78 86 89 97
20
7 9 15 19 22 26 48 55 56 58 59 66 71 72 81 87 95 96 98 100
21
1 5 8 10 13 16 18 20 33 39 47 56 68 69 72 80 83 88 92 93 97
14
4 13 14 21 29 46 51 55 66 69 80 82 84 90
29
1 4 11 12 13 14 20 22 23 25 28 29 32 41 46 58 61 67 68 69 70 73 76 79 84 87 92 95 97
17
6 11 29 30 36 38 43 44 47 48 50 54 55 77 84 92 99
17
2 20 22 26 32 35 41 44 45 50 59 62 68 71 78 80 99
22
9 11 14 31 32 33 34 35 36 43 66 67 68 73 76 77 82 86 89 94 97 100
21
4 5 8 10 15 18 20 24 29 33 36 45 49 51 60 65 70 77 79 92 94
18
4 10 12 15 25 33 35 38 41 44 46 50 68 75 84 88 89 94
17
7 9 12 17 21 27 29 36 38 62 68 80 84 88 95 98 100
16
4 14 16 17 38 40 43 46 47 49 54 62 74 80 94 95
24
2 11 13 19 28 39 45 56 58 63 64 66 71 72 74 75 77 80 87 89 90 91 93 96
20
7 12 16 19 34 38 43 45 49 55 63 64 69 71 75 77 85 94 96 99
26
1 4 5 8 9 10 19 29 32 33 39 57 63 64 65 66 68 75 81 82 89 90 94 96 97 100
20
3 13 18 21 22 25 34 35 40 45 46 61 74 78 79 80 88 93 95 96
