150 300
1.0 1.0 1.0 1.0 1.0 1.0 1.0 1.0 1.0 1.0 1.0 1.0 1.0 1.0 1.0 1.0 1.0 1.0 1.0 1.0 1.0 1.0 1.0 1.0 1.0 1.0 1.0 1.0 1.0 1.0 1.0 1.0 1.0 1.0 1.0 1.0 1.0 1.0 1.0 1.0 1.0 1.0 1.0 1.0 1.0 1.0 1.0 1.0 1.0 1.0 1.0 1.0 1.0 1.0 1.0 1.0 1.0 1.0 1.0 1.0 1.0 1.0 1.0 1.0 1.0 1.0 1.0 1.0 1.0 1.0 1.0 1.0 1.0 1.0 1.0 1.0 1.0 1.0 1.0 1.0 1.0 1.0 1.0 1.0 1.0 1.0 1.0 1.0 1.0 1.0 1.0 1.0 1.0 1.0 1.0 1.0 1.0 1.0 1.0 1.0 1.0 1.0 1.0 1.0 1.0 1.0 1.0 1.0 1.0 1.0 1.0 1.0 1.0 1.0 1.0 1.0 1.0 1.0 1.0 1.0 1.0 1.0 1.0 1.0 1.0 1.0 1.0 1.0 1.0 1.0 1.0 1.0 1.0 1.0 1.0 1.0 1.0 1.0 1.0 1.0 1.0 1.0 1.0 1.0 1.0 1.0 1.0 1.0 1.0 1.0 1.0 1.0 1.0 1.0 1.0 1.0 1.0 1.0 1.0 1.0 1.0 1.0 1.0 1.0 1.0 1.0 1.0 1.0 1.0 1.0 1.0 1.0 1.0 1.0 1.0 1.0 1.0 1.0 1.0 1.0 1.0 1.0 1.0 1.0 1.0 1.0 1.0 1.0 1.0 1.0 1.0 1.0 1.0 1.0 1.0 1.0 1.0 1.0 1.0 1.0 1.0 1.0 1.0 1.0 1.0 1.0 1.0 1.0 1.0 1.0 1.0 1.0 1.0 1.0 1.0 1.0 1.0 1.0 1.0 1.0 1.0 1.0 1.0 1.0 1.0 1.0 1.0 1.0 1.0 1.0 1.0 1.0 1.0 1.0 1.0 1.0 1.0 1.0 1.0 1.0 1.0 1.0 1.0 1.0 1.0 1.0 1.0 1.0 1.0 1.0 1.0 1.0 1.0 1.0 1.0 1.0 1.0 1.0 1.0 1.0 1.0 1.0 1.0 1.0 1.0 1.0 1.0 1.0 1.0 1.0 1.0 1.0 1.0 1.0 1.0 1.0 1.0 1.0 1.0 1.0 1.0 1.0 1.0 1.0 1.0 1.0 1.0 1.0 1.0 1.0 1.0 1.0 1.0 1.0 1.0 1.0 1.0 1.0 1.0 1.0
16
3 38 43 56 65 109 141 142 156 230 232 257 260 277 279 300
10
27 55 61 63 109 117 166 200 230 298
22
9 11 21 26 41 55 70 92 108 119 130 147 162 174 176 197 212 221 239 247 264 268
15
22 56 83 112 115 126 128 155 159 174 192 234 250 276 279
17
6 27 33 60 62 121 142 145 148 150 163 168 250 277 287 288 300
13
11 21 47 61 73 74 120 145 148 252 258 282 300
13
14 30 53 147 152 154 198 214 248 252 279 280 287
7
75 137 142 195 234 244 260
17
11 28 48 65 130 134 143 156 196 203 220 239 251 260 281 287 296
15
53 94 118 128 135 147 175 197 207 216 227 230 272 290 295
17
27 28 34 58 66 80 83 92 114 148 158 193 200 201 204 205 292
13
10 13 64 108 126 135 144 170 199 207 223 248 255
8
6 28 32 35 39 147 172 210
13
37 66 71 76 120 124 130 157 168 186 197 202 294
9
29 31 46 63 64 136 145 172 266
14
12 28 78 80 101 135 142 198 211 220 242 244 258 274
12
12 18 22 105 150 216 260 281 287 290 292 294
11
7 21 34 37 111 130 166 184 231 233 256
22
20 36 65 71 73 76 86 92 106 112 113 125 139 168 173 225 236 259 260 264 284 292
23
9 12 17 19 46 59 65 69 81 95 139 148 151 155 159 175 182 220 229 243 251 272 299
13
11 27 30 68 84 116 143 159 164 181 194 214 250
11
36 60 91 120 121 145 160 179 189 193 254
21
2 16 57 59 67 77 121 124 138 139 153 154 166 169 198 207 240 249 258 290 298
16
32 39 79 89 109 131 138 169 184 186 191 192 218 268 278 287
11
1 21 49 80 148 177 181 236 260 278 297
17
2 5 16 42 47 77 102 139 194 208 226 233 236 262 264 276 288
6
5 24 179 221 273 299
17
4 42 76 77 126 162 184 185 206 208 211 220 273 274 278 279 298
15
7 11 19 28 44 90 133 145 148 171 229 237 244 281 293
13
21 88 119 137 140 142 148 169 202 228 256 264 298
14
28 63 83 86 96 107 110 141 151 174 175 213 256 286
17
59 77 80 83 110 119 135 141 170 196 212 217 221 233 247 268 299
15
6 12 13 15 57 67 72 77 92 140 157 164 200 244 271
16
2 36 62 114 122 128 133 179 184 187 220 228 252 258 271 295
17
3 23 30 53 74 88 125 128 172 175 183 192 197 200 212 217 254
16
20 26 56 69 75 132 143 150 155 158 171 178 212 216 218 287
18
15 17 53 68 99 103 134 148 157 177 182 201 202 225 236 245 268 295
15
2 24 36 52 54 66 69 103 110 111 136 192 240 258 282
9
25 26 33 39 175 201 230 271 285
15
7 10 26 39 66 67 72 79 109 120 135 143 157 250 297
16
23 31 33 78 122 125 136 145 151 187 198 200 218 222 268 289
20
10 11 55 72 77 83 103 108 120 125 132 134 153 192 246 254 259 279 295 296
16
20 47 58 68 82 91 138 150 151 155 183 207 212 226 251 263
16
2 27 33 46 66 148 171 183 187 216 242 248 260 292 296 297
10
7 27 81 117 149 161 178 189 218 297
16
23 33 58 63 64 78 102 103 104 127 144 152 227 232 269 294
12
8 20 36 49 86 119 170 186 223 228 270 280
13
25 31 32 49 156 186 220 223 226 247 251 259 289
12
20 35 39 53 94 114 116 119 245 270 296 298
18
6 8 59 71 73 91 103 109 122 131 138 149 185 187 201 220 226 228
14
1 6 7 23 34 37 47 58 116 144 160 258 265 294
17
6 13 15 28 32 33 47 60 70 73 82 108 155 164 193 224 287
15
79 83 98 121 126 137 146 171 172 200 223 231 248 295 300
8
11 53 85 119 133 140 263 278
15
2 17 24 52 75 82 90 153 169 170 173 201 269 270 293
23
1 22 36 42 60 73 85 87 92 99 111 129 131 140 143 151 179 180 217 230 281 284 287
11
15 32 37 106 132 157 172 229 236 249 267
22
9 12 13 22 27 30 38 45 50 63 86 131 137 162 165 210 218 238 257 259 282 299
15
6 22 25 32 51 55 99 120 137 181 210 230 234 282 287
10
3 71 145 167 172 189 191 219 277 283
21
15 20 60 67 131 146 152 163 167 169 202 208 209 218 229 239 240 282 285 295 298
13
31 61 101 109 119 133 180 241 247 255 284 294 300
16
30 44 52 55 56 79 88 105 108 137 161 165 186 221 247 286
17
34 68 80 120 141 169 171 180 183 185 196 199 201 209 216 227 256
21
30 35 44 62 73 74 78 82 84 92 128 154 167 186 200 203 212 222 248 258 295
23
23 40 41 62 63 69 89 100 106 108 109 151 153 164 174 178 194 217 243 249 277 280 282
20
7 12 19 35 36 39 65 78 80 87 153 179 180 192 203 216 257 281 293 296
16
32 58 66 75 88 91 98 113 153 161 205 233 255 276 287 288
18
22 25 42 51 71 83 99 109 137 168 174 179 224 246 249 278 285 293
15
19 93 96 111 112 133 172 180 199 209 218 269 277 291 299
17
4 17 28 33 42 51 54 56 106 107 125 141 209 211 229 291 297
11
4 50 63 87 100 101 112 140 150 194 237
8
16 89 126 131 160 172 222 288
15
49 52 55 90 107 121 132 149 162 171 176 184 249 256 262
22
16 19 28 48 70 113 120 125 141 142 147 178 181 192 193 194 201 227 242 251 261 264
16
5 12 17 24 42 100 114 120 122 131 172 179 230 232 266 300
18
7 9 19 48 71 78 93 101 109 128 131 132 178 194 205 207 235 272
16
38 48 104 118 128 152 158 161 163 182 194 207 229 261 267 288
14
7 19 44 51 106 107 127 152 199 249 273 280 289 297
25
9 18 20 22 56 73 91 113 115 123 149 163 173 186 188 189 195 197 206 209 227 250 259 264 273
21
10 14 44 64 66 81 97 134 137 141 151 181 187 189 193 232 240 252 266 272 295
14
35 41 55 56 65 70 125 142 159 160 190 240 241 259
15
32 51 52 64 70 77 81 143 174 176 225 239 246 286 290
16
15 43 90 105 106 143 166 168 169 172 179 200 217 235 291 295
8
6 50 65 96 144 187 239 240
20
2 32 43 68 99 113 118 121 153 164 180 189 191 201 223 258 260 270 272 282
13
1 11 21 41 59 91 100 115 186 187 235 292 294
12
67 93 103 130 135 136 149 152 158 223 231 259
20
38 52 65 66 85 120 126 128 129 134 140 160 170 174 206 221 256 275 280 291
8
63 98 124 138 174 242 247 285
16
9 23 28 51 61 67 83 84 139 179 202 209 236 238 256 284
8
3 58 78 132 182 211 224 278
19
22 30 37 45 57 59 68 84 87 92 98 102 106 124 128 205 214 234 256
25
3 28 30 53 70 71 76 95 96 123 131 141 158 162 204 207 212 219 234 239 248 270 285 288 292
15
11 16 34 36 69 118 132 149 170 183 214 242 243 248 298
21
16 17 27 40 84 87 96 112 148 174 190 205 210 217 238 242 254 272 273 277 287
18
1 2 56 62 67 68 89 108 126 135 171 183 222 234 242 251 271 277
15
10 16 30 56 60 86 92 95 110 112 147 169 177 212 226
13
2 9 11 35 67 82 133 195 238 239 249 252 297
17
13 34 38 55 80 106 109 113 119 149 161 217 223 241 250 258 298
12
24 60 104 131 167 178 208 234 255 284 287 297
20
9 30 54 68 71 74 77 125 157 160 168 177 182 184 191 192 201 221 277 292
18
63 94 107 114 144 146 158 173 179 181 190 238 249 258 265 274 295 298
14
22 41 67 96 127 155 160 174 213 215 217 287 289 298
13
26 27 83 112 120 206 211 226 229 232 252 270 296
14
4 30 47 57 157 164 173 197 213 227 248 253 277 300
16
11 33 40 77 105 119 123 162 211 212 256 267 277 284 289 296
21
22 26 35 48 58 91 107 131 139 148 171 186 197 199 200 210 215 247 262 263 300
18
1 14 30 44 64 98 104 146 153 158 164 166 174 182 229 245 260 286
22
10 15 17 78 103 131 135 139 145 157 192 193 194 195 231 236 238 245 254 264 275 291
16
19 29 31 45 70 82 85 110 123 141 159 171 184 195 200 263
20
6 25 39 47 72 74 85 102 107 109 138 139 152 186 195 212 230 243 253 261
13
117 133 154 157 181 191 221 231 256 263 265 270 298
11
138 159 160 162 174 180 186 230 269 270 281
18
13 16 28 30 75 77 79 82 103 108 121 187 253 254 259 267 277 286
18
35 49 58 60 66 67 74 87 100 112 130 165 208 220 242 249 267 287
20
4 36 43 51 75 79 85 94 95 100 130 135 165 177 184 211 244 248 250 278
13
14 22 40 41 72 131 145 153 180 218 245 269 291
15
26 38 44 51 68 155 176 191 193 213 221 234 242 244 285
10
20 73 96 154 185 201 229 232 251 258
18
1 14 38 42 57 71 82 91 107 126 180 190 238 239 250 287 290 294
21
3 11 18 24 26 69 102 115 157 159 181 198 213 224 232 235 244 264 281 283 286
18
1 11 13 48 85 107 121 122 141 171 185 192 199 205 208 215 251 284
7
4 71 148 188 211 271 285
15
21 56 98 99 144 150 202 206 210 213 220 221 228 244 276
11
40 58 87 93 108 175 185 221 248 260 264
23
31 32 34 40 45 53 56 63 74 86 126 140 164 168 197 204 215 242 259 266 284 286 291
14
39 53 63 73 87 150 153 157 162 166 176 186 239 250
8
6 127 143 146 202 229 262 271
15
9 72 83 89 92 117 122 143 169 177 185 212 258 267 273
10
30 54 71 121 141 145 173 186 192 208
19
6 18 37 42 72 131 172 179 180 186 188 192 226 229 230 235 237 261 300
12
10 23 28 38 43 64 87 96 132 193 195 245
10
61 65 88 126 147 180 219 237 274 280
13
5 13 28 61 83 112 134 141 186 210 245 275 286
12
17 56 69 70 113 162 201 214 221 237 257 291
16
7 31 55 61 64 69 177 186 203 249 252 257 279 280 286 297
7
35 37 71 88 217 255 281
21
6 10 22 63 69 108 116 134 145 162 164 166 169 181 223 229 232 249 258 261 275
15
5 11 13 60 69 107 108 116 138 159 216 220 242 245 297
14
4 52 94 99 122 141 148 217 218 219 288 289 291 293
12
20 48 49 73 77 110 128 185 193 221 238 271
11
14 15 58 131 169 193 205 206 209 249 272
16
28 29 72 115 139 142 161 184 189 198 211 215 217 224 246 261
16
37 47 56 65 85 136 158 159 179 194 219 228 268 274 291 293
13
5 56 59 79 105 110 116 155 170 208 210 212 288
11
24 25 40 43 76 113 173 212 224 259 272
14
15 40 71 107 117 128 130 145 153 167 183 221 252 284
18
27 52 81 105 114 117 131 156 158 164 235 236 248 270 280 287 298 300
13
1 10 21 27 118 119 155 156 163 169 217 233 247
