100 200
1.0 1.0 1.0 1.0 1.0 1.0 1.0 1.0 1.0 1.0 1.0 1.0 1.0 1.0 1.0 1.0 1.0 1.0 1.0 1.0 1.0 1.0 1.0 1.0 1.0 1.0 1.0 1.0 1.0 1.0 1.0 1.0 1.0 1.0 1.0 1.0 1.0 1.0 1.0 1.0 1.0 1.0 1.0 1.0 1.0 1.0 1.0 1.0 1.0 1.0 1.0 1.0 1.0 1.0 1.0 1.0 1.0 1.0 1.0 1.0 1.0 1.0 1.0 1.0 1.0 1.0 1.0 1.0 1.0 1.0 1.0 1.0 1.0 1.0 1.0 1.0 1.0 1.0 1.0 1.0 1.0 1.0 1.0 1.0 1.0 1.0 1.0 1.0 1.0 1.0 1.0 1.0 1.0 1.0 1.0 1.0 1.0 1.0 1.0 1.0 1.0 1.0 1.0 1.0 1.0 1.0 1.0 1.0 1.0 1.0 1.0 1.0 1.0 1.0 1.0 1.0 1.0 1.0 1.0 1.0 1.0 1.0 1.0 1.0 1.0 1.0 1.0 1.0 1.0 1.0 1.0 1.0 1.0 1.0 1.0 1.0 1.0 1.0 1.0 1.0 1.0 1.0 1.0 1.0 1.0 1.0 1.0 1.0 1.0 1.0 1.0 1.0 1.0 1.0 1.0 1.0 1.0 1.0 1.0 1.0 1.0 1.0 1.0 1.0 1.0 1.0 1.0 1.0 1.0 1.0 1.0 1.0 1.0 1.0 1.0 1.0 1.0 1.0 1.0 1.0 1.0 1.0 1.0 1.0 1.0 1.0 1.0 1.0 1.0 1.0 1.0 1.0 1.0 1.0 1.0 1.0 1.0 1.0 1.0 1.0
9
17 45 90 92 103 106 175 189 193
12
2 39 45 66 76 83 107 110 111 133 134 152
12
18 57 60 64 85 91 104 122 162 165 174 187
10
1 33 42 81 112 131 174 180 187 199
8
57 59 85 86 88 159 164 186
10
32 79 86 120 123 129 155 164 178 183
11
7 14 20 42 51 120 150 152 168 190 195
16
9 10 16 30 37 64 68 70 72 98 108 114 126 139 144 189
7
34 82 96 128 183 194 195
15
4 5 12 39 47 85 89 114 116 127 146 153 168 187 189
7
40 46 79 82 84 96 190
9
1 6 38 86 97 134 183 196 200
6
83 107 128 132 172 198
11
3 7 9 15 49 52 56 132 144 173 186
10
32 44 55 79 82 91 107 156 159 190
12
14 44 68 80 104 113 130 153 157 180 183 200
12
3 24 32 44 50 63 69 79 103 107 139 190
12
2 33 37 49 56 57 65 91 94 100 159 175
10
8 27 80 84 89 105 107 130 165 176
12
45 58 62 79 93 94 103 124 138 147 185 187
10
17 24 39 53 64 106 132 133 163 191
12
2 7 18 38 79 92 100 102 136 147 185 195
13
2 15 23 46 57 95 133 147 151 162 179 190 193
10
25 61 76 80 160 166 185 186 189 191
9
55 74 89 106 112 141 167 178 186
10
3 106 112 115 128 142 157 170 171 198
8
15 22 34 40 68 90 100 132
10
5 39 65 74 98 116 125 134 162 180
15
12 13 14 25 45 70 79 86 119 122 158 161 174 190 197
8
5 20 51 54 61 124 161 169
8
21 36 78 83 114 132 168 178
9
1 39 54 94 101 119 186 196 197
6
101 113 114 147 155 163
10
7 24 31 52 53 66 91 97 138 190
9
45 53 74 82 103 109 137 169 186
11
5 23 31 37 48 53 64 106 120 149 165
13
62 66 71 83 89 114 119 122 133 142 151 171 195
12
15 25 39 58 66 69 77 78 88 136 191 199
5
16 33 128 175 180
12
24 45 49 61 68 89 130 144 149 153 160 162
13
21 27 32 44 47 72 78 83 86 113 114 131 136
6
29 54 102 165 169 192
11
6 20 26 41 45 51 61 76 135 165 175
14
36 62 64 77 92 112 118 134 137 140 144 151 154 161
13
4 68 90 99 105 118 126 139 145 156 166 168 174
5
21 29 141 187 193
3
166 185 189
13
3 17 18 35 83 88 94 131 140 153 185 188 197
7
22 36 53 61 75 82 141
6
70 71 107 137 155 182
16
8 11 36 37 40 42 46 48 54 74 88 114 126 138 150 156
5
6 26 69 144 160
10
13 24 68 81 90 96 126 147 170 183
5
7 47 49 125 159
9
22 51 66 99 125 148 155 161 187
10
45 62 69 88 110 120 121 154 176 193
8
8 109 111 124 157 183 195 198
8
14 64 66 89 123 141 162 167
6
13 40 45 99 130 140
9
8 9 41 55 88 162 165 176 196
9
41 48 50 57 140 152 163 193 197
18
9 23 26 27 30 40 41 75 113 121 127 136 137 145 150 156 162 200
11
1 22 31 45 68 103 116 135 152 165 191
11
14 15 44 52 54 72 109 126 154 182 184
13
16 35 40 42 55 69 84 118 135 138 141 191 192
11
6 34 47 51 70 73 87 92 107 153 157
9
7 10 38 62 73 79 88 94 158
10
12 23 83 99 116 142 159 162 182 184
11
9 34 54 64 88 128 138 184 185 189 198
9
8 40 76 105 107 141 145 149 183
7
3 69 131 143 152 174 185
11
41 52 64 72 82 84 100 125 142 149 164
9
12 23 32 78 93 130 154 174 192
12
33 74 82 89 118 121 122 129 133 134 139 167
7
18 56 77 108 158 181 193
12
12 23 36 38 43 73 95 119 145 170 186 197
9
10 14 37 41 42 83 131 132 164
9
8 16 24 31 83 111 131 134 177
11
6 14 23 24 48 57 62 74 116 140 156
5
86 91 130 153 171
8
34 40 77 80 126 143 144 168
9
20 33 61 69 103 107 142 145 173
9
27 29 33 37 42 93 113 159 193
10
12 18 28 50 69 99 119 136 179 183
12
13 26 35 118 119 122 134 142 147 150 169 170
6
77 79 93 101 114 150
8
32 55 63 84 97 112 130 143
10
32 49 77 104 117 124 162 173 188 196
9
6 23 30 42 65 121 131 136 197
11
21 34 51 67 89 93 100 103 112 168 170
5
77 78 132 153 188
10
14 24 30 31 56 89 135 150 187 200
7
17 39 50 52 76 153 175
6
1 106 109 126 182 195
8
6 64 91 103 151 173 176 183
4
15 113 135 152
9
4 6 19 33 67 144 155 184 200
13
27 39 63 83 91 116 123 127 129 139 180 190 195
11
11 16 18 21 31 77 108 125 168 185 198
11
42 70 89 90 105 108 112 123 130 140 172
