100 200
1.0 1.0 1.0 1.0 1.0 1.0 1.0 1.0 1.0 1.0 1.0 1.0 1.0 1.0 1.0 1.0 1.0 1.0 1.0 1.0 1.0 1.0 1.0 1.0 1.0 1.0 1.0 1.0 1.0 1.0 1.0 1.0 1.0 1.0 1.0 1.0 1.0 1.0 1.0 1.0 1.0 1.0 1.0 1.0 1.0 1.0 1.0 1.0 1.0 1.0 1.0 1.0 1.0 1.0 1.0 1.0 1.0 1.0 1.0 1.0 1.0 1.0 1.0 1.0 1.0 1.0 1.0 1.0 1.0 1.0 1.0 1.0 1.0 1.0 1.0 1.0 1.0 1.0 1.0 1.0 1.0 1.0 1.0 1.0 1.0 1.0 1.0 1.0 1.0 1.0 1.0 1.0 1.0 1.0 1.0 1.0 1.0 1.0 1.0 1.0 1.0 1.0 1.0 1.0 1.0 1.0 1.0 1.0 1.0 1.0 1.0 1.0 1.0 1.0 1.0 1.0 1.0 1.0 1.0 1.0 1.0 1.0 1.0 1.0 1.0 1.0 1.0 1.0 1.0 1.0 1.0 1.0 1.0 1.0 1.0 1.0 1.0 1.0 1.0 1.0 1.0 1.0 1.0 1.0 1.0 1.0 1.0 1.0 1.0 1.0 1.0 1.0 1.0 1.0 1.0 1.0 1.0 1.0 1.0 1.0 1.0 1.0 1.0 1.0 1.0 1.0 1.0 1.0 1.0 1.0 1.0 1.0 1.0 1.0 1.0 1.0 1.0 1.0 1.0 1.0 1.0 1.0 1.0 1.0 1.0 1.0 1.0 1.0 1.0 1.0 1.0 1.0 1.0 1.0 1.0 1.0 1.0 1.0 1.0 1.0
44
1 14 17 19 30 32 35 36 39 47 52 56 60 62 68 69 73 85 86 90 91 92 93 94 104 106 111 115 126 127 129 131 142 144 155 159 165 169 172 177 178 187 191 196
47
3 7 11 13 17 18 20 25 26 28 29 32 40 41 42 47 53 54 61 65 70 72 73 77 78 83 87 88 98 107 110 111 113 128 131 136 145 146 151 160 162 164 167 174 176 179 188
53
4 7 17 18 22 23 24 25 27 31 36 38 41 45 52 53 55 59 60 61 62 72 73 74 78 79 83 86 87 93 99 102 111 115 117 122 123 130 132 147 148 150 158 159 160 163 164 167 170 174 179 189 191
34
3 4 7 8 16 23 29 42 46 49 56 57 58 75 84 92 103 107 113 120 125 131 139 143 146 150 158 160 161 168 179 192 193 199
42
4 10 16 21 24 29 34 44 51 55 58 71 74 75 76 83 90 91 94 98 110 111 114 117 119 120 127 128 133 144 148 153 155 156 157 162 166 169 172 176 179 184
47
4 7 10 13 14 15 20 22 27 34 37 42 43 46 52 57 61 64 72 73 77 78 79 80 84 85 93 98 112 118 120 121 126 128 131 154 158 161 171 173 174 184 187 192 195 199 200
33
19 25 58 63 64 67 73 75 91 98 111 114 115 124 129 130 136 137 139 140 144 145 149 151 152 157 159 165 167 168 181 192 199
39
1 3 4 14 15 18 29 32 35 40 44 48 49 51 53 57 59 76 81 84 99 102 107 115 117 119 120 123 128 132 137 147 160 162 169 178 183 185 190
43
10 11 15 16 19 26 33 36 39 41 47 49 52 55 57 59 62 79 80 87 94 99 101 103 104 116 119 120 126 129 137 141 149 151 154 157 159 160 163 165 187 193 199
35
1 9 15 17 18 22 32 33 42 47 49 52 55 56 64 65 69 71 79 81 82 92 95 100 101 103 104 120 139 158 159 162 163 171 189
39
5 6 12 15 18 32 38 40 41 42 45 49 56 74 76 83 84 98 102 111 114 116 127 132 135 137 142 147 153 156 161 162 170 172 180 181 186 188 196
40
13 18 20 21 22 24 33 36 39 40 44 46 50 53 55 59 62 63 68 70 86 90 92 96 104 105 110 121 123 124 129 140 154 159 176 181 184 194 195 196
43
1 8 9 13 15 16 18 19 21 25 34 41 42 43 46 53 67 68 69 73 80 96 103 104 107 111 117 123 137 140 141 149 156 158 159 163 164 171 175 177 186 192 197
42
4 8 29 30 32 33 35 43 45 55 58 60 61 62 63 66 79 83 90 93 106 107 108 121 128 141 142 150 158 163 164 165 168 171 173 174 183 189 190 191 193 195
44
2 3 5 12 15 25 27 29 31 32 41 52 54 56 63 64 65 85 86 89 98 99 101 109 111 120 121 123 129 130 136 140 149 150 166 169 171 174 176 181 182 183 186 194
34
11 22 23 35 39 55 57 71 72 85 93 96 98 102 112 117 128 131 136 144 145 146 149 151 154 155 156 160 171 173 185 187 194 200
39
14 22 23 31 48 53 57 60 70 71 72 82 83 84 85 86 95 100 103 104 114 128 132 137 142 145 148 154 155 160 166 171 173 178 179 186 195 197 199
42
4 5 9 15 21 22 27 28 32 35 44 46 49 53 60 65 71 82 83 93 103 106 107 109 117 118 123 127 129 133 134 136 137 146 150 156 170 175 180 184 197 200
42
2 6 7 8 9 10 17 18 20 21 27 30 32 38 46 47 50 58 61 62 63 73 91 95 98 111 112 117 121 122 124 125 144 148 149 150 155 159 161 176 179 196
38
5 8 13 29 31 34 36 42 44 45 53 56 71 77 80 81 97 100 104 105 110 117 123 128 132 133 137 139 140 144 149 159 169 172 174 176 178 198
47
2 8 18 26 31 38 40 42 43 45 48 49 50 53 54 56 65 68 69 71 72 74 81 84 87 92 93 103 104 110 117 118 122 123 136 148 150 151 155 156 159 160 173 179 188 193 199
45
6 8 10 11 12 13 17 18 20 28 35 42 56 64 65 67 72 73 78 79 85 86 93 102 104 110 113 116 126 140 142 145 149 155 159 161 162 163 166 167 168 180 182 188 200
36
9 19 25 28 33 38 40 49 57 60 61 63 64 71 78 82 91 107 116 117 131 134 143 149 153 155 157 164 166 178 179 188 191 193 194 200
32
1 11 16 20 37 43 47 57 71 95 96 102 108 109 112 115 120 125 126 134 136 140 141 147 155 159 165 175 188 196 199 200
35
9 13 18 22 25 49 50 51 54 57 87 100 110 112 113 115 118 124 128 130 136 143 149 150 155 156 159 163 166 172 180 188 190 195 198
41
3 7 20 31 46 54 57 59 61 62 73 82 83 97 104 107 108 109 115 117 118 123 124 126 130 133 134 137 140 148 153 159 160 161 163 168 171 182 183 191 192
45
2 6 8 18 22 23 26 39 43 50 54 55 58 61 63 64 66 67 68 74 76 77 78 80 96 98 115 117 119 125 127 128 131 141 150 151 158 159 163 166 174 182 194 197 198
44
14 21 25 30 31 32 36 42 43 47 50 54 58 62 64 65 66 72 73 74 85 99 100 104 106 110 111 116 118 123 124 129 137 139 140 148 152 174 182 183 187 188 191 195
50
3 14 15 16 21 23 25 28 32 37 44 45 47 50 52 53 54 57 61 66 78 83 84 90 94 96 100 101 107 108 111 118 121 128 132 137 143 145 146 147 162 164 166 167 169 173 184 189 195 197
41
8 27 31 41 50 52 59 60 61 75 77 79 82 95 97 98 99 101 110 112 113 121 122 127 129 133 137 141 148 149 150 154 157 169 175 176 177 179 180 190 199
40
2 6 8 10 19 32 33 39 41 42 54 55 58 60 65 69 80 87 89 92 98 106 124 125 128 145 146 149 152 154 160 162 164 165 178 188 191 197 198 200
42
3 5 6 7 9 10 17 19 31 33 37 48 54 56 64 72 75 80 88 90 93 97 100 112 114 118 130 132 136 142 145 149 154 156 161 163 165 166 179 181 192 198
36
2 4 8 14 18 25 36 38 41 43 45 55 58 61 65 75 76 88 89 107 127 128 140 150 152 160 165 166 167 169 173 176 178 185 193 197
52
6 10 14 16 24 28 31 33 34 44 49 56 58 69 70 71 76 79 83 84 95 104 107 110 112 118 119 120 123 125 126 133 134 135 137 143 149 150 151 152 158 159 162 163 166 177 178 179 187 188 194 199
39
3 18 23 26 27 42 43 47 51 52 56 63 74 80 89 95 99 103 106 109 110 113 114 119 125 134 137 146 147 149 150 155 158 174 175 180 185 194 198
35
10 30 44 46 55 59 61 68 83 94 96 99 100 106 113 116 117 123 130 132 134 145 153 156 167 171 173 174 181 184 185 191 193 199 200
40
1 2 5 18 22 24 26 27 30 37 51 56 59 75 81 84 95 99 108 109 113 117 118 120 124 125 130 138 139 142 143 145 146 155 156 167 170 172 183 198
40
5 14 17 23 24 27 33 40 48 49 51 52 56 61 79 87 89 94 107 111 118 119 122 124 125 130 132 143 155 160 161 162 173 177 180 183 184 186 189 200
33
6 8 11 14 24 25 39 43 49 70 73 78 91 111 113 116 132 139 140 147 148 152 161 162 163 165 166 178 179 180 188 194 195
33
2 12 18 19 22 30 39 60 63 66 67 70 76 82 86 94 108 118 120 127 130 133 141 145 150 151 164 172 182 185 186 194 195
35
10 15 23 28 36 44 45 46 47 54 55 58 61 67 68 75 82 83 91 94 106 107 110 113 120 122 138 139 142 153 166 168 178 182 194
45
4 6 8 9 10 16 18 27 37 52 53 62 66 67 69 79 81 87 88 93 105 106 107 112 118 120 123 125 127 128 129 133 134 140 147 150 153 154 156 161 169 172 176 178 199
47
7 9 10 19 25 29 30 32 42 44 46 54 57 62 64 66 72 73 77 96 97 109 110 115 118 120 122 123 127 133 141 146 148 155 156 163 165 170 172 173 178 182 189 191 192 195 198
36
1 4 5 13 15 25 26 31 37 39 43 51 68 69 92 95 104 111 120 121 131 135 136 137 141 153 155 158 160 171 175 177 182 184 191 197
32
4 23 25 35 37 48 55 60 63 72 77 79 88 93 105 116 123 125 133 142 148 151 153 157 164 176 177 178 183 186 192 199
40
10 12 14 19 20 24 32 36 37 49 50 52 61 63 67 70 71 74 77 78 84 85 103 108 116 120 123 126 129 140 141 143 145 158 179 183 189 191 192 198
37
10 12 13 14 18 23 30 31 33 37 39 40 51 52 53 59 62 71 72 75 99 101 124 133 144 146 147 152 154 155 163 164 174 193 196 198 200
37
2 4 12 13 43 44 51 61 64 65 69 74 76 77 78 82 84 90 91 98 114 117 119 121 125 132 144 146 152 156 157 162 175 179 185 192 193
45
1 4 8 11 16 17 18 20 21 24 29 41 43 47 63 65 66 70 84 86 91 111 113 114 115 130 138 144 145 149 160 163 166 168 169 171 172 177 179 180 183 188 190 195 196
49
1 2 4 5 16 18 24 25 27 30 32 33 35 37 50 62 64 71 81 83 87 91 97 98 106 107 111 118 146 149 153 160 161 162 165 166 168 171 173 179 180 183 190 193 195 196 197 199 200
41
4 5 9 17 22 26 30 34 44 54 63 64 83 97 98 99 104 108 111 118 121 128 130 141 148 154 156 164 166 171 173 179 181 182 185 187 193 195 197 198 199
47
1 3 9 15 16 20 24 29 32 34 36 38 46 56 57 61 65 66 77 80 86 89 96 100 109 118 119 122 126 129 131 132 134 137 140 143 144 149 156 157 165 170 174 180 189 190 196
45
1 7 11 15 19 20 21 23 26 31 33 34 37 42 44 45 48 52 62 69 70 76 80 85 89 94 104 117 125 136 138 142 143 149 157 164 167 168 170 176 186 187 192 197 200
40
2 7 10 25 32 33 34 35 46 48 55 61 67 69 70 77 84 97 104 106 114 117 121 126 133 135 144 147 149 150 151 155 156 161 165 175 176 177 180 186
44
5 8 9 10 13 17 25 32 34 35 45 47 48 50 58 59 61 63 79 80 84 104 105 113 114 116 118 120 124 130 131 133 135 146 168 175 179 180 184 188 193 196 198 199
35
3 7 8 16 20 23 27 29 34 38 45 53 55 67 72 77 88 89 90 94 104 105 112 119 124 134 146 147 155 159 163 165 179 190 193
43
1 4 8 11 16 32 36 40 41 42 43 49 55 70 71 73 81 82 91 93 94 96 100 102 103 105 108 111 112 121 123 130 137 145 150 153 155 156 162 186 192 193 195
40
1 6 8 15 22 33 34 40 41 43 51 56 60 65 71 80 94 99 101 108 116 120 122 125 127 135 145 146 149 150 151 153 158 164 167 176 179 181 183 185
47
1 3 7 8 9 13 14 23 30 32 44 45 49 51 56 63 69 73 74 78 79 80 82 89 95 96 97 107 112 121 122 129 130 141 146 161 165 170 173 179 183 189 191 193 194 198 200
41
2 4 6 17 18 28 34 39 43 48 54 57 62 71 73 87 88 91 93 97 101 115 116 122 126 133 137 138 139 140 141 146 168 170 172 180 181 183 184 194 196
36
4 15 17 24 31 35 39 41 42 51 53 57 60 64 69 71 78 80 89 96 97 99 101 102 117 123 127 130 132 136 146 148 150 160 187 192
41
2 4 5 8 16 22 25 29 33 37 50 51 57 69 71 78 82 90 93 95 98 100 101 104 107 111 116 118 119 126 129 135 146 154 158 178 181 186 187 193 200
41
2 4 11 20 21 30 31 36 43 48 49 56 59 68 70 71 73 87 98 105 111 113 115 118 121 141 152 153 157 160 163 164 169 170 171 186 190 193 198 199 200
48
1 3 8 10 12 26 30 32 33 35 36 37 40 43 45 50 51 61 64 67 73 76 77 81 82 87 88 90 94 109 113 132 133 138 147 150 152 153 156 160 165 171 173 174 177 178 189 195
38
6 8 15 18 20 26 29 41 56 60 63 64 69 75 91 98 102 109 114 116 118 123 129 134 135 138 139 145 155 162 163 164 171 172 175 188 189 198
46
4 6 11 19 21 27 28 32 33 38 39 44 47 48 56 57 60 68 77 78 79 81 87 88 91 94 96 97 98 100 104 107 111 117 127 128 130 135 149 151 153 155 180 197 198 199
29
2 4 5 6 8 12 16 21 25 28 36 49 62 64 66 75 79 81 84 90 93 126 127 154 167 169 172 179 191
42
2 4 5 12 15 18 22 23 25 29 38 40 41 43 51 52 53 56 58 61 70 71 90 97 100 112 117 124 128 147 152 164 166 174 175 182 186 189 191 195 196 199
42
1 3 5 7 12 19 21 25 28 34 43 44 52 55 60 61 62 69 71 74 77 82 89 92 93 95 98 114 120 137 138 139 143 154 157 158 163 164 165 181 182 191
39
5 13 17 21 29 43 46 59 75 82 84 86 93 96 100 103 104 105 107 112 115 116 118 122 124 139 143 144 148 153 155 161 168 170 176 178 190 196 199
42
4 7 10 11 13 21 22 28 35 37 40 43 44 45 52 57 60 73 75 76 87 88 91 95 101 111 117 132 134 138 143 146 152 156 164 169 172 173 176 178 185 199
46
2 4 13 18 25 26 32 41 54 55 60 63 64 69 70 73 74 75 77 80 82 83 84 108 109 111 114 116 118 119 123 127 129 130 139 144 151 154 155 175 184 189 194 196 197 199
32
7 12 22 24 31 33 36 39 45 46 57 62 66 73 83 89 97 98 107 110 125 132 133 138 140 148 160 173 179 181 189 193
34
1 4 6 8 9 13 14 21 27 35 49 51 52 66 69 72 83 95 96 98 103 104 116 119 121 142 144 149 168 169 171 176 180 196
49
3 6 15 16 20 22 27 28 36 42 46 51 57 59 60 65 67 70 75 78 85 88 89 91 93 94 96 101 103 104 107 111 113 115 116 120 121 125 138 139 140 151 154 171 180 181 196 197 200
41
6 14 17 18 27 31 43 44 58 59 61 66 67 69 79 83 86 89 98 101 109 112 117 119 120 123 126 131 132 136 146 154 155 163 166 171 180 189 196 197 200
38
5 6 8 9 15 16 17 19 21 22 29 34 45 58 59 63 69 74 86 87 99 100 104 106 113 129 131 133 134 136 144 145 157 167 180 185 193 194
35
1 5 11 13 15 23 24 25 29 42 56 69 75 87 89 93 94 96 99 103 104 119 123 128 129 132 140 149 151 152 157 172 177 178 188
32
11 13 21 25 26 31 35 40 43 45 51 52 54 56 57 67 68 69 106 116 127 133 137 138 140 146 149 163 167 172 178 188
35
2 10 15 26 34 46 50 57 59 63 67 68 72 80 83 91 92 93 95 98 101 102 107 112 117 119 127 141 147 152 166 170 173 193 194
35
2 19 26 38 44 46 47 51 52 56 57 70 82 87 91 92 94 97 101 108 109 119 121 122 123 130 131 136 140 144 149 153 158 163 196
39
2 9 16 23 27 31 32 36 48 56 63 71 80 81 90 98 103 105 106 110 112 119 120 125 126 135 137 139 144 152 157 168 173 181 182 191 192 195 200
53
1 2 5 10 14 17 23 38 39 40 45 47 49 50 52 56 58 64 67 76 77 79 83 84 87 98 103 105 106 110 115 116 118 120 121 135 136 137 138 142 146 148 155 161 163 169 170 178 180 187 190 191 198
41
3 7 18 40 45 47 52 53 59 60 62 67 71 72 74 78 79 88 89 92 98 99 106 108 110 121 123 137 142 146 158 160 172 175 178 181 183 186 192 194 198
49
3 7 11 12 15 20 24 25 26 28 38 44 45 46 51 54 56 63 66 67 74 76 79 81 82 92 94 96 104 107 111 116 117 125 126 129 134 153 156 159 162 163 178 182 184 187 192 193 195
34
5 15 18 31 32 36 49 50 63 65 72 92 93 96 98 102 110 114 115 120 123 129 130 134 135 139 159 166 175 178 182 183 188 195
36
7 12 14 16 41 45 46 48 50 56 62 65 77 92 94 95 99 101 105 109 114 117 133 145 148 152 153 154 155 166 167 172 179 183 197 199
40
4 9 11 15 19 39 44 47 50 52 59 64 81 84 85 96 99 100 101 102 103 106 108 119 121 129 132 134 135 142 165 167 174 175 176 177 179 180 186 192
40
1 7 12 17 27 29 34 39 43 45 50 55 58 63 75 78 85 90 94 108 112 127 128 132 145 146 148 154 163 169 176 181 182 184 185 188 189 191 195 200
43
3 10 16 17 18 30 51 53 59 61 63 65 67 71 72 73 83 91 92 105 106 110 112 115 117 123 130 133 142 144 145 149 150 157 159 165 168 181 184 185 192 195 197
46
12 14 18 20 21 23 29 34 43 45 51 75 76 78 81 84 86 91 93 98 100 105 107 108 114 123 124 126 129 131 136 142 144 148 156 157 161 165 168 173 174 178 182 183 184 196
41
1 2 7 11 18 27 36 38 43 46 62 63 66 68 74 77 80 85 88 89 91 93 100 102 107 111 113 118 120 122 124 131 134 137 150 161 164 170 173 185 188
48
1 3 4 12 14 19 22 23 25 28 34 41 45 49 52 53 56 57 68 72 73 75 82 85 87 92 93 106 117 118 120 122 123 127 132 138 152 155 158 167 171 179 180 185 186 190 192 197
41
2 8 16 23 25 26 28 31 40 45 46 48 54 60 62 68 69 87 91 92 98 107 115 121 122 124 125 126 130 142 153 157 161 169 175 177 183 185 189 191 196
40
3 5 10 16 18 21 22 26 32 43 48 49 50 51 52 56 57 63 67 75 78 79 83 86 105 110 118 119 126 131 147 155 168 170 178 182 185 189 191 192
36
3 8 10 11 14 16 17 19 20 25 30 35 38 40 96 98 102 103 106 112 114 116 123 125 126 128 138 156 157 159 172 173 183 184 185 189
42
5 8 11 16 23 25 28 29 32 46 48 51 66 72 78 84 86 93 102 104 106 113 117 118 123 136 137 147 150 156 158 165 166 168 169 170 172 177 178 188 193 199
48
5 7 11 19 20 21 25 27 28 29 31 35 39 41 43 47 50 56 60 62 64 66 67 71 76 78 90 98 106 107 109 115 118 121 122 124 137 140 142 148 149 152 161 166 167 185 186 191
48
1 2 8 12 14 22 26 29 38 43 45 50 52 70 79 80 85 86 88 90 91 94 101 104 107 114 120 131 136 138 142 143 147 149 155 157 165 170 171 178 179 183 184 186 187 188 192 193
29
5 6 7 9 17 41 46 58 67 69 72 78 91 103 107 109 117 131 133 145 150 153 163 169 182 185 191 194 198
