150 300
1.0 1.0 1.0 1.0 1.0 1.0 1.0 1.0 1.0 1.0 1.0 1.0 1.0 1.0 1.0 1.0 1.0 1.0 1.0 1.0 1.0 1.0 1.0 1.0 1.0 1.0 1.0 1.0 1.0 1.0 1.0 1.0 1.0 1.0 1.0 1.0 1.0 1.0 1.0 1.0 1.0 1.0 1.0 1.0 1.0 1.0 1.0 1.0 1.0 1.0 1.0 1.0 1.0 1.0 1.0 1.0 1.0 1.0 1.0 1.0 1.0 1.0 1.0 1.0 1.0 1.0 1.0 1.0 1.0 1.0 1.0 1.0 1.0 1.0 1.0 1.0 1.0 1.0 1.0 1.0 1.0 1.0 1.0 1.0 1.0 1.0 1.0 1.0 1.0 1.0 1.0 1.0 1.0 1.0 1.0 1.0 1.0 1.0 1.0 1.0 1.0 1.0 1.0 1.0 1.0 1.0 1.0 1.0 1.0 1.0 1.0 1.0 1.0 1.0 1.0 1.0 1.0 1.0 1.0 1.0 1.0 1.0 1.0 1.0 1.0 1.0 1.0 1.0 1.0 1.0 1.0 1.0 1.0 1.0 1.0 1.0 1.0 1.0 1.0 1.0 1.0 1.0 1.0 1.0 1.0 1.0 1.0 1.0 1.0 1.0 1.0 1.0 1.0 1.0 1.0 1.0 1.0 1.0 1.0 1.0 1.0 1.0 1.0 1.0 1.0 1.0 1.0 1.0 1.0 1.0 1.0 1.0 1.0 1.0 1.0 1.0 1.0 1.0 1.0 1.0 1.0 1.0 1.0 1.0 1.0 1.0 1.0 1.0 1.0 1.0 1.0 1.0 1.0 1.0 1.0 1.0 1.0 1.0 1.0 1.0 1.0 1.0 1.0 1.0 1.0 1.0 1.0 1.0 1.0 1.0 1.0 1.0 1.0 1.0 1.0 1.0 1.0 1.0 1.0 1.0 1.0 1.0 1.0 1.0 1.0 1.0 1.0 1.0 1.0 1.0 1.0 1.0 1.0 1.0 1.0 1.0 1.0 1.0 1.0 1.0 1.0 1.0 1.0 1.0 1.0 1.0 1.0 1.0 1.0 1.0 1.0 1.0 1.0 1.0 1.0 1.0 1.0 1.0 1.0 1.0 1.0 1.0 1.0 1.0 1.0 1.0 1.0 1.0 1.0 1.0 1.0 1.0 1.0 1.0 1.0 1.0 1.0 1.0 1.0 1.0 1.0 1.0 1.0 1.0 1.0 1.0 1.0 1.0 1.0 1.0 1.0 1.0 1.0 1.0 1.0 1.0 1.0 1.0 1.0 1.0
12
4 44 45 127 130 131 157 179 185 189 195 294
14
80 94 100 132 156 161 172 192 199 227 231 252 260 276
10
33 56 72 123 127 170 181 205 214 265
17
6 12 22 56 61 75 76 97 139 150 160 163 170 219 229 245 259
19
10 15 23 28 37 71 88 96 112 129 133 145 209 218 224 245 265 279 300
14
15 104 110 115 131 165 186 205 210 213 234 246 272 282
13
29 104 112 153 170 186 201 206 236 242 269 272 297
15
45 70 121 127 162 182 184 188 195 199 204 224 250 268 283
11
8 9 30 58 168 177 189 209 228 236 300
12
18 35 83 96 155 161 167 176 220 230 245 247
10
17 19 26 27 47 197 227 237 290 295
23
4 8 12 25 35 37 39 42 58 91 122 157 158 171 214 221 228 253 256 259 275 280 288
20
17 41 47 51 53 62 98 105 127 156 172 186 198 205 217 250 266 286 290 294
15
20 32 80 85 105 118 130 139 144 146 211 246 267 291 297
22
16 29 54 67 74 90 95 102 109 129 136 138 161 164 200 215 216 217 234 242 248 280
18
6 25 35 58 98 106 108 145 154 169 196 212 214 222 233 269 279 296
17
16 53 114 119 130 160 169 191 222 225 236 238 242 245 264 293 297
16
14 48 86 108 129 149 166 181 184 201 214 223 239 259 264 280
16
9 22 32 37 41 78 110 136 141 162 183 204 208 236 246 269
14
126 147 150 161 162 172 178 196 204 221 233 248 257 263
23
17 22 26 31 36 54 74 82 89 110 142 144 151 177 186 208 209 232 242 288 290 297 300
17
1 4 19 66 82 93 105 127 129 133 169 175 184 188 267 276 297
16
27 62 67 80 98 99 103 111 115 125 162 163 174 185 204 270
15
14 62 105 121 133 143 155 177 198 209 214 215 218 246 247
15
26 29 37 87 113 121 122 129 183 208 213 227 238 245 261
18
1 19 62 76 80 106 131 139 145 157 168 191 199 225 236 270 273 280
20
3 84 96 100 126 141 169 183 184 189 191 192 196 199 215 225 228 229 253 264
8
29 76 157 205 218 233 273 278
17
34 38 64 75 85 122 132 142 206 224 232 238 240 243 291 297 298
15
11 30 55 61 70 78 82 85 95 104 116 135 182 240 244
13
15 31 80 81 89 119 147 162 169 197 201 212 271
15
31 61 69 75 83 116 129 133 135 174 183 185 233 264 266
16
27 94 104 111 142 143 147 179 182 185 200 204 208 228 230 263
7
1 65 172 185 255 279 298
18
10 28 42 44 51 95 96 105 129 139 144 191 207 217 227 247 258 297
16
40 49 92 147 149 150 152 194 196 225 240 242 248 278 280 287
11
24 39 59 112 123 191 221 226 233 234 239
15
1 2 13 36 43 93 111 194 200 225 247 272 277 282 284
13
13 22 45 51 112 115 131 165 177 215 230 232 298
14
12 31 42 43 90 143 158 160 161 202 214 246 258 280
13
2 18 44 49 88 209 212 224 226 237 254 293 294
20
12 23 30 35 97 104 111 112 123 130 143 149 164 187 191 210 223 240 259 261
16
21 48 56 59 89 115 125 127 148 160 193 218 229 237 257 270
17
9 21 28 29 40 57 73 83 113 153 166 202 210 212 223 229 294
19
1 16 22 26 57 77 93 109 118 121 139 155 170 215 232 261 270 287 299
13
67 69 136 166 177 191 193 201 209 222 263 290 296
11
34 55 65 90 92 140 144 145 200 245 281
18
2 13 32 49 87 98 111 140 143 148 155 165 190 192 202 207 227 288
14
1 7 31 46 77 86 112 141 159 171 193 203 224 245
18
12 46 60 62 76 88 92 100 102 135 143 150 157 171 187 197 201 231
18
6 11 15 17 20 31 79 84 91 103 111 173 177 178 243 277 278 294
14
7 14 33 46 67 82 123 135 150 192 223 246 252 259
15
4 15 39 51 76 83 100 114 127 164 166 192 195 270 288
15
15 16 70 94 99 120 125 162 186 213 235 247 257 263 269
5
65 135 157 160 270
17
7 34 40 52 63 82 88 93 103 165 181 182 188 202 246 268 287
12
70 96 100 118 143 157 186 216 241 270 297 300
15
48 82 88 97 112 117 126 127 155 181 195 211 242 266 277
13
27 49 60 68 72 75 81 147 162 169 186 221 254
23
1 14 23 42 84 90 97 106 122 142 147 148 150 172 180 181 183 200 222 241 258 275 295
17
1 25 63 72 79 81 95 100 117 147 192 202 222 251 260 267 298
16
3 4 10 20 31 39 45 76 106 163 176 177 206 226 248 273
13
5 6 25 76 99 105 106 118 141 145 214 247 279
21
13 14 18 29 30 47 49 76 102 109 127 156 161 193 236 254 265 285 289 293 295
13
4 24 51 77 103 124 149 184 200 231 249 269 298
10
17 20 44 80 84 180 212 234 261 284
17
7 8 20 29 50 52 72 94 131 137 160 186 236 240 251 271 282
18
2 10 45 54 64 72 150 160 165 198 199 210 237 255 272 283 284 294
9
56 103 143 144 200 202 211 272 274
18
33 38 48 64 72 74 81 90 128 176 184 194 196 228 229 231 281 282
25
1 3 35 43 46 48 55 58 64 75 86 111 115 136 167 175 179 184 214 216 223 251 254 271 299
18
55 66 70 77 96 97 121 145 146 162 167 168 183 208 220 245 271 273
15
21 23 46 47 68 76 83 96 103 119 177 184 188 192 206
10
1 17 38 44 52 57 63 81 102 135
17
27 35 53 89 112 119 156 163 190 197 202 210 234 245 246 250 283
13
15 64 70 90 95 102 183 200 207 235 244 259 289
15
14 17 19 40 48 60 115 138 148 152 153 179 206 217 274
11
44 55 62 64 93 98 128 143 157 158 166
14
42 56 100 122 127 136 141 143 206 240 243 256 270 277
9
32 119 161 184 191 202 246 249 284
17
21 32 41 46 67 104 125 140 142 157 166 175 178 216 230 261 268
16
59 66 94 104 154 158 168 178 198 261 265 274 277 281 294 298
12
33 37 59 75 158 170 192 204 207 210 291 296
17
13 25 70 77 85 108 113 118 131 217 222 226 252 272 285 289 290
15
8 18 28 36 46 68 98 139 145 175 185 200 206 224 234
14
8 10 45 66 101 133 201 212 233 250 251 252 262 269
7
28 41 49 104 184 191 221
16
26 28 98 124 125 150 178 184 187 204 213 218 222 240 256 275
15
80 100 105 106 129 136 173 187 199 224 229 250 264 270 276
16
6 24 65 73 75 103 187 205 219 222 223 238 240 245 257 291
15
11 43 47 64 72 76 83 90 101 119 155 197 214 251 254
8
82 99 105 108 171 208 210 276
16
7 11 43 67 68 89 109 190 231 232 241 247 265 267 280 290
17
34 46 77 93 104 119 191 215 219 220 229 239 250 253 254 273 287
19
22 28 33 36 47 93 112 117 147 149 162 169 170 180 203 222 227 241 252
16
3 13 73 87 103 104 108 118 140 159 182 191 228 257 264 275
23
1 3 16 21 68 79 96 104 109 126 128 183 194 199 231 232 252 253 258 267 271 277 283
15
50 53 55 59 72 89 122 136 172 173 190 192 210 264 294
11
1 23 62 66 71 113 141 180 211 280 292
20
10 31 52 60 61 106 107 111 121 138 166 193 195 233 245 256 262 266 271 291
14
6 7 47 50 54 83 92 118 127 141 144 251 260 271
16
6 17 39 45 51 53 91 117 133 162 177 182 188 262 263 283
16
26 40 50 57 90 91 95 99 121 122 179 198 200 207 222 243
18
1 35 45 46 63 68 92 117 118 162 167 187 208 209 238 280 285 299
17
20 32 36 53 91 97 112 127 139 141 160 191 213 215 219 234 270
11
18 46 126 134 174 179 209 212 216 226 245
16
15 28 29 45 65 84 86 91 119 132 146 185 206 224 242 247
12
2 8 14 19 23 25 53 80 175 205 218 254
12
1 84 86 120 129 135 165 178 213 249 252 290
21
3 43 51 55 79 87 118 124 139 140 146 154 155 166 174 206 213 220 230 246 278
11
14 22 30 88 112 145 156 226 252 258 262
13
8 24 63 94 110 180 203 209 228 237 270 271 290
19
11 60 77 83 93 114 115 119 129 141 142 157 176 184 192 212 239 243 299
15
41 54 87 97 108 125 154 158 161 190 213 223 235 251 274
15
8 23 24 37 39 53 160 164 210 217 230 234 249 251 271
11
4 13 24 32 36 48 192 194 242 257 295
18
10 22 24 27 77 91 100 102 132 134 179 182 206 212 213 247 251 281
12
12 13 23 72 92 135 136 162 239 240 273 281
16
8 9 18 147 187 191 197 208 219 236 247 257 258 270 275 278
6
51 78 131 152 182 270
23
20 21 44 45 49 63 64 66 69 79 96 112 115 137 170 177 183 185 196 202 203 283 295
19
5 20 42 70 80 90 103 108 114 126 130 147 156 160 167 223 256 288 298
14
39 47 51 58 81 106 115 185 204 209 217 241 256 261
20
10 18 24 38 79 143 155 157 170 208 209 220 222 223 224 232 239 246 250 289
14
18 30 49 52 79 80 94 140 231 232 270 282 297 298
16
35 50 57 76 86 112 163 169 204 207 209 226 243 252 264 277
17
27 56 71 77 107 131 144 158 168 194 197 209 222 230 283 290 292
13
37 48 60 81 92 101 129 140 149 204 214 217 300
19
41 47 58 66 75 87 97 104 141 149 183 187 188 229 256 260 277 286 292
20
15 17 25 31 47 64 145 146 147 162 180 197 209 224 234 236 251 275 285 297
14
20 61 69 73 138 148 158 197 208 212 218 249 259 299
20
46 86 96 103 107 110 137 143 172 176 179 183 204 207 220 224 232 242 249 252
12
9 33 52 100 120 139 143 145 162 172 200 287
18
54 92 94 100 118 135 167 185 189 240 247 248 250 253 258 263 267 295
12
4 31 42 49 51 65 147 187 193 229 244 300
14
17 49 54 63 86 154 158 174 176 179 209 220 228 232
16
39 62 80 89 157 169 174 181 186 220 251 253 260 281 282 283
16
23 66 68 93 100 149 160 164 186 188 190 192 203 213 227 283
19
18 35 78 84 102 134 149 160 172 182 204 207 218 222 228 252 263 270 284
14
3 11 32 38 70 71 72 77 128 133 221 233 263 274
21
12 15 17 23 27 41 43 60 63 87 89 93 143 148 159 213 224 233 255 262 265
14
16 21 22 24 40 94 99 106 107 144 160 169 245 299
12
7 58 72 112 115 134 138 145 150 175 222 284
6
38 73 179 233 261 271
6
105 149 173 188 219 234
14
1 25 30 75 121 122 164 205 227 257 260 265 267 299
17
44 62 76 78 94 97 111 127 153 164 193 195 200 221 223 226 272
15
13 40 47 55 58 143 169 193 212 224 227 250 271 278 299
13
5 33 92 122 125 129 165 172 195 225 229 258 292
8
4 105 109 163 240 241 269 299
