50 100
1.0 1.0 1.0 1.0 1.0 1.0 1.0 1.0 1.0 1.0 1.0 1.0 1.0 1.0 1.0 1.0 1.0 1.0 1.0 1.0 1.0 1.0 1.0 1.0 1.0 1.0 1.0 1.0 1.0 1.0 1.0 1.0 1.0 1.0 1.0 1.0 1.0 1.0 1.0 1.0 1.0 1.0 1.0 1.0 1.0 1.0 1.0 1.0 1.0 1.0 1.0 1.0 1.0 1.0 1.0 1.0 1.0 1.0 1.0 1.0 1.0 1.0 1.0 1.0 1.0 1.0 1.0 1.0 1.0 1.0 1.0 1.0 1.0 1.0 1.0 1.0 1.0 1.0 1.0 1.0 1.0 1.0 1.0 1.0 1.0 1.0 1.0 1.0 1.0 1.0 1.0 1.0 1.0 1.0 1.0 1.0 1.0 1.0 1.0 1.0
9
7 16 17 28 60 63 65 76 80
5
4 5 34 78 85
7
8 18 23 24 31 72 98
10
5 7 9 18 21 60 64 85 86 87
4
6 9 19 59
4
46 57 94 99
3
56 57 82
5
16 17 24 33 74
4
27 35 53 60
6
9 14 21 45 47 86
5
6 19 23 34 90
3
23 69 87
3
79 85 93
7
18 41 46 50 58 72 87
7
10 12 50 55 77 92 93
7
3 8 22 33 78 87 88
6
2 8 24 31 42 74
4
38 41 47 54
7
14 26 31 53 68 80 88
2
52 88
3
10 67 84
4
63 67 78 90
8
2 31 49 60 78 82 92 98
6
7 9 36 59 68 99
5
8 9 35 44 53
8
29 31 37 48 54 68 85 99
5
16 54 71 82 99
1
26
3
1 39 42
1
60
4
24 31 81 90
10
14 15 36 38 50 55 69 81 96 100
1
71
1
49
6
7 36 54 58 93 98
4
41 44 62 91
8
6 31 42 55 59 66 95 96
9
3 15 19 26 27 83 84 86 91
5
14 35 37 59 65
8
20 30 43 48 58 87 93 100
9
19 21 23 30 31 36 49 81 84
3
19 34 92
6
34 39 47 54 68 93
7
4 5 14 72 75 86 91
5
10 12 31 60 85
7
1 3 34 39 47 63 80
3
9 26 71
5
1 20 31 50 52
9
14 25 41 51 53 66 70 85 98
5
4 15 26 47 51
