100 200
1.0 1.0 1.0 1.0 1.0 1.0 1.0 1.0 1.0 1.0 1.0 1.0 1.0 1.0 1.0 1.0 1.0 1.0 1.0 1.0 1.0 1.0 1.0 1.0 1.0 1.0 1.0 1.0 1.0 1.0 1.0 1.0 1.0 1.0 1.0 1.0 1.0 1.0 1.0 1.0 1.0 1.0 1.0 1.0 1.0 1.0 1.0 1.0 1.0 1.0 1.0 1.0 1.0 1.0 1.0 1.0 1.0 1.0 1.0 1.0 1.0 1.0 1.0 1.0 1.0 1.0 1.0 1.0 1.0 1.0 1.0 1.0 1.0 1.0 1.0 1.0 1.0 1.0 1.0 1.0 1.0 1.0 1.0 1.0 1.0 1.0 1.0 1.0 1.0 1.0 1.0 1.0 1.0 1.0 1.0 1.0 1.0 1.0 1.0 1.0 1.0 1.0 1.0 1.0 1.0 1.0 1.0 1.0 1.0 1.0 1.0 1.0 1.0 1.0 1.0 1.0 1.0 1.0 1.0 1.0 1.0 1.0 1.0 1.0 1.0 1.0 1.0 1.0 1.0 1.0 1.0 1.0 1.0 1.0 1.0 1.0 1.0 1.0 1.0 1.0 1.0 1.0 1.0 1.0 1.0 1.0 1.0 1.0 1.0 1.0 1.0 1.0 1.0 1.0 1.0 1.0 1.0 1.0 1.0 1.0 1.0 1.0 1.0 1.0 1.0 1.0 1.0 1.0 1.0 1.0 1.0 1.0 1.0 1.0 1.0 1.0 1.0 1.0 1.0 1.0 1.0 1.0 1.0 1.0 1.0 1.0 1.0 1.0 1.0 1.0 1.0 1.0 1.0 1.0 1.0 1.0 1.0 1.0 1.0 1.0
19
4 30 51 54 61 65 80 86 92 108 110 123 127 129 134 136 148 156 167
18
7 23 25 31 35 49 54 66 72 81 89 93 103 118 123 164 195 200
23
15 30 49 50 53 57 64 87 98 102 122 124 138 139 145 155 160 161 166 169 174 184 200
20
1 28 40 46 52 61 63 80 87 90 101 108 112 115 129 137 140 147 157 174
24
5 6 10 13 23 32 42 52 57 64 66 67 68 93 96 100 116 124 126 135 145 166 183 186
23
14 16 35 41 43 45 49 50 55 58 67 80 84 93 97 101 103 108 122 124 152 163 170
21
9 10 14 15 19 22 24 25 39 63 79 83 114 126 135 151 161 164 180 188 189
20
4 17 33 34 52 63 71 86 87 95 114 122 128 137 140 141 143 176 178 200
14
3 9 52 70 95 100 133 148 162 163 165 168 181 189
20
13 32 46 50 57 62 64 83 85 86 107 140 149 152 153 158 164 181 194 199
20
6 16 19 22 50 65 80 104 109 110 115 116 127 133 147 155 157 159 183 195
20
4 9 23 34 35 61 77 85 92 108 113 121 138 140 147 156 157 177 178 190
16
15 41 59 75 78 79 80 93 98 99 120 150 156 160 170 179
20
24 74 75 78 80 81 88 99 108 118 125 132 133 143 169 170 179 182 186 197
15
2 8 14 40 63 89 94 96 104 110 168 173 180 185 186
18
16 24 27 29 40 60 75 77 80 96 98 99 105 147 149 162 178 179
23
3 10 35 40 50 51 53 62 65 74 87 95 96 100 112 123 131 134 158 159 160 183 190
26
11 12 19 26 30 36 37 42 47 58 60 61 63 98 110 113 128 135 148 160 163 165 166 170 173 183
20
5 22 39 71 76 91 94 105 110 112 143 144 152 153 162 165 172 188 190 199
19
10 20 39 48 50 52 64 66 76 84 94 95 104 146 149 155 171 198 199
25
1 14 16 26 37 42 57 61 72 79 87 91 93 104 120 127 130 135 137 138 144 157 158 170 186
23
4 14 38 45 54 56 62 69 76 81 98 107 111 112 113 115 129 154 157 167 181 191 193
19
1 7 10 18 20 47 65 66 73 74 76 99 117 127 130 152 163 178 189
16
3 8 20 33 51 57 65 75 84 93 96 108 117 172 178 193
30
8 25 28 35 38 50 58 64 73 78 86 87 99 102 116 124 126 135 136 137 140 143 149 155 170 188 189 197 198 199
15
1 15 33 50 54 70 89 94 109 119 120 125 148 153 183
14
7 17 31 83 87 88 101 102 115 141 147 169 180 195
19
9 13 72 76 85 96 102 112 115 140 142 145 146 147 162 172 186 190 199
12
14 22 44 54 65 96 131 145 150 162 168 192
21
1 8 10 13 28 38 50 59 75 116 124 126 151 154 155 164 181 183 191 194 197
16
5 14 23 25 48 74 84 85 90 128 145 147 163 168 175 198
14
22 37 71 80 97 103 105 116 153 156 160 167 168 189
16
22 23 27 28 35 61 66 70 74 88 127 133 156 157 166 186
22
5 13 14 29 46 52 59 61 69 82 83 106 109 120 130 135 140 142 169 176 185 194
24
1 3 4 8 23 28 34 57 67 70 71 106 112 123 130 135 142 148 154 161 165 176 179 185
14
42 45 62 64 65 75 90 104 111 115 118 125 173 180
16
13 14 65 79 92 110 113 116 122 142 143 145 146 156 171 198
16
11 14 39 42 52 55 68 100 103 106 121 159 167 175 179 195
21
3 8 29 40 42 44 47 53 61 75 104 115 134 135 137 144 148 162 164 197 200
21
19 30 35 44 48 51 56 65 66 88 117 124 142 153 157 170 171 173 187 193 196
20
12 15 37 42 43 45 46 60 65 75 78 101 122 127 141 144 147 165 175 184
13
9 70 80 96 97 116 126 127 141 146 167 194 198
23
6 11 22 30 31 46 52 54 58 66 71 72 76 103 110 135 154 158 164 167 169 173 180
23
4 11 16 26 33 46 57 67 71 90 95 96 111 112 118 119 131 137 163 165 169 179 184
18
1 12 52 60 63 73 77 92 112 117 129 132 139 148 152 169 191 200
13
5 21 38 59 67 76 81 85 97 103 106 115 190
16
1 14 21 31 32 39 50 67 91 101 129 147 156 159 167 189
15
16 24 31 33 50 52 64 107 114 142 143 147 149 152 181
17
28 31 36 38 68 72 75 77 82 117 123 142 158 162 171 191 195
22
27 31 34 36 39 41 53 55 58 59 61 79 93 96 114 124 126 148 154 170 179 199
22
1 8 17 22 58 73 76 88 112 122 127 129 136 144 153 155 163 165 167 175 183 192
25
3 7 11 13 31 32 37 39 43 44 53 85 105 109 115 131 132 133 135 143 152 158 169 176 188
19
31 35 55 63 76 79 87 95 98 102 108 123 133 140 144 154 171 180 193
26
17 22 55 56 58 84 85 87 88 103 106 122 126 127 130 140 148 155 156 157 164 166 168 172 184 200
25
1 11 22 38 51 65 66 67 68 90 98 103 106 113 116 117 139 151 152 156 173 180 186 188 198
13
2 4 6 66 69 87 94 97 124 146 172 175 178
14
28 38 43 47 54 119 121 148 157 168 177 183 185 200
19
2 10 25 38 45 61 70 74 80 87 99 101 105 117 121 131 185 199 200
22
1 20 26 55 70 83 89 96 98 107 109 119 127 130 136 138 149 157 187 188 192 197
22
10 11 12 30 52 53 55 66 74 87 92 94 104 111 112 115 140 146 159 166 168 188
16
4 9 25 28 70 81 85 86 89 122 141 151 155 177 180 186
27
9 11 14 16 22 29 31 32 55 71 75 89 96 108 111 113 114 127 140 144 172 176 179 189 192 194 195
20
5 8 21 26 27 29 43 57 65 82 99 110 118 129 139 140 154 158 166 174
19
4 11 37 39 41 65 75 83 86 99 120 126 128 131 155 162 179 193 196
22
3 6 9 17 29 41 57 58 70 78 90 99 104 108 121 132 136 137 153 178 184 187
16
4 29 44 50 62 64 66 67 71 87 88 94 98 120 143 157
22
3 7 13 21 40 43 56 63 73 78 93 99 108 121 137 139 142 150 161 169 190 193
26
5 18 25 30 34 38 71 76 85 90 105 110 112 113 116 122 123 131 168 171 178 179 183 184 186 189
25
5 21 24 36 41 46 47 48 56 66 80 87 89 96 114 118 127 143 148 153 155 177 178 185 195
23
5 15 18 30 32 43 60 64 70 73 77 79 92 101 110 136 140 141 143 149 169 180 181
20
10 16 21 27 28 41 48 72 101 107 134 148 161 162 172 176 181 188 190 192
24
13 14 18 26 33 38 43 64 65 73 79 86 104 114 128 130 147 150 152 156 170 174 191 198
15
7 11 29 44 48 81 106 125 131 136 137 152 171 176 184
21
1 8 26 55 58 59 67 72 79 82 92 107 148 152 161 166 168 170 171 174 176
23
13 14 24 41 57 65 66 77 86 90 92 104 109 117 121 135 137 141 151 161 165 176 184
18
3 6 28 62 71 89 98 102 105 116 123 130 138 152 156 164 180 187
29
26 34 55 58 67 77 78 83 88 93 96 98 103 110 112 117 120 140 144 153 159 164 166 173 176 177 188 194 197
19
15 21 22 28 29 43 45 51 64 78 82 90 97 139 143 170 174 190 197
29
18 32 36 44 49 56 59 70 72 80 84 101 111 121 122 124 125 130 132 133 140 150 155 156 168 170 192 197 198
26
3 26 29 33 42 48 49 67 70 77 80 82 87 90 96 116 130 146 155 156 172 185 192 197 198 200
16
4 13 15 44 48 51 59 102 152 171 172 177 185 187 190 194
18
4 18 27 28 38 41 58 84 92 100 108 116 140 147 160 161 167 191
20
4 6 25 27 35 53 70 74 83 108 113 118 129 151 156 158 169 176 183 195
16
2 18 23 38 79 84 88 92 109 113 117 131 142 149 160 163
20
12 15 20 30 35 37 44 69 73 82 87 109 116 127 137 141 156 165 168 184
18
27 39 57 65 68 75 81 96 103 109 115 118 123 128 138 161 173 189
15
6 30 69 71 81 86 95 102 105 116 138 142 175 183 194
20
22 24 33 37 53 68 81 82 93 126 141 146 154 160 163 174 175 182 183 192
25
5 29 38 40 41 46 57 61 66 75 82 84 92 102 107 120 123 152 165 170 176 177 178 182 192
26
4 13 14 16 17 24 41 55 58 82 92 94 101 117 118 131 137 138 146 151 155 163 174 175 185 192
20
5 14 55 59 64 91 95 96 106 111 133 135 137 141 147 157 161 169 185 188
18
9 10 21 57 62 66 67 68 86 95 98 110 144 150 156 174 190 194
15
17 26 34 40 46 56 88 122 135 136 140 155 168 181 184
18
8 10 14 46 48 54 58 66 69 71 85 89 92 119 122 126 145 152
23
30 34 39 42 46 51 54 79 81 89 90 96 107 116 117 121 122 129 132 141 155 156 182
16
8 11 13 14 20 32 36 37 73 75 99 118 127 149 182 186
24
2 3 10 14 24 40 47 54 57 58 66 69 72 78 92 94 95 107 129 133 134 189 190 195
18
3 6 15 30 33 59 76 98 101 106 118 136 147 164 172 176 182 199
22
2 16 23 26 30 59 64 73 79 80 83 88 89 106 107 124 133 137 143 144 154 183
22
1 20 37 51 56 63 66 70 81 90 91 97 122 125 126 133 134 135 168 176 194 197
