100 200
1.0 1.0 1.0 1.0 1.0 1.0 1.0 1.0 1.0 1.0 1.0 1.0 1.0 1.0 1.0 1.0 1.0 1.0 1.0 1.0 1.0 1.0 1.0 1.0 1.0 1.0 1.0 1.0 1.0 1.0 1.0 1.0 1.0 1.0 1.0 1.0 1.0 1.0 1.0 1.0 1.0 1.0 1.0 1.0 1.0 1.0 1.0 1.0 1.0 1.0 1.0 1.0 1.0 1.0 1.0 1.0 1.0 1.0 1.0 1.0 1.0 1.0 1.0 1.0 1.0 1.0 1.0 1.0 1.0 1.0 1.0 1.0 1.0 1.0 1.0 1.0 1.0 1.0 1.0 1.0 1.0 1.0 1.0 1.0 1.0 1.0 1.0 1.0 1.0 1.0 1.0 1.0 1.0 1.0 1.0 1.0 1.0 1.0 1.0 1.0 1.0 1.0 1.0 1.0 1.0 1.0 1.0 1.0 1.0 1.0 1.0 1.0 1.0 1.0 1.0 1.0 1.0 1.0 1.0 1.0 1.0 1.0 1.0 1.0 1.0 1.0 1.0 1.0 1.0 1.0 1.0 1.0 1.0 1.0 1.0 1.0 1.0 1.0 1.0 1.0 1.0 1.0 1.0 1.0 1.0 1.0 1.0 1.0 1.0 1.0 1.0 1.0 1.0 1.0 1.0 1.0 1.0 1.0 1.0 1.0 1.0 1.0 1.0 1.0 1.0 1.0 1.0 1.0 1.0 1.0 1.0 1.0 1.0 1.0 1.0 1.0 1.0 1.0 1.0 1.0 1.0 1.0 1.0 1.0 1.0 1.0 1.0 1.0 1.0 1.0 1.0 1.0 1.0 1.0 1.0 1.0 1.0 1.0 1.0 1.0
13
38 43 51 70 80 105 115 116 119 126 130 172 186
8
18 24 39 87 116 128 139 143
6
11 110 150 158 168 185
12
2 5 29 49 50 78 88 94 122 145 159 185
13
5 10 15 24 45 122 138 146 149 156 163 166 188
8
23 45 48 81 82 108 123 145
7
7 26 38 59 79 131 195
13
25 39 63 82 90 105 114 130 151 158 178 195 197
10
8 11 21 47 73 144 151 161 175 184
11
44 80 96 113 140 146 147 158 159 171 199
5
14 18 67 118 121
12
37 42 67 89 92 110 124 141 150 154 155 178
12
24 27 56 58 67 85 107 108 115 149 159 192
6
22 69 90 183 192 195
9
15 56 60 76 83 117 174 179 180
13
32 64 90 96 102 107 119 132 139 152 157 168 186
14
9 26 29 57 66 76 91 95 103 136 157 160 188 192
10
12 15 42 43 85 100 117 140 142 165
8
59 88 112 139 162 171 178 196
9
57 63 73 82 104 142 151 175 183
6
16 80 146 174 186 199
10
4 16 32 65 70 82 89 93 159 171
8
5 35 46 57 64 169 172 190
5
52 56 100 119 179
10
2 43 105 116 126 150 165 168 173 185
13
51 64 117 118 130 139 147 152 174 177 185 192 198
5
29 54 66 110 125
14
18 22 37 38 44 47 53 56 85 89 117 123 153 184
7
31 89 108 141 147 151 169
13
4 41 58 71 81 82 108 109 141 142 148 162 178
4
35 108 179 196
13
17 36 63 94 95 96 103 120 137 147 173 183 199
11
37 46 66 74 77 80 81 107 132 154 183
8
67 71 75 78 110 113 150 171
6
39 52 68 174 179 197
13
17 26 27 48 61 76 83 84 104 138 143 153 179
11
35 40 54 68 71 72 87 121 140 150 153
6
2 31 45 79 166 180
14
34 54 59 79 98 107 114 123 138 158 159 164 169 175
7
34 82 142 153 161 185 190
10
24 42 83 95 115 151 178 180 181 199
6
17 36 59 61 62 64
8
23 27 89 131 142 154 158 186
13
1 10 19 34 47 68 83 89 121 122 156 161 176
15
8 18 30 39 62 87 107 111 114 117 142 144 147 164 192
11
42 47 50 72 95 150 153 170 181 182 197
11
10 41 73 100 109 113 115 122 152 183 198
8
52 79 90 121 139 145 161 197
9
55 80 83 88 121 136 156 160 181
10
34 41 62 102 109 121 122 128 153 163
9
11 47 83 89 134 138 141 149 166
11
12 14 24 37 71 81 110 116 136 140 169
10
8 51 65 70 71 87 104 155 159 163
12
15 21 29 49 55 62 100 102 107 117 154 162
6
82 99 133 153 172 182
3
4 16 95
7
29 51 98 111 116 121 186
9
69 92 109 114 121 146 161 169 180
15
3 21 48 52 58 91 97 143 151 157 169 171 173 180 192
14
2 4 6 8 34 51 52 84 89 95 116 120 150 155
10
12 17 42 69 101 123 142 144 150 154
12
25 27 34 36 41 75 108 112 120 148 167 168
12
40 69 81 85 110 119 124 136 137 164 190 200
3
26 52 180
10
63 67 73 74 77 104 133 164 175 189
11
12 19 30 35 70 84 93 115 135 137 156
13
10 11 36 42 82 83 92 116 137 149 182 183 188
7
25 27 42 52 66 100 117
9
30 58 95 108 116 118 119 174 179
13
37 50 59 67 74 87 104 115 127 139 142 143 196
12
1 23 85 126 151 157 163 174 177 182 184 196
8
18 29 58 97 99 110 120 186
7
22 109 115 118 128 157 185
14
10 30 35 56 60 69 87 109 123 151 162 181 182 196
6
35 67 131 138 146 156
8
50 53 58 113 116 150 174 197
7
1 6 60 101 152 176 188
6
16 109 110 117 167 192
12
13 42 65 68 74 121 136 185 188 189 190 196
9
49 54 100 114 115 129 130 190 194
8
32 51 93 104 113 144 153 158
12
1 50 52 53 54 68 83 116 124 133 140 186
6
20 24 88 93 94 158
11
5 33 110 113 126 154 155 164 173 179 196
6
61 63 73 128 156 200
5
20 39 87 123 127
8
9 16 56 101 154 163 166 198
7
9 51 116 150 168 172 188
10
2 40 92 96 98 112 120 148 181 188
13
35 47 60 61 71 91 93 96 103 110 145 146 184
10
23 44 55 71 80 102 106 118 128 169
14
40 62 65 77 89 90 94 120 130 135 151 159 177 195
15
23 27 32 47 49 70 82 83 94 125 147 149 156 163 182
6
30 72 100 136 138 164
10
3 11 16 18 61 127 153 179 180 195
12
18 27 48 56 101 108 129 131 147 157 178 196
11
16 35 41 48 73 75 135 159 161 173 183
9
17 57 69 82 152 153 154 162 186
12
3 15 16 45 81 97 99 105 131 142 171 182
14
8 19 20 27 48 52 102 106 136 139 150 183 190 196
