100 200
1.0 1.0 1.0 1.0 1.0 1.0 1.0 1.0 1.0 1.0 1.0 1.0 1.0 1.0 1.0 1.0 1.0 1.0 1.0 1.0 1.0 1.0 1.0 1.0 1.0 1.0 1.0 1.0 1.0 1.0 1.0 1.0 1.0 1.0 1.0 1.0 1.0 1.0 1.0 1.0 1.0 1.0 1.0 1.0 1.0 1.0 1.0 1.0 1.0 1.0 1.0 1.0 1.0 1.0 1.0 1.0 1.0 1.0 1.0 1.0 1.0 1.0 1.0 1.0 1.0 1.0 1.0 1.0 1.0 1.0 1.0 1.0 1.0 1.0 1.0 1.0 1.0 1.0 1.0 1.0 1.0 1.0 1.0 1.0 1.0 1.0 1.0 1.0 1.0 1.0 1.0 1.0 1.0 1.0 1.0 1.0 1.0 1.0 1.0 1.0 1.0 1.0 1.0 1.0 1.0 1.0 1.0 1.0 1.0 1.0 1.0 1.0 1.0 1.0 1.0 1.0 1.0 1.0 1.0 1.0 1.0 1.0 1.0 1.0 1.0 1.0 1.0 1.0 1.0 1.0 1.0 1.0 1.0 1.0 1.0 1.0 1.0 1.0 1.0 1.0 1.0 1.0 1.0 1.0 1.0 1.0 1.0 1.0 1.0 1.0 1.0 1.0 1.0 1.0 1.0 1.0 1.0 1.0 1.0 1.0 1.0 1.0 1.0 1.0 1.0 1.0 1.0 1.0 1.0 1.0 1.0 1.0 1.0 1.0 1.0 1.0 1.0 1.0 1.0 1.0 1.0 1.0 1.0 1.0 1.0 1.0 1.0 1.0 1.0 1.0 1.0 1.0 1.0 1.0 1.0 1.0 1.0 1.0 1.0 1.0
15
26 55 59 63 72 83 90 93 103 105 115 126 140 170 200
19
6 24 29 36 58 76 82 84 105 114 123 125 133 152 153 156 173 181 194
22
8 17 21 38 43 65 66 97 101 103 106 116 122 140 148 151 152 171 179 181 187 198
19
24 25 30 34 38 44 55 57 58 66 88 93 96 102 118 119 127 150 198
21
4 8 14 32 38 50 81 95 101 109 122 142 145 146 156 159 161 178 186 188 193
17
3 8 29 30 37 80 105 114 121 123 132 140 153 164 189 191 192
23
9 12 13 24 31 39 52 62 63 73 81 82 97 103 108 117 118 125 127 129 136 184 195
20
3 7 15 18 20 31 59 86 91 95 99 113 143 148 159 160 164 186 188 200
17
15 25 33 38 41 42 50 62 66 67 78 91 95 99 122 123 148
21
16 31 46 58 60 64 82 87 96 103 113 118 120 128 131 134 138 148 156 179 189
33
8 11 21 42 44 45 66 74 75 87 89 102 108 110 111 117 122 123 126 140 144 151 153 155 165 166 169 170 172 176 179 191 192
15
14 36 41 48 58 67 74 80 101 103 123 129 157 165 182
28
6 10 18 20 21 40 44 48 52 53 65 87 95 98 101 103 111 114 118 119 156 157 170 177 190 191 192 194
18
3 28 59 96 104 112 116 127 134 137 143 146 149 159 168 181 186 194
15
6 19 47 53 54 56 75 94 100 102 104 124 165 175 176
22
1 9 31 47 50 67 68 69 89 95 97 102 119 127 140 153 154 155 158 162 165 175
25
14 20 26 28 32 33 41 57 67 75 76 82 86 118 119 125 136 142 144 155 169 179 191 198 200
23
6 7 15 19 22 25 33 34 43 44 54 73 87 95 105 111 136 149 165 174 182 195 198
20
5 17 23 24 37 54 55 57 76 79 91 106 111 131 139 144 181 191 197 199
27
1 9 11 22 27 34 35 41 72 76 86 89 90 96 97 102 107 111 122 132 146 151 172 181 192 196 197
23
4 14 27 37 42 43 48 54 61 72 96 101 102 116 128 135 143 154 159 165 171 193 196
22
1 20 23 25 26 33 35 57 58 66 71 74 93 103 112 154 160 169 178 194 198 200
22
14 18 21 38 54 55 57 68 70 73 92 103 108 112 141 142 149 167 191 193 196 198
24
7 22 56 59 62 77 93 95 98 113 124 132 147 152 162 166 170 178 183 185 191 194 197 198
19
2 15 16 19 22 31 46 54 59 61 62 65 107 160 161 168 186 188 189
16
8 21 28 48 52 71 83 95 98 111 112 117 148 157 174 195
16
8 22 48 59 66 70 73 84 94 120 137 143 149 150 158 169
19
6 9 27 28 30 71 75 95 96 109 116 124 128 132 139 141 150 179 193
14
2 11 26 95 97 98 123 137 138 140 151 154 173 192
14
1 12 34 60 68 98 109 137 146 153 155 167 187 198
19
9 16 32 35 78 89 90 96 97 112 134 137 138 141 146 152 163 173 194
27
9 16 22 27 31 34 36 41 45 53 70 77 87 104 113 115 137 157 160 166 167 172 185 186 187 190 194
19
13 26 32 65 82 92 96 100 116 130 141 156 161 165 166 170 193 195 198
20
2 3 9 14 28 35 57 61 66 69 110 120 127 132 133 134 136 167 182 192
18
5 13 21 31 48 50 71 72 85 86 93 117 133 142 144 164 170 188
12
27 53 82 101 102 118 121 123 152 158 179 197
20
37 45 59 83 84 90 91 97 108 109 134 136 137 138 150 172 174 176 182 194
15
31 40 48 68 91 100 111 117 144 160 165 171 180 181 188
28
7 10 24 31 42 50 61 89 98 102 103 112 119 124 125 126 134 151 152 153 155 163 176 178 180 183 189 196
18
29 42 54 57 58 73 78 102 104 109 126 138 152 156 167 175 187 190
18
5 15 53 55 66 73 75 88 99 121 126 134 141 152 153 192 195 198
26
1 3 6 12 16 35 38 39 42 46 49 52 61 68 69 78 103 115 135 141 145 167 168 170 191 192
21
2 41 45 56 57 60 62 63 71 102 103 121 141 143 147 154 169 170 182 183 184
29
21 24 25 31 32 33 45 47 56 59 64 70 76 85 90 100 103 105 109 111 112 113 119 123 128 129 181 186 197
30
4 14 16 19 21 22 26 27 32 33 44 60 65 66 67 71 74 75 95 100 101 147 150 158 168 174 176 184 185 191
22
14 15 17 26 27 28 30 31 47 66 73 96 97 99 102 108 130 134 142 147 152 186
23
2 34 41 42 43 52 84 88 98 102 107 112 115 117 130 135 138 182 192 194 196 199 200
24
7 9 24 30 37 41 53 55 61 64 75 96 97 104 139 147 149 153 157 163 165 167 173 188
16
29 37 42 59 67 81 97 105 118 141 150 160 162 171 179 198
20
3 5 6 7 15 31 38 41 47 55 57 69 98 111 128 132 137 147 153 191
21
4 5 7 14 16 21 33 40 57 60 87 96 97 99 128 140 150 167 181 190 197
18
1 26 39 54 65 68 69 103 140 146 147 161 166 169 178 181 182 190
19
30 31 62 77 82 85 93 97 101 110 115 118 149 151 161 174 182 184 186
17
19 28 35 50 70 71 85 92 103 111 119 124 126 144 150 153 161
18
41 51 63 66 71 93 96 108 109 124 127 134 138 142 154 157 160 179
15
52 58 65 68 78 80 81 103 112 135 142 159 161 171 191
22
2 3 9 12 14 24 29 34 50 58 60 76 86 95 121 133 141 159 177 186 192 196
21
5 25 38 48 53 61 82 95 100 101 110 121 127 130 134 138 140 156 158 167 200
25
1 3 6 15 24 55 56 65 79 80 87 95 101 111 119 123 125 140 148 154 161 171 183 184 191
26
7 30 34 35 53 54 55 84 87 94 100 107 118 122 126 132 142 145 148 152 155 163 168 179 183 200
21
2 16 28 43 46 74 81 82 93 100 106 139 142 150 152 153 155 182 197 198 200
18
5 9 17 52 53 62 64 73 76 107 116 125 133 140 147 167 169 182
21
4 22 29 43 49 53 63 64 75 90 113 130 131 137 146 147 148 163 165 171 191
18
4 16 18 23 70 79 83 96 97 109 119 120 121 145 156 162 192 197
19
7 18 26 36 38 57 59 64 66 78 80 86 110 113 116 121 132 155 180
20
12 13 14 22 32 49 55 66 88 102 113 118 123 130 131 140 158 162 172 187
23
4 20 32 50 53 54 64 71 73 78 81 90 110 117 124 125 129 135 149 151 154 163 190
27
7 34 42 59 60 62 64 69 74 85 95 98 111 113 125 131 144 147 148 153 154 156 174 175 184 186 198
21
8 10 21 37 45 52 65 69 76 98 99 100 113 127 129 130 136 142 160 165 183
19
9 11 15 21 42 83 98 101 123 124 126 132 135 136 141 170 178 181 198
17
6 17 29 59 83 90 114 130 160 162 167 169 170 172 174 181 183
17
3 24 38 54 67 81 84 99 103 105 115 126 138 162 174 179 199
16
4 46 71 90 116 117 118 120 122 128 129 146 162 178 193 200
29
11 26 33 36 41 46 49 51 56 58 61 62 68 69 74 77 86 116 121 124 137 142 152 154 169 170 173 182 200
22
6 13 14 17 21 38 47 56 59 60 80 82 84 85 86 95 117 124 137 151 154 200
18
22 24 29 42 60 64 71 78 90 112 139 148 154 157 159 175 181 182
14
1 8 23 25 35 52 85 88 96 97 110 141 165 189
12
13 24 26 56 112 114 133 145 150 162 184 193
21
32 46 56 60 61 70 72 76 79 80 81 86 90 96 115 122 140 150 151 171 199
18
3 6 7 11 34 61 63 66 87 88 119 124 134 135 137 157 188 197
13
20 26 27 34 51 94 100 144 146 152 171 177 178
21
4 20 23 24 29 33 41 48 66 71 101 123 139 158 160 166 173 178 182 186 191
30
2 20 30 37 46 47 48 54 56 70 73 77 82 85 96 100 108 116 122 123 129 140 149 150 151 154 158 166 177 194
21
29 31 33 50 53 56 70 73 74 79 85 97 110 112 130 146 164 174 179 194 197
16
8 11 13 18 21 22 27 58 73 80 83 92 103 135 179 180
18
10 21 38 51 53 85 86 114 115 117 124 125 129 137 150 180 192 199
20
10 29 47 48 59 61 69 75 77 83 93 138 144 168 175 179 180 187 189 197
22
17 21 28 37 42 53 57 59 60 67 70 73 75 76 94 96 124 147 148 162 176 190
20
13 23 25 30 42 43 49 59 76 89 97 109 133 151 162 184 186 187 189 193
16
1 2 36 66 69 83 97 100 102 141 143 145 161 166 175 181
20
3 7 9 29 33 57 64 68 78 82 107 112 113 116 119 120 156 179 185 200
27
5 13 24 34 35 40 44 48 53 54 56 68 90 92 94 103 121 134 146 152 155 173 183 187 190 191 195
16
15 20 21 35 42 43 46 50 58 77 117 142 149 158 165 182
17
1 18 26 43 44 54 60 79 89 91 92 96 121 122 139 172 190
20
20 37 43 49 53 58 70 87 99 110 114 122 131 133 141 149 157 159 182 195
24
23 28 36 37 66 71 86 106 107 109 111 112 122 123 125 126 149 150 153 174 176 181 184 196
20
3 6 29 57 58 62 68 81 90 91 100 114 117 130 151 159 165 174 192 194
15
2 23 51 53 62 74 84 100 104 107 108 138 149 178 184
23
28 38 44 56 70 73 75 82 99 109 111 112 113 115 123 130 139 143 163 175 176 193 197
21
11 14 36 46 51 52 58 61 75 77 96 115 118 120 122 130 140 154 155 167 175
