50 100
1.0 1.0 1.0 1.0 1.0 1.0 1.0 1.0 1.0 1.0 1.0 1.0 1.0 1.0 1.0 1.0 1.0 1.0 1.0 1.0 1.0 1.0 1.0 1.0 1.0 1.0 1.0 1.0 1.0 1.0 1.0 1.0 1.0 1.0 1.0 1.0 1.0 1.0 1.0 1.0 1.0 1.0 1.0 1.0 1.0 1.0 1.0 1.0 1.0 1.0 1.0 1.0 1.0 1.0 1.0 1.0 1.0 1.0 1.0 1.0 1.0 1.0 1.0 1.0 1.0 1.0 1.0 1.0 1.0 1.0 1.0 1.0 1.0 1.0 1.0 1.0 1.0 1.0 1.0 1.0 1.0 1.0 1.0 1.0 1.0 1.0 1.0 1.0 1.0 1.0 1.0 1.0 1.0 1.0 1.0 1.0 1.0 1.0 1.0 1.0
6
9 18 19 46 61 64
7
26 44 47 63 67 73 86
5
11 30 33 56 66
6
9 59 61 68 87 92
10
7 17 25 40 44 48 53 73 80 87
6
12 34 44 61 63 94
6
27 28 40 58 79 93
5
8 60 64 83 86
6
9 35 62 67 75 91
4
46 70 83 98
1
80
5
49 50 53 75 95
7
17 53 54 62 65 76 89
6
3 34 46 70 75 80
3
32 90 99
4
10 96 99 100
4
15 77 84 93
5
11 47 71 89 95
6
9 20 45 59 83 84
4
37 38 72 74
3
35 89 100
6
20 28 31 36 43 87
7
6 20 32 53 54 73 86
4
48 53 67 88
8
23 24 27 34 52 72 80 83
8
19 34 50 73 74 79 93 95
6
22 28 47 67 86 91
7
4 22 63 78 83 95 98
6
10 19 20 72 85 90
9
5 9 25 26 29 51 59 66 80
3
52 76 78
8
26 53 55 56 82 83 87 88
3
4 12 39
4
28 42 55 74
5
15 16 18 33 73
5
8 23 40 73 86
2
70 71
3
64 69 75
5
27 55 63 83 98
3
36 85 95
5
10 24 54 82 99
7
9 14 40 42 56 69 81
6
2 5 39 43 77 93
4
24 81 84 95
6
2 8 10 11 16 20
5
3 9 40 87 98
4
3 9 34 96
8
17 18 24 47 53 57 59 85
5
3 6 17 58 68
8
3 11 12 17 39 80 95 99
