150 300
1.0 1.0 1.0 1.0 1.0 1.0 1.0 1.0 1.0 1.0 1.0 1.0 1.0 1.0 1.0 1.0 1.0 1.0 1.0 1.0 1.0 1.0 1.0 1.0 1.0 1.0 1.0 1.0 1.0 1.0 1.0 1.0 1.0 1.0 1.0 1.0 1.0 1.0 1.0 1.0 1.0 1.0 1.0 1.0 1.0 1.0 1.0 1.0 1.0 1.0 1.0 1.0 1.0 1.0 1.0 1.0 1.0 1.0 1.0 1.0 1.0 1.0 1.0 1.0 1.0 1.0 1.0 1.0 1.0 1.0 1.0 1.0 1.0 1.0 1.0 1.0 1.0 1.0 1.0 1.0 1.0 1.0 1.0 1.0 1.0 1.0 1.0 1.0 1.0 1.0 1.0 1.0 1.0 1.0 1.0 1.0 1.0 1.0 1.0 1.0 1.0 1.0 1.0 1.0 1.0 1.0 1.0 1.0 1.0 1.0 1.0 1.0 1.0 1.0 1.0 1.0 1.0 1.0 1.0 1.0 1.0 1.0 1.0 1.0 1.0 1.0 1.0 1.0 1.0 1.0 1.0 1.0 1.0 1.0 1.0 1.0 1.0 1.0 1.0 1.0 1.0 1.0 1.0 1.0 1.0 1.0 1.0 1.0 1.0 1.0 1.0 1.0 1.0 1.0 1.0 1.0 1.0 1.0 1.0 1.0 1.0 1.0 1.0 1.0 1.0 1.0 1.0 1.0 1.0 1.0 1.0 1.0 1.0 1.0 1.0 1.0 1.0 1.0 1.0 1.0 1.0 1.0 1.0 1.0 1.0 1.0 1.0 1.0 1.0 1.0 1.0 1.0 1.0 1.0 1.0 1.0 1.0 1.0 1.0 1.0 1.0 1.0 1.0 1.0 1.0 1.0 1.0 1.0 1.0 1.0 1.0 1.0 1.0 1.0 1.0 1.0 1.0 1.0 1.0 1.0 1.0 1.0 1.0 1.0 1.0 1.0 1.0 1.0 1.0 1.0 1.0 1.0 1.0 1.0 1.0 1.0 1.0 1.0 1.0 1.0 1.0 1.0 1.0 1.0 1.0 1.0 1.0 1.0 1.0 1.0 1.0 1.0 1.0 1.0 1.0 1.0 1.0 1.0 1.0 1.0 1.0 1.0 1.0 1.0 1.0 1.0 1.0 1.0 1.0 1.0 1.0 1.0 1.0 1.0 1.0 1.0 1.0 1.0 1.0 1.0 1.0 1.0 1.0 1.0 1.0 1.0 1.0 1.0 1.0 1.0 1.0 1.0 1.0 1.0 1.0 1.0 1.0 1.0 1.0 1.0
20
16 28 29 53 62 67 84 121 137 171 186 220 240 250 251 263 279 286 287 289
20
18 23 46 82 84 89 105 114 123 140 167 174 175 198 213 240 270 280 285 295
19
6 22 28 33 34 64 66 78 88 97 122 141 142 179 187 205 212 221 259
19
22 65 77 94 109 114 116 140 174 184 190 220 230 232 246 257 272 296 298
16
44 73 87 89 95 97 102 118 136 148 149 192 224 227 238 257
24
8 10 11 29 31 47 48 64 75 76 88 99 120 129 136 142 183 184 199 207 208 219 266 298
20
10 18 34 45 70 75 112 121 148 183 196 209 212 219 229 248 260 270 285 287
12
65 120 133 184 205 210 215 233 235 258 285 287
20
1 9 24 34 50 93 98 111 129 139 167 168 178 209 235 269 273 282 283 300
9
45 51 122 129 136 179 222 236 276
12
24 31 34 144 196 207 215 236 239 259 269 291
13
38 47 48 83 85 107 114 126 137 199 273 276 292
15
11 31 51 64 72 87 131 133 196 207 246 248 261 292 296
18
15 19 31 33 45 89 142 147 166 173 207 208 218 248 263 274 275 276
14
3 22 24 31 45 69 157 168 195 204 235 244 264 274
22
2 17 27 31 41 59 80 89 108 111 159 161 198 209 213 215 224 239 242 248 261 262
13
1 7 18 56 109 169 182 212 237 243 268 280 285
19
10 20 30 48 61 62 88 106 160 180 207 238 240 243 267 270 276 285 300
23
2 22 43 46 71 85 108 122 124 132 137 139 158 166 199 213 217 234 240 259 268 290 300
18
5 33 41 45 46 49 50 58 95 99 121 172 179 245 258 259 267 283
11
33 46 95 99 127 147 190 201 215 226 272
14
9 12 29 31 35 90 100 121 162 165 206 252 265 276
15
75 99 121 162 169 179 192 207 217 222 227 228 242 253 288
10
13 36 74 102 108 114 119 176 187 243
14
20 23 45 80 93 106 125 132 167 183 208 210 255 286
23
6 10 21 30 31 42 58 91 97 104 117 126 152 154 155 195 209 242 244 247 250 253 298
20
3 7 15 19 39 40 46 91 121 127 144 147 151 153 155 177 197 221 238 251
7
21 43 103 145 146 152 169
12
6 44 62 106 107 124 142 148 195 234 248 271
18
1 17 23 26 53 55 66 81 107 125 154 179 209 212 219 221 266 281
17
1 65 75 85 99 102 105 120 179 190 211 220 239 257 263 274 291
14
3 21 128 149 152 171 180 203 218 219 222 241 254 279
15
6 27 34 48 93 98 106 123 141 149 156 203 218 225 300
13
12 17 22 56 83 131 195 249 262 271 285 287 295
23
2 14 17 23 29 78 81 93 100 113 116 136 138 141 152 168 179 216 217 237 262 269 299
24
11 27 30 51 61 76 83 104 109 118 134 161 168 169 176 185 218 235 243 257 258 268 273 295
19
19 29 52 113 119 120 131 146 167 180 192 194 202 221 230 240 267 279 293
15
31 43 97 99 126 131 139 155 187 199 208 243 252 273 280
20
16 29 34 71 81 84 93 96 108 133 135 136 139 165 217 263 264 272 290 295
12
38 68 75 84 99 109 140 169 213 220 223 293
12
10 22 40 43 64 115 142 198 201 231 234 267
16
26 28 49 64 78 109 134 145 174 177 190 220 254 261 296 300
15
38 40 83 84 95 122 132 146 148 154 250 269 274 278 281
15
23 26 36 46 52 86 101 149 155 164 185 192 195 274 283
23
3 25 27 41 60 68 82 90 98 131 149 155 163 176 179 235 239 251 257 271 273 275 290
15
39 48 50 58 113 115 127 133 142 144 146 228 245 263 273
13
6 22 37 48 78 119 142 148 177 182 248 255 289
19
21 45 46 82 110 129 135 136 141 145 153 166 188 189 227 243 248 252 269
20
30 48 76 81 102 148 179 184 191 198 201 202 225 236 244 248 264 281 289 292
24
12 45 47 51 55 63 131 138 145 154 155 160 163 193 196 203 204 212 213 226 253 272 276 286
9
68 79 156 191 202 213 253 255 289
11
20 41 55 59 71 85 171 182 248 289 297
21
4 5 8 24 25 49 102 126 134 192 202 208 212 236 253 277 278 283 289 292 299
12
13 104 138 151 159 160 166 183 208 231 237 295
17
15 22 33 91 111 118 152 158 182 189 208 214 227 235 245 249 276
12
41 70 74 76 92 156 177 201 227 231 269 276
11
27 53 116 123 169 188 203 207 228 237 297
15
15 22 34 52 76 87 148 189 195 200 237 249 251 263 276
13
29 43 46 47 58 61 92 105 128 218 229 271 289
18
8 32 41 60 63 66 125 145 165 170 222 226 259 283 287 288 290 296
16
35 118 122 169 181 201 207 212 216 218 219 228 236 239 256 300
20
6 8 60 61 78 81 85 125 163 186 192 200 223 225 234 235 236 240 258 274
17
8 36 47 58 60 63 64 87 89 91 96 104 147 164 185 192 296
18
7 19 29 58 66 70 89 102 116 126 128 130 150 174 264 269 283 287
14
32 45 104 108 172 184 191 230 233 252 264 267 273 282
17
4 11 35 45 73 124 134 146 151 159 172 184 186 248 258 293 295
28
2 4 15 20 40 42 49 66 68 81 100 102 111 112 116 134 155 166 179 187 223 230 242 261 264 271 282 299
11
58 59 90 113 172 193 201 206 223 231 268
15
1 7 11 26 32 38 52 61 123 132 169 194 201 275 278
11
16 21 45 74 100 102 115 135 140 141 217
24
50 55 65 75 79 99 118 151 166 178 185 201 204 209 213 215 225 231 235 247 261 278 283 290
17
10 20 51 85 99 109 128 129 142 166 207 211 223 262 284 291 296
16
3 26 53 55 74 89 100 119 151 154 155 166 188 241 243 247
14
4 7 12 23 57 61 89 101 103 180 218 240 241 242
12
33 56 72 108 128 144 190 204 226 230 235 273
12
44 56 107 121 141 151 181 212 227 275 278 289
9
21 54 149 184 222 230 236 242 270
16
41 51 60 63 65 72 73 86 92 117 128 132 175 180 197 212
16
27 38 45 47 75 81 113 116 117 158 160 163 182 254 274 279
18
14 22 48 51 58 72 78 108 110 142 146 147 172 173 215 251 277 281
14
1 9 20 73 113 132 136 138 163 168 185 247 265 298
17
27 56 59 61 63 76 84 87 118 123 136 219 220 233 239 252 285
14
2 17 33 56 62 151 167 187 222 223 252 256 265 286
8
23 27 70 179 191 209 210 268
17
3 13 15 32 62 80 81 84 111 129 165 173 177 246 273 287 290
16
1 35 40 50 92 137 154 167 181 190 196 214 240 250 263 296
16
56 94 100 123 127 163 181 195 196 231 232 235 244 252 256 275
14
24 52 55 72 78 111 120 121 194 239 250 273 292 300
17
19 30 51 56 60 102 112 122 124 143 146 163 197 226 248 264 285
11
27 50 84 98 124 128 168 187 219 240 288
11
10 26 37 41 54 59 110 169 171 179 244
16
13 25 96 97 135 137 140 155 178 182 190 198 211 215 219 284
15
9 38 79 90 96 101 113 118 133 142 178 197 214 231 284
18
1 5 10 26 34 75 144 157 160 169 182 206 245 249 259 267 278 289
16
15 34 90 115 137 151 153 158 175 177 202 209 213 221 222 288
15
6 34 75 114 129 135 140 161 166 180 193 197 224 225 240
10
66 77 80 85 130 189 205 226 242 253
14
1 9 30 92 113 134 137 142 146 155 173 197 240 250
11
8 32 81 86 138 191 201 204 237 287 298
15
7 57 85 110 112 152 161 187 206 238 242 245 253 261 272
13
4 16 25 107 114 153 169 173 178 193 221 247 288
14
33 50 64 75 76 117 138 152 163 208 218 219 226 263
9
18 28 123 127 155 181 236 245 292
13
23 38 56 86 94 132 157 186 230 252 258 264 300
10
20 23 30 45 101 153 162 166 219 245
18
7 12 24 26 51 69 119 129 198 204 214 233 234 238 280 283 293 294
12
6 33 68 94 126 135 146 202 207 212 249 266
14
43 50 67 70 81 96 101 153 154 166 220 239 253 271
12
16 32 50 59 109 121 160 190 200 276 281 284
12
1 66 77 104 114 115 122 141 145 238 290 296
14
5 14 46 58 61 136 181 191 211 223 227 250 259 278
9
33 47 65 101 120 202 207 224 293
8
1 40 46 70 117 188 233 243
13
13 45 116 135 144 158 169 198 214 224 225 259 261
12
28 47 77 110 139 163 195 228 236 249 272 289
19
3 38 49 72 84 117 128 159 167 176 183 217 220 233 235 240 245 292 294
15
19 28 44 82 125 128 142 172 180 205 243 253 255 280 283
15
21 35 56 62 67 119 120 133 161 177 204 231 234 239 288
7
38 99 100 101 205 215 233
15
5 39 57 66 76 96 143 146 161 175 214 215 258 262 274
18
11 15 17 47 68 72 76 94 129 132 161 210 212 230 237 239 252 257
9
4 29 78 141 166 170 242 250 279
18
16 27 40 60 64 77 89 96 153 155 179 203 214 221 235 237 272 273
10
7 11 34 123 125 134 157 210 239 257
9
68 105 165 184 189 213 245 265 300
16
2 16 22 24 33 87 156 162 174 181 187 212 232 272 290 292
12
1 6 15 64 67 69 80 87 130 144 229 253
15
27 37 44 100 115 145 148 163 210 227 247 250 262 273 289
17
8 51 92 94 120 135 152 171 187 217 233 244 257 275 294 295 298
17
32 38 39 59 60 89 106 112 119 144 145 150 217 241 246 288 294
13
28 105 129 135 146 158 208 216 259 265 271 293 295
13
23 59 60 70 132 146 157 160 192 231 252 256 264
9
49 59 135 209 219 223 236 241 300
6
65 96 140 184 209 279
16
24 39 46 50 52 97 113 131 191 218 226 228 235 279 290 296
11
13 28 51 57 66 67 147 148 176 198 202
13
30 58 63 71 126 133 141 152 158 217 249 253 291
11
39 43 77 78 131 133 142 175 176 197 264
14
3 23 38 57 66 98 99 145 190 216 257 259 279 286
13
12 19 29 53 81 109 120 141 173 217 228 259 268
19
16 23 26 27 30 32 59 99 130 133 148 155 184 196 202 215 245 253 268
18
23 32 47 107 124 151 154 171 184 208 228 235 240 247 256 266 270 289
18
7 72 75 95 112 120 126 138 170 175 176 179 195 209 237 245 278 290
17
16 56 63 82 126 150 183 190 222 231 240 260 276 279 290 293 295
12
35 43 61 72 82 94 148 162 173 209 254 290
15
31 35 38 49 51 53 120 192 193 206 236 258 281 296 299
17
1 13 37 38 56 74 91 105 135 147 154 161 190 214 227 272 298
12
8 31 35 59 72 100 116 122 144 196 215 262
16
2 12 20 41 44 45 101 132 133 141 153 169 202 207 229 254
12
10 122 153 162 164 186 200 210 211 213 222 280
