150 300
1.0 1.0 1.0 1.0 1.0 1.0 1.0 1.0 1.0 1.0 1.0 1.0 1.0 1.0 1.0 1.0 1.0 1.0 1.0 1.0 1.0 1.0 1.0 1.0 1.0 1.0 1.0 1.0 1.0 1.0 1.0 1.0 1.0 1.0 1.0 1.0 1.0 1.0 1.0 1.0 1.0 1.0 1.0 1.0 1.0 1.0 1.0 1.0 1.0 1.0 1.0 1.0 1.0 1.0 1.0 1.0 1.0 1.0 1.0 1.0 1.0 1.0 1.0 1.0 1.0 1.0 1.0 1.0 1.0 1.0 1.0 1.0 1.0 1.0 1.0 1.0 1.0 1.0 1.0 1.0 1.0 1.0 1.0 1.0 1.0 1.0 1.0 1.0 1.0 1.0 1.0 1.0 1.0 1.0 1.0 1.0 1.0 1.0 1.0 1.0 1.0 1.0 1.0 1.0 1.0 1.0 1.0 1.0 1.0 1.0 1.0 1.0 1.0 1.0 1.0 1.0 1.0 1.0 1.0 1.0 1.0 1.0 1.0 1.0 1.0 1.0 1.0 1.0 1.0 1.0 1.0 1.0 1.0 1.0 1.0 1.0 1.0 1.0 1.0 1.0 1.0 1.0 1.0 1.0 1.0 1.0 1.0 1.0 1.0 1.0 1.0 1.0 1.0 1.0 1.0 1.0 1.0 1.0 1.0 1.0 1.0 1.0 1.0 1.0 1.0 1.0 1.0 1.0 1.0 1.0 1.0 1.0 1.0 1.0 1.0 1.0 1.0 1.0 1.0 1.0 1.0 1.0 1.0 1.0 1.0 1.0 1.0 1.0 1.0 1.0 1.0 1.0 1.0 1.0 1.0 1.0 1.0 1.0 1.0 1.0 1.0 1.0 1.0 1.0 1.0 1.0 1.0 1.0 1.0 1.0 1.0 1.0 1.0 1.0 1.0 1.0 1.0 1.0 1.0 1.0 1.0 1.0 1.0 1.0 1.0 1.0 1.0 1.0 1.0 1.0 1.0 1.0 1.0 1.0 1.0 1.0 1.0 1.0 1.0 1.0 1.0 1.0 1.0 1.0 1.0 1.0 1.0 1.0 1.0 1.0 1.0 1.0 1.0 1.0 1.0 1.0 1.0 1.0 1.0 1.0 1.0 1.0 1.0 1.0 1.0 1.0 1.0 1.0 1.0 1.0 1.0 1.0 1.0 1.0 1.0 1.0 1.0 1.0 1.0 1.0 1.0 1.0 1.0 1.0 1.0 1.0 1.0 1.0 1.0 1.0 1.0 1.0 1.0 1.0 1.0 1.0 1.0 1.0 1.0 1.0
33
2 3 22 26 30 45 48 51 59 64 73 81 82 86 115 116 126 128 130 132 144 211 217 228 230 231 232 234 243 255 262 264 265
31
6 24 38 61 75 93 96 100 106 116 124 148 161 166 168 176 188 193 194 204 212 222 226 236 241 249 253 254 259 277 282
29
8 11 13 31 39 55 61 78 81 91 99 110 122 123 124 140 169 173 212 214 223 237 246 249 253 274 276 294 295
33
19 22 36 45 55 64 74 78 86 105 116 121 122 123 130 150 160 168 175 178 190 191 196 200 234 250 260 263 270 273 274 296 300
26
8 20 31 35 36 55 59 60 77 85 102 119 127 128 132 141 154 161 168 170 187 226 229 239 244 252
42
2 13 27 33 46 50 55 61 68 69 73 77 80 82 99 106 109 112 114 115 116 128 145 148 161 173 175 177 192 193 209 210 216 218 227 234 247 268 271 276 290 297
23
2 17 23 25 43 44 55 58 63 65 93 132 133 147 196 238 243 277 278 284 289 295 300
33
1 20 28 36 37 40 89 93 96 97 102 111 117 140 147 148 158 168 179 183 184 193 195 196 198 204 217 218 229 233 249 272 293
27
1 9 12 14 37 60 86 87 109 121 135 140 147 167 183 188 227 234 240 244 255 259 261 271 275 296 299
36
2 4 6 20 27 32 37 43 59 60 62 63 64 66 77 85 92 99 111 112 127 132 138 177 203 216 219 221 232 264 272 273 286 288 297 300
24
6 19 21 37 39 63 64 86 111 114 138 147 152 190 192 209 217 232 237 247 260 261 269 284
32
6 12 18 22 26 32 72 79 85 110 120 125 157 159 174 179 182 192 210 211 213 227 232 239 243 249 256 261 274 283 299 300
19
1 14 30 33 47 54 63 73 76 127 137 146 153 175 186 194 257 264 271
23
3 8 20 21 28 84 88 98 124 134 151 152 164 167 192 207 246 253 259 261 279 287 297
28
1 13 15 18 22 24 27 32 39 41 76 83 94 95 115 128 156 158 161 191 199 223 224 231 257 262 283 298
28
22 24 52 63 70 74 129 137 143 145 146 147 148 164 200 211 219 221 241 252 262 264 272 277 286 291 292 295
32
8 14 17 30 38 42 44 52 76 90 92 101 107 117 118 124 151 162 175 189 193 203 211 214 217 222 232 250 254 256 272 300
27
16 25 33 35 45 57 58 60 62 63 64 100 103 113 126 151 179 194 214 215 246 250 251 252 273 293 297
30
13 37 40 47 62 73 81 105 114 125 146 153 163 168 171 181 188 190 202 209 214 218 228 237 241 251 285 289 293 299
22
8 9 16 48 61 68 73 96 116 125 128 133 165 191 202 226 236 243 245 255 289 297
34
1 13 16 29 30 34 37 52 53 69 80 97 100 104 106 122 141 146 168 169 190 193 197 201 212 221 242 249 253 277 280 281 284 293
28
18 35 39 51 56 64 66 71 100 113 115 121 127 132 164 167 173 184 197 206 208 237 239 254 269 272 278 286
33
2 18 33 37 39 44 55 59 66 71 79 80 136 173 179 184 185 192 194 201 206 212 219 247 249 253 270 276 279 282 286 291 299
37
3 4 18 27 80 100 103 104 121 122 138 147 149 154 156 169 173 174 186 189 200 202 207 211 216 218 222 227 234 236 252 253 262 263 274 277 299
27
4 6 22 25 52 88 102 111 140 173 175 204 207 211 218 219 220 239 240 257 259 261 273 286 288 297 299
39
1 6 12 14 16 17 26 30 39 46 49 50 61 69 73 92 132 143 144 145 157 161 165 171 190 192 207 210 214 235 236 248 249 257 270 274 275 296 298
35
4 18 32 40 41 43 48 51 78 82 85 91 94 109 127 135 137 142 148 156 187 193 206 212 224 225 230 239 248 251 253 258 259 261 298
28
11 23 27 38 39 48 68 70 86 92 96 107 126 127 137 150 152 154 158 169 170 178 180 213 250 267 278 298
23
39 62 64 71 86 88 90 108 116 142 157 159 173 176 180 187 195 218 242 246 273 275 282
28
12 15 29 30 54 69 88 91 102 104 106 114 115 119 131 142 153 154 179 198 204 226 247 276 278 289 291 297
35
1 27 31 34 45 57 72 78 105 111 119 123 124 130 132 147 154 163 171 179 182 185 186 203 204 212 218 221 229 241 244 259 279 293 300
24
23 30 44 58 61 69 70 87 111 130 133 165 172 181 182 229 238 242 247 254 258 269 270 282
34
2 9 11 12 13 22 33 54 62 67 74 78 88 97 130 134 142 164 170 175 192 193 195 197 205 218 227 246 247 252 261 280 293 297
31
7 21 30 60 71 74 76 114 119 146 149 151 158 176 179 182 186 209 210 213 229 231 233 235 255 257 264 287 289 296 299
23
13 35 36 44 64 69 71 96 99 106 141 162 174 195 198 216 217 243 255 263 270 272 278
27
28 29 41 44 55 83 85 98 104 145 147 151 176 181 182 183 185 190 192 193 204 255 271 284 286 292 295
28
5 8 10 15 32 34 38 40 47 54 72 83 108 123 128 131 134 149 156 191 197 207 220 221 239 240 244 253
27
3 12 15 16 19 24 47 49 54 82 85 86 97 107 112 129 146 147 169 198 218 234 246 247 261 295 296
32
1 3 12 17 22 54 56 96 110 122 143 150 152 153 156 160 168 187 203 204 207 214 218 220 223 231 242 252 256 262 266 298
25
12 20 35 52 53 60 68 76 108 115 120 124 127 130 143 174 217 220 231 236 240 245 251 275 284
31
11 19 27 28 30 32 50 51 53 57 73 78 81 101 119 120 134 154 157 175 182 191 192 195 219 224 225 264 279 290 295
29
6 9 24 25 31 37 53 72 80 105 108 111 116 120 129 139 141 143 158 176 192 200 223 230 252 262 270 280 290
23
8 16 38 50 60 68 69 100 102 111 128 140 161 162 190 201 207 215 232 264 272 284 290
25
3 4 19 32 40 51 73 78 82 85 90 104 107 134 146 148 180 192 193 198 212 224 231 241 280
32
1 9 16 33 36 42 51 54 63 68 98 99 102 146 170 180 186 193 204 227 231 232 235 263 271 273 274 276 277 287 289 299
25
6 11 19 28 32 36 41 45 68 78 87 95 100 108 122 127 144 175 187 205 239 259 260 266 268
33
10 27 34 40 41 44 53 60 81 121 130 131 136 150 160 166 172 177 179 185 221 234 235 238 246 247 256 261 262 280 281 284 296
26
1 3 20 34 41 61 74 88 106 126 135 149 151 162 166 170 173 178 181 194 198 229 234 235 266 290
33
2 5 7 28 36 41 43 80 85 94 104 108 112 119 124 125 169 173 182 185 205 206 210 219 225 228 235 243 257 268 283 296 299
28
4 30 52 56 59 77 79 86 94 100 147 157 163 164 186 204 207 218 233 239 241 242 253 256 257 258 259 268
32
14 25 37 48 60 72 74 78 93 95 100 107 119 120 132 133 139 158 189 196 211 214 219 228 232 241 244 262 279 285 290 299
30
1 13 21 26 60 67 103 108 112 129 133 140 157 159 169 185 194 195 206 230 234 246 250 271 272 278 284 286 291 296
35
6 15 22 25 37 44 49 51 56 76 110 117 121 132 134 136 138 142 158 161 163 184 187 191 206 208 226 229 252 270 272 285 295 296 298
21
10 24 37 46 48 59 88 152 166 173 176 178 179 193 198 209 218 224 227 272 275
22
24 43 77 104 108 110 113 125 152 183 199 209 214 217 237 242 247 263 265 268 283 287
27
15 28 44 53 68 69 74 75 86 94 101 108 134 135 154 156 162 173 183 192 199 200 238 245 252 254 285
26
5 15 37 51 53 63 72 102 109 114 124 130 150 171 183 198 201 208 223 243 265 267 274 282 289 300
21
3 8 29 30 49 67 77 78 95 112 127 134 184 191 215 230 231 269 273 280 293
25
27 53 58 59 64 70 81 104 115 120 136 140 143 149 153 188 198 212 224 228 236 267 271 275 293
29
22 25 27 34 50 52 59 83 118 120 122 123 145 152 161 171 183 201 209 218 224 227 240 249 264 267 283 295 300
32
5 9 20 28 47 58 73 74 78 86 87 91 96 101 104 116 152 161 166 175 182 184 197 199 213 221 264 266 267 277 281 285
32
6 8 9 14 25 27 28 52 72 93 98 113 126 131 138 144 148 149 163 204 211 217 219 225 228 233 241 257 259 263 265 285
28
4 9 27 32 68 70 73 94 95 99 105 125 143 147 160 162 163 174 175 179 193 215 230 237 242 248 272 279
28
8 19 66 69 85 90 94 114 125 133 136 138 150 152 165 169 170 173 177 178 185 191 247 252 260 272 286 291
22
13 16 23 45 67 94 101 113 117 127 136 140 166 186 187 189 207 223 231 253 284 293
25
14 18 36 42 56 61 74 76 88 91 92 98 114 119 123 157 166 173 208 228 235 249 256 270 291
26
30 33 48 65 68 83 101 105 113 117 123 124 134 135 140 161 168 172 192 207 213 235 258 274 286 298
41
6 18 40 44 54 63 64 65 76 81 86 90 94 95 105 108 113 116 120 140 155 186 189 191 193 202 203 210 214 220 232 235 241 242 255 256 258 259 270 286 299
30
7 19 21 39 41 62 64 65 75 85 99 105 106 111 119 122 128 169 181 197 214 229 230 235 250 253 266 281 293 300
28
10 21 46 57 59 60 74 75 84 90 94 114 154 172 177 178 201 203 204 228 231 233 266 270 278 282 284 298
34
7 18 32 45 48 52 75 84 89 94 110 119 127 153 161 170 200 210 212 221 230 243 246 249 251 256 258 263 266 272 273 275 281 287
33
4 10 14 24 26 34 48 56 82 87 101 102 111 124 126 130 136 138 146 147 159 162 166 173 182 191 200 211 214 230 261 262 279
26
15 24 44 68 112 114 128 141 144 150 153 195 204 216 220 226 234 242 247 249 256 262 265 280 287 288
32
5 6 10 18 29 35 45 92 97 100 105 116 135 136 178 198 204 205 210 213 219 223 226 228 242 246 260 268 278 291 295 296
28
25 47 48 54 67 79 83 87 97 124 128 136 146 151 169 175 186 195 196 199 229 237 249 254 255 287 288 295
29
3 16 35 50 53 61 66 81 90 92 108 118 124 131 137 144 154 169 204 209 211 212 219 232 233 246 263 265 295
36
11 21 22 24 27 31 50 59 71 72 83 104 112 130 139 140 148 156 160 161 166 178 185 188 194 195 200 203 208 213 238 246 251 257 262 289
32
3 25 29 37 42 54 66 73 76 79 84 88 91 95 111 112 119 136 159 166 174 179 188 190 206 229 241 268 281 282 287 294
19
3 8 20 26 35 38 49 57 133 171 178 185 214 232 249 258 270 271 290
28
37 45 59 61 63 69 72 83 101 117 134 149 166 167 173 175 184 198 210 213 217 233 245 266 269 275 278 288
37
6 10 15 57 64 68 71 91 93 94 110 112 124 126 130 132 151 160 162 169 170 175 185 196 198 208 224 225 238 239 245 265 266 272 285 287 289
31
21 32 44 52 64 68 71 89 103 107 118 121 124 149 157 161 178 198 218 221 224 227 229 232 244 261 268 288 289 291 294
25
6 14 24 102 106 110 114 121 122 132 134 141 142 163 171 172 175 182 260 262 274 282 283 293 295
39
35 37 46 47 65 69 89 96 114 123 137 140 155 160 171 173 177 186 190 191 195 197 202 232 235 238 241 242 249 265 268 273 282 284 287 288 289 290 295
28
35 52 54 63 73 77 83 88 115 116 117 126 136 141 150 165 170 173 182 213 226 228 241 243 247 260 274 295
34
1 2 6 14 17 26 30 35 46 55 63 76 79 87 100 101 111 118 126 131 149 165 183 192 200 232 241 246 255 256 272 274 279 294
36
8 14 23 25 33 38 43 47 48 56 68 79 91 97 127 142 148 154 155 166 175 194 195 198 217 227 229 234 239 244 245 250 254 267 278 283
26
1 6 9 15 22 26 32 44 45 47 54 59 62 88 124 133 148 158 223 227 239 255 260 263 279 297
40
4 16 17 21 26 29 37 39 40 43 45 47 52 54 55 69 76 77 78 110 125 127 139 155 160 165 169 185 193 194 209 213 215 216 222 247 251 253 276 279
28
1 13 42 52 57 87 88 101 107 138 144 164 172 175 181 191 203 220 222 224 243 255 276 278 279 290 291 300
36
1 43 65 69 86 90 99 100 101 113 114 116 117 138 139 140 147 163 167 176 192 206 223 224 240 241 248 251 261 269 272 276 277 278 280 283
36
2 7 8 14 26 30 34 36 43 53 54 64 65 71 74 86 90 95 99 101 112 118 139 158 167 172 184 194 195 205 228 230 243 269 281 293
27
1 33 40 49 83 85 88 90 107 108 129 145 147 150 153 156 186 196 220 231 238 239 242 250 259 264 298
36
36 44 45 53 68 73 75 79 88 94 101 103 111 112 114 116 129 133 140 158 159 162 172 181 206 216 220 222 230 241 269 279 282 284 295 299
32
1 6 17 18 46 57 64 68 69 98 104 120 131 134 160 163 164 165 168 172 175 178 236 238 245 251 273 274 278 280 282 289
27
4 13 17 40 43 53 98 104 114 115 121 129 141 143 157 170 179 181 204 220 223 232 238 240 250 260 283
25
10 11 14 27 33 67 69 115 118 127 130 146 155 156 176 180 193 199 208 215 232 241 248 259 280
23
5 19 37 41 60 64 68 76 89 98 106 107 143 153 155 175 209 210 218 243 245 266 291
25
22 34 37 40 66 69 70 75 84 96 97 126 140 153 154 193 201 204 207 238 256 269 273 278 286
34
6 36 43 47 51 52 53 62 81 84 85 99 105 107 118 119 128 155 156 159 160 161 170 179 185 204 207 224 234 243 245 267 270 295
39
19 25 36 49 61 66 67 68 71 79 80 88 89 99 104 108 109 111 125 133 152 157 165 169 172 177 180 192 206 227 233 258 262 272 274 277 280 286 296
34
4 6 12 14 15 21 41 53 73 77 94 110 116 117 121 140 146 154 164 180 188 196 206 215 219 220 232 253 255 270 276 286 288 291
23
13 59 62 79 98 103 112 153 155 168 175 179 183 204 217 227 231 238 250 257 275 278 295
28
9 12 30 79 92 109 112 113 127 131 159 161 169 173 181 182 203 211 225 229 230 240 252 258 275 281 284 287
21
9 22 49 63 64 76 81 84 91 110 138 155 175 193 206 221 246 250 253 281 295
23
11 17 27 30 73 82 95 111 112 160 161 163 186 190 197 199 223 235 254 266 271 293 299
30
23 28 29 30 34 39 48 70 84 95 101 116 125 131 153 166 168 169 179 212 218 225 231 239 256 257 268 271 296 299
28
27 36 37 42 44 49 51 59 77 80 91 98 112 118 137 144 162 179 180 190 207 238 244 269 273 285 297 299
26
6 16 34 39 72 89 102 115 124 126 138 163 164 169 174 181 209 215 217 227 240 242 243 257 279 285
35
5 6 9 10 31 37 38 41 51 52 55 67 69 71 76 90 96 97 103 125 143 178 200 210 212 219 225 227 253 258 260 273 274 278 296
30
21 22 44 49 59 61 80 92 94 99 107 109 112 113 133 149 174 176 178 183 198 200 203 267 272 273 280 288 291 299
28
6 11 13 18 52 53 90 92 103 105 131 134 137 160 166 168 193 199 217 221 223 240 247 254 265 278 288 296
30
21 24 33 56 72 81 95 101 110 118 121 123 129 137 138 165 177 192 204 208 213 226 234 235 244 249 255 276 293 295
23
7 33 45 85 107 117 128 135 138 145 148 165 170 172 178 180 194 222 245 251 270 271 275
32
5 7 24 28 33 42 46 49 51 67 91 104 105 111 117 131 142 159 161 175 176 185 189 191 192 208 216 221 245 249 266 276
17
6 66 89 100 118 146 160 201 202 217 230 245 248 251 269 282 294
26
14 42 49 52 59 65 82 105 109 115 125 131 153 156 164 191 205 225 232 238 251 252 259 262 273 291
27
7 11 16 18 41 47 61 63 72 87 92 129 132 144 146 170 175 184 188 205 231 240 258 273 274 291 299
25
12 26 28 29 38 42 88 91 110 118 146 148 164 175 199 204 227 228 234 243 263 267 282 290 292
30
10 11 24 34 38 39 42 68 93 105 120 146 165 171 182 185 189 221 226 228 238 240 241 252 261 265 271 281 287 298
27
35 52 60 71 78 80 97 109 112 115 122 146 160 165 169 172 198 201 218 228 239 241 247 258 262 276 289
18
23 40 42 82 83 88 147 157 198 199 200 203 204 230 236 250 277 292
23
18 42 47 63 64 88 116 126 143 151 157 168 200 208 210 221 237 243 246 255 266 297 298
42
2 12 15 17 25 26 35 44 47 50 55 57 60 70 77 82 96 102 110 113 141 143 155 165 176 188 198 210 228 229 236 247 249 251 252 256 257 258 272 276 281 297
32
6 10 16 43 67 71 84 95 112 113 117 120 123 143 146 159 163 167 170 174 216 219 226 231 233 238 245 248 252 257 278 283
35
1 14 15 24 30 31 79 87 97 103 109 114 117 143 152 161 179 182 187 196 197 207 212 221 226 229 235 237 243 245 254 281 286 293 298
38
7 19 20 32 33 46 52 62 71 72 81 84 88 93 103 108 117 134 152 168 169 173 176 208 222 228 233 235 238 250 253 260 269 270 279 280 289 300
27
7 9 18 20 35 51 71 74 77 78 79 105 111 115 123 126 127 128 143 158 183 190 216 225 229 235 259
30
5 9 11 26 33 34 39 45 49 68 74 81 84 93 114 139 140 142 155 173 183 195 203 209 226 255 256 257 280 292
36
2 16 25 36 37 54 55 58 61 62 65 74 77 93 96 99 110 114 135 144 148 163 169 170 173 192 197 204 210 219 221 229 249 255 256 262
37
23 29 35 40 63 66 68 71 76 96 100 113 132 142 144 146 150 156 161 166 177 184 191 196 197 205 208 218 225 255 258 261 262 267 276 279 280
24
16 27 38 40 70 82 85 121 179 183 189 194 196 198 200 213 217 219 226 236 252 272 274 294
30
4 39 59 64 73 110 115 116 130 136 142 144 157 161 163 167 168 178 191 194 223 226 239 243 255 262 270 278 281 297
34
12 13 14 16 21 26 35 39 43 45 51 62 71 79 92 93 95 108 111 138 139 156 158 162 199 208 213 243 246 262 264 271 278 279
27
1 11 16 18 25 48 53 58 72 79 115 120 130 131 147 161 164 166 173 195 202 204 224 239 247 262 298
23
3 12 18 30 35 48 61 68 70 80 104 109 118 134 142 143 171 174 190 217 255 275 292
30
10 21 31 43 50 51 55 66 75 78 89 92 111 145 151 155 159 167 182 188 201 204 207 208 238 258 272 283 285 293
25
7 13 15 19 29 67 74 81 104 111 118 132 178 183 192 199 205 213 232 240 244 285 293 297 298
29
3 24 36 50 54 59 70 91 93 100 109 116 118 133 139 143 146 149 153 154 225 243 244 252 269 277 281 288 300
29
1 18 45 51 54 57 58 69 76 104 114 149 154 155 156 182 187 199 218 236 245 250 259 261 266 269 289 292 299
34
17 33 36 37 40 41 71 79 98 106 109 120 130 137 140 142 148 163 172 176 178 187 188 190 196 199 200 218 222 238 252 254 271 282
24
9 17 34 57 69 99 105 113 114 126 130 137 141 144 174 177 182 190 226 235 242 267 279 293
33
2 3 4 15 19 20 28 32 42 46 50 53 74 103 112 125 131 133 135 137 143 165 167 199 216 217 218 222 256 258 261 268 269
32
13 22 40 51 53 57 75 79 91 100 107 109 116 146 149 152 153 155 156 167 179 183 184 201 217 219 252 254 262 278 283 294
35
3 5 10 12 15 16 24 28 62 80 84 91 101 128 142 147 159 162 169 170 174 188 197 200 201 209 210 214 219 225 232 249 264 267 290
32
2 14 16 22 29 49 51 66 90 94 138 146 147 149 156 163 167 172 191 195 197 199 202 232 242 251 253 262 263 264 278 284
34
8 12 33 34 42 45 48 50 55 57 78 86 91 97 103 105 108 136 138 144 173 185 189 210 212 213 224 227 245 252 259 267 282 295
30
6 26 31 33 37 71 73 82 93 110 114 118 123 130 131 135 156 159 169 181 188 196 202 226 252 266 267 268 287 290
28
1 22 24 26 27 33 42 70 91 92 97 117 139 142 150 161 168 199 206 218 237 250 260 265 266 267 280 293
21
30 44 45 49 102 130 136 155 162 174 175 187 188 206 227 236 243 245 257 273 294
