150 300
1.0 1.0 1.0 1.0 1.0 1.0 1.0 1.0 1.0 1.0 1.0 1.0 1.0 1.0 1.0 1.0 1.0 1.0 1.0 1.0 1.0 1.0 1.0 1.0 1.0 1.0 1.0 1.0 1.0 1.0 1.0 1.0 1.0 1.0 1.0 1.0 1.0 1.0 1.0 1.0 1.0 1.0 1.0 1.0 1.0 1.0 1.0 1.0 1.0 1.0 1.0 1.0 1.0 1.0 1.0 1.0 1.0 1.0 1.0 1.0 1.0 1.0 1.0 1.0 1.0 1.0 1.0 1.0 1.0 1.0 1.0 1.0 1.0 1.0 1.0 1.0 1.0 1.0 1.0 1.0 1.0 1.0 1.0 1.0 1.0 1.0 1.0 1.0 1.0 1.0 1.0 1.0 1.0 1.0 1.0 1.0 1.0 1.0 1.0 1.0 1.0 1.0 1.0 1.0 1.0 1.0 1.0 1.0 1.0 1.0 1.0 1.0 1.0 1.0 1.0 1.0 1.0 1.0 1.0 1.0 1.0 1.0 1.0 1.0 1.0 1.0 1.0 1.0 1.0 1.0 1.0 1.0 1.0 1.0 1.0 1.0 1.0 1.0 1.0 1.0 1.0 1.0 1.0 1.0 1.0 1.0 1.0 1.0 1.0 1.0 1.0 1.0 1.0 1.0 1.0 1.0 1.0 1.0 1.0 1.0 1.0 1.0 1.0 1.0 1.0 1.0 1.0 1.0 1.0 1.0 1.0 1.0 1.0 1.0 1.0 1.0 1.0 1.0 1.0 1.0 1.0 1.0 1.0 1.0 1.0 1.0 1.0 1.0 1.0 1.0 1.0 1.0 1.0 1.0 1.0 1.0 1.0 1.0 1.0 1.0 1.0 1.0 1.0 1.0 1.0 1.0 1.0 1.0 1.0 1.0 1.0 1.0 1.0 1.0 1.0 1.0 1.0 1.0 1.0 1.0 1.0 1.0 1.0 1.0 1.0 1.0 1.0 1.0 1.0 1.0 1.0 1.0 1.0 1.0 1.0 1.0 1.0 1.0 1.0 1.0 1.0 1.0 1.0 1.0 1.0 1.0 1.0 1.0 1.0 1.0 1.0 1.0 1.0 1.0 1.0 1.0 1.0 1.0 1.0 1.0 1.0 1.0 1.0 1.0 1.0 1.0 1.0 1.0 1.0 1.0 1.0 1.0 1.0 1.0 1.0 1.0 1.0 1.0 1.0 1.0 1.0 1.0 1.0 1.0 1.0 1.0 1.0 1.0 1.0 1.0 1.0 1.0 1.0 1.0 1.0 1.0 1.0 1.0 1.0 1.0
58
3 13 14 27 28 42 44 46 63 68 70 80 81 82 83 94 97 98 99 102 112 114 116 120 126 129 132 134 141 152 155 170 184 187 188 191 193 194 205 207 213 226 232 235 242 245 254 257 259 263 264 267 281 284 285 286 287 299
65
8 10 12 13 14 22 24 26 27 30 33 35 39 40 47 66 77 86 99 102 104 119 123 128 132 138 144 146 147 152 153 159 160 171 176 185 190 191 193 202 204 207 215 218 224 231 242 244 245 248 249 254 257 263 265 266 267 271 274 276 278 285 289 291 299
63
5 6 8 15 16 18 26 36 39 41 44 46 47 51 55 67 72 78 83 87 91 93 95 98 101 111 114 115 117 124 125 131 132 134 148 150 176 183 186 191 202 205 211 214 221 228 231 235 241 243 246 247 249 251 252 256 266 272 275 276 282 291 298
55
2 8 13 18 24 25 31 32 34 36 42 52 56 68 69 84 88 100 105 107 108 109 112 124 134 136 138 140 141 142 150 151 161 168 173 184 201 205 206 209 210 211 218 220 221 227 237 258 266 269 271 273 284 292 295
55
20 21 24 25 26 30 33 43 47 54 67 68 72 80 87 89 94 98 99 100 105 108 121 129 136 138 148 159 174 175 176 177 182 184 190 191 197 203 204 205 236 237 239 245 250 255 257 261 267 271 273 274 275 277 286
51
13 14 24 27 30 31 36 37 39 41 47 50 56 57 69 71 89 93 109 111 118 123 124 135 138 139 141 147 149 155 161 167 184 187 190 199 211 212 221 225 229 230 245 248 250 251 254 262 264 276 278
68
1 7 11 14 16 17 19 28 30 34 40 41 42 44 49 50 53 57 64 74 79 86 95 96 99 101 102 104 113 116 123 124 126 142 143 146 159 164 170 171 173 174 175 185 187 189 190 192 196 212 218 222 229 239 241 242 253 254 262 265 271 272 280 283 287 289 293 298
80
2 7 9 10 16 18 26 27 35 36 42 48 50 51 77 78 85 86 87 92 95 100 102 104 105 107 109 111 112 113 117 123 124 128 129 130 131 145 146 148 158 159 160 162 164 167 174 179 180 181 183 204 205 207 216 220 221 222 224 226 228 231 233 236 239 243 254 258 263 267 268 272 277 278 280 288 289 291 293 300
66
3 4 8 10 11 18 23 31 36 37 43 52 60 69 73 86 87 97 100 104 105 115 116 120 123 126 132 135 136 139 150 151 155 159 164 166 168 170 171 174 181 183 184 187 193 200 201 212 215 216 218 226 236 241 246 250 260 262 267 269 270 271 280 284 289 294
61
5 7 9 10 16 17 19 23 31 34 38 39 47 52 60 63 83 85 98 103 106 107 120 125 143 147 149 153 154 155 162 163 170 177 181 182 191 197 198 200 209 210 218 221 232 237 238 241 245 250 260 264 265 270 271 275 278 283 290 296 297
55
16 18 24 31 35 39 48 50 53 56 60 62 63 65 74 94 100 119 120 129 131 145 153 155 156 161 169 189 191 196 198 206 211 214 216 222 225 227 231 233 237 245 249 257 270 276 278 280 289 291 294 296 297 298 299
50
2 5 7 8 10 17 24 27 28 38 48 49 59 76 86 94 99 102 112 113 121 122 124 149 152 157 166 173 175 180 196 204 206 207 212 215 218 227 229 234 241 252 263 266 268 277 280 294 296 298
64
5 9 16 25 32 33 34 35 40 53 54 56 60 65 75 76 78 82 84 88 92 95 96 104 112 113 118 119 130 147 154 158 160 170 173 179 181 184 185 189 190 192 193 194 201 202 212 213 220 223 227 231 245 257 258 263 274 276 282 283 284 285 289 299
53
1 2 9 15 19 20 21 42 44 49 66 68 71 73 76 85 90 104 105 132 135 137 144 149 153 156 165 179 190 191 194 195 196 200 201 208 213 215 222 228 229 232 238 239 255 259 262 268 271 272 280 295 300
42
4 7 14 21 25 33 40 42 44 53 71 76 77 79 86 100 110 135 140 144 147 148 157 172 173 193 196 202 203 205 207 214 228 229 246 253 258 267 278 292 297 299
47
5 7 8 11 12 39 50 57 59 75 78 81 91 96 97 103 114 118 119 125 132 138 144 146 157 160 161 163 166 168 175 184 186 193 194 195 209 228 230 231 232 237 260 269 270 276 278
55
7 9 25 29 46 47 49 51 55 56 62 67 71 74 76 78 84 100 115 127 135 140 143 149 154 155 156 158 166 171 175 180 187 199 201 202 206 215 221 227 228 230 244 250 253 262 263 273 282 283 285 288 290 295 297
67
4 13 31 40 41 49 53 54 55 57 59 64 68 69 73 74 75 77 81 97 98 124 126 127 128 135 137 138 144 147 148 153 166 173 177 179 184 185 188 191 196 197 198 199 200 203 213 218 219 224 230 231 232 233 234 238 257 261 262 268 271 286 289 290 294 297 298
56
7 14 15 22 24 26 33 37 39 47 60 68 71 75 77 84 97 101 105 121 122 125 128 134 149 151 153 159 161 164 167 175 187 188 195 201 202 205 209 224 226 228 233 234 236 243 244 248 250 252 253 265 275 279 283 297
58
4 6 11 21 32 34 43 47 50 58 61 64 79 82 83 84 87 91 93 99 100 104 106 111 112 118 119 125 131 135 138 143 145 146 155 156 159 163 169 170 175 178 186 198 205 206 209 228 232 236 256 257 258 268 284 286 291 292
55
4 7 18 19 38 39 44 49 51 53 61 64 76 80 81 87 95 108 113 124 132 135 137 146 151 152 161 169 170 171 175 179 188 204 205 212 213 217 219 220 221 227 236 238 248 253 264 265 266 268 288 291 297 299 300
64
3 30 41 42 53 68 73 74 78 80 87 89 93 98 100 112 114 118 124 137 138 140 141 143 150 151 155 164 167 168 176 191 195 197 198 201 202 205 211 212 214 216 221 222 224 227 230 238 241 244 245 253 257 259 268 270 272 278 280 287 293 297 299 300
65
4 11 18 23 28 32 35 44 45 46 52 53 60 62 64 66 70 73 77 78 85 88 91 94 100 107 109 114 119 123 125 129 130 133 140 141 145 150 157 160 162 164 170 186 195 198 201 209 216 220 228 230 231 233 234 237 241 254 255 262 271 274 279 284 298
63
1 2 6 7 24 39 43 49 51 56 58 59 60 67 77 83 90 92 94 95 96 105 107 112 113 116 118 120 128 129 131 132 135 140 143 145 148 151 159 164 167 169 175 185 186 192 203 204 211 229 236 238 258 261 264 265 267 281 282 291 293 294 300
60
24 34 37 43 47 53 57 64 65 71 72 83 91 93 100 103 110 112 117 121 122 123 135 140 144 148 154 161 162 165 170 173 180 183 187 189 190 198 201 212 215 225 226 229 233 234 235 241 242 248 260 265 273 277 278 286 289 290 294 295
49
27 30 34 48 55 56 63 65 76 82 84 85 86 93 94 96 98 106 113 121 125 131 136 143 149 153 156 157 186 189 191 192 204 214 218 221 226 227 233 236 249 251 253 258 260 270 284 286 287
66
2 12 14 15 26 28 32 33 35 40 41 55 57 58 59 61 69 71 77 88 105 107 108 109 110 116 127 136 140 143 153 155 159 160 172 174 175 176 186 188 200 203 208 213 216 223 224 229 230 238 239 240 242 244 248 256 257 264 267 276 278 280 282 285 295 298
72
7 8 13 16 20 22 24 26 33 35 36 37 38 39 40 41 42 43 44 47 50 51 54 64 69 76 81 84 87 93 97 99 106 107 109 110 115 116 122 126 132 137 151 157 160 163 165 169 173 174 177 181 189 191 194 196 199 205 209 216 219 226 232 242 248 260 265 268 271 282 285 296
69
7 10 12 30 31 40 44 46 59 62 66 67 70 91 97 99 100 102 110 111 114 117 121 127 131 132 136 138 139 147 150 153 155 165 167 173 175 176 181 185 186 191 193 197 201 202 206 208 210 211 215 216 227 231 232 238 240 243 247 257 258 270 271 276 277 281 288 289 294
68
1 2 5 8 24 26 30 33 37 41 42 54 56 60 68 71 73 74 76 79 80 83 86 89 91 101 105 111 113 118 120 123 125 135 144 148 155 156 165 169 170 174 182 184 190 193 194 200 209 213 214 215 222 230 231 237 241 247 248 256 260 269 272 278 289 290 296 298
46
4 5 6 14 26 27 33 37 41 60 62 75 84 102 109 117 128 133 147 158 161 163 165 168 173 181 186 197 202 204 208 230 238 240 246 253 254 260 264 266 267 271 285 289 290 292
52
1 3 7 21 23 31 37 39 48 54 56 62 63 68 75 89 103 105 120 125 134 137 143 144 163 167 168 169 172 173 174 176 180 186 190 203 217 224 225 239 242 253 255 256 259 265 276 281 283 284 288 296
62
6 13 16 22 23 27 39 50 53 58 62 65 67 70 74 81 84 87 90 100 110 114 120 124 126 127 131 133 142 146 158 162 168 169 171 175 182 190 205 206 209 215 225 227 233 234 235 237 238 253 257 263 267 272 274 276 283 288 289 290 299 300
50
9 10 13 27 28 39 42 63 65 72 74 78 79 87 96 100 102 110 112 114 115 120 121 127 132 134 135 139 141 143 154 163 164 167 170 185 186 203 211 219 229 233 242 265 284 286 287 288 296 300
59
16 21 23 33 36 38 51 55 57 60 68 79 90 92 95 115 117 122 123 133 137 140 152 155 156 158 170 185 188 191 194 195 196 202 203 204 208 210 211 217 219 220 225 237 238 250 255 259 264 270 272 276 282 288 289 292 293 298 299
52
1 2 5 6 11 12 13 15 24 32 34 47 64 66 78 89 91 93 97 98 105 130 131 160 162 163 165 166 176 178 181 197 202 203 214 233 236 238 244 262 265 266 268 270 272 278 281 283 284 286 295 297
56
12 15 25 41 47 50 54 56 59 63 71 78 81 95 103 106 109 110 114 120 121 122 124 127 138 139 145 147 148 154 156 157 161 172 179 180 188 191 192 196 201 215 219 223 229 236 237 238 246 250 264 266 271 274 292 297
65
1 6 8 9 13 17 18 19 21 23 24 30 32 36 38 40 49 50 53 55 62 95 101 103 108 111 116 121 124 127 134 141 148 150 157 165 169 176 178 180 182 188 200 203 206 210 211 216 220 223 226 228 233 241 245 250 253 259 265 270 271 274 279 282 294
51
2 3 9 10 15 29 40 44 48 52 53 54 56 63 68 85 90 104 107 109 120 123 135 143 149 155 160 164 168 169 170 171 173 181 189 197 204 210 214 222 244 250 252 255 260 265 283 284 290 297 298
67
4 5 6 8 11 17 19 20 27 37 41 44 48 53 58 62 68 72 73 78 90 99 101 104 105 111 114 115 121 122 126 128 131 146 150 151 154 169 170 172 180 182 183 184 197 198 205 207 212 220 227 228 230 231 236 245 249 253 254 258 264 271 283 292 293 297 299
62
5 6 7 11 16 17 23 24 25 28 29 33 36 44 50 60 66 67 75 85 88 92 95 98 102 111 117 123 125 130 138 146 150 152 168 175 188 189 191 192 205 207 215 224 227 230 233 235 240 241 243 251 260 262 268 272 287 288 297 298 299 300
66
15 17 29 32 35 38 39 40 42 51 61 63 67 69 71 72 109 110 114 119 120 122 124 126 128 133 135 137 143 145 148 153 159 163 173 176 178 179 195 201 202 204 209 214 215 217 225 229 231 232 233 234 236 246 248 251 253 257 261 265 267 269 277 279 297 298
57
2 6 9 17 19 31 33 36 47 49 54 57 61 63 68 73 75 84 86 91 92 111 113 123 124 128 130 134 138 142 143 150 152 155 156 168 178 186 188 212 219 220 228 241 250 253 254 255 257 265 267 268 279 280 284 292 297
59
10 14 15 16 20 38 40 42 51 52 53 60 72 76 80 82 92 94 110 112 120 124 125 126 129 132 142 146 158 161 162 165 177 181 182 184 186 192 195 196 200 201 213 215 218 219 224 233 242 245 246 259 265 272 276 280 282 287 289
50
1 3 6 19 24 25 31 35 38 57 68 74 78 88 89 91 93 105 108 116 120 130 133 134 137 139 145 146 147 158 165 172 181 184 195 201 233 234 240 241 247 249 253 255 265 277 282 296 297 299
62
2 4 7 11 17 21 23 24 29 42 43 44 53 56 58 62 65 69 70 72 80 82 83 109 113 126 127 128 129 134 137 139 140 144 152 157 165 178 183 187 188 191 200 206 214 217 220 222 223 229 240 248 251 253 256 257 264 272 274 278 282 287
64
2 5 11 17 29 37 38 40 43 45 48 51 54 58 59 64 65 69 71 75 80 82 85 87 96 105 107 111 120 125 126 129 142 146 152 160 175 177 179 182 184 188 192 197 198 201 205 207 227 232 238 239 243 245 259 263 267 269 275 277 278 280 282 300
63
1 11 18 21 23 30 40 43 44 48 49 59 61 62 69 70 71 72 82 86 87 88 95 96 98 116 121 131 134 135 137 138 144 146 151 155 157 158 163 166 176 177 184 188 190 204 207 209 210 217 234 237 244 249 254 258 264 266 276 280 282 284 291
49
6 7 15 26 35 47 49 53 56 61 64 70 74 79 81 83 88 93 96 101 123 134 137 141 146 149 152 159 167 173 175 182 187 193 198 202 205 213 215 220 222 224 237 248 253 260 286 287 291
61
2 6 10 12 14 20 25 33 43 45 46 55 60 75 79 81 84 86 88 91 96 97 98 108 113 123 124 125 128 134 135 138 141 142 143 149 151 154 166 168 176 183 187 194 209 216 217 228 235 247 252 259 271 275 277 279 284 288 293 295 297
51
6 11 12 16 18 20 24 27 30 32 39 43 58 64 81 87 94 101 102 103 108 116 119 120 122 125 130 133 136 144 151 162 168 180 187 197 209 210 212 215 220 222 234 244 249 260 264 267 283 290 300
67
7 10 12 14 21 27 31 50 53 54 55 67 73 77 82 84 90 92 96 101 104 105 111 113 117 118 121 123 124 130 136 143 155 156 165 166 169 172 176 178 181 184 190 194 196 197 199 204 206 209 213 215 225 229 235 244 257 258 267 272 274 282 283 284 288 298 300
59
4 9 12 16 20 23 44 46 48 49 59 63 64 79 81 89 94 98 99 105 109 111 113 119 128 129 141 146 157 159 160 161 166 180 181 184 185 189 201 203 206 213 222 225 235 236 242 251 255 259 266 269 273 279 284 286 287 288 294
51
1 7 8 13 17 18 22 25 30 33 36 41 46 48 52 54 60 61 66 75 82 86 89 109 111 126 127 131 133 141 142 152 161 162 168 169 171 178 199 204 223 230 232 235 268 269 273 279 288 291 293
67
4 7 16 17 24 25 28 33 47 57 62 66 69 72 76 77 80 83 86 90 93 94 99 104 107 114 141 159 164 166 167 172 176 179 183 190 201 202 210 212 218 223 224 232 233 236 237 241 246 247 249 252 253 255 260 261 265 268 272 278 282 284 295 296 297 298 300
68
6 7 8 28 29 32 35 39 51 56 69 71 72 73 76 79 81 87 88 92 93 94 96 100 115 118 119 122 130 141 151 152 158 162 178 181 189 198 201 202 203 210 214 218 224 229 232 233 234 236 243 246 252 254 255 257 264 268 269 271 272 275 278 283 284 296 297 298
63
8 10 11 16 17 20 24 26 35 36 38 44 48 50 66 67 71 74 75 80 85 86 88 89 91 94 96 99 104 105 107 116 120 124 133 149 156 162 172 176 179 185 187 203 216 218 220 229 234 238 253 256 260 263 264 265 268 276 278 282 285 286 288
56
10 21 24 29 37 41 45 63 64 65 68 70 74 80 95 99 104 109 113 117 118 120 129 130 132 146 151 156 158 178 179 180 187 188 197 207 211 222 224 228 230 233 243 244 250 260 261 270 271 273 276 286 289 292 295 296
67
2 6 10 16 21 33 41 47 51 53 56 63 65 74 77 84 87 89 90 91 93 96 108 110 112 118 122 126 133 140 141 144 146 148 150 151 154 155 158 162 170 176 180 184 189 190 196 207 209 211 214 216 223 231 245 246 254 259 261 265 266 267 269 277 278 279 295
61
8 14 22 30 38 42 52 56 57 58 62 64 77 78 80 81 83 85 86 89 97 99 102 109 112 115 117 123 129 139 141 144 145 152 155 167 172 174 182 192 193 208 214 217 219 220 225 226 230 235 242 244 246 259 264 274 278 283 285 292 293
54
1 4 23 34 38 43 48 55 56 59 67 71 72 74 87 91 100 102 110 112 113 116 131 140 147 151 156 161 168 188 200 201 204 205 212 218 225 231 236 238 242 245 246 248 249 252 256 266 270 273 280 285 286 294
59
3 20 23 32 36 40 46 51 52 56 57 59 63 70 71 73 77 81 93 95 110 112 114 118 127 128 132 149 152 166 171 174 178 181 189 190 191 199 202 204 206 210 213 214 235 240 252 259 261 263 267 269 270 282 286 287 291 292 297
66
1 7 8 11 14 25 33 34 35 39 41 44 59 66 71 75 78 85 86 89 92 96 98 104 106 109 113 119 126 133 150 151 173 184 185 186 187 189 191 195 204 209 214 219 220 226 239 240 241 242 243 250 256 258 260 261 262 265 266 275 278 281 289 290 294 299
61
2 7 9 15 24 25 33 34 36 43 47 52 53 58 63 71 77 81 98 102 104 107 113 117 125 141 145 155 157 158 159 160 161 172 177 180 188 206 207 211 214 217 219 223 239 247 250 256 258 259 261 262 266 267 277 278 283 287 289 290 298
52
1 8 19 21 22 30 34 36 47 48 65 70 72 89 90 101 105 115 116 120 122 124 129 130 134 141 151 161 165 167 170 191 192 196 198 202 205 207 213 217 221 233 234 253 255 256 261 270 276 278 290 294
64
15 20 21 35 44 50 60 61 65 66 67 68 70 74 81 82 89 91 93 96 102 105 115 118 119 121 126 130 140 148 157 162 163 164 166 167 175 178 190 198 199 203 205 206 208 209 212 213 222 227 231 240 242 243 258 261 265 267 279 282 283 286 289 290
57
10 15 17 20 24 30 36 37 43 44 53 60 61 63 65 68 69 71 75 81 82 84 91 92 95 103 107 108 120 126 127 137 140 146 168 170 180 184 187 188 200 206 208 209 213 217 220 229 230 239 264 282 284 285 288 289 290
47
3 10 18 19 21 24 26 42 44 48 49 50 53 55 78 79 96 124 139 140 144 145 146 151 155 160 175 193 199 201 203 219 234 235 246 250 253 264 269 270 278 281 283 284 291 294 300
52
15 17 20 27 29 31 32 34 37 43 46 49 50 53 57 58 63 70 71 74 83 86 88 101 108 113 140 144 145 174 175 194 213 216 219 221 226 239 240 243 244 251 252 267 270 273 274 275 280 282 295 297
58
9 20 24 25 30 35 36 38 39 41 42 47 48 49 52 63 71 77 85 86 108 109 118 121 122 124 132 135 136 138 143 151 155 163 167 172 173 179 181 186 193 195 201 209 210 219 229 234 237 258 260 261 264 266 268 280 288 299
49
4 6 12 15 26 28 33 35 57 58 61 63 64 68 70 73 84 90 92 100 105 106 107 115 117 124 137 140 141 143 158 167 171 191 193 196 213 214 221 226 257 263 264 266 279 290 293 294 296
57
15 17 29 34 35 36 38 42 52 56 61 66 68 69 73 88 89 90 95 110 112 116 120 122 125 129 139 154 156 157 158 161 165 166 179 180 181 192 206 216 217 221 227 233 235 238 252 257 258 260 264 267 273 280 281 298 299
65
14 20 22 23 31 34 38 58 59 61 64 69 78 79 83 84 86 95 96 100 103 105 107 108 109 123 134 139 142 149 159 162 165 174 177 178 182 185 192 196 198 200 207 209 211 213 216 220 222 230 236 238 245 246 255 257 266 276 281 283 284 286 290 292 295
63
6 9 10 16 24 26 35 40 52 55 59 63 72 73 74 75 77 82 92 93 98 116 118 123 129 134 137 144 147 158 166 169 177 186 190 195 196 202 203 207 216 218 223 224 225 243 245 246 247 257 261 264 273 278 279 280 285 286 287 288 292 298 299
55
1 4 14 22 34 38 48 54 56 69 71 77 82 93 101 102 106 107 108 119 121 123 131 133 134 136 141 143 146 149 167 185 188 190 201 202 203 204 206 209 211 213 226 228 242 249 251 253 255 258 263 273 285 288 292
66
1 4 6 7 13 25 37 41 45 46 51 53 58 61 68 75 89 96 103 105 111 112 113 115 118 120 125 134 139 140 146 154 159 163 165 167 172 174 176 180 181 184 192 209 212 215 219 221 224 227 229 232 238 243 245 250 252 259 261 263 267 268 270 272 277 287
68
8 14 16 20 28 32 36 47 49 51 54 59 63 68 73 79 82 85 88 92 93 98 103 104 105 146 147 155 161 178 181 182 184 185 191 203 204 208 209 215 216 217 218 219 225 226 227 228 232 236 240 241 253 254 260 266 275 277 278 279 284 285 287 289 292 293 294 295
63
2 4 7 14 18 19 29 31 33 38 44 48 50 51 53 55 56 61 63 68 74 84 86 88 91 94 98 99 110 112 113 119 128 129 144 145 153 159 161 168 169 183 185 189 195 197 200 214 220 223 235 237 244 248 250 251 265 267 269 270 282 292 299
45
5 10 15 20 26 27 31 40 46 64 72 74 75 79 80 86 87 90 94 96 100 105 110 111 115 132 142 149 174 187 195 197 199 201 207 211 227 230 233 245 247 251 276 277 294
61
3 4 9 16 24 27 31 50 55 56 59 67 73 74 78 84 90 93 96 100 105 110 113 114 137 144 150 151 160 164 165 166 171 173 176 181 185 186 187 188 193 194 195 203 204 209 219 220 222 223 229 238 242 251 256 257 258 268 275 279 280
59
3 5 7 20 24 27 30 45 46 48 52 62 65 70 74 81 83 84 86 87 96 97 98 99 101 102 103 107 125 140 144 152 155 161 164 165 168 170 175 197 210 211 212 215 218 223 224 225 232 240 241 248 258 262 264 270 292 294 300
46
1 10 23 43 48 52 57 58 64 70 76 77 81 97 101 116 124 131 136 150 164 167 178 183 190 195 199 206 209 216 225 227 230 231 240 244 249 257 262 267 277 280 286 289 290 294
68
3 6 7 8 9 17 19 23 26 27 30 32 34 35 37 43 55 66 72 74 80 88 89 97 99 103 104 107 112 113 122 124 139 146 149 150 151 155 157 163 165 170 171 172 178 182 185 186 187 189 195 197 200 206 210 213 218 230 234 235 247 260 261 268 271 276 292 296
63
11 13 14 19 20 23 24 34 40 44 45 49 52 54 59 63 69 74 77 78 81 83 84 91 94 97 103 106 108 110 115 130 132 147 158 159 167 176 183 187 190 193 195 199 211 213 217 231 237 239 243 251 253 260 261 262 266 271 272 278 280 291 298
59
5 11 12 18 22 26 32 36 37 41 49 58 67 68 72 73 75 79 86 92 95 102 104 117 121 122 123 124 147 148 155 156 160 169 172 173 178 181 185 199 207 214 216 217 221 233 236 247 250 252 255 267 268 272 274 281 286 296 300
65
15 17 21 32 39 40 41 42 46 51 53 55 60 63 68 69 76 82 99 111 114 121 123 127 129 144 151 153 155 170 175 176 177 188 190 199 201 206 212 219 220 221 228 238 239 244 245 246 249 255 256 257 260 262 264 265 269 271 276 281 283 286 290 293 299
59
12 25 26 27 28 29 32 33 37 39 61 64 67 69 72 73 74 79 82 83 102 104 105 107 110 111 118 121 123 137 144 150 157 162 174 178 192 198 199 202 203 204 205 206 207 218 222 227 236 249 250 260 274 281 286 289 290 295 300
67
2 3 4 7 8 10 14 17 20 21 29 31 33 35 41 46 58 59 69 74 76 84 85 86 87 91 95 101 102 106 107 109 118 121 122 139 140 142 149 151 156 170 172 173 174 189 194 195 199 214 218 219 222 234 236 240 256 259 261 278 279 280 281 282 291 295 297
60
11 13 15 16 18 25 34 37 45 46 50 67 70 74 75 78 79 81 82 90 91 104 112 113 114 122 128 130 144 147 154 159 180 186 187 200 205 207 208 216 219 221 222 224 239 245 246 248 251 252 255 256 261 265 268 272 278 293 294 295
64
3 7 10 13 14 18 24 25 30 31 32 36 40 42 44 49 51 61 63 66 68 73 76 79 82 97 98 110 121 122 127 129 135 138 144 154 165 166 167 177 178 185 192 201 207 214 216 221 230 231 233 235 239 249 260 261 262 265 268 271 274 279 287 294
56
3 11 22 28 30 34 38 39 42 44 49 51 54 57 59 71 76 81 89 95 102 104 112 114 115 128 137 151 157 164 169 182 186 187 189 191 197 201 202 207 221 241 247 249 254 257 274 282 286 289 291 292 293 298 299 300
58
3 4 10 14 16 22 23 26 38 40 41 42 43 52 75 78 84 102 106 111 137 138 143 144 152 153 156 161 163 170 171 175 176 179 181 187 198 203 208 213 220 232 239 242 251 262 267 270 271 272 279 280 282 286 287 291 292 296
50
6 8 11 12 19 23 27 33 35 46 62 92 93 94 101 102 105 109 111 121 123 124 128 136 151 159 164 167 174 184 186 188 189 190 201 210 211 213 216 219 221 225 232 248 280 281 285 293 296 297
64
1 6 8 12 13 14 16 17 25 26 33 36 39 50 52 58 59 60 62 65 80 84 88 95 98 101 117 128 135 137 148 154 157 159 162 165 171 172 177 181 182 194 198 206 208 210 215 221 224 237 245 248 249 257 260 262 266 279 288 289 294 296 299 300
64
16 29 34 35 46 48 50 60 62 63 64 65 68 70 71 74 85 93 95 98 101 102 110 115 128 131 133 158 159 162 164 165 170 175 177 183 187 190 195 196 201 210 211 221 224 226 231 234 236 237 238 240 245 250 252 253 258 261 266 269 275 283 286 289
61
13 15 25 30 41 43 47 48 63 65 72 84 93 94 95 101 122 123 126 132 139 154 155 161 162 173 174 182 184 187 188 189 193 198 200 206 207 217 220 225 232 234 236 238 240 245 251 253 255 256 258 260 267 275 276 282 286 292 294 296 299
57
3 8 11 18 20 26 29 33 39 47 57 76 86 94 98 101 105 111 113 120 123 125 128 129 130 134 139 153 156 159 160 162 172 178 190 196 205 210 211 217 219 227 237 246 247 248 253 258 267 274 276 279 280 281 287 290 293
56
1 4 5 11 18 23 30 31 32 33 48 52 57 61 70 80 92 99 110 113 119 121 122 125 132 143 156 163 166 171 176 177 179 187 190 196 198 201 204 206 209 219 224 227 236 240 245 254 256 275 277 281 282 292 297 299
65
7 9 10 11 13 19 21 35 40 44 55 63 65 70 71 78 80 86 88 92 97 98 99 107 109 113 116 118 119 120 125 128 130 136 140 141 146 159 162 169 172 179 181 195 198 200 201 202 212 218 220 223 227 228 231 238 255 256 257 261 265 270 291 293 296
64
2 3 11 15 16 21 29 30 34 37 38 50 51 63 72 79 80 84 93 96 111 114 116 119 120 121 124 129 130 138 144 146 148 167 177 187 193 197 208 209 210 220 221 224 225 227 229 231 232 234 248 251 253 254 258 259 268 281 283 284 285 287 288 291
64
1 2 3 12 13 15 18 26 27 29 34 36 38 39 40 42 52 57 69 71 75 78 80 88 93 95 99 103 110 118 123 126 130 136 151 152 154 160 165 166 172 173 176 191 192 195 201 204 210 211 218 220 222 223 225 228 230 231 234 245 261 263 294 300
73
1 3 7 10 16 19 21 22 24 28 33 36 38 39 45 49 56 57 58 59 62 64 65 70 80 83 84 86 87 92 103 106 111 114 119 125 128 142 143 149 151 162 163 164 169 171 172 179 187 190 194 198 201 208 215 220 221 222 223 224 235 249 255 261 268 269 271 272 277 282 284 293 296
52
3 15 17 41 59 62 67 70 72 83 96 98 99 105 106 109 124 125 130 135 136 142 145 159 166 181 182 184 192 202 208 210 214 220 223 231 238 240 247 248 253 265 271 273 275 278 279 281 293 294 297 298
59
3 7 12 14 15 16 18 22 24 28 29 34 35 38 39 40 43 60 75 85 90 109 115 117 120 121 123 127 143 147 154 161 165 173 185 186 194 195 206 212 215 216 222 223 226 227 241 244 250 251 253 257 258 263 268 273 276 277 285
61
1 2 7 14 24 26 37 38 46 60 62 64 69 73 80 86 87 93 117 118 122 136 137 163 164 166 172 178 181 188 191 192 202 203 204 211 214 220 230 231 236 239 240 246 250 253 258 263 265 268 272 277 280 281 283 285 287 288 291 292 299
66
3 9 10 12 15 18 19 24 26 28 29 31 32 43 46 54 55 59 68 77 83 85 87 88 94 98 102 108 121 122 129 130 131 138 139 149 170 173 179 182 186 189 190 194 199 201 207 216 217 221 242 245 250 252 256 257 260 261 263 270 276 279 291 292 295 300
61
1 13 18 22 26 38 42 45 49 51 53 58 61 62 65 79 80 83 92 93 99 100 101 104 109 121 122 125 127 128 137 139 145 152 155 157 161 162 172 180 184 186 187 195 209 211 220 226 228 247 253 255 257 258 265 266 268 276 277 282 290
47
6 10 17 20 26 35 36 39 40 43 47 52 58 62 76 78 81 85 103 104 109 123 124 130 142 154 164 174 175 183 195 197 210 211 219 230 232 233 236 239 243 254 268 285 287 288 293
65
5 9 11 13 21 22 25 26 35 37 41 43 47 49 61 76 77 85 87 88 90 98 101 102 103 121 122 124 129 134 139 143 144 149 158 163 167 171 174 179 181 185 196 199 206 207 211 217 219 223 226 227 231 243 246 248 252 256 261 262 263 275 288 290 294
58
10 12 17 19 44 47 48 51 55 56 57 70 80 85 88 93 98 103 106 110 118 125 127 128 129 130 134 143 152 157 166 170 174 175 184 194 196 198 206 208 225 232 241 243 246 247 251 255 256 257 260 262 263 272 279 282 293 300
51
1 3 23 25 27 29 33 34 37 45 46 48 66 75 82 84 86 91 99 104 108 109 111 116 137 139 144 150 151 160 173 179 183 197 199 237 244 245 249 250 252 256 257 258 260 269 272 276 281 284 292
69
2 10 17 20 26 31 41 42 49 50 55 56 58 63 72 80 81 93 109 110 112 114 123 125 127 128 131 132 137 138 140 142 145 152 162 163 164 175 193 194 198 200 210 216 221 223 224 227 228 232 237 239 241 242 244 247 248 251 253 254 262 270 272 273 291 296 297 298 300
60
7 10 12 17 19 20 21 26 31 44 53 55 61 71 79 85 90 93 94 97 101 105 111 117 119 120 122 135 138 146 148 161 166 171 172 178 181 188 190 192 199 202 205 215 218 221 224 227 229 230 238 240 242 244 251 257 266 270 276 297
65
3 4 11 14 23 24 27 30 31 37 39 40 42 43 46 51 61 62 65 81 86 90 95 100 107 108 110 112 114 117 119 125 133 134 141 143 145 149 155 162 167 168 174 191 205 206 216 219 225 228 232 233 241 242 261 265 271 274 275 279 285 287 293 295 300
50
4 6 8 13 21 27 49 50 57 62 64 65 70 77 82 87 90 99 109 112 113 114 128 130 139 147 152 180 183 184 185 195 202 208 211 218 224 240 242 244 253 256 262 266 274 278 279 280 286 293
54
2 6 8 13 20 26 30 31 35 36 39 47 59 65 71 73 78 81 82 91 95 96 97 102 115 123 136 138 146 152 164 167 170 171 176 179 180 182 186 188 197 199 200 219 221 227 256 260 263 264 268 280 281 287
61
2 8 12 13 14 17 25 30 32 40 45 52 56 63 73 76 77 89 90 96 102 103 107 109 119 126 141 143 145 146 154 158 166 169 171 172 174 175 177 180 188 191 198 202 208 210 213 217 219 226 239 242 244 250 260 272 275 276 280 285 286
74
1 6 13 14 26 33 37 52 54 57 66 69 71 72 75 77 79 80 82 85 86 88 93 98 99 111 113 114 124 125 130 133 134 136 146 149 150 152 153 154 155 163 165 169 172 176 179 201 203 205 206 209 210 214 217 227 228 229 230 231 234 240 246 247 250 251 253 257 260 266 286 291 293 296
60
17 19 26 29 35 37 41 45 50 54 63 68 85 87 88 94 99 101 104 109 113 114 115 123 129 131 132 140 146 153 157 159 162 168 178 180 181 185 187 193 195 199 207 222 228 231 232 233 237 240 250 261 269 271 281 284 286 287 292 298
48
1 5 7 23 30 37 50 59 73 74 77 79 95 98 99 102 104 109 113 130 143 146 148 153 156 164 169 174 186 197 208 211 216 218 219 230 252 253 257 258 259 265 284 285 287 294 295 297
68
1 3 9 15 20 25 28 31 32 38 40 41 49 57 58 62 77 79 80 88 92 93 97 102 109 112 113 115 121 122 130 137 142 143 146 151 154 161 173 176 182 186 187 188 196 200 205 206 212 214 215 219 225 228 229 242 249 257 262 264 266 272 277 279 280 284 291 294
57
2 7 8 11 17 22 23 25 28 32 35 41 43 63 70 71 75 89 91 100 101 103 123 130 134 136 141 148 156 158 159 168 177 182 186 191 195 208 209 210 216 218 244 246 247 250 251 259 262 273 275 280 282 289 293 294 298
63
1 4 7 10 13 21 24 28 30 40 42 47 51 55 64 70 71 72 81 88 95 98 100 102 103 108 111 115 128 130 135 148 152 154 157 160 168 178 179 182 187 203 208 210 218 222 228 234 235 237 239 247 251 254 257 260 266 278 279 293 294 297 300
65
4 5 10 11 12 24 25 29 41 43 45 47 51 53 56 57 63 64 67 76 82 92 94 96 103 116 117 129 130 133 143 145 156 164 172 177 178 180 181 185 186 189 192 194 196 201 202 204 211 216 219 225 232 236 245 252 253 254 256 271 275 280 281 292 297
56
7 15 17 20 22 24 26 30 40 62 70 78 82 84 86 113 133 149 167 173 174 176 177 178 180 188 189 191 194 195 199 207 209 212 213 215 219 222 228 229 232 240 241 248 251 262 267 269 271 274 278 280 286 292 297 298
50
2 7 12 20 23 43 49 53 61 62 70 77 100 110 113 115 119 120 122 131 132 138 139 143 149 159 164 171 182 183 185 188 198 201 208 218 224 227 235 237 239 245 252 260 263 275 276 278 289 291
62
3 7 9 12 20 23 25 31 34 40 48 50 58 69 75 92 97 102 103 105 107 115 119 123 132 143 147 152 165 167 171 175 181 192 193 200 202 205 206 207 208 211 228 231 236 244 246 248 252 253 261 263 268 274 280 282 286 287 288 294 296 298
62
1 2 6 9 15 24 28 31 38 45 51 56 59 71 75 79 89 93 94 96 103 104 109 114 116 117 119 121 122 123 126 141 144 145 146 149 157 159 160 163 174 179 181 183 186 206 210 215 216 221 224 230 237 244 250 263 270 273 276 278 291 292
63
9 14 15 20 22 29 30 36 38 44 50 51 53 54 67 69 81 82 84 89 91 92 98 104 106 107 108 110 112 117 118 123 124 126 129 142 144 152 154 166 174 179 184 187 211 215 221 223 226 231 233 238 249 252 254 255 256 260 271 273 287 295 300
55
8 9 10 11 27 28 35 40 46 48 61 64 65 67 78 79 80 87 95 105 107 109 112 113 114 119 128 130 134 137 140 142 144 166 171 172 174 182 191 193 218 219 229 241 247 249 272 275 281 282 284 285 290 295 300
78
2 7 13 18 21 26 31 33 36 44 60 61 62 65 66 70 71 72 76 80 84 97 98 101 108 112 113 114 117 122 135 142 146 149 156 158 159 161 172 175 176 178 180 183 184 185 195 197 198 199 200 202 204 205 209 211 213 214 240 249 253 254 257 258 259 262 264 266 270 273 275 277 278 283 290 291 292 293
51
6 10 21 23 30 39 47 51 67 69 71 76 89 94 95 98 103 108 117 122 131 146 147 148 159 160 161 162 165 169 175 177 180 189 192 197 208 209 230 252 256 267 270 277 279 280 281 287 288 289 292
63
3 4 7 14 19 20 26 27 29 35 43 49 53 55 64 70 74 75 78 81 82 86 92 105 106 116 117 128 131 137 138 140 142 145 147 158 160 161 164 172 173 175 176 183 184 187 194 197 214 225 226 229 237 262 264 265 275 277 278 281 283 286 295
59
8 19 22 24 29 30 40 41 43 53 72 73 77 81 82 83 87 91 99 112 120 125 126 132 133 135 136 138 139 145 147 150 151 153 154 155 158 170 173 175 176 177 181 182 187 191 199 201 203 209 211 231 234 242 252 262 274 289 300
51
1 6 7 10 11 13 20 21 24 29 31 40 49 66 88 94 98 104 105 114 127 133 138 146 151 163 165 170 174 189 195 196 210 218 221 227 229 231 238 245 253 258 259 267 272 276 284 288 289 290 292
64
1 5 16 17 18 26 33 38 45 50 54 59 66 76 81 82 83 85 93 95 100 104 106 134 138 141 143 147 148 151 153 160 169 171 175 176 178 184 185 186 195 196 200 211 212 218 238 247 248 251 253 257 261 265 268 269 279 285 287 290 291 294 298 300
63
1 2 15 23 26 29 39 40 41 52 60 61 63 65 71 72 73 78 84 90 94 99 105 108 109 120 127 140 147 148 153 155 157 160 161 165 170 172 182 185 198 199 201 204 206 208 217 220 226 228 230 234 235 242 245 249 258 260 276 282 284 289 298
75
1 6 9 16 17 23 29 30 34 35 38 43 48 57 60 65 73 74 77 79 80 85 87 88 91 94 97 103 106 108 114 115 119 126 127 131 134 141 142 152 153 171 172 173 181 194 199 200 201 204 206 207 212 214 217 218 221 227 229 230 231 233 238 242 254 257 260 270 272 274 280 283 285 295 299
62
4 11 23 33 34 42 45 47 52 56 73 77 79 80 82 83 85 86 91 92 99 104 105 112 115 120 125 126 129 131 134 142 151 154 155 159 172 178 184 186 189 193 197 199 200 203 204 207 212 216 219 226 230 244 253 256 257 277 281 289 291 299
68
2 7 8 9 14 25 33 38 41 55 57 59 65 70 71 74 75 92 100 101 103 105 107 109 114 115 125 126 127 128 130 131 136 140 148 149 150 155 160 162 164 167 168 170 171 173 175 180 190 196 203 236 246 247 248 251 261 266 268 272 278 279 284 285 291 292 295 297
64
7 8 11 12 17 21 25 26 35 40 41 46 49 53 54 57 58 60 63 69 77 78 81 85 91 103 105 122 125 126 127 132 137 138 141 145 146 158 162 164 176 177 178 192 197 198 224 228 232 239 247 250 252 258 260 264 265 270 274 281 283 288 298 300
65
13 14 23 27 31 32 33 34 40 44 51 53 62 63 65 70 74 82 84 86 87 90 93 107 109 111 123 132 135 138 139 141 143 145 147 152 154 167 168 178 189 191 196 197 200 201 205 206 211 212 215 220 223 225 231 234 237 241 251 257 267 273 284 285 288
64
5 23 24 25 32 33 38 41 47 49 51 61 64 66 68 75 83 85 87 99 104 105 108 114 123 126 129 132 135 136 138 143 148 151 152 153 160 170 171 174 177 178 181 184 186 192 203 204 211 212 215 224 237 253 255 258 260 263 264 272 274 282 288 297
67
1 6 15 24 32 34 46 48 56 57 62 64 69 73 74 91 95 100 104 106 111 115 117 121 123 128 136 137 140 141 144 147 150 151 156 157 164 170 171 173 187 192 198 201 203 206 211 212 223 225 228 229 236 237 239 241 248 251 260 264 286 289 292 293 295 297 300
61
12 16 29 32 42 62 64 65 70 76 82 99 100 110 113 114 119 125 127 136 138 145 148 152 163 164 166 182 187 190 193 199 201 202 204 209 212 213 215 222 223 227 228 232 233 234 239 243 248 253 256 263 271 282 284 285 294 295 297 299 300
54
7 9 10 12 16 18 20 28 34 44 45 61 69 71 73 74 85 87 88 90 93 102 103 109 111 117 118 125 128 134 149 154 160 161 162 177 187 200 202 207 209 216 233 248 250 257 260 262 263 265 277 285 288 296
60
6 10 20 25 26 30 31 33 36 41 42 43 50 54 61 74 75 86 91 94 97 101 102 108 114 115 119 123 125 126 131 143 147 153 157 163 165 173 175 177 182 195 203 209 210 213 230 236 240 242 253 257 259 262 275 276 287 288 296 299
59
1 2 3 4 14 20 24 36 38 40 45 48 50 52 53 59 60 67 69 70 76 78 81 88 90 93 101 116 120 121 124 136 137 145 171 181 186 191 195 202 205 211 213 216 221 240 241 243 248 249 252 257 260 278 285 287 288 299 300
59
5 9 11 22 23 27 34 45 46 47 55 58 59 82 90 97 113 115 121 122 125 134 135 138 144 150 151 155 156 158 160 164 174 179 183 187 189 195 197 204 209 216 222 223 226 228 238 241 247 255 258 261 265 266 272 273 282 283 286
58
1 3 7 11 21 25 26 31 46 51 57 58 66 70 73 75 80 81 91 101 104 108 110 113 114 120 121 126 129 152 157 172 177 178 179 182 191 193 198 200 203 205 211 226 227 232 235 240 243 249 254 256 259 260 261 270 285 294
