50 100
1.0 1.0 1.0 1.0 1.0 1.0 1.0 1.0 1.0 1.0 1.0 1.0 1.0 1.0 1.0 1.0 1.0 1.0 1.0 1.0 1.0 1.0 1.0 1.0 1.0 1.0 1.0 1.0 1.0 1.0 1.0 1.0 1.0 1.0 1.0 1.0 1.0 1.0 1.0 1.0 1.0 1.0 1.0 1.0 1.0 1.0 1.0 1.0 1.0 1.0 1.0 1.0 1.0 1.0 1.0 1.0 1.0 1.0 1.0 1.0 1.0 1.0 1.0 1.0 1.0 1.0 1.0 1.0 1.0 1.0 1.0 1.0 1.0 1.0 1.0 1.0 1.0 1.0 1.0 1.0 1.0 1.0 1.0 1.0 1.0 1.0 1.0 1.0 1.0 1.0 1.0 1.0 1.0 1.0 1.0 1.0 1.0 1.0 1.0 1.0
4
8 75 89 96
4
56 58 67 85
6
1 6 60 71 94 96
12
22 29 40 46 47 68 76 78 82 83 87 93
5
65 67 69 93 94
8
15 46 51 56 64 74 84 85
4
9 15 16 27
9
4 10 13 17 36 44 74 78 96
4
14 30 47 96
4
2 72 77 82
8
13 19 43 49 59 85 86 95
7
8 12 28 66 73 76 95
8
18 22 34 69 72 86 94 95
2
10 96
10
1 15 45 63 67 73 85 86 87 100
6
14 19 31 60 62 96
7
21 33 38 46 56 79 94
2
4 46
3
23 31 64
5
20 21 59 78 86
2
32 34
5
19 29 42 58 90
4
21 27 53 91
5
7 13 27 77 100
11
4 9 13 35 38 41 45 50 53 76 91
7
5 23 34 37 40 51 72
4
2 4 22 100
4
14 27 36 71
6
1 19 27 42 46 77
4
2 23 28 81
5
9 39 58 74 98
3
27 58 99
4
43 85 92 100
4
1 3 80 86
5
1 3 35 70 99
5
14 25 79 85 90
6
7 20 35 58 65 74
7
14 31 51 67 80 81 93
3
24 38 67
4
17 55 93 94
5
15 20 58 69 90
7
17 28 65 67 70 73 75
4
5 40 63 97
4
41 58 61 68
6
13 17 25 42 56 59
6
2 3 23 66 68 76
3
23 72 78
8
3 8 43 58 62 83 93 98
5
43 57 75 78 89
9
9 10 22 25 31 32 79 91 96
