150 300
1.0 1.0 1.0 1.0 1.0 1.0 1.0 1.0 1.0 1.0 1.0 1.0 1.0 1.0 1.0 1.0 1.0 1.0 1.0 1.0 1.0 1.0 1.0 1.0 1.0 1.0 1.0 1.0 1.0 1.0 1.0 1.0 1.0 1.0 1.0 1.0 1.0 1.0 1.0 1.0 1.0 1.0 1.0 1.0 1.0 1.0 1.0 1.0 1.0 1.0 1.0 1.0 1.0 1.0 1.0 1.0 1.0 1.0 1.0 1.0 1.0 1.0 1.0 1.0 1.0 1.0 1.0 1.0 1.0 1.0 1.0 1.0 1.0 1.0 1.0 1.0 1.0 1.0 1.0 1.0 1.0 1.0 1.0 1.0 1.0 1.0 1.0 1.0 1.0 1.0 1.0 1.0 1.0 1.0 1.0 1.0 1.0 1.0 1.0 1.0 1.0 1.0 1.0 1.0 1.0 1.0 1.0 1.0 1.0 1.0 1.0 1.0 1.0 1.0 1.0 1.0 1.0 1.0 1.0 1.0 1.0 1.0 1.0 1.0 1.0 1.0 1.0 1.0 1.0 1.0 1.0 1.0 1.0 1.0 1.0 1.0 1.0 1.0 1.0 1.0 1.0 1.0 1.0 1.0 1.0 1.0 1.0 1.0 1.0 1.0 1.0 1.0 1.0 1.0 1.0 1.0 1.0 1.0 1.0 1.0 1.0 1.0 1.0 1.0 1.0 1.0 1.0 1.0 1.0 1.0 1.0 1.0 1.0 1.0 1.0 1.0 1.0 1.0 1.0 1.0 1.0 1.0 1.0 1.0 1.0 1.0 1.0 1.0 1.0 1.0 1.0 1.0 1.0 1.0 1.0 1.0 1.0 1.0 1.0 1.0 1.0 1.0 1.0 1.0 1.0 1.0 1.0 1.0 1.0 1.0 1.0 1.0 1.0 1.0 1.0 1.0 1.0 1.0 1.0 1.0 1.0 1.0 1.0 1.0 1.0 1.0 1.0 1.0 1.0 1.0 1.0 1.0 1.0 1.0 1.0 1.0 1.0 1.0 1.0 1.0 1.0 1.0 1.0 1.0 1.0 1.0 1.0 1.0 1.0 1.0 1.0 1.0 1.0 1.0 1.0 1.0 1.0 1.0 1.0 1.0 1.0 1.0 1.0 1.0 1.0 1.0 1.0 1.0 1.0 1.0 1.0 1.0 1.0 1.0 1.0 1.0 1.0 1.0 1.0 1.0 1.0 1.0 1.0 1.0 1.0 1.0 1.0 1.0 1.0 1.0 1.0 1.0 1.0 1.0 1.0 1.0 1.0 1.0 1.0 1.0
63
2 5 6 9 10 15 20 23 29 33 42 43 54 58 62 64 76 77 82 85 88 89 91 95 157 158 159 161 164 170 173 177 184 185 188 191 199 210 217 229 232 242 243 248 249 251 254 255 260 261 266 268 269 274 275 279 281 284 287 291 295 298 299
76
3 4 12 14 17 20 23 24 25 32 34 36 40 44 47 48 51 55 58 75 76 77 78 85 96 97 106 108 112 115 120 121 134 136 143 147 158 159 160 162 163 170 171 176 177 181 189 206 209 210 213 215 221 222 224 225 226 230 232 233 235 244 246 254 256 262 264 268 269 270 278 284 288 289 295 299
65
1 4 7 13 14 17 24 34 35 37 38 47 50 58 59 67 80 82 89 91 95 96 100 101 104 105 114 136 138 139 145 148 154 157 158 162 163 167 172 179 180 187 199 203 204 207 212 218 220 222 224 231 232 250 253 266 267 269 270 274 275 277 286 291 294
50
1 13 24 38 40 41 43 47 59 62 64 77 80 81 83 86 90 101 117 124 140 146 151 170 173 181 185 187 194 201 206 209 224 233 236 241 242 243 248 258 259 261 262 263 264 284 285 293 294 296
50
1 3 11 13 18 20 30 38 45 47 49 61 74 75 79 88 89 98 99 100 103 104 107 113 114 115 116 121 133 137 139 143 155 156 170 174 199 213 228 230 231 235 238 247 249 262 264 278 282 283
54
10 12 24 28 41 44 49 58 60 63 66 67 74 90 97 108 110 119 120 130 131 136 137 140 153 155 174 175 176 180 187 199 209 211 216 223 224 225 230 231 239 240 252 253 258 267 270 272 278 285 288 289 291 294
53
12 33 36 38 42 46 47 58 66 67 74 75 82 90 91 93 99 106 113 118 123 124 126 137 154 161 163 182 184 196 198 200 202 205 207 210 212 218 226 229 232 249 250 256 257 258 263 264 269 293 296 297 298
62
3 4 11 14 18 29 35 39 41 43 44 49 54 58 61 73 86 88 97 102 106 114 116 118 124 127 133 140 143 144 145 154 161 176 185 188 189 195 196 208 211 212 217 220 225 228 233 240 247 248 252 260 261 269 270 276 278 281 296 297 299 300
58
5 10 11 29 31 34 39 54 59 60 61 65 74 80 84 97 99 102 107 113 115 123 128 132 134 135 139 143 149 151 152 160 162 164 166 176 178 186 201 204 209 217 220 221 234 239 240 241 245 246 252 256 259 271 272 274 285 295
55
1 6 12 13 22 24 28 32 35 42 48 49 50 54 55 61 62 65 69 81 83 100 107 122 132 135 142 143 156 171 177 180 184 185 190 199 204 213 220 222 227 233 236 238 243 246 252 253 254 265 272 282 284 297 298
58
8 10 16 18 19 20 35 37 43 47 51 53 59 64 67 73 76 78 79 80 84 92 105 116 122 129 130 137 139 143 148 150 151 156 158 160 167 171 178 181 183 191 197 199 211 215 216 227 234 245 254 257 261 270 271 275 284 288
64
2 5 12 22 23 24 35 36 40 41 42 49 50 51 54 55 58 64 66 70 80 85 86 89 98 101 107 111 129 134 136 147 156 158 160 178 180 181 191 192 193 199 205 209 214 219 223 232 238 243 245 246 251 252 253 257 261 266 272 277 283 290 295 297
57
6 7 16 22 25 29 30 31 47 49 60 66 69 78 79 81 89 90 91 98 103 106 107 114 115 128 132 148 157 158 168 191 196 209 210 223 224 229 233 234 242 243 249 253 258 265 268 272 274 275 278 280 286 289 291 296 297
59
5 7 13 15 17 18 19 21 24 26 30 35 36 39 42 43 44 48 55 57 62 82 84 89 101 103 108 114 115 129 137 141 143 147 150 154 156 159 185 189 197 198 212 213 217 225 229 230 238 243 249 256 257 263 268 273 274 276 282
62
2 3 4 6 7 9 12 21 24 37 41 58 67 73 82 87 93 105 113 116 120 122 131 139 140 142 143 159 162 164 167 169 170 182 185 186 188 196 204 226 232 237 247 251 252 253 258 259 260 261 264 268 275 276 281 284 288 290 291 292 294 300
59
2 3 8 9 17 25 36 39 54 55 56 59 65 70 74 93 101 108 109 110 116 118 119 128 135 138 140 141 143 149 158 163 166 172 176 177 181 183 187 190 191 197 206 211 213 214 219 231 235 245 248 255 259 260 273 279 289 294 298
56
2 6 9 13 14 15 30 35 38 42 51 56 57 59 60 61 71 79 84 97 105 107 115 125 128 134 140 143 150 152 163 181 197 203 205 207 213 214 216 217 222 225 228 230 233 251 253 256 265 266 268 270 286 288 293 294
59
1 7 8 9 25 30 31 33 34 39 43 48 49 50 61 62 86 87 90 100 106 120 121 125 128 134 138 141 146 151 158 164 166 184 185 191 193 199 202 204 210 227 228 238 240 241 247 254 256 257 275 279 286 287 290 292 295 297 300
70
9 15 20 21 27 28 40 45 46 48 55 58 61 62 70 76 84 87 89 93 96 97 98 99 100 105 112 128 129 132 133 138 149 152 154 157 164 165 170 180 182 185 188 189 190 195 201 206 209 212 214 215 222 225 226 229 230 235 239 243 246 247 251 253 263 268 276 290 291 298
62
19 25 36 38 44 45 53 54 56 57 65 68 69 73 80 81 84 86 92 93 95 96 101 103 109 110 118 120 122 128 137 139 141 146 147 158 163 164 178 179 187 192 197 200 210 216 218 221 222 226 228 235 236 260 262 266 267 268 280 281 286 287
76
2 3 6 8 10 13 18 23 42 48 57 58 62 70 75 80 86 88 96 99 102 109 110 114 116 118 122 124 126 132 137 140 152 154 158 159 164 168 171 172 175 176 178 181 182 186 188 190 191 192 194 199 200 206 207 209 212 216 218 219 225 228 231 233 239 242 244 245 254 256 261 271 278 285 287 292
65
6 7 16 22 30 31 32 36 37 40 41 42 50 56 61 67 69 74 79 81 86 103 116 117 120 121 122 123 124 126 127 128 133 137 138 143 144 149 166 175 176 188 191 192 197 206 208 212 218 219 220 225 229 230 231 236 238 245 253 271 274 279 285 286 300
73
8 12 16 17 24 28 32 34 38 41 42 48 49 57 61 72 76 83 86 89 92 94 98 100 103 113 118 120 122 128 131 133 139 142 147 148 154 156 175 179 182 188 190 191 196 197 198 202 204 207 211 215 218 219 222 227 228 238 239 243 247 249 250 252 253 254 256 273 278 279 290 293 296
57
11 15 23 26 27 47 58 73 78 79 81 86 88 95 97 102 107 115 121 127 131 136 152 154 156 160 166 167 168 172 173 177 184 207 210 211 217 230 235 236 242 245 247 250 253 258 259 262 267 270 272 281 282 284 286 297 299
63
2 3 12 16 25 26 32 36 39 49 55 59 66 70 74 82 84 89 90 94 104 105 110 114 126 130 135 137 138 139 146 148 159 161 174 177 180 183 184 187 189 191 193 195 202 208 211 213 216 222 224 230 236 238 239 246 259 261 264 265 282 284 288
71
3 7 10 17 30 34 40 42 52 57 58 62 63 67 69 73 75 79 82 83 84 87 88 92 94 98 100 102 104 106 111 124 139 143 145 147 153 166 168 171 172 173 175 180 181 187 203 204 206 207 210 212 215 217 226 227 229 245 247 251 252 260 264 270 281 287 288 291 294 297 298
58
1 2 3 6 12 14 16 18 36 39 50 55 57 61 73 80 84 97 105 107 110 112 116 118 120 121 127 141 143 153 154 161 180 186 190 203 208 210 216 220 223 228 230 235 244 250 252 255 258 259 261 270 272 276 280 284 291 292
51
4 13 23 24 28 32 38 45 52 57 62 70 77 78 87 90 93 94 108 112 115 122 123 127 134 139 146 150 153 163 165 173 184 192 201 211 214 216 223 232 244 251 256 258 261 271 277 282 286 288 296
77
4 6 7 18 20 29 30 32 34 42 51 54 67 68 74 75 77 78 80 83 85 87 88 89 91 94 95 100 104 110 114 126 137 138 141 143 147 148 153 156 158 159 163 167 168 177 181 196 197 203 206 209 210 218 221 222 223 233 235 238 241 246 249 252 262 263 264 271 272 274 285 286 289 293 294 299 300
62
9 13 16 19 26 38 43 44 49 52 53 57 61 68 70 73 74 78 79 84 97 98 100 103 104 105 109 117 118 120 124 126 129 135 140 144 146 147 148 166 177 181 182 184 185 190 193 194 200 205 214 217 228 229 231 235 246 254 262 263 273 295
53
1 17 22 34 38 45 47 55 59 63 65 76 82 84 86 91 94 95 96 102 107 125 135 144 147 150 152 158 161 168 169 188 189 191 193 196 201 202 207 208 209 218 219 225 238 242 246 249 270 272 291 293 295
57
1 4 5 18 22 24 35 39 46 48 70 73 76 81 86 88 91 94 95 102 108 110 114 118 119 120 125 130 136 139 142 150 168 175 176 177 180 187 192 197 209 225 229 242 243 244 245 259 268 270 271 274 279 284 290 291 294
66
2 3 7 10 11 12 17 18 20 26 39 40 44 47 55 62 64 73 75 77 82 88 92 94 99 100 103 104 110 113 114 119 126 135 138 140 141 149 151 152 155 159 160 162 167 177 182 183 189 196 206 208 221 224 225 227 228 229 235 248 253 258 263 275 288 291
70
4 6 7 9 19 25 36 39 40 42 53 55 63 65 70 71 74 78 79 81 82 83 96 97 99 100 105 107 110 111 118 127 128 129 130 131 136 140 143 158 160 163 173 177 190 195 196 197 212 214 215 218 220 228 233 234 238 240 241 248 252 254 262 266 272 277 286 287 292 295
62
3 5 17 24 27 28 38 41 45 48 51 56 69 70 71 82 83 89 91 94 97 100 105 112 117 131 140 142 148 150 153 158 161 163 168 177 187 188 192 196 202 203 209 210 217 218 220 231 232 238 247 249 250 260 265 267 283 293 295 296 297 298
55
7 9 10 22 23 40 53 58 70 73 75 81 82 84 85 87 91 97 111 114 117 121 122 123 124 125 126 127 131 134 135 143 146 155 157 172 184 186 192 194 213 214 216 219 236 240 245 248 250 267 268 269 286 296 299
75
1 4 6 11 15 22 25 26 34 39 44 45 46 48 53 54 55 57 58 64 69 71 72 79 86 87 88 92 96 98 101 104 107 110 113 122 124 125 130 131 135 150 152 162 165 176 177 179 182 186 188 189 191 207 224 227 229 233 234 235 237 257 259 260 267 278 283 286 287 288 290 291 294 296 299
63
1 10 18 20 23 25 35 47 55 68 72 74 76 77 85 87 88 89 97 100 104 112 113 117 121 129 136 137 139 142 150 153 158 160 164 169 171 179 180 187 189 192 198 206 214 215 220 229 236 242 248 249 255 259 268 273 274 288 291 296 297 299 300
54
4 14 15 24 26 27 34 43 45 50 57 63 75 80 82 86 91 94 103 110 118 124 127 128 132 134 141 142 152 157 165 172 180 186 200 203 218 219 222 228 231 232 235 236 240 250 251 255 260 270 272 273 277 288
66
3 6 9 10 18 19 22 30 36 37 43 46 60 61 69 74 82 90 93 98 103 108 112 118 121 122 125 126 132 142 143 147 153 159 163 168 172 183 186 192 197 198 205 210 211 213 223 227 235 236 238 239 240 244 246 250 254 263 268 272 281 282 289 290 292 298
75
6 7 9 11 12 13 28 32 35 41 43 47 48 53 55 60 63 65 66 69 71 77 83 90 95 97 104 111 113 116 120 121 126 131 134 139 142 147 149 154 169 171 172 178 179 187 189 192 204 206 213 216 222 226 239 240 241 243 247 248 249 252 269 270 272 280 283 285 286 287 290 293 298 299 300
56
14 25 32 36 37 42 47 67 69 71 75 78 83 86 95 111 117 122 124 131 133 144 148 152 157 158 160 166 169 172 176 187 189 191 197 202 205 211 223 226 229 240 242 244 251 254 259 264 271 273 276 277 287 288 294 300
69
10 12 29 34 38 41 45 51 53 54 55 56 64 67 69 71 73 75 77 82 85 99 102 113 114 119 124 127 128 131 140 142 144 147 157 158 165 167 171 172 174 180 182 185 189 190 191 202 204 207 213 222 227 231 241 242 247 253 254 256 274 275 282 286 287 289 291 296 300
52
4 9 24 26 28 30 31 37 57 60 72 73 77 84 92 93 97 98 114 117 125 140 149 155 158 160 172 181 185 188 189 194 195 203 210 216 225 227 236 244 246 251 259 263 269 272 281 284 285 286 294 297
66
4 12 15 16 17 20 22 30 33 44 50 51 63 76 77 80 82 83 92 93 94 95 106 111 115 123 127 128 143 144 146 148 149 151 152 156 158 165 166 167 171 189 190 192 194 196 204 205 208 209 212 220 226 231 233 238 240 251 263 273 275 278 283 288 299 300
59
4 8 9 14 25 30 38 40 43 47 50 52 58 59 60 64 66 70 72 75 79 86 89 96 101 102 104 106 108 115 116 118 122 129 131 141 144 148 165 172 174 181 203 214 215 219 221 228 230 246 247 257 263 264 268 272 275 276 298
65
2 5 6 7 11 16 19 21 27 33 34 41 43 50 56 69 74 83 88 91 92 97 103 108 109 117 124 126 148 149 151 155 158 163 165 170 175 177 178 179 180 184 191 195 210 218 220 224 232 233 249 251 253 254 258 264 266 279 280 281 282 289 294 295 298
68
1 10 11 12 22 25 30 32 36 41 42 53 54 66 67 70 79 81 83 86 87 90 91 102 103 105 107 110 115 127 132 136 139 141 146 147 162 167 171 174 177 186 188 189 190 200 206 217 220 223 227 229 230 234 238 241 246 248 249 253 255 261 263 270 287 291 296 297
57
20 23 29 33 35 40 46 48 63 73 74 82 85 86 90 93 94 96 109 114 116 121 126 128 129 130 131 134 152 156 165 174 182 187 189 196 213 214 224 226 227 228 230 240 241 245 253 263 271 273 279 280 282 285 289 290 296
65
5 10 12 16 22 23 27 40 44 45 46 53 61 66 69 70 75 82 85 86 87 93 96 98 105 106 108 109 113 120 122 128 129 133 134 137 143 146 154 158 170 171 172 176 177 183 188 190 197 203 206 208 209 221 226 247 250 267 271 273 274 275 282 283 286
74
1 2 4 7 10 12 18 21 24 26 32 33 38 41 44 47 51 55 61 66 67 70 73 82 86 103 109 110 121 122 132 141 146 151 156 157 159 162 166 168 170 171 173 178 179 181 192 196 198 201 205 206 213 222 227 232 233 234 240 241 242 245 250 252 257 262 267 276 278 281 284 285 286 289
59
9 10 22 25 41 46 49 56 76 81 82 87 90 91 104 105 114 116 118 121 127 132 150 152 156 158 160 161 163 165 172 173 175 176 178 179 183 189 195 199 200 207 220 228 234 235 244 247 252 256 268 271 280 284 285 291 296 298 300
68
2 3 4 16 18 27 32 33 34 37 40 44 46 63 66 71 80 83 91 95 103 104 105 109 111 117 122 123 125 126 128 133 145 147 158 160 161 162 171 172 176 177 178 182 186 188 190 193 201 207 212 214 215 218 227 229 236 237 239 240 258 261 270 279 285 294 295 299
61
2 9 10 13 18 21 27 34 40 43 45 52 54 61 80 88 92 93 104 108 114 116 125 130 133 140 143 149 151 152 156 163 168 175 177 179 191 198 201 208 213 220 222 231 232 234 243 246 251 252 257 259 262 275 276 277 279 285 287 292 296
51
4 13 20 23 25 34 44 48 62 68 71 72 73 74 92 93 97 105 115 119 121 127 133 140 144 150 152 167 168 177 178 180 184 205 206 208 224 226 233 236 239 242 247 252 262 264 265 269 281 283 288
55
6 8 9 15 16 24 25 32 35 55 64 70 75 86 88 96 103 104 114 119 136 137 140 141 149 150 159 164 178 180 181 189 194 199 203 206 208 219 220 221 236 237 241 244 247 248 253 255 257 270 273 281 285 297 298
73
12 15 23 26 31 33 36 39 48 51 53 56 60 67 68 71 73 76 83 84 88 89 91 93 103 107 114 115 119 127 128 129 136 146 148 151 152 166 168 170 171 176 182 183 184 185 186 194 196 208 210 211 213 214 217 219 222 231 242 244 247 248 249 252 259 263 265 275 276 281 284 289 291
54
4 10 16 20 23 26 28 29 47 55 56 64 66 68 74 76 79 84 88 91 103 104 109 122 123 130 145 147 159 178 182 193 196 212 216 222 223 226 247 256 258 259 262 272 274 275 277 278 280 284 286 287 288 291
54
2 4 8 17 20 21 23 24 27 31 35 40 43 58 69 70 81 89 99 100 103 108 111 115 124 125 140 145 150 151 165 169 179 188 194 202 210 212 214 230 241 244 254 257 258 259 265 267 277 281 287 288 290 293
66
1 34 37 41 52 56 58 62 63 66 69 70 88 93 98 99 104 111 112 117 118 120 121 125 130 131 134 142 152 153 154 161 168 177 182 186 192 195 200 203 217 218 220 222 224 225 226 234 235 236 238 241 246 247 249 250 252 257 259 262 263 264 267 294 299 300
53
6 9 13 14 17 23 26 30 31 52 58 59 62 75 92 94 124 127 137 138 141 147 152 153 157 161 163 165 168 169 170 178 179 180 184 189 193 195 206 234 240 246 251 252 255 257 260 261 266 268 274 278 282
60
12 15 19 35 36 37 41 48 50 53 59 63 67 70 72 78 81 86 89 94 103 109 112 118 129 136 146 150 159 161 164 166 179 185 196 197 206 207 218 219 221 226 230 232 236 240 241 246 249 252 255 257 258 262 271 274 275 276 282 298
52
4 12 22 24 26 29 32 33 34 36 37 54 55 56 59 62 67 76 81 90 92 102 106 112 120 130 146 148 157 164 166 167 176 180 183 185 186 188 192 198 202 207 210 222 224 231 239 257 264 266 281 285
62
2 7 11 18 22 26 28 29 31 35 47 49 55 57 65 66 70 71 73 79 86 96 97 99 100 106 107 109 111 114 119 122 123 127 134 141 144 160 169 175 180 184 189 192 197 202 204 210 213 215 219 220 227 235 255 260 266 272 289 295 296 299
72
2 4 14 16 24 32 37 38 42 51 54 61 66 68 72 73 79 85 92 94 100 101 104 105 106 108 109 110 115 119 125 131 137 144 146 156 162 165 167 169 171 175 176 178 179 182 185 186 191 194 200 203 208 215 217 219 235 237 244 255 256 260 264 266 267 271 276 277 280 287 289 298
49
7 11 16 17 20 31 33 42 44 54 60 62 68 96 99 109 111 114 115 136 148 151 172 176 177 183 184 191 197 198 211 217 218 221 225 236 239 248 249 252 272 276 278 279 280 281 288 296 298
54
1 14 15 20 29 31 32 36 47 51 54 59 87 90 98 101 104 107 113 114 119 121 124 138 144 147 152 153 155 159 175 196 198 203 207 215 218 224 235 250 253 256 258 259 262 263 268 270 272 276 277 290 294 295
59
5 15 16 19 20 22 23 26 31 36 39 43 48 51 55 60 69 72 74 75 77 90 93 97 105 113 115 120 126 128 129 130 136 137 151 157 167 168 179 193 197 206 209 210 212 214 216 217 235 238 257 267 272 276 277 278 287 292 296
52
3 4 12 20 36 37 38 42 48 55 57 60 70 71 73 78 79 81 88 95 100 104 105 108 123 130 134 136 149 152 153 154 156 158 162 185 196 208 239 241 242 249 251 258 260 265 271 276 278 281 283 289
49
2 3 4 9 11 12 20 23 34 45 53 56 58 77 78 79 83 85 94 96 101 119 121 145 149 152 163 189 194 196 202 209 214 236 243 251 256 257 268 270 272 273 278 282 289 290 291 294 299
53
3 6 7 9 12 24 30 34 36 43 66 68 69 78 88 96 113 116 126 127 140 153 157 160 169 178 179 183 186 193 207 212 217 219 221 222 227 228 239 247 253 255 259 261 269 270 271 274 277 278 281 292 297
51
5 6 13 15 24 31 36 39 47 50 55 56 77 81 86 100 101 108 110 113 119 129 133 137 140 143 145 147 149 155 160 163 164 167 189 190 197 201 205 206 213 215 219 229 233 256 258 260 290 293 300
51
5 9 21 26 30 36 39 46 47 49 55 66 69 74 75 84 90 104 110 113 116 118 122 127 131 138 140 148 151 152 154 160 161 174 176 177 183 189 192 193 195 200 203 218 232 241 250 255 267 272 274
64
7 11 13 25 32 35 36 37 42 44 48 57 64 65 66 67 78 80 92 95 99 102 107 109 111 112 115 117 120 123 126 136 139 141 147 150 159 161 163 168 172 175 177 181 200 214 219 224 229 238 240 242 244 247 267 268 270 274 276 282 286 290 296 299
54
14 22 23 26 33 39 45 64 65 76 79 83 93 110 112 114 125 127 133 148 150 153 157 164 165 170 177 178 180 182 190 193 200 202 206 210 211 213 220 221 239 248 259 261 268 274 275 284 285 286 288 293 298 299
47
3 4 8 9 32 40 43 44 45 52 62 64 65 67 72 80 90 95 100 104 108 125 129 132 138 140 153 157 168 170 183 214 215 219 221 224 227 230 238 244 246 265 266 283 297 299 300
70
9 12 16 18 24 26 36 40 43 50 54 57 61 65 68 70 73 80 89 91 96 102 108 110 115 117 118 128 129 133 134 140 145 147 150 151 157 173 176 177 181 183 184 188 192 194 197 207 211 213 221 224 225 226 239 241 249 251 252 255 262 277 278 283 289 290 293 294 297 300
74
5 15 17 19 21 33 35 44 51 52 53 54 63 64 68 72 73 77 80 81 87 88 91 99 102 106 108 111 112 122 123 135 143 144 145 148 151 155 170 172 173 175 178 179 180 184 186 191 193 194 202 208 213 217 218 219 221 225 235 236 238 242 244 246 251 254 263 271 272 273 281 286 298 300
67
5 8 11 16 20 33 36 38 45 50 51 53 55 57 67 74 75 77 79 80 83 84 86 87 92 93 95 108 110 111 124 125 136 145 148 151 161 166 168 175 177 189 199 203 209 220 223 225 226 236 243 246 247 249 250 255 256 259 260 262 265 277 280 281 282 287 290
49
6 25 30 41 45 49 54 65 74 84 93 95 108 113 115 116 122 124 160 163 178 182 189 192 198 202 203 205 210 211 212 213 216 228 239 246 247 259 260 266 274 275 277 282 288 294 295 296 298
58
14 19 21 24 34 42 45 49 53 58 60 69 71 74 87 90 93 94 97 100 101 110 116 117 119 122 128 143 160 163 166 169 172 174 175 177 178 186 190 196 204 205 215 222 229 231 237 249 260 266 270 275 281 288 290 293 294 299
61
1 4 5 10 18 21 28 40 42 49 59 61 65 73 78 88 89 92 96 97 103 123 125 126 137 140 149 150 154 164 168 169 182 184 186 187 190 197 200 206 210 212 222 223 227 230 240 241 244 246 249 251 261 264 266 268 270 272 287 294 298
48
2 11 13 21 34 45 52 54 57 58 65 67 78 83 87 91 94 101 106 118 120 122 123 147 152 159 175 179 189 192 197 199 201 205 208 221 226 227 238 241 242 273 277 282 290 293 295 297
61
4 9 12 18 19 30 41 43 52 55 62 66 75 82 83 91 94 96 102 107 123 128 129 139 140 142 143 147 148 149 151 153 170 179 186 190 191 192 205 220 221 223 224 227 234 236 238 245 246 248 258 269 270 274 275 280 286 287 288 294 298
70
3 12 14 20 23 30 34 40 42 49 58 59 64 70 73 77 78 84 92 97 98 101 102 105 110 114 117 118 121 122 125 126 129 137 142 146 153 158 160 165 166 168 169 174 175 177 183 184 185 195 203 204 207 212 223 226 233 235 236 238 240 248 260 263 271 277 283 289 296 299
67
1 7 9 11 16 21 22 30 31 44 54 56 58 62 67 68 70 71 85 86 91 94 95 97 99 107 110 111 117 119 123 124 132 151 153 160 163 181 186 190 192 195 197 199 201 202 206 211 213 224 229 235 237 238 239 240 244 247 258 262 266 269 279 288 290 291 298
56
4 15 22 25 28 38 39 44 48 50 52 60 61 62 63 66 73 74 75 76 81 99 101 103 108 113 119 120 129 130 132 139 144 146 155 159 162 177 189 207 209 215 216 225 228 234 241 248 260 269 277 280 292 295 297 299
66
1 2 3 15 16 17 20 24 29 33 36 37 38 48 60 61 74 76 78 80 81 83 84 85 87 90 91 93 94 104 105 110 113 114 118 130 133 135 136 153 155 159 166 174 181 182 183 188 190 192 197 200 206 211 213 216 217 242 247 256 262 269 271 279 288 289
52
1 17 22 28 32 38 42 46 52 57 58 66 69 81 90 91 94 98 108 109 117 120 125 134 136 137 145 148 159 165 166 167 174 176 181 187 189 198 200 219 221 222 231 232 246 248 260 272 273 277 283 290
68
7 13 17 21 29 30 34 40 42 46 48 49 56 68 70 77 80 83 85 88 89 99 101 102 108 109 111 114 117 121 122 123 125 126 128 146 150 151 158 159 161 162 167 169 173 186 187 189 194 195 197 199 207 217 219 223 227 228 236 257 268 275 276 282 286 291 292 296
62
3 5 11 18 20 23 25 36 41 42 48 49 52 55 57 60 63 72 105 115 121 123 124 125 131 132 133 134 140 146 149 152 160 165 168 177 182 183 191 201 206 212 220 222 224 225 226 227 233 237 239 242 244 255 260 262 281 284 288 289 292 299
59
16 32 34 42 46 47 57 60 61 65 69 77 78 81 82 96 100 102 108 112 116 121 130 141 142 151 157 164 166 168 179 181 182 189 190 202 203 207 208 217 222 225 228 229 232 234 237 240 241 245 247 260 264 272 274 277 278 279 289
57
3 9 11 12 13 15 25 28 30 34 35 36 37 54 63 73 79 89 91 94 104 105 108 125 129 130 131 138 140 141 149 156 161 164 168 172 185 186 197 201 207 221 223 228 229 231 232 240 241 243 244 256 263 266 277 283 298
48
10 19 25 26 28 32 33 39 57 60 68 70 78 81 96 107 118 119 140 142 151 157 159 163 167 169 170 171 179 184 185 192 193 198 209 211 212 215 219 226 227 236 255 261 276 278 292 299
49
7 10 20 24 27 28 33 35 43 48 60 61 74 80 89 93 130 151 152 156 159 161 163 168 177 178 179 182 195 197 202 212 213 219 220 223 231 237 249 250 253 254 259 266 275 276 286 287 297
67
1 4 9 17 18 23 38 44 47 51 58 66 73 74 76 77 78 79 83 90 91 92 93 101 122 131 132 144 152 153 161 162 165 166 169 171 172 188 190 192 193 195 196 198 203 208 211 215 216 225 226 229 238 239 246 250 251 256 269 277 279 282 284 288 292 293 297
56
9 18 24 25 38 39 50 57 68 73 75 77 78 79 81 87 97 99 101 102 105 109 110 113 114 121 132 134 136 146 155 156 159 163 164 168 170 171 179 182 188 203 210 214 215 220 227 240 244 255 261 272 273 279 280 285
65
1 2 7 12 14 16 22 26 27 32 33 35 40 45 46 49 50 57 67 74 76 88 106 109 113 120 121 131 132 142 146 149 152 153 163 165 166 175 189 198 202 214 218 223 226 232 238 239 241 242 248 249 255 257 260 261 262 265 267 277 279 287 290 298 299
68
8 14 22 25 34 45 62 64 67 69 75 76 78 94 99 100 101 104 109 110 112 114 122 136 138 139 143 149 150 152 157 159 162 163 179 183 185 191 193 196 197 200 203 206 209 210 211 213 218 222 225 227 228 230 231 232 233 236 245 246 254 256 259 269 271 275 283 297
70
6 7 8 10 17 19 31 32 35 38 40 44 46 50 53 58 59 63 67 69 80 82 87 93 96 98 103 107 114 116 121 122 124 127 128 136 142 143 154 161 166 169 173 183 195 196 201 207 211 212 213 223 225 227 228 229 232 238 242 243 255 262 265 267 270 272 276 279 281 296
68
4 9 11 27 29 31 33 37 51 60 63 66 68 69 75 81 92 96 98 99 104 105 110 120 121 127 128 129 131 134 135 138 141 145 146 152 160 167 173 176 181 190 194 195 198 199 200 207 209 212 215 221 230 236 238 241 250 253 254 260 264 267 268 271 283 286 287 298
53
2 4 10 13 15 16 28 36 45 46 61 69 72 73 75 76 84 91 93 99 106 107 110 111 120 122 127 130 145 151 161 163 172 177 179 189 195 198 217 220 223 232 237 242 250 258 265 268 273 278 281 286 293
55
4 7 9 13 15 23 25 30 32 33 36 43 47 56 59 60 70 72 78 100 106 111 120 121 131 136 137 145 150 152 167 169 178 183 184 185 189 191 201 208 212 217 221 231 232 235 238 240 245 253 262 268 270 280 293
60
4 6 16 20 26 27 28 31 51 64 65 66 75 80 81 83 86 98 103 104 106 112 130 132 148 152 155 160 163 166 167 173 174 181 194 195 202 203 216 221 225 229 231 243 245 250 254 257 259 260 263 264 268 273 274 280 281 289 290 297
73
1 3 5 7 8 10 11 12 26 29 30 38 41 44 48 53 56 62 63 64 68 70 73 76 78 79 81 85 88 89 90 100 103 110 115 118 121 134 136 137 141 148 149 156 157 158 163 172 176 177 185 196 197 215 216 219 220 225 227 233 237 238 242 244 247 253 254 258 259 276 288 290 294
65
4 7 10 12 25 28 35 36 40 49 60 66 69 72 76 77 82 91 103 108 115 118 119 126 137 139 141 146 149 152 154 155 164 166 167 170 177 179 180 182 183 193 194 201 205 207 208 210 224 226 228 232 234 236 245 253 255 257 259 268 271 281 285 286 296
66
8 11 18 20 26 31 38 39 44 45 59 61 62 63 77 81 86 88 97 102 103 106 111 112 115 116 117 118 129 134 135 142 143 154 155 159 168 178 180 181 183 187 188 195 196 200 204 210 216 219 220 226 228 229 245 246 256 269 274 280 289 290 291 293 295 300
52
5 14 22 24 32 43 44 46 56 68 69 72 76 81 82 83 87 90 91 96 102 134 136 145 157 169 172 174 185 191 193 204 206 208 221 229 239 241 252 254 259 260 261 265 269 270 271 272 281 283 287 295
61
7 16 39 40 46 50 70 74 80 82 86 91 92 95 102 106 118 120 125 135 136 140 141 145 146 158 163 169 170 175 176 179 180 183 184 187 188 191 192 197 211 212 216 217 220 224 225 235 244 249 251 254 279 282 285 287 289 292 294 296 298
75
3 8 9 11 16 32 33 37 39 40 42 51 52 54 55 60 61 67 70 75 76 79 81 83 85 86 87 90 93 101 104 108 110 111 112 114 116 118 123 134 137 140 142 145 146 147 153 154 160 161 173 176 202 203 204 207 211 213 224 232 233 237 238 239 247 248 255 257 265 270 281 286 290 295 296
54
6 8 9 11 18 22 27 35 37 42 50 59 77 81 82 103 107 115 117 122 123 130 141 150 153 157 159 161 165 176 183 192 193 194 196 197 206 209 216 230 232 241 243 245 248 249 252 255 266 274 276 280 283 293
65
5 15 24 26 29 35 36 37 39 46 49 51 56 58 62 68 71 76 83 88 89 91 93 95 97 100 107 114 115 121 130 133 135 138 145 152 160 161 172 173 174 185 190 193 195 197 203 210 213 219 220 225 226 230 249 254 258 268 276 278 280 281 287 296 297
60
7 9 15 25 28 42 44 46 48 55 60 65 76 79 84 88 89 110 112 114 119 123 124 134 148 150 151 152 154 157 160 165 166 182 185 193 201 208 212 217 221 228 237 241 242 254 256 260 263 268 270 271 276 278 281 284 291 294 295 299
60
8 21 30 33 36 46 60 69 70 72 78 79 84 86 88 89 97 98 102 108 110 117 119 121 122 125 128 130 144 161 171 177 179 181 185 195 199 200 203 205 214 219 220 234 242 247 254 256 259 262 266 267 270 273 281 284 287 290 291 300
72
2 7 11 13 14 18 20 27 34 39 40 41 44 47 57 62 68 70 74 77 80 82 83 85 86 87 91 99 100 103 112 113 117 122 131 144 155 158 160 166 168 170 172 173 176 179 181 183 185 186 192 193 197 207 213 216 221 236 238 242 244 253 254 259 263 268 282 283 288 291 294 297
46
21 26 32 33 35 44 45 51 57 59 80 87 94 95 104 112 118 131 135 136 141 159 169 170 178 181 182 185 214 215 225 228 236 242 250 251 252 253 254 256 259 264 273 278 282 290
47
1 3 9 15 29 36 39 62 63 68 72 73 81 83 112 113 122 128 138 140 144 147 151 157 166 175 191 193 197 198 203 204 206 209 217 222 233 240 244 250 260 263 264 269 274 278 300
62
2 3 11 13 16 17 19 22 27 34 43 52 59 63 69 72 73 80 84 93 102 111 116 120 122 125 131 139 143 145 151 152 153 157 158 162 163 165 167 187 202 207 216 219 221 223 232 238 243 247 250 257 262 267 270 273 285 286 287 290 295 298
62
9 18 21 26 30 31 32 34 40 41 43 44 52 59 60 61 63 75 82 91 92 94 102 107 108 116 118 119 126 128 129 130 143 147 149 156 168 180 186 189 202 203 210 218 221 226 245 246 249 251 257 258 263 265 278 283 284 286 290 291 292 298
60
3 5 8 9 17 30 42 46 47 65 70 79 81 86 90 96 97 98 106 107 116 120 126 127 132 139 140 141 142 145 154 155 158 163 168 171 175 180 192 194 195 200 207 209 210 211 217 225 242 248 260 261 264 265 270 272 276 278 282 292
65
7 17 18 28 30 31 33 36 38 40 41 50 53 54 56 60 63 64 69 72 75 80 83 89 91 93 95 98 106 113 116 120 123 130 132 135 137 141 151 169 174 176 178 181 186 187 194 196 198 211 218 219 223 233 237 244 246 257 259 267 280 284 285 287 296
62
16 20 33 34 46 65 71 78 80 81 82 91 92 96 103 104 116 117 120 125 126 127 134 137 140 149 152 154 156 161 180 185 188 194 203 206 216 217 219 225 234 236 241 242 243 246 247 249 250 252 254 257 258 266 271 275 280 281 282 285 295 297
58
1 2 5 7 19 29 35 49 51 56 58 70 73 74 75 84 86 87 90 92 93 104 107 109 110 121 123 133 144 150 154 156 160 172 177 182 193 201 204 210 211 219 224 230 232 236 237 241 243 247 251 254 258 259 263 265 273 283
55
4 7 12 21 25 26 29 35 45 46 47 55 66 78 82 84 89 97 100 101 105 118 122 131 133 137 138 141 146 149 152 175 177 179 180 186 192 194 198 199 203 205 213 220 234 245 247 249 277 278 283 286 290 295 297
54
5 23 25 33 36 47 51 54 60 62 68 70 73 91 95 110 111 112 117 121 122 126 130 141 151 155 156 158 160 161 170 171 174 191 197 199 200 205 209 210 213 214 215 217 218 234 235 239 244 251 273 274 294 299
52
3 9 25 26 36 39 40 45 50 60 67 68 72 78 96 97 100 103 107 122 128 135 144 160 163 165 169 173 182 185 188 190 197 201 203 212 219 221 222 226 238 251 254 263 264 265 273 278 287 290 298 299
57
5 8 9 11 18 20 34 37 39 48 66 72 73 76 80 82 85 89 91 99 102 110 117 131 135 137 139 141 152 154 163 168 174 176 181 188 196 198 204 208 209 211 227 234 237 244 252 262 268 269 272 281 288 290 293 295 299
69
3 5 7 11 25 32 38 39 44 46 56 58 68 71 74 78 79 82 98 113 115 117 120 121 135 139 144 145 147 169 172 177 180 186 193 194 198 205 206 208 209 212 218 219 222 225 232 233 236 247 248 249 250 258 259 260 261 262 263 266 268 269 272 280 281 284 285 293 297
66
6 19 21 24 25 31 32 34 36 37 39 44 45 46 48 52 57 59 60 65 68 75 76 77 78 91 93 94 96 103 106 109 111 114 123 124 128 135 140 145 152 153 161 173 181 182 186 191 196 200 203 206 216 219 223 230 240 241 243 246 254 262 267 277 279 299
59
13 14 20 21 22 25 31 39 46 50 52 53 54 71 77 82 89 92 97 100 110 119 124 127 136 141 145 148 165 166 170 171 172 177 178 182 189 190 196 197 208 209 215 219 221 240 245 246 251 255 264 267 270 271 273 275 290 293 296
57
3 4 6 8 12 13 16 22 28 29 35 36 41 45 55 57 59 60 66 74 76 87 89 94 103 107 122 130 141 148 151 152 158 172 180 195 209 210 213 218 225 226 229 237 242 247 250 255 258 262 267 276 281 283 284 295 300
58
11 12 22 26 38 41 49 51 61 62 71 75 76 86 95 96 98 99 101 108 114 116 117 125 126 127 143 144 146 149 153 161 166 177 178 179 180 193 198 200 201 208 211 220 223 226 235 245 247 256 261 263 278 280 282 289 290 300
70
1 6 8 17 20 29 31 38 42 47 48 60 61 67 69 70 75 84 87 89 93 95 101 104 108 109 112 124 126 130 131 133 137 145 147 149 153 158 165 166 168 172 174 175 180 184 187 190 192 193 205 215 218 220 221 222 227 234 240 242 250 252 255 257 261 272 280 285 295 296
63
5 10 27 31 33 34 38 39 40 42 45 46 47 49 56 59 61 64 67 69 92 93 95 98 101 109 132 136 145 148 149 155 160 161 165 167 171 182 191 192 195 197 206 212 216 218 222 232 233 235 237 246 250 253 255 259 265 269 285 286 290 291 300
62
1 13 14 21 26 29 51 63 64 69 70 86 87 90 97 103 105 111 117 119 123 126 128 135 137 150 155 158 159 168 175 179 180 181 184 188 189 190 197 204 209 219 222 225 233 240 241 249 253 258 263 265 268 270 271 272 284 285 286 293 295 297
58
5 12 34 36 38 42 49 51 59 69 73 81 83 88 89 90 97 100 112 115 116 122 124 128 129 138 146 147 155 159 162 166 167 173 174 179 185 189 192 198 200 201 214 216 219 228 233 236 240 247 253 256 271 277 278 290 291 295
60
2 7 24 33 35 38 42 45 48 49 51 53 56 58 69 79 84 86 90 93 104 112 120 124 125 135 144 154 155 163 168 172 177 179 183 184 189 196 199 205 206 210 215 217 232 233 234 241 245 249 255 258 260 268 273 275 276 277 282 298
67
2 3 4 7 13 14 15 32 34 35 43 46 47 49 59 66 67 68 70 72 79 83 92 93 95 107 108 115 118 123 128 132 134 135 142 155 157 169 170 177 180 181 183 188 190 200 206 210 212 213 214 232 239 242 245 246 250 253 254 261 264 265 280 284 286 288 293
56
3 5 25 27 29 34 35 37 39 40 41 45 47 50 63 69 70 81 91 93 94 102 118 120 122 134 141 147 155 168 171 174 177 188 207 209 221 223 225 226 232 234 245 253 256 260 261 263 265 269 271 275 280 285 288 299
65
1 3 4 9 10 21 22 29 34 35 43 48 68 71 89 91 94 101 107 113 114 115 118 121 126 127 129 132 139 143 149 151 157 161 164 166 168 176 177 180 184 186 201 203 207 225 226 229 231 238 239 248 253 258 262 273 274 275 277 281 282 283 286 296 298
49
2 4 6 19 22 23 25 30 51 56 62 66 67 69 71 76 78 79 87 94 95 105 113 118 120 122 123 135 139 141 148 151 171 190 196 200 215 218 221 225 232 238 244 248 252 269 285 287 291
51
5 12 15 21 24 25 27 28 51 57 59 62 71 77 90 94 100 101 114 116 121 123 132 133 134 139 145 166 168 174 175 178 179 186 201 206 212 214 216 221 228 240 248 272 273 275 283 291 293 295 298
66
1 11 13 16 18 21 22 25 39 40 45 48 51 53 54 60 63 66 68 71 78 79 82 83 94 96 97 101 108 112 113 114 120 121 122 135 138 140 143 154 155 157 170 172 177 178 184 191 195 211 212 223 225 228 231 257 271 273 275 277 278 279 286 287 292 294
62
24 37 38 42 43 45 54 60 63 66 79 85 86 92 96 97 98 101 102 103 104 109 117 127 129 134 136 141 142 147 152 154 157 160 163 166 171 176 180 181 185 189 223 224 225 229 231 238 243 247 250 260 261 266 272 279 281 284 285 290 293 297
47
3 22 37 40 47 60 61 62 66 70 77 78 79 84 88 93 96 100 103 106 108 138 142 143 147 157 160 165 167 174 178 197 198 202 203 206 215 229 233 240 247 253 260 271 281 284 296
56
4 7 8 10 18 29 35 37 55 64 69 70 89 94 96 99 102 108 117 127 129 130 138 140 145 149 155 165 174 175 176 177 179 183 187 189 190 192 206 207 209 226 230 237 238 242 244 247 253 255 259 265 267 269 274 284
62
2 3 7 26 29 32 33 38 40 43 47 49 50 54 57 65 72 76 79 89 90 92 103 104 110 112 114 118 119 131 140 144 148 150 157 159 161 166 174 177 182 185 187 192 199 202 203 206 208 215 234 245 250 255 256 262 276 280 285 288 291 292
59
6 11 13 19 20 24 26 30 34 35 42 52 53 71 74 87 91 99 101 106 108 122 126 128 132 133 143 156 158 159 162 167 183 194 197 205 209 210 216 218 224 231 232 233 240 250 255 257 259 271 278 283 288 291 295 296 297 298 300
69
4 7 8 12 19 24 39 40 42 46 47 51 52 58 59 61 65 75 77 82 84 86 89 90 91 99 101 103 109 112 114 115 123 127 133 137 140 145 148 149 151 159 170 175 176 184 187 192 194 201 203 205 208 209 212 215 218 225 236 243 247 254 257 272 275 276 290 295 298
54
7 11 20 21 25 28 32 35 41 43 48 50 53 56 59 63 64 75 92 97 100 109 113 118 131 137 140 154 156 166 167 178 180 184 188 191 194 203 212 220 226 234 252 256 262 264 265 266 273 275 282 283 289 293
