50 100
1.0 1.0 1.0 1.0 1.0 1.0 1.0 1.0 1.0 1.0 1.0 1.0 1.0 1.0 1.0 1.0 1.0 1.0 1.0 1.0 1.0 1.0 1.0 1.0 1.0 1.0 1.0 1.0 1.0 1.0 1.0 1.0 1.0 1.0 1.0 1.0 1.0 1.0 1.0 1.0 1.0 1.0 1.0 1.0 1.0 1.0 1.0 1.0 1.0 1.0 1.0 1.0 1.0 1.0 1.0 1.0 1.0 1.0 1.0 1.0 1.0 1.0 1.0 1.0 1.0 1.0 1.0 1.0 1.0 1.0 1.0 1.0 1.0 1.0 1.0 1.0 1.0 1.0 1.0 1.0 1.0 1.0 1.0 1.0 1.0 1.0 1.0 1.0 1.0 1.0 1.0 1.0 1.0 1.0 1.0 1.0 1.0 1.0 1.0 1.0
23
3 16 21 22 23 26 34 36 39 42 48 57 59 61 62 64 66 84 85 92 93 97 99
20
14 15 20 21 26 30 36 39 41 46 49 55 64 69 74 81 82 89 97 98
17
15 17 22 34 37 39 47 49 51 52 58 66 71 73 78 84 97
19
5 9 20 30 32 47 51 52 58 59 68 69 72 73 77 78 87 93 95
22
8 12 18 27 30 35 42 49 52 53 61 68 69 71 73 74 81 86 89 91 94 100
16
3 5 25 30 41 42 44 52 54 64 73 79 80 82 85 86
23
1 8 12 19 28 29 34 35 38 51 54 56 58 63 68 71 78 80 83 86 87 89 99
15
4 5 14 22 29 39 49 57 58 61 63 66 89 99 100
25
2 7 9 21 29 31 32 36 40 42 44 45 48 49 52 53 54 65 75 76 77 78 79 88 96
20
1 3 4 7 10 27 28 43 44 64 71 74 75 77 82 83 86 89 96 97
26
4 6 8 11 14 19 22 31 42 52 54 58 59 61 62 71 72 74 79 81 83 86 87 91 96 97
15
9 11 15 19 26 28 33 35 41 50 72 75 80 87 89
20
16 19 30 33 39 40 48 51 59 61 63 70 75 81 85 86 89 94 96 97
18
3 7 8 14 25 27 39 43 56 58 65 67 68 78 79 94 95 98
16
2 17 33 39 40 41 45 62 64 74 76 80 87 89 91 100
18
17 24 30 34 47 49 51 52 58 59 64 77 79 80 81 84 86 98
25
2 6 8 10 13 15 22 24 25 33 34 38 45 46 51 56 58 64 69 70 80 89 91 96 100
23
1 2 8 11 12 14 27 29 40 42 48 61 62 63 71 74 79 82 86 88 93 94 100
11
10 24 34 40 44 45 50 91 95 98 99
12
5 19 21 23 44 47 50 61 70 71 80 96
24
1 9 15 16 18 25 26 28 30 38 40 41 45 49 56 66 68 72 76 85 91 97 98 100
12
1 5 7 35 44 51 56 62 67 68 89 100
18
4 13 19 22 23 38 41 47 49 52 57 58 60 69 73 75 88 98
13
2 4 20 32 45 54 55 64 65 68 71 84 93
26
3 6 7 12 15 24 28 31 32 34 36 46 52 54 55 59 64 70 71 84 85 87 89 90 98 100
21
1 9 19 22 23 24 35 45 50 54 55 70 77 80 81 83 84 86 87 98 99
27
2 3 16 20 25 28 31 32 37 38 39 42 44 45 54 59 62 70 72 73 74 77 79 81 84 87 88
16
7 18 23 42 45 48 49 68 69 70 77 78 92 94 95 96
24
6 10 14 16 20 28 34 36 38 40 50 51 54 59 60 62 63 73 79 83 85 91 97 100
24
2 4 19 23 27 31 32 43 53 57 59 60 63 64 73 76 77 81 87 91 93 94 96 98
23
2 6 8 10 11 15 31 44 46 50 52 58 59 60 63 66 71 72 77 81 84 87 95
24
1 2 3 4 5 6 7 13 22 23 24 25 30 42 43 53 59 69 70 85 92 94 97 99
18
5 22 26 27 32 35 39 43 46 51 52 58 59 64 67 69 87 95
19
4 21 25 28 32 38 52 53 57 60 61 66 73 74 77 82 91 97 98
15
2 8 13 47 51 52 62 63 66 69 70 77 79 91 95
15
1 5 19 21 23 36 37 38 46 72 73 89 95 96 97
12
2 10 21 25 27 35 53 64 70 81 83 98
18
1 2 4 5 6 22 25 37 39 43 51 52 62 65 72 73 85 100
16
6 8 12 16 22 27 37 53 60 65 66 84 86 88 91 97
18
6 12 15 24 32 38 55 56 61 64 70 71 74 78 85 89 95 96
14
7 10 12 15 33 44 51 55 56 64 68 83 92 93
19
13 21 22 30 33 34 48 53 57 60 61 69 74 79 81 82 95 96 100
20
4 9 13 19 25 33 38 39 48 56 63 65 66 73 76 79 82 88 90 100
22
5 8 9 11 20 21 22 24 26 42 44 47 51 53 56 60 78 79 90 97 99 100
22
2 4 7 9 10 18 26 29 36 37 38 41 45 57 59 70 80 87 88 89 98 100
22
12 15 21 23 42 44 52 56 60 62 69 71 72 76 77 81 85 86 89 90 96 97
13
1 5 16 22 25 28 45 50 54 66 73 88 89
17
2 17 22 25 27 34 39 47 51 60 65 72 74 79 82 83 92
21
2 5 11 12 15 22 30 42 47 56 61 62 64 70 76 79 84 86 89 91 92
21
13 18 21 23 24 25 28 32 37 51 55 57 61 62 64 65 72 77 85 87 97
