50 100
1.0 1.0 1.0 1.0 1.0 1.0 1.0 1.0 1.0 1.0 1.0 1.0 1.0 1.0 1.0 1.0 1.0 1.0 1.0 1.0 1.0 1.0 1.0 1.0 1.0 1.0 1.0 1.0 1.0 1.0 1.0 1.0 1.0 1.0 1.0 1.0 1.0 1.0 1.0 1.0 1.0 1.0 1.0 1.0 1.0 1.0 1.0 1.0 1.0 1.0 1.0 1.0 1.0 1.0 1.0 1.0 1.0 1.0 1.0 1.0 1.0 1.0 1.0 1.0 1.0 1.0 1.0 1.0 1.0 1.0 1.0 1.0 1.0 1.0 1.0 1.0 1.0 1.0 1.0 1.0 1.0 1.0 1.0 1.0 1.0 1.0 1.0 1.0 1.0 1.0 1.0 1.0 1.0 1.0 1.0 1.0 1.0 1.0 1.0 1.0
14
12 13 16 19 31 33 39 43 61 67 69 72 75 90
13
15 18 25 32 38 47 56 58 63 79 80 84 89
9
14 29 40 55 61 72 86 90 97
6
25 29 40 42 50 87
6
3 22 26 41 50 52
10
9 19 20 41 45 53 54 79 83 90
10
11 12 16 27 45 55 57 63 80 81
11
6 25 26 33 34 38 42 48 76 77 95
6
2 30 74 77 80 92
8
5 19 22 27 41 65 71 93
14
9 15 18 32 36 44 48 71 77 80 83 86 88 100
17
4 7 21 23 31 38 47 48 54 58 60 69 71 72 83 90 96
8
20 29 38 39 52 78 79 85
9
7 12 17 27 38 54 59 83 91
7
29 35 48 56 58 80 81
10
5 14 20 31 42 46 48 56 73 87
9
8 13 14 30 40 68 81 83 88
11
9 15 20 41 42 43 48 54 65 82 87
8
1 31 46 59 75 86 91 92
8
21 22 39 48 58 62 79 84
11
6 11 18 21 31 46 48 68 83 91 94
16
1 4 7 9 21 49 51 57 60 64 66 68 71 75 79 86
9
9 17 18 25 27 36 66 73 76
10
1 14 18 41 51 58 71 73 80 95
20
11 12 14 15 17 25 34 36 41 50 52 56 57 58 63 67 87 90 91 98
8
22 39 47 49 57 58 71 87
8
4 8 13 21 28 62 77 100
10
23 28 49 53 73 77 87 88 93 99
16
1 26 35 40 41 44 49 50 56 58 59 71 74 75 89 96
9
1 8 17 28 68 79 88 90 95
15
1 7 10 15 26 37 49 52 55 72 73 79 83 92 99
8
20 48 49 68 77 82 92 99
11
12 17 22 36 45 58 69 74 77 83 86
5
2 13 69 90 98
11
3 15 30 33 36 52 73 74 77 86 93
9
9 27 45 46 49 53 56 79 93
7
21 38 50 71 72 89 91
9
10 19 31 60 61 68 75 92 100
8
8 18 26 32 41 68 90 95
11
6 12 20 25 28 31 37 41 48 62 77
13
7 18 20 21 35 54 55 72 74 81 83 91 96
9
12 14 25 31 36 43 45 77 98
8
26 44 49 56 70 90 94 95
11
3 9 10 41 42 51 52 61 63 75 81
16
1 8 18 19 20 25 35 36 41 43 46 50 54 83 85 97
13
10 16 30 36 37 39 41 55 63 68 72 86 95
10
1 30 34 35 37 39 56 70 75 78
4
51 57 79 83
6
28 39 51 82 87 95
12
32 34 41 42 45 53 62 83 92 94 95 99
