100 200
1.0 1.0 1.0 1.0 1.0 1.0 1.0 1.0 1.0 1.0 1.0 1.0 1.0 1.0 1.0 1.0 1.0 1.0 1.0 1.0 1.0 1.0 1.0 1.0 1.0 1.0 1.0 1.0 1.0 1.0 1.0 1.0 1.0 1.0 1.0 1.0 1.0 1.0 1.0 1.0 1.0 1.0 1.0 1.0 1.0 1.0 1.0 1.0 1.0 1.0 1.0 1.0 1.0 1.0 1.0 1.0 1.0 1.0 1.0 1.0 1.0 1.0 1.0 1.0 1.0 1.0 1.0 1.0 1.0 1.0 1.0 1.0 1.0 1.0 1.0 1.0 1.0 1.0 1.0 1.0 1.0 1.0 1.0 1.0 1.0 1.0 1.0 1.0 1.0 1.0 1.0 1.0 1.0 1.0 1.0 1.0 1.0 1.0 1.0 1.0 1.0 1.0 1.0 1.0 1.0 1.0 1.0 1.0 1.0 1.0 1.0 1.0 1.0 1.0 1.0 1.0 1.0 1.0 1.0 1.0 1.0 1.0 1.0 1.0 1.0 1.0 1.0 1.0 1.0 1.0 1.0 1.0 1.0 1.0 1.0 1.0 1.0 1.0 1.0 1.0 1.0 1.0 1.0 1.0 1.0 1.0 1.0 1.0 1.0 1.0 1.0 1.0 1.0 1.0 1.0 1.0 1.0 1.0 1.0 1.0 1.0 1.0 1.0 1.0 1.0 1.0 1.0 1.0 1.0 1.0 1.0 1.0 1.0 1.0 1.0 1.0 1.0 1.0 1.0 1.0 1.0 1.0 1.0 1.0 1.0 1.0 1.0 1.0 1.0 1.0 1.0 1.0 1.0 1.0 1.0 1.0 1.0 1.0 1.0 1.0
10
21 30 36 50 80 88 142 155 181 189
10
13 15 30 37 79 83 124 155 182 185
6
28 46 124 137 158 172
5
11 51 59 177 186
7
18 57 90 103 108 133 165
12
10 30 32 49 61 97 105 142 144 150 153 169
14
3 8 32 37 50 63 80 101 118 134 140 155 156 181
15
10 17 21 32 51 58 87 92 94 113 118 145 157 168 174
6
12 45 83 85 104 159
10
10 16 23 26 51 80 116 141 149 189
9
16 25 36 85 107 117 142 147 189
6
3 75 89 107 127 199
11
6 17 75 80 86 95 152 160 170 183 192
11
41 43 46 51 53 58 62 78 102 152 167
9
60 100 106 115 140 160 171 195 198
11
31 81 87 88 140 141 143 149 167 173 176
7
38 59 80 94 99 168 172
13
1 17 18 30 44 63 79 111 120 145 165 182 183
10
3 20 60 74 108 131 177 179 183 191
15
1 11 14 25 31 75 80 93 95 134 154 156 164 168 169
11
12 30 32 39 50 71 94 103 149 158 173
6
9 13 16 63 89 172
6
5 49 89 103 117 140
9
24 28 91 112 125 140 164 177 189
8
44 63 81 90 121 126 157 171
10
25 42 115 120 126 129 130 135 184 192
14
5 18 48 58 77 84 92 100 124 133 140 163 169 173
7
8 63 77 92 93 123 143
8
39 58 59 62 72 185 195 196
5
13 61 112 135 176
3
82 147 174
11
69 80 100 103 110 136 146 173 189 192 198
10
4 11 29 51 68 107 144 153 165 190
12
10 14 38 66 74 84 93 111 115 122 151 183
15
15 24 37 39 49 54 91 95 115 121 131 158 161 194 197
9
16 24 38 53 63 79 114 148 183
15
2 28 52 98 103 104 111 116 121 129 132 149 171 193 198
13
45 55 70 77 96 100 122 124 143 146 155 166 189
9
7 13 43 46 59 75 109 111 142
7
92 96 112 116 151 183 187
9
20 68 96 111 115 117 124 152 163
14
8 14 29 45 59 67 73 86 121 133 158 167 193 194
8
10 42 43 65 97 116 160 178
14
19 57 84 101 114 122 125 128 131 135 138 159 168 172
8
33 50 64 70 78 93 157 168
12
17 28 38 40 91 92 144 153 166 178 193 195
4
117 119 147 157
7
22 56 80 95 131 143 148
18
17 24 27 41 45 55 58 59 63 88 100 103 118 133 139 140 189 193
9
31 33 64 88 94 96 124 135 136
8
64 95 98 118 135 157 160 164
12
14 33 50 55 70 96 98 146 158 163 166 172
7
111 126 144 167 177 184 193
9
55 56 58 69 78 91 107 128 168
8
8 49 55 75 94 129 152 164
12
29 37 47 50 89 107 115 123 166 179 187 199
6
12 53 66 83 155 179
7
32 45 86 102 108 115 148
12
6 7 24 45 86 90 95 129 153 177 184 189
7
41 53 63 85 102 128 171
10
19 35 71 110 112 148 158 170 172 180
8
3 7 38 68 104 116 129 175
6
66 100 110 139 153 175
8
22 34 45 77 117 146 159 171
13
41 65 70 75 103 105 112 128 130 159 160 166 177
7
76 82 91 135 142 179 196
12
14 19 37 48 54 57 74 103 109 110 178 180
10
23 27 52 65 95 123 147 149 155 162
4
69 85 119 187
9
13 24 26 47 50 161 178 186 200
6
84 90 107 115 124 134
10
31 32 60 86 105 109 116 147 154 185
14
2 17 56 63 68 94 107 122 129 134 143 156 180 191
14
14 17 27 46 52 78 106 117 125 137 147 154 189 194
9
26 27 70 103 136 139 155 158 182
8
44 92 124 134 143 153 168 181
12
1 9 29 34 41 46 73 105 114 131 138 149
6
53 57 106 124 181 186
12
28 36 51 73 87 104 135 141 145 152 169 177
17
3 29 40 48 59 70 71 73 96 97 106 109 114 158 191 199 200
8
33 60 84 99 138 160 180 194
10
23 26 48 68 70 80 87 103 122 171
6
83 91 113 165 179 194
11
6 9 12 13 54 95 105 123 156 169 177
7
16 24 53 61 119 150 190
9
48 65 95 105 131 151 178 185 190
8
32 89 94 107 123 146 168 185
13
6 8 19 24 47 52 63 69 73 79 86 153 154
10
27 63 74 92 120 121 123 127 150 165
4
125 145 147 193
7
29 84 89 121 148 186 195
10
10 38 39 81 91 97 121 128 139 168
11
36 50 56 61 73 103 119 129 166 183 189
10
22 24 47 58 77 88 99 121 172 174
10
58 62 69 72 135 137 162 164 172 181
13
7 25 28 53 56 85 91 108 146 173 176 190 200
11
11 23 38 89 111 145 162 165 166 173 175
14
25 35 44 52 53 70 73 75 94 123 125 142 158 165
12
19 33 75 90 98 111 148 152 159 160 179 194
11
3 21 27 40 50 56 58 101 191 195 198
