100 200
1.0 1.0 1.0 1.0 1.0 1.0 1.0 1.0 1.0 1.0 1.0 1.0 1.0 1.0 1.0 1.0 1.0 1.0 1.0 1.0 1.0 1.0 1.0 1.0 1.0 1.0 1.0 1.0 1.0 1.0 1.0 1.0 1.0 1.0 1.0 1.0 1.0 1.0 1.0 1.0 1.0 1.0 1.0 1.0 1.0 1.0 1.0 1.0 1.0 1.0 1.0 1.0 1.0 1.0 1.0 1.0 1.0 1.0 1.0 1.0 1.0 1.0 1.0 1.0 1.0 1.0 1.0 1.0 1.0 1.0 1.0 1.0 1.0 1.0 1.0 1.0 1.0 1.0 1.0 1.0 1.0 1.0 1.0 1.0 1.0 1.0 1.0 1.0 1.0 1.0 1.0 1.0 1.0 1.0 1.0 1.0 1.0 1.0 1.0 1.0 1.0 1.0 1.0 1.0 1.0 1.0 1.0 1.0 1.0 1.0 1.0 1.0 1.0 1.0 1.0 1.0 1.0 1.0 1.0 1.0 1.0 1.0 1.0 1.0 1.0 1.0 1.0 1.0 1.0 1.0 1.0 1.0 1.0 1.0 1.0 1.0 1.0 1.0 1.0 1.0 1.0 1.0 1.0 1.0 1.0 1.0 1.0 1.0 1.0 1.0 1.0 1.0 1.0 1.0 1.0 1.0 1.0 1.0 1.0 1.0 1.0 1.0 1.0 1.0 1.0 1.0 1.0 1.0 1.0 1.0 1.0 1.0 1.0 1.0 1.0 1.0 1.0 1.0 1.0 1.0 1.0 1.0 1.0 1.0 1.0 1.0 1.0 1.0 1.0 1.0 1.0 1.0 1.0 1.0 1.0 1.0 1.0 1.0 1.0 1.0
35
16 24 27 32 50 52 55 56 59 66 68 77 91 95 97 98 106 110 111 117 120 129 138 147 150 153 156 160 166 170 180 184 187 196 198
41
6 8 9 11 26 33 37 38 45 48 55 57 58 59 78 83 89 90 96 100 106 113 114 117 122 128 130 132 137 143 145 152 153 167 170 173 181 194 196 198 200
45
4 5 7 9 14 16 17 22 23 25 31 34 45 46 50 56 62 74 77 89 91 93 94 100 102 113 120 126 129 135 139 143 144 145 152 153 154 157 163 165 166 176 180 198 199
32
6 29 31 44 48 62 64 67 86 95 96 99 100 104 122 126 136 138 141 145 149 155 156 157 173 182 184 188 190 191 197 199
38
2 3 4 10 16 26 34 38 39 49 52 59 60 67 71 77 81 89 98 104 105 112 119 124 126 127 130 133 144 153 154 156 168 173 175 179 183 191
46
23 31 39 42 45 51 52 58 61 63 67 70 74 75 76 89 92 99 103 109 110 113 124 125 126 128 131 133 134 135 138 140 142 144 146 153 159 160 165 166 167 184 187 189 190 191
42
1 2 4 14 16 23 28 32 33 34 38 43 44 45 55 61 66 82 96 99 100 103 108 113 116 118 124 135 137 140 144 152 155 156 160 166 172 179 182 184 192 200
42
4 5 6 14 27 34 38 41 44 49 61 63 64 66 77 80 82 86 94 96 99 100 104 125 131 133 140 143 146 147 158 164 166 169 170 172 173 174 175 185 189 196
37
6 18 20 28 29 35 58 61 66 69 76 77 83 84 87 98 100 101 117 119 122 129 130 131 132 134 136 138 141 146 153 159 160 172 186 188 200
35
1 12 22 26 49 52 54 60 71 73 77 78 95 99 100 109 110 113 117 120 124 132 142 145 148 156 164 165 167 168 169 178 179 184 188
40
15 39 40 47 50 56 57 61 69 70 73 75 80 83 90 93 95 105 108 113 114 115 118 121 130 132 140 147 155 156 159 167 171 172 177 186 190 192 194 196
42
5 13 16 24 27 33 39 41 42 43 49 51 52 54 61 63 69 72 75 77 79 81 85 87 90 97 100 107 116 122 123 134 142 143 163 166 169 173 190 194 196 197
48
4 8 15 18 20 22 30 31 35 44 45 47 49 60 61 70 73 74 75 76 80 83 95 97 98 108 109 115 121 122 137 141 143 147 151 155 158 161 162 164 165 170 179 185 190 192 197 199
48
4 5 8 10 14 20 21 24 26 35 37 44 46 52 64 71 74 79 80 81 91 94 95 96 97 98 106 107 109 110 114 115 120 123 124 129 132 133 153 160 162 166 173 180 188 191 194 195
43
8 10 13 16 23 24 26 28 30 32 43 55 62 67 73 76 86 93 96 98 104 106 108 120 131 132 134 141 143 148 150 155 158 159 168 169 170 172 182 185 188 191 196
41
2 8 10 13 15 26 29 33 39 51 59 71 78 82 84 89 91 100 103 105 113 114 133 134 144 145 147 154 160 161 162 163 167 170 177 181 186 196 197 199 200
37
9 12 13 15 29 33 43 45 46 55 60 64 70 77 78 85 87 88 92 99 101 136 138 140 143 148 151 152 158 166 170 173 179 180 183 184 199
35
2 5 15 23 35 37 47 53 55 59 63 72 77 78 79 80 81 82 89 90 98 99 106 125 136 139 156 161 167 175 176 180 184 187 199
38
1 25 30 35 38 40 46 47 52 54 57 59 65 67 72 83 87 91 94 95 104 107 113 115 119 123 124 128 131 139 142 152 164 180 183 186 193 197
42
1 4 9 10 17 18 19 24 33 37 39 48 54 56 60 61 64 66 67 70 76 78 84 88 90 109 115 122 125 128 131 143 148 149 151 152 154 167 168 182 194 196
35
2 11 20 21 28 31 39 49 51 65 69 79 83 85 87 88 91 101 107 113 115 120 126 131 141 146 148 150 154 170 175 179 189 196 197
33
22 26 30 33 47 53 64 65 72 84 90 94 102 105 109 112 113 114 120 123 125 129 130 133 134 141 158 160 166 171 183 187 199
36
24 27 32 33 42 46 48 54 56 63 64 70 78 82 89 93 95 96 98 104 109 113 116 119 124 147 149 159 161 164 170 181 184 188 189 197
37
1 2 8 14 21 22 44 48 49 62 63 66 70 79 80 91 94 96 105 110 113 114 120 136 137 138 145 148 154 161 162 166 169 173 186 198 200
37
9 10 11 12 18 28 41 42 53 54 58 59 71 73 74 77 84 96 98 104 125 126 129 133 136 138 148 150 154 161 166 178 185 186 189 192 194
38
1 8 12 22 25 26 31 39 52 56 57 63 74 86 91 95 99 102 107 108 111 112 118 140 142 144 149 153 155 165 167 170 178 179 180 188 189 199
40
2 9 13 16 20 21 23 26 28 36 38 47 53 56 65 68 71 72 77 94 95 98 99 112 121 127 129 146 151 160 163 164 171 174 177 184 190 191 195 197
41
5 8 11 21 23 25 26 27 30 43 44 46 56 58 59 78 81 88 95 105 106 111 112 124 129 130 133 134 150 162 165 166 168 169 173 176 178 180 181 191 196
36
7 11 12 13 27 37 40 41 44 51 58 64 68 74 83 86 87 100 103 106 109 114 121 122 123 130 131 144 147 154 159 161 167 179 192 193
41
13 14 18 25 27 30 31 32 40 43 47 53 56 57 58 66 67 81 88 93 107 110 114 120 121 123 124 125 130 135 139 141 156 159 162 169 172 175 181 186 189
42
2 8 9 24 33 34 47 53 55 56 64 70 73 80 81 87 94 98 104 111 113 117 118 122 124 127 132 133 134 136 137 144 153 165 167 171 176 177 187 189 192 193
43
5 10 13 18 19 21 23 44 55 57 61 67 80 87 96 103 104 105 108 113 116 121 122 131 133 138 143 146 151 153 164 165 168 169 174 178 180 183 192 194 195 198 199
38
3 5 12 16 18 23 43 49 61 64 71 72 81 83 89 92 93 94 100 102 103 109 112 118 125 126 137 149 151 152 153 161 170 171 173 190 191 194
38
2 14 15 19 22 26 38 44 49 51 52 54 56 68 74 76 77 78 79 84 95 97 111 112 123 131 136 139 143 146 151 155 176 177 185 186 191 197
44
1 3 8 12 13 14 15 20 24 26 29 35 36 37 44 46 57 58 70 74 85 86 101 102 104 106 109 110 112 124 125 129 130 141 144 146 149 151 178 184 185 189 193 198
34
4 5 16 23 26 30 36 52 59 67 68 75 77 81 87 88 93 100 105 111 114 122 133 140 141 145 151 157 158 161 168 169 179 192
47
6 9 11 15 17 21 23 34 37 39 42 48 50 52 55 56 60 66 67 70 71 97 102 110 114 115 128 131 132 137 143 153 156 159 160 165 167 171 173 174 185 193 194 195 197 198 200
38
5 13 15 22 33 42 44 56 58 79 82 89 94 102 111 112 113 115 117 121 122 139 147 149 151 159 169 172 176 179 182 183 188 190 193 194 198 200
41
1 5 10 12 15 28 35 42 48 53 71 72 81 82 91 99 100 102 110 113 115 119 126 132 135 138 150 152 154 157 162 171 174 177 178 179 181 184 185 191 192
42
1 9 12 15 16 24 25 31 32 43 48 69 77 84 91 95 98 99 105 107 112 114 125 130 132 139 140 141 143 146 150 170 171 174 176 177 185 186 189 191 192 193
36
7 12 21 27 28 34 40 43 44 45 51 54 61 73 75 81 85 89 93 96 97 103 104 107 124 129 140 148 149 158 165 182 183 188 198 200
29
7 19 27 28 34 36 56 59 60 69 76 77 85 87 88 95 111 129 136 147 148 156 160 173 176 179 181 195 196
40
5 8 9 10 12 13 15 28 38 43 51 52 55 68 70 72 76 78 80 85 89 103 104 110 114 117 118 127 133 134 137 145 147 161 162 163 168 195 197 199
39
3 6 8 10 12 14 19 21 34 37 44 58 60 65 68 72 73 86 90 94 100 104 108 113 116 128 131 136 137 146 153 158 162 165 169 172 175 186 197
38
3 4 6 7 13 16 20 21 22 29 32 36 40 44 48 59 63 73 77 96 98 107 125 128 129 131 143 154 155 159 166 170 173 176 185 188 189 196
39
14 42 43 49 50 51 52 55 80 86 89 90 91 92 93 96 100 102 117 121 125 127 128 131 136 141 150 152 157 163 164 172 175 178 179 186 187 194 200
46
1 14 16 21 28 29 34 36 42 46 47 49 54 59 61 62 65 67 69 75 87 88 93 95 97 107 109 112 119 121 125 133 134 140 141 153 175 177 178 179 183 184 189 197 198 200
48
8 17 19 29 30 34 38 40 41 47 48 49 54 56 60 65 67 75 76 78 81 83 89 91 96 99 109 111 117 118 121 123 129 135 139 141 143 144 150 156 162 174 176 178 181 188 189 196
39
1 3 9 12 22 26 31 33 40 41 43 48 52 54 58 59 76 82 84 86 87 92 96 106 113 114 115 119 121 130 132 133 135 150 154 170 174 191 198
34
10 11 25 28 31 35 39 42 57 74 90 93 99 100 101 106 109 114 120 123 142 143 146 149 150 159 162 165 173 179 182 189 191 194
34
6 13 16 17 21 24 30 33 48 49 59 62 66 77 78 84 85 100 105 111 115 116 118 119 162 164 172 177 181 184 185 186 193 200
44
1 11 12 19 22 24 33 35 36 41 48 59 63 66 68 73 74 75 76 87 91 92 100 104 108 120 127 128 135 138 141 150 152 154 162 165 173 176 177 178 183 185 195 196
42
3 5 11 12 15 16 22 24 30 31 36 43 51 54 56 58 83 88 90 95 99 101 102 104 109 111 112 114 146 153 158 159 160 166 170 175 179 183 186 190 195 196
39
14 17 18 19 22 25 27 28 31 36 37 40 44 60 62 71 72 74 88 89 97 102 104 108 113 127 128 130 131 132 138 139 146 148 154 169 179 185 187
49
2 7 23 25 30 36 38 39 46 48 49 56 61 67 74 75 80 81 83 86 89 93 96 108 110 111 112 118 121 123 125 128 131 135 140 141 151 155 162 165 169 172 173 176 178 182 185 193 195
40
3 8 16 17 22 24 29 40 45 46 60 63 74 75 77 79 93 98 104 109 111 114 122 125 129 133 134 143 154 168 169 170 173 174 178 186 188 192 194 195
37
1 10 21 23 25 26 31 41 46 57 59 70 76 83 85 89 93 96 98 103 117 123 130 137 138 149 151 155 159 160 162 170 172 184 189 192 197
41
8 24 25 32 41 43 52 54 59 60 67 72 77 78 84 88 90 93 96 101 103 106 107 108 113 119 120 123 131 134 146 149 152 160 163 168 184 185 186 192 196
42
4 5 7 12 17 18 19 20 34 52 55 57 63 69 74 79 82 85 87 93 101 102 106 107 116 120 124 125 126 130 147 150 161 162 169 174 176 181 183 186 195 200
32
16 18 30 32 40 42 44 54 58 61 63 89 94 101 104 114 128 133 141 147 154 155 161 162 163 167 178 184 187 193 194 198
30
4 8 14 23 32 39 41 44 45 47 53 61 73 76 80 85 103 106 111 117 124 129 140 144 151 167 172 177 191 194
32
1 8 17 20 25 34 39 42 43 44 45 58 63 71 80 83 92 93 99 103 119 129 153 159 164 168 178 189 190 191 195 196
41
6 14 20 21 34 35 38 45 52 53 54 56 57 59 60 65 71 73 75 83 87 103 104 119 123 125 128 132 134 141 144 150 151 152 164 175 183 185 188 189 193
36
2 16 19 25 32 33 39 44 48 50 56 57 62 71 80 100 101 108 119 122 127 135 141 142 149 152 154 158 163 164 166 173 176 181 189 194
38
5 6 10 16 31 32 36 43 63 64 84 87 91 92 98 101 108 111 112 120 123 129 142 144 153 155 161 165 167 168 172 175 178 182 187 193 194 200
35
5 9 16 21 30 32 36 43 55 57 62 63 64 72 79 87 88 98 101 106 109 124 127 138 141 151 160 161 165 169 186 189 191 193 200
39
7 9 15 19 31 34 42 43 48 50 62 68 77 78 85 93 96 102 104 109 110 117 124 126 129 144 150 159 160 165 168 171 180 183 192 195 196 198 200
41
1 4 9 14 17 25 38 48 58 63 68 70 79 84 86 90 93 99 106 108 120 121 122 125 130 132 137 139 140 155 156 157 167 168 172 173 174 178 187 193 194
51
1 6 14 16 22 23 24 28 29 32 35 37 38 40 42 43 45 48 53 58 60 68 76 78 81 86 88 100 103 104 110 114 120 123 126 127 130 132 137 143 145 147 149 173 175 177 178 185 196 197 200
38
3 5 10 14 15 31 35 41 49 55 57 61 69 73 77 81 83 90 96 101 103 105 125 131 132 141 143 147 154 157 160 164 168 175 177 190 196 200
47
5 13 20 22 26 31 32 40 44 51 53 55 57 71 73 75 77 79 84 88 92 93 96 99 110 111 112 115 117 123 124 126 129 137 144 153 163 166 168 174 176 177 180 187 188 190 192
35
4 6 7 8 9 11 13 31 40 43 58 65 71 72 75 80 93 94 106 109 112 123 130 140 141 149 153 160 162 166 173 174 177 183 196
29
3 7 17 19 30 38 53 54 59 60 63 75 79 81 91 100 108 113 119 132 141 155 157 158 167 170 191 193 200
42
1 3 4 20 21 22 23 25 27 33 34 38 44 46 53 54 55 64 65 71 76 77 86 103 111 112 113 116 124 137 140 145 146 150 161 168 169 183 184 187 192 194
32
7 12 13 21 23 43 54 58 72 73 82 97 98 104 109 111 114 116 118 119 121 133 153 155 164 165 174 189 192 194 195 196
36
18 24 31 32 34 35 47 50 58 59 70 79 85 86 93 95 97 102 105 115 129 137 139 140 150 168 176 177 178 179 180 182 186 190 194 195
45
1 4 5 6 7 10 14 19 32 33 38 45 58 61 62 65 66 78 87 89 91 92 98 101 104 106 113 122 125 129 130 133 134 136 138 146 147 151 161 162 168 182 183 190 195
36
1 8 9 11 12 24 33 47 48 50 52 54 55 56 62 63 77 89 90 100 111 112 119 122 132 146 147 150 161 167 176 178 180 190 193 198
37
4 7 9 13 16 30 36 42 46 54 57 58 62 64 65 68 70 76 79 80 90 97 99 106 110 111 117 129 133 142 145 152 154 160 168 180 193
47
3 9 13 14 19 23 29 34 41 42 45 50 57 58 70 78 81 83 87 92 93 105 107 118 122 126 134 143 145 147 150 158 159 162 163 168 171 172 176 179 180 181 182 186 189 195 196
36
1 6 7 11 12 20 27 36 41 43 46 47 50 57 62 67 69 72 78 95 102 112 116 119 130 136 144 149 151 156 165 173 183 184 191 192
42
6 7 9 15 22 27 31 32 43 47 49 54 58 60 62 64 66 69 75 80 90 92 106 107 111 115 117 122 129 131 134 155 159 163 166 168 173 186 190 191 192 193
46
1 3 5 7 14 25 26 27 32 35 39 40 43 44 47 48 50 56 60 61 62 65 82 85 86 99 119 120 129 131 134 137 142 145 154 156 161 162 163 164 168 173 176 179 195 198
38
5 8 11 13 18 26 27 30 31 35 37 52 59 64 69 72 73 79 80 84 106 110 113 117 120 124 137 140 142 155 158 163 168 169 175 181 182 184
37
6 9 24 28 29 33 35 42 45 46 48 65 68 71 72 80 96 98 105 106 108 114 122 135 137 144 157 159 161 168 170 172 177 186 192 194 197
43
4 6 12 14 26 35 36 39 46 56 57 65 70 72 76 78 81 82 83 84 92 94 104 105 115 121 123 129 130 134 143 144 151 154 165 168 186 189 190 192 193 194 197
37
4 8 16 24 27 31 35 47 49 52 53 54 59 60 66 77 106 115 128 132 133 135 138 140 153 164 169 170 171 173 178 179 183 191 193 197 198
36
15 20 22 23 26 32 37 38 40 52 64 65 70 72 75 81 98 117 119 121 132 141 145 152 160 161 171 174 178 183 184 185 188 189 197 199
56
4 5 8 12 14 15 16 25 26 31 34 38 40 41 48 50 51 52 54 55 57 62 65 70 72 75 79 87 90 94 95 97 100 103 108 111 112 114 121 122 123 126 131 134 136 141 144 147 150 161 163 173 179 180 184 187
43
1 2 10 13 14 15 17 27 28 29 30 34 36 40 42 47 61 66 71 78 84 87 98 99 101 102 105 111 114 119 127 133 134 140 142 143 153 161 166 179 180 181 189
35
3 5 6 9 12 14 16 17 20 33 41 45 62 64 69 73 76 77 82 100 104 106 128 135 138 141 150 151 155 167 169 179 187 188 189
32
21 29 35 38 49 53 59 62 79 87 94 99 104 106 107 109 111 113 123 141 143 144 149 151 152 153 155 181 182 184 193 200
40
3 7 10 25 26 28 29 31 32 44 45 47 54 72 75 78 80 85 86 94 100 103 104 107 108 110 114 115 118 120 130 145 149 153 155 160 176 178 181 194
46
1 12 14 15 16 17 22 30 36 40 45 48 56 57 62 63 66 72 74 81 94 99 101 102 107 116 120 122 128 129 132 143 148 157 159 161 166 168 170 173 176 177 181 183 197 199
49
3 5 9 10 12 13 14 21 25 26 28 43 48 56 57 68 74 76 77 78 80 87 92 93 95 99 108 110 113 114 120 125 126 137 140 146 149 150 151 152 153 161 165 167 176 180 191 199 200
34
3 9 24 26 32 44 47 59 84 85 99 104 106 111 120 125 128 132 135 141 145 150 155 158 159 160 163 172 179 183 189 190 195 199
40
2 4 7 15 18 21 35 38 43 57 63 64 77 79 81 87 90 92 95 101 108 113 114 115 123 124 126 141 148 150 157 163 169 170 174 175 179 182 186 187
35
11 15 22 26 41 46 57 62 78 79 82 85 91 94 96 99 108 115 116 117 118 124 127 132 153 160 161 165 178 183 184 186 192 193 197
39
2 4 12 15 17 19 24 35 47 54 56 60 70 77 80 87 95 99 107 108 109 122 130 132 142 146 150 153 156 158 164 174 178 181 186 191 193 198 200
49
12 15 19 21 22 26 33 36 38 42 43 47 49 51 54 60 63 73 77 83 87 94 106 115 118 119 124 125 126 127 133 134 137 142 150 152 153 158 167 170 173 176 177 182 184 185 190 194 195
