50 100
1.0 1.0 1.0 1.0 1.0 1.0 1.0 1.0 1.0 1.0 1.0 1.0 1.0 1.0 1.0 1.0 1.0 1.0 1.0 1.0 1.0 1.0 1.0 1.0 1.0 1.0 1.0 1.0 1.0 1.0 1.0 1.0 1.0 1.0 1.0 1.0 1.0 1.0 1.0 1.0 1.0 1.0 1.0 1.0 1.0 1.0 1.0 1.0 1.0 1.0 1.0 1.0 1.0 1.0 1.0 1.0 1.0 1.0 1.0 1.0 1.0 1.0 1.0 1.0 1.0 1.0 1.0 1.0 1.0 1.0 1.0 1.0 1.0 1.0 1.0 1.0 1.0 1.0 1.0 1.0 1.0 1.0 1.0 1.0 1.0 1.0 1.0 1.0 1.0 1.0 1.0 1.0 1.0 1.0 1.0 1.0 1.0 1.0 1.0 1.0
16
2 6 12 20 21 22 32 44 47 51 59 87 88 92 98 99
15
7 8 12 19 32 36 37 40 61 62 66 73 81 83 96
19
2 3 9 18 25 37 40 47 52 54 57 59 62 63 70 78 83 90 92
21
5 15 17 35 39 45 47 49 51 55 56 57 60 61 66 73 74 75 83 84 87
20
3 10 14 19 27 32 36 45 55 64 73 75 82 84 85 86 90 92 99 100
13
8 18 51 56 66 68 76 77 81 82 84 85 93
21
1 4 8 12 19 20 23 28 38 39 45 46 52 62 65 66 71 80 86 88 91
21
3 5 11 14 18 21 29 32 37 40 43 44 45 48 55 59 68 77 85 94 99
24
13 14 16 20 24 26 27 29 30 34 40 44 45 49 57 70 72 74 84 88 92 95 97 100
24
3 15 16 19 27 29 31 32 38 39 44 48 50 53 57 65 68 74 77 80 83 88 99 100
24
7 8 10 11 12 20 24 26 31 35 42 46 48 50 51 55 56 61 65 71 74 84 94 96
18
5 6 8 11 12 13 26 27 31 37 39 43 56 61 70 78 81 90
14
3 6 11 15 16 21 23 40 46 49 75 79 86 92
19
3 9 17 20 24 33 36 44 53 65 70 72 82 85 86 88 94 97 100
20
17 18 34 37 41 43 51 55 56 58 60 67 69 70 77 89 90 93 97 98
21
1 14 18 20 21 35 37 38 39 51 57 61 73 75 76 77 78 84 88 93 99
23
10 12 16 17 18 19 21 24 46 49 50 56 67 73 74 78 80 83 86 88 91 97 98
20
3 5 28 30 36 40 44 45 49 59 69 70 72 74 83 90 91 98 99 100
17
4 11 15 16 26 36 64 65 66 67 71 72 73 82 95 98 100
21
5 7 9 11 16 24 33 43 49 51 56 58 63 75 76 80 85 89 91 94 95
21
22 25 28 34 41 43 45 46 51 59 65 67 79 81 84 88 91 92 93 98 99
18
7 24 25 29 31 38 43 54 55 66 67 71 78 80 82 84 89 92
18
4 15 17 26 31 35 43 44 54 59 62 63 64 66 72 73 76 99
20
5 17 18 20 23 26 30 34 39 57 58 59 66 69 70 72 77 81 91 99
16
5 6 12 22 26 29 31 45 60 68 69 76 85 88 97 98
18
1 13 18 19 28 30 34 39 44 52 57 69 74 78 79 85 86 99
24
1 9 11 12 14 16 24 28 29 32 38 42 47 51 57 60 64 71 74 75 78 79 83 90
19
1 4 9 24 35 37 47 49 51 53 65 74 76 78 79 80 91 94 95
17
10 14 15 20 29 32 47 50 56 63 69 78 82 84 94 97 98
17
3 5 7 13 15 19 26 28 59 60 68 69 74 77 80 89 98
21
2 6 16 18 19 24 25 28 29 32 37 40 43 44 50 55 57 73 82 84 86
17
2 3 9 17 18 22 36 44 54 60 65 68 69 78 79 87 95
30
3 5 6 7 11 14 15 17 19 20 21 32 38 40 44 45 47 48 50 51 52 59 62 71 73 85 88 93 96 99
20
1 6 11 13 16 17 19 32 42 48 51 52 56 57 59 62 83 89 90 99
17
10 17 18 20 22 35 39 40 46 54 57 61 81 85 90 91 96
24
2 3 4 6 16 26 32 33 38 40 51 53 59 62 63 73 75 76 77 78 82 88 95 99
15
3 5 9 26 52 59 63 67 73 74 79 81 84 92 95
19
1 4 6 16 17 23 26 31 34 36 49 53 63 66 69 88 92 94 97
18
6 10 13 15 21 37 38 41 46 50 63 64 66 67 77 86 89 96
21
5 9 14 17 25 28 30 33 54 55 61 67 70 72 78 80 82 85 89 93 97
26
2 4 9 12 14 20 23 26 29 36 38 41 46 52 57 58 59 66 67 68 70 72 75 76 84 91
22
6 14 20 27 34 35 37 41 51 52 53 55 59 62 63 70 78 81 87 88 98 99
22
4 7 17 20 23 25 32 33 37 43 52 53 65 68 70 77 79 82 85 93 97 100
23
4 7 8 10 11 12 19 25 27 29 30 34 58 62 67 69 70 74 85 88 89 91 99
26
2 6 7 14 20 27 28 29 30 33 34 36 37 38 48 53 58 63 71 74 77 82 89 90 92 98
17
1 3 7 12 19 20 27 38 40 47 55 59 61 62 66 71 80
17
1 9 14 15 16 18 21 48 51 52 55 59 67 79 91 92 98
20
1 7 8 14 29 32 45 50 51 53 54 57 71 72 76 77 78 81 82 88
17
14 25 33 37 50 58 66 69 70 71 73 74 77 85 92 97 100
18
1 25 28 29 31 34 48 52 56 62 65 66 77 79 84 89 95 99
