150 300
1.0 1.0 1.0 1.0 1.0 1.0 1.0 1.0 1.0 1.0 1.0 1.0 1.0 1.0 1.0 1.0 1.0 1.0 1.0 1.0 1.0 1.0 1.0 1.0 1.0 1.0 1.0 1.0 1.0 1.0 1.0 1.0 1.0 1.0 1.0 1.0 1.0 1.0 1.0 1.0 1.0 1.0 1.0 1.0 1.0 1.0 1.0 1.0 1.0 1.0 1.0 1.0 1.0 1.0 1.0 1.0 1.0 1.0 1.0 1.0 1.0 1.0 1.0 1.0 1.0 1.0 1.0 1.0 1.0 1.0 1.0 1.0 1.0 1.0 1.0 1.0 1.0 1.0 1.0 1.0 1.0 1.0 1.0 1.0 1.0 1.0 1.0 1.0 1.0 1.0 1.0 1.0 1.0 1.0 1.0 1.0 1.0 1.0 1.0 1.0 1.0 1.0 1.0 1.0 1.0 1.0 1.0 1.0 1.0 1.0 1.0 1.0 1.0 1.0 1.0 1.0 1.0 1.0 1.0 1.0 1.0 1.0 1.0 1.0 1.0 1.0 1.0 1.0 1.0 1.0 1.0 1.0 1.0 1.0 1.0 1.0 1.0 1.0 1.0 1.0 1.0 1.0 1.0 1.0 1.0 1.0 1.0 1.0 1.0 1.0 1.0 1.0 1.0 1.0 1.0 1.0 1.0 1.0 1.0 1.0 1.0 1.0 1.0 1.0 1.0 1.0 1.0 1.0 1.0 1.0 1.0 1.0 1.0 1.0 1.0 1.0 1.0 1.0 1.0 1.0 1.0 1.0 1.0 1.0 1.0 1.0 1.0 1.0 1.0 1.0 1.0 1.0 1.0 1.0 1.0 1.0 1.0 1.0 1.0 1.0 1.0 1.0 1.0 1.0 1.0 1.0 1.0 1.0 1.0 1.0 1.0 1.0 1.0 1.0 1.0 1.0 1.0 1.0 1.0 1.0 1.0 1.0 1.0 1.0 1.0 1.0 1.0 1.0 1.0 1.0 1.0 1.0 1.0 1.0 1.0 1.0 1.0 1.0 1.0 1.0 1.0 1.0 1.0 1.0 1.0 1.0 1.0 1.0 1.0 1.0 1.0 1.0 1.0 1.0 1.0 1.0 1.0 1.0 1.0 1.0 1.0 1.0 1.0 1.0 1.0 1.0 1.0 1.0 1.0 1.0 1.0 1.0 1.0 1.0 1.0 1.0 1.0 1.0 1.0 1.0 1.0 1.0 1.0 1.0 1.0 1.0 1.0 1.0 1.0 1.0 1.0 1.0 1.0 1.0 1.0 1.0 1.0 1.0 1.0 1.0
30
11 40 42 55 77 80 95 117 118 134 139 149 157 166 173 177 183 185 208 217 222 227 248 253 270 272 285 286 288 291
27
16 21 29 30 45 46 47 63 70 75 104 106 123 169 189 200 206 211 216 227 233 238 253 258 277 282 285
32
22 23 37 45 51 52 65 69 70 73 74 117 127 133 137 153 155 168 177 187 189 197 199 219 220 221 226 262 266 269 283 285
34
1 20 25 26 56 60 71 81 91 105 109 110 111 138 150 152 154 187 194 195 202 205 207 216 225 237 247 272 275 284 286 292 298 299
26
9 24 44 68 76 77 82 97 125 130 141 144 146 172 176 181 187 191 194 199 219 220 224 247 260 268
34
1 9 12 13 20 28 33 36 49 54 55 64 95 101 103 107 110 111 129 136 139 162 170 181 195 214 215 226 231 245 263 268 290 291
31
13 27 44 52 65 66 79 103 113 114 136 137 142 157 164 175 185 187 189 217 231 232 251 254 261 266 269 279 291 294 296
24
7 35 38 56 61 62 66 71 76 87 94 95 139 149 160 183 217 220 222 245 265 280 288 297
28
1 16 19 43 51 57 61 63 67 72 112 115 149 190 191 200 213 214 220 224 239 240 247 249 255 256 257 285
26
17 37 44 50 53 55 59 66 83 86 131 170 180 183 185 212 221 228 232 233 242 251 254 271 272 287
25
1 20 31 39 70 105 124 128 130 146 150 170 184 191 193 228 230 231 246 267 269 282 284 288 289
21
5 19 23 25 31 34 42 49 67 88 100 101 183 190 194 202 273 274 285 286 297
31
12 30 48 66 82 91 103 107 130 138 147 151 157 161 164 166 187 189 190 197 205 206 207 223 228 233 250 256 258 268 292
31
5 27 29 53 90 99 106 118 144 146 153 154 170 171 174 179 183 198 199 200 223 236 242 251 273 279 280 291 292 298 300
41
14 17 20 21 30 32 36 45 54 59 62 66 69 77 80 90 95 101 119 130 145 146 151 156 158 161 163 164 168 171 173 177 219 231 243 259 270 290 292 295 300
25
3 9 17 19 43 55 56 69 77 85 103 121 123 136 146 148 163 196 197 201 228 241 252 283 296
27
4 7 8 11 14 34 35 47 50 52 61 68 72 78 110 121 126 141 158 171 172 186 189 194 196 217 224
37
8 26 54 64 67 71 73 93 101 116 119 121 126 130 131 132 137 141 143 166 168 175 186 190 191 206 216 222 223 234 253 255 257 281 283 290 299
38
4 14 33 67 73 78 84 87 92 94 98 110 116 126 129 130 141 150 153 156 160 166 179 182 191 193 218 226 229 232 233 238 246 247 257 263 282 294
25
2 17 31 61 64 69 83 94 107 123 125 148 159 169 177 195 216 229 237 249 256 266 272 291 298
33
2 7 10 24 30 39 48 51 58 63 68 76 87 100 107 112 122 126 132 145 151 154 155 173 206 209 218 221 236 242 247 258 284
24
6 29 32 33 49 59 63 70 81 113 114 116 125 136 148 183 214 219 254 260 261 280 288 293
35
3 8 17 25 40 42 43 47 54 70 74 101 113 120 136 137 141 156 163 176 181 183 195 196 209 224 234 241 254 263 264 265 268 278 284
39
1 13 24 35 42 45 56 61 66 80 82 88 106 110 122 133 136 138 145 151 155 158 160 162 166 174 195 199 205 214 246 248 249 256 273 275 281 294 300
30
2 8 12 14 50 85 89 93 102 116 119 126 142 163 171 176 182 213 216 245 246 256 258 265 269 275 279 286 288 291
30
14 18 31 35 61 68 72 94 110 127 135 140 150 160 178 182 190 192 197 201 206 208 209 218 236 250 264 274 283 295
34
14 20 26 34 63 74 91 99 101 113 122 123 149 150 151 152 173 182 186 191 194 208 222 225 233 236 237 241 262 270 287 290 291 299
30
2 12 42 49 54 65 69 91 99 109 111 112 115 121 129 152 203 206 208 214 215 218 224 231 251 256 264 280 293 297
29
9 13 16 24 38 43 50 59 68 83 86 89 92 109 141 147 168 203 213 216 217 240 247 251 253 259 278 281 291
36
13 22 29 30 31 33 37 39 60 62 68 70 72 91 109 120 122 133 139 142 160 200 205 211 217 223 224 234 246 251 260 265 266 279 289 299
27
9 19 20 43 67 79 85 89 95 105 118 125 141 146 150 169 181 183 207 214 235 238 252 254 255 278 289
24
1 7 22 66 74 77 81 93 98 112 115 126 168 177 196 199 215 226 234 246 258 269 290 295
25
13 26 37 48 62 71 77 82 86 94 96 101 119 123 130 136 140 160 166 168 181 205 220 254 267
29
10 21 25 61 67 85 86 95 121 134 139 141 145 154 184 187 217 218 221 230 236 238 239 248 263 271 280 289 292
30
5 10 16 24 27 37 66 71 88 116 120 121 132 139 143 166 168 175 181 185 188 200 243 244 252 259 263 276 296 299
39
1 3 9 14 30 46 68 69 70 74 81 96 100 101 116 119 121 124 125 128 131 163 165 184 190 191 200 215 227 240 243 247 258 265 270 273 281 285 296
24
7 22 27 29 64 85 89 101 114 118 120 123 137 196 207 227 233 240 245 254 267 283 291 293
32
4 16 29 47 54 57 63 70 73 81 96 110 116 118 121 131 137 156 168 178 191 232 234 246 252 255 271 273 276 277 284 300
38
3 18 40 47 51 56 69 85 87 88 91 93 98 113 115 118 124 143 150 159 167 194 195 197 202 209 211 212 215 221 239 244 262 267 276 278 288 290
37
1 14 15 37 42 51 59 66 77 84 90 107 109 113 116 125 137 138 150 156 173 175 195 198 201 203 208 215 222 238 252 263 265 270 272 273 289
25
35 54 69 72 73 105 115 118 150 169 171 183 188 189 194 195 217 228 238 265 272 288 291 292 298
32
2 10 21 54 60 63 70 72 73 87 92 106 126 132 133 136 140 160 166 183 185 202 216 218 220 221 244 259 269 284 288 296
27
13 23 28 34 36 76 80 84 89 117 126 133 142 143 158 178 193 223 229 235 237 269 272 276 292 297 300
22
7 22 23 98 107 117 144 146 150 157 160 182 197 205 214 223 244 265 268 269 287 292
31
12 20 21 24 40 59 61 77 78 80 99 109 117 122 123 142 151 152 161 167 186 189 204 224 234 237 250 262 278 284 300
33
12 32 70 77 78 89 96 102 131 132 134 140 151 158 163 169 179 184 204 213 215 219 241 246 251 254 259 273 275 279 288 294 296
29
18 20 28 34 51 79 84 85 96 102 109 111 133 140 170 180 194 237 238 240 252 255 257 269 274 284 285 286 298
30
23 26 41 45 56 83 104 105 108 110 113 120 123 125 128 146 158 190 195 206 209 210 215 228 247 253 255 256 296 300
31
5 14 15 31 44 51 68 73 90 124 137 173 175 183 208 216 220 225 232 234 236 252 253 261 265 268 274 276 281 283 288
32
29 48 54 74 75 77 80 87 99 117 120 141 146 148 157 163 167 169 173 187 190 191 194 201 204 206 247 256 290 291 292 297
30
2 4 10 20 30 32 37 38 50 57 63 76 87 105 146 152 176 181 190 204 206 211 215 217 226 230 232 233 240 271
23
30 33 36 88 106 131 139 164 166 167 180 187 205 207 219 225 226 227 259 264 281 282 286
29
3 13 14 22 45 58 61 68 70 71 73 85 101 107 108 113 120 129 202 207 231 261 267 268 276 282 293 294 299
31
17 27 30 31 36 42 49 54 80 91 94 100 133 138 156 158 173 186 194 201 202 211 236 249 252 258 259 260 275 290 300
26
27 29 43 83 101 110 111 115 126 129 132 150 154 174 200 212 216 220 243 251 259 264 274 282 284 291
18
56 62 64 68 90 96 97 140 155 161 173 201 204 216 228 243 246 256
38
3 15 18 35 52 60 69 71 72 78 83 93 94 95 101 106 117 144 147 150 162 169 177 187 190 196 214 219 220 226 234 246 248 270 279 281 286 293
32
5 18 22 27 28 34 38 40 43 47 55 74 85 90 143 152 154 175 177 185 195 198 245 257 267 272 281 286 295 297 298 300
32
3 20 22 24 53 64 78 79 83 84 88 101 117 133 149 151 179 181 182 183 191 194 207 212 213 219 224 227 230 239 244 288
32
2 3 5 15 17 22 25 43 46 48 51 58 75 93 100 108 109 124 132 134 153 209 223 225 231 260 261 268 277 283 293 297
30
15 22 25 40 41 43 68 73 87 92 97 100 101 105 133 141 151 152 160 188 227 230 235 240 249 265 277 280 286 296
32
3 7 9 14 20 30 57 67 68 72 75 106 139 141 143 153 172 174 187 205 220 221 227 234 254 262 274 280 281 285 286 291
34
18 40 54 60 61 84 85 92 100 112 141 156 161 164 165 181 188 191 199 200 206 214 217 224 233 234 240 263 264 267 271 275 294 296
22
16 36 39 40 56 73 76 89 126 128 134 157 163 181 201 231 232 237 260 267 282 298
33
12 26 31 37 45 69 85 86 91 97 111 130 131 142 146 149 152 154 171 174 176 180 208 209 212 226 233 235 242 268 278 290 294
35
2 11 18 19 30 46 53 61 63 65 79 84 86 88 90 103 110 120 122 135 145 146 153 155 162 182 197 220 233 248 257 258 270 282 288
34
3 5 10 18 28 58 74 84 89 92 99 107 110 115 119 127 128 157 163 166 168 180 187 197 246 253 267 276 279 281 285 288 295 298
32
5 13 17 24 33 38 46 47 58 62 69 74 78 81 93 97 109 139 147 153 154 170 172 221 231 245 253 277 281 289 293 298
40
10 15 32 35 37 39 43 46 49 68 78 79 85 90 110 115 126 128 137 139 151 156 158 167 175 177 184 185 194 200 201 208 247 249 262 278 280 286 295 297
36
4 19 23 29 32 51 62 73 88 94 108 111 112 123 134 142 152 153 168 172 174 175 205 206 210 214 215 216 220 240 244 258 263 265 266 281
21
4 13 22 67 83 99 103 112 120 129 135 141 180 197 208 248 251 255 263 268 297
25
7 17 20 42 56 58 60 61 86 103 121 123 135 143 174 187 215 228 230 234 241 259 291 292 294
41
25 28 30 36 47 49 72 78 80 86 91 96 99 106 109 112 113 118 119 133 140 145 149 153 156 169 177 178 182 192 195 203 237 259 267 274 276 277 278 282 300
41
11 14 16 21 22 29 38 54 57 59 81 84 95 111 112 113 117 125 141 142 146 170 173 187 197 202 217 220 223 244 250 257 258 261 275 287 288 293 295 297 299
34
6 7 10 22 24 27 28 36 49 56 77 89 93 103 110 129 140 146 166 184 185 194 196 201 208 209 222 224 230 245 263 265 267 286
27
13 21 22 38 68 77 80 91 102 107 128 130 132 143 145 153 157 174 176 197 215 228 241 248 253 269 298
33
1 5 13 26 30 32 40 44 52 70 85 109 115 126 129 145 169 174 180 181 190 191 192 198 200 234 251 268 269 274 275 277 285
23
9 17 42 52 61 81 94 123 129 132 159 162 190 213 230 234 237 238 272 274 279 289 290
27
24 52 75 83 89 93 95 99 112 121 132 154 162 176 194 202 204 216 224 229 234 240 251 253 260 299 300
34
8 15 28 37 41 48 50 65 72 79 85 87 88 104 112 139 154 159 162 163 186 197 201 202 220 221 238 242 263 265 275 284 286 299
30
10 16 24 41 46 57 60 64 68 85 91 94 100 114 117 132 166 171 174 176 177 194 197 198 202 215 217 219 243 286
35
6 15 18 22 29 36 47 54 79 80 83 88 113 120 125 127 133 136 149 161 184 188 193 203 206 223 226 227 228 229 234 237 253 280 299
33
5 10 13 26 28 43 73 80 82 96 111 113 114 121 138 150 159 170 175 177 178 191 198 216 225 241 245 256 267 269 270 274 298
28
2 12 19 23 30 32 33 44 56 93 106 118 133 148 156 165 177 190 202 204 230 236 237 271 273 274 287 295
24
18 29 31 38 50 52 58 88 120 124 127 133 134 137 153 176 180 196 204 223 252 255 262 298
37
6 16 43 47 48 66 73 83 88 100 101 109 130 132 145 147 152 158 166 169 170 179 183 192 201 213 224 227 238 247 255 259 261 274 275 287 289
20
4 17 36 46 71 83 94 95 138 140 180 188 195 204 228 230 246 258 268 296
34
8 12 26 28 44 49 58 59 64 67 76 88 104 108 114 115 118 145 148 175 177 180 188 189 212 214 216 232 238 242 247 255 267 296
38
3 8 10 12 15 22 50 54 77 78 96 98 108 126 131 134 146 147 158 164 167 168 178 179 188 189 197 202 204 230 234 250 253 267 271 275 278 288
30
16 22 26 46 48 53 58 61 63 74 84 91 92 104 124 140 144 156 183 184 187 188 189 194 217 218 249 277 287 290
28
2 9 12 41 60 78 94 102 103 116 123 157 169 180 184 187 188 192 196 210 221 239 249 253 258 263 272 288
28
15 28 58 66 73 99 101 103 109 111 117 132 136 149 167 171 183 185 192 196 197 198 203 213 244 256 282 287
35
14 28 35 38 40 71 94 106 118 127 143 148 181 184 187 189 193 201 203 206 207 210 213 216 217 231 233 235 252 255 263 264 283 287 297
27
5 26 30 39 55 59 68 75 90 94 121 122 125 129 141 159 170 178 190 214 227 232 242 275 283 292 294
26
35 36 51 52 53 67 77 80 94 106 110 127 143 173 175 180 194 195 197 204 216 230 235 252 278 280
27
25 26 27 30 35 65 66 69 77 102 103 105 128 137 146 160 181 184 187 220 237 239 242 243 244 251 256
39
3 19 20 52 54 60 61 81 84 90 105 109 111 126 132 136 138 146 147 160 161 166 180 181 184 191 196 200 202 203 206 212 222 224 230 249 277 282 292
36
7 21 24 34 39 47 49 65 91 108 116 119 131 139 148 160 166 184 189 193 194 199 201 209 213 231 249 250 255 261 268 277 290 294 297 300
29
4 6 42 65 67 80 92 106 109 120 122 134 137 145 154 173 184 199 236 246 259 267 269 280 281 282 288 296 299
24
6 9 16 60 68 83 119 129 143 157 186 189 210 213 216 225 230 232 241 255 257 267 273 281
27
7 20 25 28 41 42 43 52 82 84 86 87 108 131 132 134 152 155 200 243 245 248 255 256 271 296 300
27
8 14 26 37 44 50 51 55 92 115 124 125 132 157 174 178 179 204 215 216 219 221 228 231 240 257 285
24
10 21 36 54 77 101 113 115 129 143 164 174 178 188 197 206 207 216 220 237 269 276 287 289
37
8 16 24 30 45 48 54 58 62 65 78 96 108 113 115 126 130 158 161 163 179 194 197 201 203 226 229 236 247 261 276 277 280 283 284 294 298
30
3 9 35 39 61 63 87 91 96 105 107 109 112 122 125 129 138 154 156 162 176 177 182 185 205 210 221 249 272 282
30
7 17 24 72 74 85 99 101 112 123 128 132 139 142 191 194 197 204 207 231 232 237 250 260 262 274 281 285 299 300
40
13 26 28 31 42 49 59 75 85 89 100 106 111 115 120 123 139 149 168 175 179 184 185 191 193 194 196 200 202 222 239 245 246 251 255 258 262 284 286 292
30
3 15 16 23 24 33 44 46 56 63 86 97 110 135 137 143 148 169 174 178 190 219 233 243 252 264 269 276 281 286
27
1 4 5 6 15 51 58 92 95 98 99 104 105 129 138 163 177 185 190 207 233 235 256 260 272 278 281
25
4 7 10 15 26 28 67 90 103 127 139 158 192 196 207 213 216 222 233 242 249 275 278 291 293
31
4 6 21 39 52 63 64 68 76 88 92 94 110 116 118 119 124 131 139 141 153 180 187 198 201 211 233 267 269 270 288
28
19 60 75 83 84 108 113 114 117 130 132 144 151 156 174 175 185 196 199 200 202 217 220 226 262 267 273 292
22
10 56 71 79 93 98 136 176 191 196 203 212 238 246 250 258 272 283 286 291 296 300
23
7 12 32 37 57 68 91 126 141 146 211 220 222 236 237 255 256 260 267 281 284 289 296
33
2 3 4 38 45 46 55 82 89 117 144 149 155 159 162 176 182 208 214 224 225 231 233 264 265 268 272 278 287 290 296 297 300
25
7 15 22 26 46 47 63 71 110 114 119 156 171 178 183 189 208 211 217 225 244 245 251 254 295
37
4 11 14 21 22 25 76 100 102 108 127 133 150 151 154 157 160 162 166 171 172 176 200 201 211 214 216 217 223 228 235 240 245 250 259 266 286
28
1 20 22 25 26 43 48 56 60 67 71 99 119 130 147 160 168 188 191 195 229 237 247 250 253 260 277 285
42
1 22 24 25 28 38 42 47 49 51 53 69 71 83 87 102 105 127 130 132 158 161 190 192 195 205 207 210 215 221 226 231 234 236 239 247 251 259 271 276 288 290
40
1 9 12 14 34 35 48 73 79 89 107 112 118 123 124 134 138 145 156 159 166 168 171 176 178 192 194 198 199 205 206 209 217 243 252 273 278 292 294 297
30
26 34 43 54 61 70 73 76 77 114 124 125 131 138 146 152 163 170 178 189 195 202 203 222 227 253 262 274 280 293
26
1 6 26 63 72 82 85 86 99 106 110 115 136 144 149 199 201 212 236 249 253 263 286 290 294 299
19
42 80 91 92 112 114 143 144 170 192 202 213 232 261 275 282 283 285 287
25
7 11 31 46 51 52 59 77 78 89 96 115 134 152 176 214 215 221 229 234 237 244 261 274 289
30
13 15 28 39 46 47 52 59 81 114 118 119 121 124 127 141 159 179 182 189 195 200 211 220 260 276 278 282 286 295
26
23 26 43 47 55 59 66 86 96 101 110 113 127 161 165 167 168 172 216 217 228 239 244 245 285 287
32
8 20 22 30 33 34 37 41 62 81 83 104 124 129 144 145 147 151 155 165 173 174 200 237 244 246 259 267 271 294 298 300
28
1 5 8 13 31 75 80 95 96 103 138 140 153 172 194 207 210 218 234 239 243 250 268 274 290 293 295 297
30
7 17 40 62 64 66 75 77 80 85 89 97 120 130 147 154 157 182 198 200 207 215 218 226 247 260 264 266 267 289
33
3 9 15 24 25 31 33 39 58 60 65 67 69 75 85 90 122 138 141 142 144 155 165 168 171 221 226 232 235 263 270 274 278
37
1 10 26 33 49 55 59 62 74 86 90 91 120 123 130 132 133 141 144 147 180 182 210 215 229 239 247 258 265 267 268 275 278 279 282 283 286
32
7 18 35 38 44 59 63 64 70 79 88 100 113 124 135 141 153 158 159 172 176 199 201 208 222 233 235 236 245 261 284 293
42
24 32 38 40 44 47 53 57 76 78 79 88 91 92 101 103 122 124 157 158 161 165 168 170 171 172 174 182 193 208 217 220 227 239 242 252 259 275 290 296 299 300
33
4 6 17 27 28 33 45 50 51 73 75 101 122 131 139 141 145 146 150 156 163 164 173 178 183 194 199 200 215 234 245 270 288
27
12 16 39 55 63 80 81 84 90 93 96 153 164 180 192 201 202 209 215 231 252 264 267 274 297 298 299
33
1 5 21 26 32 39 79 81 86 120 128 130 132 134 142 160 170 173 185 192 198 201 205 207 211 214 227 229 232 260 262 268 293
28
4 8 12 14 34 36 43 52 85 99 131 132 141 146 160 166 175 177 178 181 225 231 268 277 279 280 297 300
26
2 40 51 55 62 77 81 82 108 153 162 164 166 180 191 195 198 211 220 230 238 249 253 270 282 283
30
7 8 13 28 42 43 62 65 91 94 105 106 109 114 115 119 123 152 154 187 193 206 211 219 226 268 269 272 286 300
33
1 5 6 22 30 49 50 61 78 103 112 116 121 124 126 131 134 144 157 164 190 192 205 225 249 252 253 257 268 281 290 294 298
32
6 11 41 45 71 73 74 77 89 92 93 96 99 104 106 112 130 132 146 148 157 161 165 178 215 217 236 250 258 282 286 299
30
1 15 29 37 51 52 66 67 70 86 88 95 121 123 138 161 167 188 217 226 235 258 259 266 271 274 288 293 295 298
29
1 23 24 34 36 46 60 67 78 80 104 116 121 133 169 170 180 183 198 203 210 221 224 229 272 276 279 298 300
27
5 17 22 23 34 53 68 118 171 172 177 180 191 202 203 229 236 243 251 253 261 267 283 284 286 287 290
38
10 17 18 20 25 32 39 45 57 65 88 95 98 109 113 120 125 126 131 134 136 150 173 174 180 181 186 187 202 207 213 227 228 240 245 284 285 299
29
11 36 45 57 59 63 77 78 80 96 117 121 125 129 143 147 149 151 154 183 197 199 213 238 253 254 268 284 300
35
9 10 18 37 49 59 66 69 71 74 75 78 81 94 108 115 117 134 137 163 181 182 200 202 203 212 218 242 245 250 271 275 282 285 299
30
4 28 31 32 41 44 68 71 78 86 103 133 158 166 171 175 187 194 203 208 231 237 243 251 253 254 263 283 285 288
36
3 4 6 20 24 41 45 52 56 67 76 90 98 99 109 120 131 139 150 154 158 176 182 195 202 213 214 224 226 230 251 255 257 261 275 299
27
1 21 41 44 46 61 68 79 96 149 152 156 158 159 160 172 200 205 206 209 212 221 229 248 251 269 293
