100 200
1.0 1.0 1.0 1.0 1.0 1.0 1.0 1.0 1.0 1.0 1.0 1.0 1.0 1.0 1.0 1.0 1.0 1.0 1.0 1.0 1.0 1.0 1.0 1.0 1.0 1.0 1.0 1.0 1.0 1.0 1.0 1.0 1.0 1.0 1.0 1.0 1.0 1.0 1.0 1.0 1.0 1.0 1.0 1.0 1.0 1.0 1.0 1.0 1.0 1.0 1.0 1.0 1.0 1.0 1.0 1.0 1.0 1.0 1.0 1.0 1.0 1.0 1.0 1.0 1.0 1.0 1.0 1.0 1.0 1.0 1.0 1.0 1.0 1.0 1.0 1.0 1.0 1.0 1.0 1.0 1.0 1.0 1.0 1.0 1.0 1.0 1.0 1.0 1.0 1.0 1.0 1.0 1.0 1.0 1.0 1.0 1.0 1.0 1.0 1.0 1.0 1.0 1.0 1.0 1.0 1.0 1.0 1.0 1.0 1.0 1.0 1.0 1.0 1.0 1.0 1.0 1.0 1.0 1.0 1.0 1.0 1.0 1.0 1.0 1.0 1.0 1.0 1.0 1.0 1.0 1.0 1.0 1.0 1.0 1.0 1.0 1.0 1.0 1.0 1.0 1.0 1.0 1.0 1.0 1.0 1.0 1.0 1.0 1.0 1.0 1.0 1.0 1.0 1.0 1.0 1.0 1.0 1.0 1.0 1.0 1.0 1.0 1.0 1.0 1.0 1.0 1.0 1.0 1.0 1.0 1.0 1.0 1.0 1.0 1.0 1.0 1.0 1.0 1.0 1.0 1.0 1.0 1.0 1.0 1.0 1.0 1.0 1.0 1.0 1.0 1.0 1.0 1.0 1.0 1.0 1.0 1.0 1.0 1.0 1.0
29
7 16 27 28 33 44 45 47 51 57 62 69 73 74 86 92 99 107 118 134 138 141 165 171 172 174 182 193 199
18
8 25 27 31 32 43 46 73 93 105 137 150 179 182 193 195 198 200
22
8 17 28 37 42 51 54 57 60 68 72 81 92 118 122 130 142 144 160 166 171 191
26
1 2 4 16 28 34 36 37 38 48 56 76 84 98 101 105 110 114 115 127 130 132 138 160 180 185
21
10 29 37 47 51 52 72 83 87 96 101 113 119 123 125 126 128 176 177 181 192
24
8 15 35 37 58 82 83 85 97 101 111 116 131 145 146 148 149 157 164 170 171 174 186 194
21
1 3 4 36 48 49 56 62 63 97 100 102 136 145 153 159 168 176 179 180 200
29
5 9 13 15 16 31 42 43 62 63 64 75 78 95 97 107 108 120 128 130 141 145 153 157 161 181 184 190 192
24
6 11 27 36 40 47 48 50 64 68 76 93 97 100 118 120 125 147 163 168 187 188 190 194
21
6 9 14 32 34 52 64 66 72 80 101 107 129 131 141 154 170 178 180 184 187
20
1 20 30 32 35 62 74 93 95 96 98 106 114 118 135 143 184 187 194 200
24
3 5 13 20 42 60 63 65 77 84 91 93 94 97 98 112 114 118 122 124 149 184 194 198
20
15 19 34 41 51 53 65 103 107 109 114 118 129 139 168 169 176 178 185 189
14
8 24 51 57 61 66 71 94 105 106 144 156 180 195
17
4 26 41 43 47 51 84 87 88 93 96 104 109 147 168 188 192
18
1 5 10 14 22 24 25 39 45 48 60 73 98 117 142 156 166 187
22
10 28 33 39 49 53 80 84 86 87 92 98 105 106 109 112 118 129 146 153 157 176
16
7 32 36 61 67 75 77 82 83 85 92 138 148 149 167 197
21
12 19 22 35 39 42 50 85 87 93 120 143 154 170 177 181 185 192 195 198 200
21
5 9 20 23 26 28 36 38 46 57 76 98 105 111 114 132 134 138 143 185 195
12
9 11 41 42 48 54 128 136 159 172 194 198
11
5 32 41 58 78 102 110 166 173 182 188
16
9 15 19 32 46 53 54 57 93 94 97 107 108 156 157 162
15
12 13 25 36 49 55 62 94 104 128 169 182 190 193 200
20
6 10 45 60 74 78 84 85 90 92 94 105 129 143 150 166 178 186 190 199
21
1 2 4 9 22 32 34 40 43 54 60 74 75 87 112 121 141 156 178 186 197
27
2 11 27 35 36 52 60 65 73 78 88 89 97 103 112 119 125 126 138 139 140 154 161 164 180 183 193
24
6 25 30 39 45 48 50 55 61 69 71 73 77 83 87 92 105 117 144 150 158 164 166 172
11
40 49 89 108 126 143 145 147 173 181 198
20
1 16 17 23 34 48 61 70 75 90 107 110 114 117 128 133 144 145 159 161
13
7 12 38 69 70 83 92 119 139 145 165 176 192
17
4 13 18 22 27 38 42 49 91 102 141 164 166 167 189 191 194
20
9 12 17 47 58 59 64 66 74 77 86 93 96 111 127 129 130 133 146 199
25
5 22 27 29 42 50 51 69 102 113 114 116 121 124 133 140 149 154 158 164 165 175 176 179 196
23
12 16 31 48 59 63 69 77 78 98 99 116 118 134 143 146 148 150 154 158 162 187 193
16
7 18 40 62 65 78 88 111 113 126 127 140 179 185 195 200
21
40 41 60 73 80 83 87 89 93 109 115 163 164 170 172 178 186 191 192 198 200
15
8 42 78 80 85 111 112 114 144 155 156 158 163 184 197
16
33 35 47 66 75 76 108 110 126 127 130 133 144 164 186 196
19
10 17 21 42 50 51 54 62 68 69 77 84 124 150 152 163 176 180 189
19
17 25 30 32 56 61 76 92 94 98 106 121 141 147 152 157 159 179 197
20
6 9 11 27 30 65 67 80 82 85 87 116 125 173 178 182 183 191 192 199
27
2 4 23 28 36 38 39 49 65 72 73 75 83 88 94 98 122 128 131 133 142 157 159 161 162 164 175
19
14 17 19 28 31 41 55 81 82 106 142 144 146 152 154 166 171 174 186
22
7 42 43 45 53 55 56 57 59 72 75 84 90 145 155 157 160 166 177 181 184 198
26
3 6 27 52 66 68 69 75 99 104 106 121 134 136 151 152 154 156 166 167 169 172 173 180 185 195
12
16 32 57 73 77 89 93 97 127 128 138 161
17
36 42 49 55 70 71 74 85 92 100 115 134 139 146 185 186 200
29
3 13 27 31 32 35 46 47 50 55 65 68 76 80 86 90 93 101 102 112 130 135 159 163 165 174 182 184 189
16
41 42 55 64 79 110 117 122 124 129 141 144 152 182 194 195
17
6 24 36 70 90 106 110 124 129 143 146 149 155 160 169 170 188
18
10 18 21 24 26 38 44 66 83 98 101 109 110 116 133 172 183 198
16
3 39 44 48 54 96 98 111 135 144 154 155 156 168 176 194
12
12 22 53 75 77 99 102 108 121 122 155 171
19
2 9 14 26 27 34 43 46 55 57 68 69 89 90 108 133 136 141 170
14
1 19 32 48 50 74 76 82 91 109 115 132 146 154
22
28 36 47 49 69 70 78 82 94 108 117 122 127 136 156 158 173 178 189 192 194 196
16
1 7 22 24 36 42 44 49 62 73 87 101 147 158 169 192
18
1 17 48 63 64 66 72 77 85 113 124 151 153 163 171 173 175 193
18
4 8 33 37 42 71 75 89 113 121 126 136 146 149 156 186 195 198
19
26 29 31 40 48 55 64 76 80 94 96 102 106 107 109 146 153 155 162
30
2 5 17 21 24 25 30 47 48 61 65 66 78 81 85 91 100 112 115 126 127 145 147 156 161 164 176 184 187 193
17
3 21 26 27 64 71 74 76 119 120 122 147 149 167 170 171 188
23
1 26 34 37 39 52 59 67 68 84 86 88 97 98 104 117 123 125 144 170 172 178 180
19
6 22 28 29 39 55 63 68 76 94 101 109 121 136 147 165 170 181 187
16
11 23 54 74 91 92 96 97 115 116 152 162 168 173 183 185
24
37 41 45 51 55 75 95 108 112 113 119 120 123 141 146 152 156 170 178 188 192 194 196 199
30
5 9 11 23 24 32 45 46 47 53 70 75 80 81 96 97 101 102 108 115 128 132 150 156 160 162 179 187 192 195
22
4 13 29 34 35 42 46 55 56 80 108 116 123 126 128 152 153 159 164 182 189 198
23
2 3 4 10 15 16 23 31 49 68 73 88 90 121 131 132 143 152 162 173 174 199 200
17
69 75 79 88 90 95 96 118 122 136 143 150 151 158 163 177 189
19
24 32 50 68 71 80 87 103 118 121 129 136 145 163 174 176 180 181 191
22
8 13 18 27 30 34 43 44 64 67 103 109 142 153 162 163 169 178 184 190 198 200
19
3 4 5 20 38 50 54 59 82 86 87 94 118 128 133 169 179 183 199
26
5 7 14 29 30 33 36 38 43 53 56 72 78 86 97 99 114 119 124 138 140 142 150 154 177 194
18
3 13 20 23 39 50 59 68 85 90 103 119 137 146 162 168 176 197
16
25 37 38 48 50 54 62 69 88 89 93 95 102 124 131 192
10
12 25 38 63 67 86 92 152 195 200
21
2 3 14 20 24 25 40 41 47 48 51 64 72 78 88 119 128 130 136 140 168
12
3 7 81 97 103 113 121 125 155 172 181 183
17
11 13 21 30 37 41 59 66 89 90 129 135 140 163 171 176 195
15
9 68 75 78 89 91 95 121 137 139 152 156 177 183 186
20
8 15 23 27 30 36 37 41 60 73 93 102 107 120 125 129 135 142 144 179
27
16 22 30 39 41 49 63 68 69 90 94 96 100 108 110 112 115 121 122 126 133 136 142 163 170 187 196
31
2 18 23 27 29 38 40 43 48 64 65 69 74 84 87 95 97 98 108 115 119 125 126 129 151 152 163 168 172 177 179
19
8 10 28 52 55 60 76 94 98 100 112 114 115 123 128 155 173 179 184
27
5 12 27 29 37 40 45 51 53 81 85 112 135 141 142 146 147 153 162 163 166 168 171 178 179 187 200
21
2 6 7 19 30 52 56 62 64 66 78 89 102 130 133 145 163 165 180 186 192
24
15 27 30 48 51 54 56 57 75 83 104 107 108 125 128 138 154 155 156 166 175 178 196 200
17
2 8 13 14 16 22 41 46 63 72 126 154 158 163 173 174 200
26
1 10 21 33 34 37 54 61 78 82 86 99 105 110 126 128 135 137 140 148 151 152 179 182 187 194
26
38 50 57 60 72 86 103 108 109 110 119 120 141 152 155 162 169 175 179 180 183 184 187 192 195 196
11
2 34 43 71 104 141 144 146 150 175 193
20
11 22 38 45 58 60 76 84 88 90 98 101 129 133 136 137 156 163 198 200
23
10 16 39 50 67 70 71 75 81 89 95 105 113 117 147 163 166 168 175 178 181 187 199
19
1 15 23 48 68 77 79 87 116 120 123 154 158 162 163 170 173 191 199
19
1 11 16 17 33 45 76 126 132 135 136 140 143 147 149 160 168 170 198
19
11 13 21 28 30 40 49 58 59 61 70 77 83 87 109 158 165 172 176
24
7 8 33 34 57 68 71 73 76 83 108 116 124 126 127 141 147 151 154 156 168 175 177 178
24
10 11 21 25 63 74 84 88 94 102 105 108 110 134 143 149 152 154 158 172 175 181 187 190
